5.830383300781250000e-02 2.222366333007812500e-01 8.959350585937500000e-01
6.456756591796875000e-02 2.740859985351562500e-01 6.664505004882812500e-01
5.474090576171875000e-02 4.230422973632812500e-01 8.966751098632812500e-01
6.503295898437500000e-02 2.179336547851562500e-01 6.883697509765625000e-01
4.460906982421875000e-02 2.380828857421875000e-01 9.485931396484375000e-01
5.789947509765625000e-02 3.989105224609375000e-01 8.885879516601562500e-01
5.599212646484375000e-02 2.337188720703125000e-01 9.348602294921875000e-01
6.575012207031250000e-02 2.506103515625000000e-01 6.957244873046875000e-01
5.783081054687500000e-02 2.596588134765625000e-01 6.279296875000000000e-01
6.464385986328125000e-02 4.355545043945312500e-01 8.729324340820312500e-01
7.133483886718750000e-02 2.072372436523437500e-01 4.368820190429687500e-01
6.167602539062500000e-02 2.476348876953125000e-01 7.364730834960937500e-01
6.397247314453125000e-02 2.645416259765625000e-01 7.426528930664062500e-01
6.468200683593750000e-02 4.256134033203125000e-01 9.166870117187500000e-01
6.379699707031250000e-02 4.321517944335937500e-01 9.026870727539062500e-01
6.465148925781250000e-02 2.394943237304687500e-01 8.772735595703125000e-01
7.145690917968750000e-02 2.147064208984375000e-01 4.632492065429687500e-01
6.708526611328125000e-02 2.172470092773437500e-01 6.967239379882812500e-01
6.685638427734375000e-02 2.289199829101562500e-01 8.415527343750000000e-01
6.810760498046875000e-02 2.301864624023437500e-01 6.746978759765625000e-01
5.860900878906250000e-02 2.083511352539062500e-01 5.167922973632812500e-01
6.694793701171875000e-02 4.278717041015625000e-01 9.022445678710937500e-01
6.665039062500000000e-02 2.305145263671875000e-01 8.835372924804687500e-01
6.978607177734375000e-02 2.061462402343750000e-01 7.364654541015625000e-01
4.813385009765625000e-02 2.297744750976562500e-01 9.461746215820312500e-01
6.323242187500000000e-02 2.875289916992187500e-01 8.402862548828125000e-01
6.184387207031250000e-02 2.230377197265625000e-01 9.258728027343750000e-01
6.391906738281250000e-02 4.044342041015625000e-01 8.955078125000000000e-01
6.417846679687500000e-02 2.684707641601562500e-01 7.024459838867187500e-01
5.565643310546875000e-02 4.443969726562500000e-01 9.178848266601562500e-01
6.439208984375000000e-02 2.139892578125000000e-01 5.064163208007812500e-01
6.759643554687500000e-02 2.284317016601562500e-01 6.960144042968750000e-01
6.417083740234375000e-02 2.623443603515625000e-01 6.694107055664062500e-01
6.598663330078125000e-02 2.210769653320312500e-01 6.362686157226562500e-01
6.455230712890625000e-02 1.946868896484375000e-01 7.283401489257812500e-01
6.596374511718750000e-02 2.265243530273437500e-01 4.631423950195312500e-01
7.447814941406250000e-02 2.047271728515625000e-01 7.045516967773437500e-01
6.062316894531250000e-02 2.790527343750000000e-01 7.431945800781250000e-01
7.107543945312500000e-02 1.971054077148437500e-01 4.236831665039062500e-01
6.689453125000000000e-02 2.509536743164062500e-01 8.673095703125000000e-01
6.379699707031250000e-02 4.343490600585937500e-01 8.868255615234375000e-01
6.466674804687500000e-02 2.411117553710937500e-01 6.285095214843750000e-01
6.413269042968750000e-02 3.974456787109375000e-01 8.608627319335937500e-01
6.727600097656250000e-02 2.340240478515625000e-01 5.395584106445312500e-01
6.127166748046875000e-02 2.724456787109375000e-01 6.867675781250000000e-01
6.705474853515625000e-02 2.345962524414062500e-01 8.530426025390625000e-01
5.957031250000000000e-02 2.842330932617187500e-01 6.873168945312500000e-01
5.382537841796875000e-02 2.902679443359375000e-01 9.357528686523437500e-01
6.195831298828125000e-02 2.090301513671875000e-01 8.599166870117187500e-01
4.948425292968750000e-02 2.482299804687500000e-01 6.983261108398437500e-01
5.725097656250000000e-02 2.597732543945312500e-01 6.436157226562500000e-01
5.502319335937500000e-02 2.545623779296875000e-01 8.830718994140625000e-01
6.896209716796875000e-02 1.735076904296875000e-01 5.493850708007812500e-01
6.959533691406250000e-02 2.598114013671875000e-01 6.402206420898437500e-01
6.757354736328125000e-02 2.313690185546875000e-01 5.237350463867187500e-01
6.579589843750000000e-02 2.806396484375000000e-01 7.201766967773437500e-01
6.623077392578125000e-02 3.477706909179687500e-01 7.422103881835937500e-01
5.707550048828125000e-02 2.417526245117187500e-01 9.327392578125000000e-01
5.212402343750000000e-02 2.204284667968750000e-01 9.314956665039062500e-01
5.496978759765625000e-02 4.660797119140625000e-01 9.409866333007812500e-01
5.322265625000000000e-02 2.154769897460937500e-01 8.840713500976562500e-01
5.059814453125000000e-02 2.183685302734375000e-01 9.121093750000000000e-01
6.764984130859375000e-02 2.323226928710937500e-01 7.062454223632812500e-01
6.124877929687500000e-02 1.751632690429687500e-01 6.777038574218750000e-01
4.905700683593750000e-02 2.292785644531250000e-01 9.408264160156250000e-01
6.420898437500000000e-02 2.670974731445312500e-01 7.168960571289062500e-01
6.084442138671875000e-02 2.244186401367187500e-01 6.756820678710937500e-01
6.781768798828125000e-02 4.169998168945312500e-01 8.800506591796875000e-01
6.374359130859375000e-02 2.661819458007812500e-01 9.140472412109375000e-01
5.353546142578125000e-02 4.522018432617187500e-01 9.391479492187500000e-01
7.059478759765625000e-02 1.853332519531250000e-01 6.247024536132812500e-01
5.539703369140625000e-02 4.006881713867187500e-01 8.930206298828125000e-01
6.539916992187500000e-02 2.243194580078125000e-01 8.588256835937500000e-01
6.726837158203125000e-02 3.290023803710937500e-01 7.271194458007812500e-01
6.114196777343750000e-02 2.677917480468750000e-01 8.205108642578125000e-01
5.766296386718750000e-02 2.497787475585937500e-01 7.039718627929687500e-01
6.720733642578125000e-02 2.225112915039062500e-01 4.678573608398437500e-01
4.715728759765625000e-02 2.454071044921875000e-01 9.142532348632812500e-01
5.637359619140625000e-02 2.595367431640625000e-01 9.368286132812500000e-01
5.313110351562500000e-02 2.701950073242187500e-01 7.028350830078125000e-01
6.102752685546875000e-02 3.104782104492187500e-01 7.154922485351562500e-01
5.977630615234375000e-02 2.615356445312500000e-01 6.902770996093750000e-01
5.787658691406250000e-02 2.224884033203125000e-01 6.941146850585937500e-01
6.739807128906250000e-02 2.293701171875000000e-01 6.534729003906250000e-01
5.968475341796875000e-02 2.348632812500000000e-01 6.657562255859375000e-01
6.183624267578125000e-02 2.183227539062500000e-01 6.711883544921875000e-01
6.600952148437500000e-02 2.689514160156250000e-01 7.605361938476562500e-01
5.584716796875000000e-02 2.654418945312500000e-01 9.331359863281250000e-01
6.542968750000000000e-02 3.097610473632812500e-01 9.019241333007812500e-01
5.652618408203125000e-02 4.088134765625000000e-01 8.381042480468750000e-01
5.587768554687500000e-02 2.059402465820312500e-01 9.095535278320312500e-01
5.566406250000000000e-02 2.682266235351562500e-01 9.139175415039062500e-01
6.359863281250000000e-02 4.098815917968750000e-01 8.249664306640625000e-01
5.599212646484375000e-02 3.314590454101562500e-01 7.951965332031250000e-01
6.884002685546875000e-02 2.143783569335937500e-01 6.477661132812500000e-01
6.100463867187500000e-02 2.223587036132812500e-01 7.249374389648437500e-01
6.226348876953125000e-02 3.995895385742187500e-01 8.541946411132812500e-01
6.231689453125000000e-02 2.418365478515625000e-01 8.397445678710937500e-01
5.654907226562500000e-02 2.256698608398437500e-01 4.748077392578125000e-01
7.173156738281250000e-02 1.594238281250000000e-01 6.744308471679687500e-01
5.956268310546875000e-02 2.559356689453125000e-01 7.129135131835937500e-01
6.298065185546875000e-02 2.633514404296875000e-01 8.656845092773437500e-01
5.534362792968750000e-02 2.314453125000000000e-01 9.119567871093750000e-01
5.735778808593750000e-02 2.540359497070312500e-01 9.360885620117187500e-01
5.699157714843750000e-02 2.235488891601562500e-01 9.369201660156250000e-01
5.762481689453125000e-02 2.401123046875000000e-01 7.053527832031250000e-01
6.024932861328125000e-02 4.357986450195312500e-01 8.754882812500000000e-01
6.068420410156250000e-02 1.785659790039062500e-01 7.973709106445312500e-01
6.672668457031250000e-02 2.267837524414062500e-01 4.543991088867187500e-01
5.912780761718750000e-02 2.548751831054687500e-01 6.971893310546875000e-01
5.924224853515625000e-02 3.109741210937500000e-01 7.289505004882812500e-01
5.519866943359375000e-02 2.415771484375000000e-01 9.244079589843750000e-01
6.663513183593750000e-02 4.165573120117187500e-01 8.995742797851562500e-01
6.390380859375000000e-02 2.879638671875000000e-01 7.507629394531250000e-01
6.672668457031250000e-02 4.097213745117187500e-01 8.564682006835937500e-01
5.416870117187500000e-02 2.322463989257812500e-01 8.852767944335937500e-01
6.309509277343750000e-02 4.310302734375000000e-01 9.163208007812500000e-01
6.822967529296875000e-02 2.053146362304687500e-01 6.469345092773437500e-01
6.243133544921875000e-02 3.665390014648437500e-01 8.489074707031250000e-01
5.616760253906250000e-02 4.333724975585937500e-01 9.319076538085937500e-01
5.493164062500000000e-02 2.638931274414062500e-01 9.402999877929687500e-01
6.327056884765625000e-02 2.105484008789062500e-01 6.910552978515625000e-01
5.187225341796875000e-02 2.768707275390625000e-01 8.774642944335937500e-01
5.951690673828125000e-02 2.263793945312500000e-01 7.156295776367187500e-01
5.265045166015625000e-02 2.407760620117187500e-01 7.107238769531250000e-01
5.521392822265625000e-02 4.482192993164062500e-01 9.373092651367187500e-01
6.248474121093750000e-02 2.529220581054687500e-01 7.331085205078125000e-01
6.140136718750000000e-02 4.249038696289062500e-01 9.310989379882812500e-01
6.259918212890625000e-02 2.537155151367187500e-01 8.840713500976562500e-01
7.440948486328125000e-02 4.085693359375000000e-01 8.251113891601562500e-01
6.711578369140625000e-02 2.173538208007812500e-01 6.892852783203125000e-01
5.934906005859375000e-02 2.282867431640625000e-01 8.498611450195312500e-01
5.624389648437500000e-02 4.130706787109375000e-01 9.246673583984375000e-01
6.571960449218750000e-02 2.084808349609375000e-01 6.157455444335937500e-01
6.229400634765625000e-02 3.538131713867187500e-01 8.497161865234375000e-01
4.766082763671875000e-02 2.204208374023437500e-01 9.343719482421875000e-01
6.023406982421875000e-02 2.197113037109375000e-01 6.980972290039062500e-01
6.698608398437500000e-02 2.021331787109375000e-01 5.968246459960937500e-01
5.597686767578125000e-02 2.659530639648437500e-01 7.058944702148437500e-01
4.973602294921875000e-02 2.987213134765625000e-01 9.412231445312500000e-01
6.344604492187500000e-02 3.983535766601562500e-01 8.627243041992187500e-01
6.845092773437500000e-02 2.744140625000000000e-01 9.086685180664062500e-01
6.473541259765625000e-02 3.957061767578125000e-01 8.917694091796875000e-01
6.342315673828125000e-02 2.159957885742187500e-01 8.523330688476562500e-01
6.373596191406250000e-02 2.202758789062500000e-01 8.611679077148437500e-01
6.088256835937500000e-02 2.608184814453125000e-01 6.758422851562500000e-01
7.151031494140625000e-02 2.001113891601562500e-01 4.267730712890625000e-01
6.305694580078125000e-02 2.465896606445312500e-01 5.233001708984375000e-01
6.367492675781250000e-02 2.449951171875000000e-01 6.860198974609375000e-01
7.732391357421875000e-02 1.766052246093750000e-01 4.092483520507812500e-01
5.965423583984375000e-02 2.582092285156250000e-01 6.946487426757812500e-01
6.211853027343750000e-02 2.082748413085937500e-01 6.281204223632812500e-01
5.736541748046875000e-02 2.459411621093750000e-01 9.361877441406250000e-01
6.031036376953125000e-02 2.272491455078125000e-01 8.090896606445312500e-01
5.769348144531250000e-02 2.737579345703125000e-01 8.940582275390625000e-01
6.089782714843750000e-02 2.470092773437500000e-01 6.185455322265625000e-01
7.035064697265625000e-02 2.589263916015625000e-01 5.518493652343750000e-01
5.661010742187500000e-02 4.165725708007812500e-01 9.018630981445312500e-01
6.573486328125000000e-02 1.853256225585937500e-01 4.678802490234375000e-01
5.650329589843750000e-02 4.300918579101562500e-01 8.720092773437500000e-01
6.787109375000000000e-02 1.453399658203125000e-01 8.191757202148437500e-01
5.907440185546875000e-02 4.260482788085937500e-01 8.911514282226562500e-01
5.649566650390625000e-02 2.298507690429687500e-01 8.931732177734375000e-01
6.834411621093750000e-02 2.606811523437500000e-01 7.037200927734375000e-01
7.213592529296875000e-02 2.084960937500000000e-01 4.615554809570312500e-01
6.236267089843750000e-02 2.044754028320312500e-01 7.575149536132812500e-01
5.590820312500000000e-02 2.573242187500000000e-01 9.368591308593750000e-01
5.507659912109375000e-02 2.275848388671875000e-01 7.625732421875000000e-01
6.397247314453125000e-02 2.143402099609375000e-01 6.520309448242187500e-01
6.560516357421875000e-02 4.217987060546875000e-01 9.220123291015625000e-01
4.232788085937500000e-02 2.722396850585937500e-01 9.550933837890625000e-01
4.932403564453125000e-02 2.522506713867187500e-01 9.427947998046875000e-01
7.301330566406250000e-02 2.634124755859375000e-01 6.172409057617187500e-01
5.622100830078125000e-02 2.320098876953125000e-01 7.196960449218750000e-01
5.795288085937500000e-02 4.251708984375000000e-01 8.636550903320312500e-01
6.179046630859375000e-02 3.113021850585937500e-01 7.055358886718750000e-01
5.258178710937500000e-02 4.404602050781250000e-01 9.265289306640625000e-01
6.357574462890625000e-02 2.297439575195312500e-01 6.520538330078125000e-01
5.899047851562500000e-02 2.356719970703125000e-01 9.351730346679687500e-01
6.650543212890625000e-02 2.148971557617187500e-01 4.658126831054687500e-01
5.162048339843750000e-02 1.917343139648437500e-01 9.454727172851562500e-01
6.554412841796875000e-02 3.926467895507812500e-01 9.084472656250000000e-01
5.896759033203125000e-02 4.325180053710937500e-01 9.191894531250000000e-01
5.319976806640625000e-02 4.229125976562500000e-01 9.402694702148437500e-01
6.440734863281250000e-02 2.144775390625000000e-01 5.018386840820312500e-01
5.352020263671875000e-02 2.033691406250000000e-01 9.236221313476562500e-01
6.034088134765625000e-02 4.626007080078125000e-01 9.296035766601562500e-01
5.008697509765625000e-02 1.845169067382812500e-01 9.470138549804687500e-01
4.889678955078125000e-02 4.468765258789062500e-01 9.392242431640625000e-01
5.941772460937500000e-02 3.940277099609375000e-01 9.347991943359375000e-01
5.132293701171875000e-02 4.670791625976562500e-01 9.441375732421875000e-01
4.297637939453125000e-02 3.758850097656250000e-01 9.549102783203125000e-01
5.771636962890625000e-02 4.448089599609375000e-01 9.222030639648437500e-01
5.684661865234375000e-02 3.588867187500000000e-01 9.174194335937500000e-01
6.735229492187500000e-02 2.336578369140625000e-01 7.564773559570312500e-01
5.761718750000000000e-02 1.934738159179687500e-01 8.775329589843750000e-01
5.677032470703125000e-02 2.261123657226562500e-01 9.328994750976562500e-01
5.949401855468750000e-02 2.693862915039062500e-01 5.675964355468750000e-01
6.190490722656250000e-02 2.081832885742187500e-01 9.126510620117187500e-01
6.762695312500000000e-02 2.534179687500000000e-01 6.188812255859375000e-01
5.719757080078125000e-02 4.482879638671875000e-01 9.376525878906250000e-01
6.403350830078125000e-02 4.285430908203125000e-01 8.843536376953125000e-01
6.272888183593750000e-02 1.816406250000000000e-01 6.822967529296875000e-01
5.946350097656250000e-02 2.118682861328125000e-01 8.918304443359375000e-01
7.089996337890625000e-02 2.251663208007812500e-01 6.898651123046875000e-01
6.367492675781250000e-02 4.305267333984375000e-01 8.813171386718750000e-01
6.066894531250000000e-02 2.607269287109375000e-01 6.574554443359375000e-01
7.033538818359375000e-02 2.208404541015625000e-01 6.479492187500000000e-01
5.651855468750000000e-02 4.542541503906250000e-01 9.320526123046875000e-01
6.556701660156250000e-02 2.200851440429687500e-01 7.150344848632812500e-01
6.447601318359375000e-02 1.925354003906250000e-01 7.255935668945312500e-01
5.883026123046875000e-02 3.570098876953125000e-01 7.483673095703125000e-01
5.774688720703125000e-02 2.219390869140625000e-01 8.938827514648437500e-01
6.102752685546875000e-02 2.609710693359375000e-01 8.849716186523437500e-01
6.755828857421875000e-02 2.502670288085937500e-01 6.065673828125000000e-01
6.735992431640625000e-02 3.901519775390625000e-01 8.241958618164062500e-01
7.112121582031250000e-02 2.306060791015625000e-01 5.054779052734375000e-01
7.109832763671875000e-02 2.017974853515625000e-01 6.632766723632812500e-01
6.199645996093750000e-02 2.187576293945312500e-01 4.933929443359375000e-01
5.266571044921875000e-02 2.339172363281250000e-01 8.917999267578125000e-01
5.810546875000000000e-02 4.393768310546875000e-01 8.797225952148437500e-01
5.606079101562500000e-02 2.270812988281250000e-01 9.258575439453125000e-01
6.328582763671875000e-02 2.216415405273437500e-01 8.682632446289062500e-01
6.373596191406250000e-02 2.210464477539062500e-01 9.248580932617187500e-01
5.966949462890625000e-02 2.266082763671875000e-01 6.933059692382812500e-01
5.213928222656250000e-02 2.246017456054687500e-01 9.031219482421875000e-01
5.432891845703125000e-02 4.314727783203125000e-01 9.425964355468750000e-01
6.130981445312500000e-02 2.769851684570312500e-01 6.699066162109375000e-01
5.809020996093750000e-02 2.462921142578125000e-01 7.743072509765625000e-01
6.989288330078125000e-02 2.277221679687500000e-01 5.196609497070312500e-01
5.911254882812500000e-02 4.640731811523437500e-01 9.293518066406250000e-01
5.437469482421875000e-02 4.582824707031250000e-01 9.336547851562500000e-01
6.867218017578125000e-02 2.002716064453125000e-01 4.633789062500000000e-01
6.236267089843750000e-02 4.154281616210937500e-01 9.299316406250000000e-01
5.525970458984375000e-02 4.165115356445312500e-01 8.657913208007812500e-01
5.719757080078125000e-02 4.419021606445312500e-01 9.307708740234375000e-01
6.313323974609375000e-02 2.181243896484375000e-01 4.374237060546875000e-01
7.440185546875000000e-02 2.009124755859375000e-01 4.308547973632812500e-01
6.030273437500000000e-02 4.488296508789062500e-01 9.217224121093750000e-01
6.283569335937500000e-02 2.541351318359375000e-01 7.450714111328125000e-01
5.227661132812500000e-02 2.671585083007812500e-01 9.441909790039062500e-01
6.113433837890625000e-02 4.384994506835937500e-01 9.230728149414062500e-01
5.484771728515625000e-02 4.542999267578125000e-01 9.231948852539062500e-01
6.358337402343750000e-02 2.382812500000000000e-01 6.809921264648437500e-01
6.321716308593750000e-02 4.173812866210937500e-01 8.583984375000000000e-01
5.223083496093750000e-02 2.721633911132812500e-01 9.418792724609375000e-01
6.427001953125000000e-02 4.256668090820312500e-01 8.602066040039062500e-01
6.193542480468750000e-02 2.532501220703125000e-01 7.155303955078125000e-01
6.561279296875000000e-02 2.839202880859375000e-01 6.907501220703125000e-01
5.921936035156250000e-02 4.150009155273437500e-01 9.254608154296875000e-01
5.707550048828125000e-02 4.500350952148437500e-01 9.139480590820312500e-01
6.136322021484375000e-02 1.869812011718750000e-01 9.130477905273437500e-01
5.968475341796875000e-02 2.509841918945312500e-01 7.296676635742187500e-01
6.826782226562500000e-02 2.337646484375000000e-01 8.395690917968750000e-01
6.899261474609375000e-02 1.577148437500000000e-01 4.561691284179687500e-01
6.309509277343750000e-02 2.471313476562500000e-01 9.075164794921875000e-01
6.227874755859375000e-02 2.065124511718750000e-01 8.427124023437500000e-01
5.966186523437500000e-02 3.684539794921875000e-01 9.215087890625000000e-01
5.782318115234375000e-02 4.618148803710937500e-01 9.375686645507812500e-01
5.876159667968750000e-02 2.738342285156250000e-01 9.275665283203125000e-01
6.008911132812500000e-02 2.854156494140625000e-01 7.700729370117187500e-01
6.272888183593750000e-02 4.381408691406250000e-01 9.036178588867187500e-01
5.326843261718750000e-02 4.269027709960937500e-01 9.425277709960937500e-01
5.653381347656250000e-02 2.997970581054687500e-01 7.446212768554687500e-01
6.201171875000000000e-02 4.369583129882812500e-01 8.756637573242187500e-01
6.195068359375000000e-02 2.319488525390625000e-01 4.732894897460937500e-01
5.285644531250000000e-02 1.816329956054687500e-01 8.556137084960937500e-01
6.015777587890625000e-02 2.212524414062500000e-01 8.285446166992187500e-01
5.690002441406250000e-02 1.761016845703125000e-01 9.176559448242187500e-01
5.329895019531250000e-02 4.173507690429687500e-01 9.072265625000000000e-01
6.947326660156250000e-02 2.504196166992187500e-01 6.286926269531250000e-01
6.848907470703125000e-02 2.381515502929687500e-01 6.353073120117187500e-01
5.412292480468750000e-02 4.617538452148437500e-01 9.388198852539062500e-01
4.969787597656250000e-02 2.205505371093750000e-01 9.458770751953125000e-01
6.620788574218750000e-02 4.002838134765625000e-01 8.531494140625000000e-01
6.365966796875000000e-02 3.605957031250000000e-01 7.744598388671875000e-01
5.787658691406250000e-02 2.510604858398437500e-01 9.222640991210937500e-01
6.448364257812500000e-02 2.374343872070312500e-01 6.832046508789062500e-01
5.551910400390625000e-02 2.375106811523437500e-01 8.252639770507812500e-01
5.722808837890625000e-02 2.505035400390625000e-01 9.332122802734375000e-01
5.708312988281250000e-02 2.702255249023437500e-01 7.614517211914062500e-01
5.540466308593750000e-02 2.855987548828125000e-01 9.282302856445312500e-01
5.849456787109375000e-02 4.445800781250000000e-01 9.190826416015625000e-01
6.649780273437500000e-02 2.062301635742187500e-01 8.631134033203125000e-01
5.765533447265625000e-02 2.580718994140625000e-01 9.258270263671875000e-01
5.194854736328125000e-02 4.200286865234375000e-01 9.443969726562500000e-01
6.452941894531250000e-02 2.474822998046875000e-01 6.434783935546875000e-01
5.361938476562500000e-02 4.114761352539062500e-01 9.289855957031250000e-01
6.242370605468750000e-02 3.109054565429687500e-01 7.467803955078125000e-01
6.251525878906250000e-02 3.189620971679687500e-01 6.641998291015625000e-01
5.858612060546875000e-02 2.365798950195312500e-01 9.241333007812500000e-01
5.817413330078125000e-02 2.696456909179687500e-01 6.910324096679687500e-01
5.070495605468750000e-02 3.999328613281250000e-01 9.382858276367187500e-01
6.909179687500000000e-02 2.285385131835937500e-01 4.595718383789062500e-01
6.008148193359375000e-02 2.517471313476562500e-01 7.075195312500000000e-01
5.465698242187500000e-02 2.105331420898437500e-01 8.781051635742187500e-01
6.849670410156250000e-02 2.390747070312500000e-01 6.348495483398437500e-01
5.281066894531250000e-02 4.230422973632812500e-01 9.421463012695312500e-01
6.171417236328125000e-02 2.830581665039062500e-01 9.055175781250000000e-01
5.110931396484375000e-02 2.361068725585937500e-01 9.455947875976562500e-01
5.417633056640625000e-02 4.571228027343750000e-01 9.356231689453125000e-01
6.024169921875000000e-02 2.940750122070312500e-01 9.274139404296875000e-01
7.431030273437500000e-02 2.203292846679687500e-01 4.484329223632812500e-01
5.646514892578125000e-02 4.548187255859375000e-01 9.351654052734375000e-01
6.600189208984375000e-02 3.259201049804687500e-01 7.246017456054687500e-01
5.596160888671875000e-02 2.315597534179687500e-01 8.893203735351562500e-01
5.979156494140625000e-02 2.962875366210937500e-01 7.515029907226562500e-01
5.699157714843750000e-02 4.458084106445312500e-01 9.207305908203125000e-01
5.869293212890625000e-02 4.498367309570312500e-01 9.022445678710937500e-01
5.764007568359375000e-02 2.718048095703125000e-01 6.874008178710937500e-01
6.001281738281250000e-02 4.351425170898437500e-01 8.973922729492187500e-01
5.699920654296875000e-02 4.565734863281250000e-01 9.215087890625000000e-01
5.233001708984375000e-02 2.254638671875000000e-01 9.402618408203125000e-01
5.994415283203125000e-02 2.609863281250000000e-01 9.288101196289062500e-01
7.172393798828125000e-02 2.042312622070312500e-01 6.287536621093750000e-01
5.742645263671875000e-02 2.472686767578125000e-01 9.362030029296875000e-01
6.364440917968750000e-02 2.195053100585937500e-01 6.967468261718750000e-01
5.973052978515625000e-02 2.268905639648437500e-01 6.841583251953125000e-01
5.492401123046875000e-02 4.122009277343750000e-01 9.410247802734375000e-01
6.795501708984375000e-02 1.964950561523437500e-01 7.930526733398437500e-01
6.167602539062500000e-02 2.771224975585937500e-01 9.334106445312500000e-01
7.000732421875000000e-02 1.852645874023437500e-01 3.751983642578125000e-01
5.018615722656250000e-02 2.614288330078125000e-01 9.400482177734375000e-01
6.633758544921875000e-02 4.214248657226562500e-01 8.867568969726562500e-01
5.942535400390625000e-02 2.620849609375000000e-01 9.347229003906250000e-01
6.407928466796875000e-02 2.481613159179687500e-01 9.164428710937500000e-01
6.801605224609375000e-02 2.819519042968750000e-01 6.497573852539062500e-01
6.524658203125000000e-02 3.987579345703125000e-01 8.055877685546875000e-01
6.315612792968750000e-02 2.318344116210937500e-01 8.868713378906250000e-01
4.767608642578125000e-02 2.519454956054687500e-01 9.506607055664062500e-01
5.529022216796875000e-02 2.395324707031250000e-01 9.324951171875000000e-01
7.178497314453125000e-02 2.550430297851562500e-01 6.865081787109375000e-01
5.876159667968750000e-02 2.217178344726562500e-01 5.720520019531250000e-01
5.982971191406250000e-02 2.146606445312500000e-01 8.966140747070312500e-01
7.440185546875000000e-02 2.155914306640625000e-01 6.693496704101562500e-01
5.675506591796875000e-02 2.458953857421875000e-01 9.100799560546875000e-01
5.432128906250000000e-02 4.249801635742187500e-01 9.341049194335937500e-01
5.820465087890625000e-02 1.912536621093750000e-01 8.366775512695312500e-01
5.921936035156250000e-02 3.460845947265625000e-01 7.423934936523437500e-01
6.021118164062500000e-02 4.505615234375000000e-01 9.311523437500000000e-01
5.670166015625000000e-02 4.338836669921875000e-01 9.037551879882812500e-01
5.720520019531250000e-02 3.281555175781250000e-01 9.334640502929687500e-01
5.764770507812500000e-02 2.278213500976562500e-01 8.965377807617187500e-01
7.114410400390625000e-02 2.208557128906250000e-01 6.335754394531250000e-01
5.524444580078125000e-02 1.584854125976562500e-01 9.401092529296875000e-01
6.414031982421875000e-02 2.159805297851562500e-01 6.454162597656250000e-01
7.047271728515625000e-02 1.592712402343750000e-01 5.235061645507812500e-01
4.843139648437500000e-02 4.429244995117187500e-01 9.448318481445312500e-01
6.121063232421875000e-02 4.310226440429687500e-01 9.109039306640625000e-01
6.315612792968750000e-02 2.264862060546875000e-01 6.973419189453125000e-01
6.639099121093750000e-02 2.151412963867187500e-01 6.667861938476562500e-01
5.886077880859375000e-02 2.197952270507812500e-01 6.943130493164062500e-01
5.994415283203125000e-02 2.651748657226562500e-01 8.993225097656250000e-01
5.787658691406250000e-02 2.042007446289062500e-01 8.706817626953125000e-01
5.860900878906250000e-02 2.578811645507812500e-01 7.107696533203125000e-01
5.893707275390625000e-02 2.782363891601562500e-01 7.105331420898437500e-01
5.252075195312500000e-02 2.357482910156250000e-01 7.097015380859375000e-01
6.114196777343750000e-02 2.524871826171875000e-01 8.957290649414062500e-01
4.963684082031250000e-02 3.031616210937500000e-01 9.358673095703125000e-01
6.736755371093750000e-02 2.319869995117187500e-01 5.774841308593750000e-01
5.808258056640625000e-02 2.286224365234375000e-01 8.736877441406250000e-01
6.388092041015625000e-02 1.858901977539062500e-01 5.553512573242187500e-01
5.759429931640625000e-02 4.570922851562500000e-01 9.339675903320312500e-01
5.879974365234375000e-02 2.487487792968750000e-01 6.987152099609375000e-01
6.418609619140625000e-02 1.939010620117187500e-01 9.118270874023437500e-01
5.252838134765625000e-02 3.267974853515625000e-01 9.426879882812500000e-01
5.900573730468750000e-02 4.351959228515625000e-01 9.142761230468750000e-01
6.967926025390625000e-02 2.487716674804687500e-01 4.990386962890625000e-01
7.263183593750000000e-02 2.518615722656250000e-01 6.390914916992187500e-01
6.458282470703125000e-02 2.071075439453125000e-01 8.817977905273437500e-01
6.607818603515625000e-02 2.269058227539062500e-01 6.481094360351562500e-01
7.003784179687500000e-02 1.918716430664062500e-01 4.718475341796875000e-01
6.017303466796875000e-02 4.558715820312500000e-01 9.283828735351562500e-01
6.518554687500000000e-02 2.485198974609375000e-01 7.049026489257812500e-01
4.568481445312500000e-02 4.287796020507812500e-01 9.503707885742187500e-01
6.740570068359375000e-02 2.488861083984375000e-01 5.108337402343750000e-01
7.338714599609375000e-02 2.451400756835937500e-01 6.535034179687500000e-01
6.735229492187500000e-02 4.041366577148437500e-01 9.107208251953125000e-01
5.271911621093750000e-02 2.593688964843750000e-01 9.348220825195312500e-01
6.808471679687500000e-02 2.767257690429687500e-01 6.918182373046875000e-01
6.107330322265625000e-02 2.014541625976562500e-01 8.971633911132812500e-01
6.159210205078125000e-02 2.097549438476562500e-01 6.557464599609375000e-01
6.158447265625000000e-02 4.356460571289062500e-01 9.186477661132812500e-01
5.651092529296875000e-02 4.481964111328125000e-01 8.983840942382812500e-01
5.926513671875000000e-02 2.177505493164062500e-01 7.126235961914062500e-01
6.270599365234375000e-02 2.256240844726562500e-01 8.861541748046875000e-01
6.660461425781250000e-02 2.129516601562500000e-01 6.280441284179687500e-01
5.752563476562500000e-02 2.685623168945312500e-01 9.383239746093750000e-01
6.322479248046875000e-02 4.364395141601562500e-01 8.805923461914062500e-01
5.748748779296875000e-02 2.424774169921875000e-01 8.972091674804687500e-01
6.295776367187500000e-02 2.722778320312500000e-01 9.264144897460937500e-01
6.671142578125000000e-02 2.688217163085937500e-01 6.404800415039062500e-01
6.861877441406250000e-02 2.561111450195312500e-01 6.584243774414062500e-01
6.050109863281250000e-02 2.288284301757812500e-01 7.112884521484375000e-01
6.111907958984375000e-02 2.172012329101562500e-01 8.708953857421875000e-01
6.918334960937500000e-02 2.081451416015625000e-01 8.004150390625000000e-01
6.110382080078125000e-02 2.437515258789062500e-01 8.889465332031250000e-01
6.740570068359375000e-02 2.323303222656250000e-01 6.319503784179687500e-01
5.377197265625000000e-02 4.212417602539062500e-01 9.368591308593750000e-01
5.974578857421875000e-02 2.548599243164062500e-01 6.781234741210937500e-01
