1.679687500000000000e-01 1.943359375000000000e-01 8.183593750000000000e-01
1.826171875000000000e-01 3.544921875000000000e-01 7.900390625000000000e-01
2.080078125000000000e-01 1.982421875000000000e-01 6.474609375000000000e-01
2.187500000000000000e-01 1.025390625000000000e-01 2.441406250000000000e-01
2.031250000000000000e-01 2.431640625000000000e-01 5.478515625000000000e-01
2.050781250000000000e-01 1.894531250000000000e-01 5.693359375000000000e-01
1.835937500000000000e-01 2.529296875000000000e-01 7.431640625000000000e-01
1.855468750000000000e-01 2.929687500000000000e-01 7.470703125000000000e-01
1.845703125000000000e-01 1.503906250000000000e-01 6.308593750000000000e-01
2.080078125000000000e-01 2.460937500000000000e-01 6.708984375000000000e-01
1.835937500000000000e-01 3.789062500000000000e-01 8.164062500000000000e-01
1.630859375000000000e-01 3.291015625000000000e-01 8.369140625000000000e-01
1.933593750000000000e-01 2.246093750000000000e-01 7.041015625000000000e-01
1.728515625000000000e-01 1.494140625000000000e-01 4.667968750000000000e-01
1.894531250000000000e-01 2.763671875000000000e-01 5.654296875000000000e-01
1.914062500000000000e-01 2.304687500000000000e-01 6.005859375000000000e-01
2.167968750000000000e-01 1.298828125000000000e-01 4.365234375000000000e-01
1.816406250000000000e-01 2.500000000000000000e-01 6.611328125000000000e-01
1.962890625000000000e-01 2.216796875000000000e-01 5.361328125000000000e-01
2.285156250000000000e-01 9.375000000000000000e-02 5.117187500000000000e-01
2.187500000000000000e-01 1.503906250000000000e-01 5.341796875000000000e-01
1.679687500000000000e-01 1.787109375000000000e-01 7.304687500000000000e-01
1.982421875000000000e-01 1.992187500000000000e-01 5.380859375000000000e-01
2.128906250000000000e-01 1.650390625000000000e-01 3.681640625000000000e-01
1.894531250000000000e-01 1.933593750000000000e-01 7.353515625000000000e-01
1.835937500000000000e-01 1.904296875000000000e-01 7.109375000000000000e-01
1.953125000000000000e-01 2.041015625000000000e-01 6.142578125000000000e-01
2.070312500000000000e-01 1.865234375000000000e-01 4.648437500000000000e-01
1.904296875000000000e-01 2.988281250000000000e-01 6.494140625000000000e-01
2.031250000000000000e-01 1.640625000000000000e-01 3.339843750000000000e-01
1.738281250000000000e-01 1.894531250000000000e-01 7.441406250000000000e-01
1.894531250000000000e-01 1.835937500000000000e-01 5.761718750000000000e-01
2.021484375000000000e-01 1.718750000000000000e-01 5.878906250000000000e-01
1.962890625000000000e-01 1.923828125000000000e-01 4.619140625000000000e-01
1.875000000000000000e-01 3.281250000000000000e-01 7.128906250000000000e-01
2.080078125000000000e-01 3.320312500000000000e-01 7.539062500000000000e-01
2.314453125000000000e-01 1.376953125000000000e-01 3.134765625000000000e-01
2.070312500000000000e-01 1.718750000000000000e-01 4.189453125000000000e-01
1.621093750000000000e-01 1.953125000000000000e-01 8.007812500000000000e-01
2.119140625000000000e-01 2.753906250000000000e-01 6.396484375000000000e-01
1.972656250000000000e-01 1.708984375000000000e-01 3.779296875000000000e-01
2.021484375000000000e-01 2.216796875000000000e-01 6.738281250000000000e-01
1.582031250000000000e-01 2.636718750000000000e-01 8.417968750000000000e-01
2.011718750000000000e-01 3.291015625000000000e-01 6.679687500000000000e-01
2.031250000000000000e-01 2.187500000000000000e-01 5.029296875000000000e-01
2.050781250000000000e-01 1.484375000000000000e-01 6.787109375000000000e-01
1.660156250000000000e-01 2.353515625000000000e-01 5.224609375000000000e-01
2.001953125000000000e-01 1.220703125000000000e-01 4.023437500000000000e-01
2.119140625000000000e-01 1.250000000000000000e-01 3.984375000000000000e-01
2.128906250000000000e-01 2.734375000000000000e-01 5.732421875000000000e-01
1.953125000000000000e-01 1.513671875000000000e-01 6.289062500000000000e-01
1.835937500000000000e-01 1.464843750000000000e-01 6.474609375000000000e-01
2.060546875000000000e-01 2.246093750000000000e-01 5.556640625000000000e-01
1.962890625000000000e-01 1.875000000000000000e-01 5.820312500000000000e-01
1.982421875000000000e-01 9.765625000000000000e-02 5.019531250000000000e-01
1.943359375000000000e-01 1.376953125000000000e-01 5.947265625000000000e-01
1.884765625000000000e-01 1.289062500000000000e-01 7.138671875000000000e-01
1.972656250000000000e-01 1.699218750000000000e-01 4.609375000000000000e-01
1.953125000000000000e-01 1.718750000000000000e-01 5.507812500000000000e-01
1.923828125000000000e-01 2.636718750000000000e-01 6.796875000000000000e-01
2.138671875000000000e-01 1.445312500000000000e-01 3.212890625000000000e-01
2.089843750000000000e-01 1.591796875000000000e-01 4.267578125000000000e-01
2.314453125000000000e-01 1.201171875000000000e-01 2.636718750000000000e-01
1.845703125000000000e-01 1.962890625000000000e-01 5.029296875000000000e-01
1.718750000000000000e-01 2.265625000000000000e-01 8.144531250000000000e-01
2.001953125000000000e-01 1.835937500000000000e-01 4.033203125000000000e-01
1.875000000000000000e-01 2.255859375000000000e-01 7.001953125000000000e-01
1.855468750000000000e-01 2.705078125000000000e-01 6.982421875000000000e-01
1.943359375000000000e-01 2.597656250000000000e-01 7.011718750000000000e-01
1.777343750000000000e-01 2.324218750000000000e-01 8.222656250000000000e-01
1.699218750000000000e-01 2.197265625000000000e-01 5.800781250000000000e-01
1.982421875000000000e-01 1.621093750000000000e-01 5.009765625000000000e-01
1.992187500000000000e-01 1.640625000000000000e-01 4.658203125000000000e-01
1.699218750000000000e-01 1.796875000000000000e-01 7.753906250000000000e-01
1.914062500000000000e-01 2.734375000000000000e-01 6.748046875000000000e-01
1.943359375000000000e-01 2.363281250000000000e-01 7.636718750000000000e-01
1.621093750000000000e-01 1.962890625000000000e-01 6.611328125000000000e-01
1.835937500000000000e-01 3.017578125000000000e-01 7.109375000000000000e-01
1.777343750000000000e-01 1.777343750000000000e-01 6.708984375000000000e-01
1.494140625000000000e-01 2.500000000000000000e-01 8.505859375000000000e-01
1.777343750000000000e-01 1.474609375000000000e-01 6.259765625000000000e-01
1.933593750000000000e-01 1.542968750000000000e-01 5.888671875000000000e-01
2.294921875000000000e-01 1.738281250000000000e-01 4.794921875000000000e-01
1.972656250000000000e-01 1.064453125000000000e-01 7.480468750000000000e-01
2.177734375000000000e-01 2.099609375000000000e-01 5.478515625000000000e-01
1.777343750000000000e-01 3.535156250000000000e-01 7.968750000000000000e-01
2.011718750000000000e-01 2.041015625000000000e-01 5.800781250000000000e-01
1.689453125000000000e-01 2.373046875000000000e-01 8.056640625000000000e-01
1.962890625000000000e-01 1.357421875000000000e-01 6.503906250000000000e-01
1.699218750000000000e-01 1.230468750000000000e-01 7.861328125000000000e-01
2.138671875000000000e-01 1.455078125000000000e-01 5.859375000000000000e-01
2.080078125000000000e-01 1.699218750000000000e-01 5.019531250000000000e-01
2.011718750000000000e-01 1.748046875000000000e-01 6.835937500000000000e-01
1.845703125000000000e-01 3.212890625000000000e-01 8.154296875000000000e-01
1.904296875000000000e-01 1.875000000000000000e-01 5.126953125000000000e-01
1.708984375000000000e-01 2.548828125000000000e-01 7.324218750000000000e-01
1.699218750000000000e-01 2.792968750000000000e-01 6.708984375000000000e-01
1.865234375000000000e-01 1.494140625000000000e-01 6.601562500000000000e-01
1.904296875000000000e-01 2.392578125000000000e-01 4.824218750000000000e-01
1.767578125000000000e-01 1.142578125000000000e-01 8.232421875000000000e-01
