4.199218750000000000e-02 3.779296875000000000e-01 9.580078125000000000e-01
6.250000000000000000e-02 2.988281250000000000e-01 9.375000000000000000e-01
4.492187500000000000e-02 3.583984375000000000e-01 9.550781250000000000e-01
4.785156250000000000e-02 4.345703125000000000e-01 9.521484375000000000e-01
5.566406250000000000e-02 2.910156250000000000e-01 7.226562500000000000e-01
3.515625000000000000e-02 4.218750000000000000e-01 9.648437500000000000e-01
4.199218750000000000e-02 4.570312500000000000e-01 9.580078125000000000e-01
6.347656250000000000e-02 3.261718750000000000e-01 9.365234375000000000e-01
3.417968750000000000e-02 4.052734375000000000e-01 9.658203125000000000e-01
4.882812500000000000e-02 3.398437500000000000e-01 9.511718750000000000e-01
9.277343750000000000e-02 1.748046875000000000e-01 4.794921875000000000e-01
4.785156250000000000e-02 3.613281250000000000e-01 9.521484375000000000e-01
4.394531250000000000e-02 3.242187500000000000e-01 9.560546875000000000e-01
3.808593750000000000e-02 4.511718750000000000e-01 9.619140625000000000e-01
4.785156250000000000e-02 4.052734375000000000e-01 9.521484375000000000e-01
6.542968750000000000e-02 2.705078125000000000e-01 7.236328125000000000e-01
7.714843750000000000e-02 3.085937500000000000e-01 9.228515625000000000e-01
3.710937500000000000e-02 3.232421875000000000e-01 9.628906250000000000e-01
4.882812500000000000e-02 3.574218750000000000e-01 9.511718750000000000e-01
4.980468750000000000e-02 4.355468750000000000e-01 9.501953125000000000e-01
4.296875000000000000e-02 4.238281250000000000e-01 9.570312500000000000e-01
5.761718750000000000e-02 2.968750000000000000e-01 6.679687500000000000e-01
7.031250000000000000e-02 2.646484375000000000e-01 9.296875000000000000e-01
4.589843750000000000e-02 4.003906250000000000e-01 9.541015625000000000e-01
6.250000000000000000e-02 2.802734375000000000e-01 7.119140625000000000e-01
5.468750000000000000e-02 4.091796875000000000e-01 9.453125000000000000e-01
6.738281250000000000e-02 2.548828125000000000e-01 9.326171875000000000e-01
4.296875000000000000e-02 4.121093750000000000e-01 9.570312500000000000e-01
4.296875000000000000e-02 4.658203125000000000e-01 9.570312500000000000e-01
5.371093750000000000e-02 3.867187500000000000e-01 9.462890625000000000e-01
6.054687500000000000e-02 3.095703125000000000e-01 6.416015625000000000e-01
4.101562500000000000e-02 4.501953125000000000e-01 9.589843750000000000e-01
5.273437500000000000e-02 3.886718750000000000e-01 9.472656250000000000e-01
4.394531250000000000e-02 4.306640625000000000e-01 9.560546875000000000e-01
4.492187500000000000e-02 2.792968750000000000e-01 9.550781250000000000e-01
4.589843750000000000e-02 4.531250000000000000e-01 9.541015625000000000e-01
4.394531250000000000e-02 2.636718750000000000e-01 9.560546875000000000e-01
4.687500000000000000e-02 2.919921875000000000e-01 9.531250000000000000e-01
4.980468750000000000e-02 4.580078125000000000e-01 9.501953125000000000e-01
4.980468750000000000e-02 3.916015625000000000e-01 9.501953125000000000e-01
6.152343750000000000e-02 2.939453125000000000e-01 9.384765625000000000e-01
5.175781250000000000e-02 4.648437500000000000e-01 9.482421875000000000e-01
4.003906250000000000e-02 3.251953125000000000e-01 9.599609375000000000e-01
5.664062500000000000e-02 3.554687500000000000e-01 9.433593750000000000e-01
7.519531250000000000e-02 2.460937500000000000e-01 9.248046875000000000e-01
6.640625000000000000e-02 3.164062500000000000e-01 6.386718750000000000e-01
4.003906250000000000e-02 3.593750000000000000e-01 9.599609375000000000e-01
6.835937500000000000e-02 3.378906250000000000e-01 7.265625000000000000e-01
5.957031250000000000e-02 3.251953125000000000e-01 9.404296875000000000e-01
4.589843750000000000e-02 3.427734375000000000e-01 9.541015625000000000e-01
7.128906250000000000e-02 3.662109375000000000e-01 9.287109375000000000e-01
4.199218750000000000e-02 4.755859375000000000e-01 9.580078125000000000e-01
6.347656250000000000e-02 2.568359375000000000e-01 7.089843750000000000e-01
4.785156250000000000e-02 3.066406250000000000e-01 9.521484375000000000e-01
6.347656250000000000e-02 3.388671875000000000e-01 7.158203125000000000e-01
7.031250000000000000e-02 3.144531250000000000e-01 6.435546875000000000e-01
6.250000000000000000e-02 2.998046875000000000e-01 9.375000000000000000e-01
6.640625000000000000e-02 2.939453125000000000e-01 6.640625000000000000e-01
5.468750000000000000e-02 4.726562500000000000e-01 9.453125000000000000e-01
4.589843750000000000e-02 4.414062500000000000e-01 9.541015625000000000e-01
3.906250000000000000e-02 4.716796875000000000e-01 9.609375000000000000e-01
5.273437500000000000e-02 4.638671875000000000e-01 9.472656250000000000e-01
3.222656250000000000e-02 4.169921875000000000e-01 9.677734375000000000e-01
5.859375000000000000e-02 2.597656250000000000e-01 7.158203125000000000e-01
4.882812500000000000e-02 4.521484375000000000e-01 9.511718750000000000e-01
4.199218750000000000e-02 4.726562500000000000e-01 9.580078125000000000e-01
3.808593750000000000e-02 4.453125000000000000e-01 9.619140625000000000e-01
4.785156250000000000e-02 3.750000000000000000e-01 9.521484375000000000e-01
5.566406250000000000e-02 4.023437500000000000e-01 9.443359375000000000e-01
6.250000000000000000e-02 3.681640625000000000e-01 9.375000000000000000e-01
4.101562500000000000e-02 3.476562500000000000e-01 9.589843750000000000e-01
4.003906250000000000e-02 4.238281250000000000e-01 9.599609375000000000e-01
3.515625000000000000e-02 3.857421875000000000e-01 9.648437500000000000e-01
6.933593750000000000e-02 2.949218750000000000e-01 9.306640625000000000e-01
3.222656250000000000e-02 4.150390625000000000e-01 9.677734375000000000e-01
7.324218750000000000e-02 3.095703125000000000e-01 6.679687500000000000e-01
5.273437500000000000e-02 3.896484375000000000e-01 9.472656250000000000e-01
4.882812500000000000e-02 3.095703125000000000e-01 9.511718750000000000e-01
4.101562500000000000e-02 3.662109375000000000e-01 9.589843750000000000e-01
4.980468750000000000e-02 4.414062500000000000e-01 9.501953125000000000e-01
5.273437500000000000e-02 2.539062500000000000e-01 9.472656250000000000e-01
6.054687500000000000e-02 3.212890625000000000e-01 9.394531250000000000e-01
4.980468750000000000e-02 4.638671875000000000e-01 9.501953125000000000e-01
3.808593750000000000e-02 4.404296875000000000e-01 9.619140625000000000e-01
4.492187500000000000e-02 4.023437500000000000e-01 9.550781250000000000e-01
4.199218750000000000e-02 2.734375000000000000e-01 9.580078125000000000e-01
6.640625000000000000e-02 3.115234375000000000e-01 6.630859375000000000e-01
4.980468750000000000e-02 4.628906250000000000e-01 9.501953125000000000e-01
5.664062500000000000e-02 2.343750000000000000e-01 7.480468750000000000e-01
6.152343750000000000e-02 3.359375000000000000e-01 7.099609375000000000e-01
5.566406250000000000e-02 3.925781250000000000e-01 9.443359375000000000e-01
4.882812500000000000e-02 3.720703125000000000e-01 9.511718750000000000e-01
6.542968750000000000e-02 3.007812500000000000e-01 9.345703125000000000e-01
4.589843750000000000e-02 4.433593750000000000e-01 9.541015625000000000e-01
5.468750000000000000e-02 3.681640625000000000e-01 9.453125000000000000e-01
4.492187500000000000e-02 3.300781250000000000e-01 9.550781250000000000e-01
4.492187500000000000e-02 3.017578125000000000e-01 9.550781250000000000e-01
5.761718750000000000e-02 3.339843750000000000e-01 7.363281250000000000e-01
4.785156250000000000e-02 4.765625000000000000e-01 9.521484375000000000e-01
5.371093750000000000e-02 4.492187500000000000e-01 9.462890625000000000e-01
