2.382812500000000000e-01 3.789062500000000000e-01 7.421875000000000000e-01
2.783203125000000000e-01 1.259765625000000000e-01 3.652343750000000000e-01
2.695312500000000000e-01 8.789062500000000000e-02 5.898437500000000000e-01
2.978515625000000000e-01 1.611328125000000000e-01 3.242187500000000000e-01
2.890625000000000000e-01 1.582031250000000000e-01 3.828125000000000000e-01
2.861328125000000000e-01 1.982421875000000000e-01 4.755859375000000000e-01
2.587890625000000000e-01 2.236328125000000000e-01 7.177734375000000000e-01
2.939453125000000000e-01 2.441406250000000000e-01 5.000000000000000000e-01
2.333984375000000000e-01 1.416015625000000000e-01 7.666015625000000000e-01
2.714843750000000000e-01 2.275390625000000000e-01 5.917968750000000000e-01
2.568359375000000000e-01 2.031250000000000000e-01 6.894531250000000000e-01
2.744140625000000000e-01 2.089843750000000000e-01 5.683593750000000000e-01
2.773437500000000000e-01 2.148437500000000000e-01 5.576171875000000000e-01
2.460937500000000000e-01 1.816406250000000000e-01 7.119140625000000000e-01
2.734375000000000000e-01 1.875000000000000000e-01 5.927734375000000000e-01
2.646484375000000000e-01 1.279296875000000000e-01 6.386718750000000000e-01
3.076171875000000000e-01 9.667968750000000000e-02 4.033203125000000000e-01
2.744140625000000000e-01 1.376953125000000000e-01 5.996093750000000000e-01
2.666015625000000000e-01 1.640625000000000000e-01 5.751953125000000000e-01
3.007812500000000000e-01 2.031250000000000000e-01 3.593750000000000000e-01
2.919921875000000000e-01 1.083984375000000000e-01 3.535156250000000000e-01
2.646484375000000000e-01 1.582031250000000000e-01 6.435546875000000000e-01
2.636718750000000000e-01 2.207031250000000000e-01 6.279296875000000000e-01
2.666015625000000000e-01 1.982421875000000000e-01 4.980468750000000000e-01
2.958984375000000000e-01 1.357421875000000000e-01 4.619140625000000000e-01
2.734375000000000000e-01 2.607421875000000000e-01 6.552734375000000000e-01
2.597656250000000000e-01 9.375000000000000000e-02 7.070312500000000000e-01
2.646484375000000000e-01 2.011718750000000000e-01 5.917968750000000000e-01
2.695312500000000000e-01 2.070312500000000000e-01 6.650390625000000000e-01
2.470703125000000000e-01 2.753906250000000000e-01 6.523437500000000000e-01
2.871093750000000000e-01 1.738281250000000000e-01 4.013671875000000000e-01
2.675781250000000000e-01 1.318359375000000000e-01 5.654296875000000000e-01
2.792968750000000000e-01 1.728515625000000000e-01 5.634765625000000000e-01
2.812500000000000000e-01 9.570312500000000000e-02 3.623046875000000000e-01
2.724609375000000000e-01 1.171875000000000000e-01 4.970703125000000000e-01
2.548828125000000000e-01 1.259765625000000000e-01 7.050781250000000000e-01
2.998046875000000000e-01 1.640625000000000000e-01 3.369140625000000000e-01
2.724609375000000000e-01 2.265625000000000000e-01 6.201171875000000000e-01
2.763671875000000000e-01 1.962890625000000000e-01 5.898437500000000000e-01
2.871093750000000000e-01 1.503906250000000000e-01 3.720703125000000000e-01
2.753906250000000000e-01 2.265625000000000000e-01 5.224609375000000000e-01
2.802734375000000000e-01 1.005859375000000000e-01 5.292968750000000000e-01
2.558593750000000000e-01 1.425781250000000000e-01 6.708984375000000000e-01
2.568359375000000000e-01 1.718750000000000000e-01 6.103515625000000000e-01
2.646484375000000000e-01 1.835937500000000000e-01 6.279296875000000000e-01
2.919921875000000000e-01 1.298828125000000000e-01 3.173828125000000000e-01
2.382812500000000000e-01 2.734375000000000000e-01 7.490234375000000000e-01
3.085937500000000000e-01 1.953125000000000000e-01 3.994140625000000000e-01
2.636718750000000000e-01 2.119140625000000000e-01 5.878906250000000000e-01
2.802734375000000000e-01 1.972656250000000000e-01 5.410156250000000000e-01
2.695312500000000000e-01 2.304687500000000000e-01 6.572265625000000000e-01
2.568359375000000000e-01 1.152343750000000000e-01 6.328125000000000000e-01
2.792968750000000000e-01 1.826171875000000000e-01 5.244140625000000000e-01
2.626953125000000000e-01 1.533203125000000000e-01 6.601562500000000000e-01
2.783203125000000000e-01 1.835937500000000000e-01 4.453125000000000000e-01
2.773437500000000000e-01 2.666015625000000000e-01 5.449218750000000000e-01
2.998046875000000000e-01 7.324218750000000000e-02 2.626953125000000000e-01
2.861328125000000000e-01 2.226562500000000000e-01 4.492187500000000000e-01
2.753906250000000000e-01 1.767578125000000000e-01 4.814453125000000000e-01
2.656250000000000000e-01 1.093750000000000000e-01 4.423828125000000000e-01
2.773437500000000000e-01 1.816406250000000000e-01 6.113281250000000000e-01
2.705078125000000000e-01 2.529296875000000000e-01 6.865234375000000000e-01
2.783203125000000000e-01 1.835937500000000000e-01 4.130859375000000000e-01
2.519531250000000000e-01 1.455078125000000000e-01 7.001953125000000000e-01
2.460937500000000000e-01 9.765625000000000000e-02 7.197265625000000000e-01
2.822265625000000000e-01 2.216796875000000000e-01 5.000000000000000000e-01
2.451171875000000000e-01 1.621093750000000000e-01 7.246093750000000000e-01
2.509765625000000000e-01 3.369140625000000000e-01 7.441406250000000000e-01
3.017578125000000000e-01 1.601562500000000000e-01 3.310546875000000000e-01
2.929687500000000000e-01 2.187500000000000000e-01 4.501953125000000000e-01
2.460937500000000000e-01 3.369140625000000000e-01 7.216796875000000000e-01
2.744140625000000000e-01 1.611328125000000000e-01 4.140625000000000000e-01
2.480468750000000000e-01 2.568359375000000000e-01 7.285156250000000000e-01
2.929687500000000000e-01 8.886718750000000000e-02 4.091796875000000000e-01
2.451171875000000000e-01 2.363281250000000000e-01 6.914062500000000000e-01
2.500000000000000000e-01 2.333984375000000000e-01 7.148437500000000000e-01
2.802734375000000000e-01 1.582031250000000000e-01 4.091796875000000000e-01
2.705078125000000000e-01 1.914062500000000000e-01 6.455078125000000000e-01
3.017578125000000000e-01 1.572265625000000000e-01 3.300781250000000000e-01
2.753906250000000000e-01 1.308593750000000000e-01 6.181640625000000000e-01
2.666015625000000000e-01 2.070312500000000000e-01 5.029296875000000000e-01
2.617187500000000000e-01 2.275390625000000000e-01 7.216796875000000000e-01
2.851562500000000000e-01 1.083984375000000000e-01 5.996093750000000000e-01
2.880859375000000000e-01 1.416015625000000000e-01 4.296875000000000000e-01
2.880859375000000000e-01 1.230468750000000000e-01 4.355468750000000000e-01
2.607421875000000000e-01 1.992187500000000000e-01 5.791015625000000000e-01
2.617187500000000000e-01 2.314453125000000000e-01 6.132812500000000000e-01
2.626953125000000000e-01 2.949218750000000000e-01 6.835937500000000000e-01
3.017578125000000000e-01 8.691406250000000000e-02 2.392578125000000000e-01
2.529296875000000000e-01 2.900390625000000000e-01 6.767578125000000000e-01
2.890625000000000000e-01 2.138671875000000000e-01 5.722656250000000000e-01
3.056640625000000000e-01 1.269531250000000000e-01 3.525390625000000000e-01
2.753906250000000000e-01 8.593750000000000000e-02 5.898437500000000000e-01
2.734375000000000000e-01 2.617187500000000000e-01 6.269531250000000000e-01
2.880859375000000000e-01 2.197265625000000000e-01 5.781250000000000000e-01
2.636718750000000000e-01 1.601562500000000000e-01 6.132812500000000000e-01
2.802734375000000000e-01 1.250000000000000000e-01 3.642578125000000000e-01
2.949218750000000000e-01 1.660156250000000000e-01 4.130859375000000000e-01
2.832031250000000000e-01 1.269531250000000000e-01 5.537109375000000000e-01
2.636718750000000000e-01 2.744140625000000000e-01 6.611328125000000000e-01
