6.445312500000000000e-02 3.466796875000000000e-01 7.187500000000000000e-01
5.273437500000000000e-02 4.492187500000000000e-01 9.472656250000000000e-01
5.078125000000000000e-02 3.593750000000000000e-01 9.492187500000000000e-01
4.785156250000000000e-02 4.335937500000000000e-01 9.521484375000000000e-01
4.101562500000000000e-02 4.755859375000000000e-01 9.589843750000000000e-01
4.199218750000000000e-02 3.925781250000000000e-01 9.580078125000000000e-01
5.761718750000000000e-02 3.134765625000000000e-01 9.423828125000000000e-01
6.152343750000000000e-02 2.919921875000000000e-01 9.384765625000000000e-01
3.417968750000000000e-02 4.052734375000000000e-01 9.658203125000000000e-01
6.933593750000000000e-02 3.173828125000000000e-01 9.306640625000000000e-01
5.468750000000000000e-02 1.708984375000000000e-01 9.453125000000000000e-01
5.371093750000000000e-02 2.988281250000000000e-01 9.462890625000000000e-01
4.394531250000000000e-02 3.242187500000000000e-01 9.560546875000000000e-01
4.003906250000000000e-02 4.775390625000000000e-01 9.599609375000000000e-01
6.250000000000000000e-02 3.164062500000000000e-01 6.650390625000000000e-01
5.078125000000000000e-02 4.472656250000000000e-01 9.492187500000000000e-01
6.347656250000000000e-02 3.095703125000000000e-01 9.365234375000000000e-01
6.835937500000000000e-02 3.349609375000000000e-01 7.011718750000000000e-01
4.589843750000000000e-02 4.091796875000000000e-01 9.541015625000000000e-01
5.566406250000000000e-02 4.355468750000000000e-01 9.443359375000000000e-01
4.492187500000000000e-02 4.228515625000000000e-01 9.550781250000000000e-01
7.128906250000000000e-02 2.412109375000000000e-01 6.943359375000000000e-01
7.031250000000000000e-02 2.656250000000000000e-01 9.296875000000000000e-01
5.664062500000000000e-02 3.974609375000000000e-01 9.433593750000000000e-01
6.250000000000000000e-02 2.802734375000000000e-01 7.119140625000000000e-01
5.175781250000000000e-02 3.828125000000000000e-01 9.482421875000000000e-01
5.859375000000000000e-02 4.599609375000000000e-01 9.414062500000000000e-01
4.687500000000000000e-02 4.707031250000000000e-01 9.531250000000000000e-01
4.296875000000000000e-02 4.658203125000000000e-01 9.570312500000000000e-01
5.468750000000000000e-02 3.857421875000000000e-01 9.453125000000000000e-01
6.445312500000000000e-02 3.076171875000000000e-01 6.298828125000000000e-01
4.101562500000000000e-02 4.501953125000000000e-01 9.589843750000000000e-01
7.128906250000000000e-02 3.164062500000000000e-01 7.011718750000000000e-01
4.882812500000000000e-02 4.306640625000000000e-01 9.511718750000000000e-01
4.003906250000000000e-02 4.189453125000000000e-01 9.599609375000000000e-01
4.589843750000000000e-02 4.541015625000000000e-01 9.541015625000000000e-01
4.785156250000000000e-02 4.042968750000000000e-01 9.521484375000000000e-01
4.785156250000000000e-02 2.958984375000000000e-01 9.521484375000000000e-01
5.371093750000000000e-02 4.541015625000000000e-01 9.462890625000000000e-01
5.175781250000000000e-02 3.896484375000000000e-01 9.482421875000000000e-01
6.933593750000000000e-02 3.916015625000000000e-01 9.306640625000000000e-01
5.273437500000000000e-02 3.134765625000000000e-01 9.472656250000000000e-01
4.882812500000000000e-02 3.261718750000000000e-01 9.511718750000000000e-01
6.445312500000000000e-02 3.056640625000000000e-01 6.318359375000000000e-01
7.910156250000000000e-02 2.060546875000000000e-01 9.208984375000000000e-01
5.371093750000000000e-02 3.906250000000000000e-01 9.462890625000000000e-01
4.003906250000000000e-02 3.593750000000000000e-01 9.599609375000000000e-01
7.617187500000000000e-02 3.349609375000000000e-01 7.187500000000000000e-01
4.589843750000000000e-02 3.271484375000000000e-01 9.541015625000000000e-01
6.054687500000000000e-02 3.408203125000000000e-01 9.394531250000000000e-01
7.324218750000000000e-02 3.613281250000000000e-01 9.267578125000000000e-01
4.394531250000000000e-02 4.755859375000000000e-01 9.560546875000000000e-01
6.054687500000000000e-02 2.568359375000000000e-01 7.187500000000000000e-01
4.785156250000000000e-02 3.017578125000000000e-01 9.521484375000000000e-01
6.152343750000000000e-02 3.388671875000000000e-01 7.207031250000000000e-01
6.542968750000000000e-02 3.095703125000000000e-01 6.484375000000000000e-01
6.250000000000000000e-02 2.998046875000000000e-01 9.375000000000000000e-01
6.445312500000000000e-02 3.085937500000000000e-01 6.796875000000000000e-01
5.664062500000000000e-02 3.173828125000000000e-01 9.433593750000000000e-01
4.589843750000000000e-02 4.414062500000000000e-01 9.541015625000000000e-01
4.394531250000000000e-02 4.687500000000000000e-01 9.560546875000000000e-01
6.152343750000000000e-02 2.744140625000000000e-01 9.384765625000000000e-01
3.222656250000000000e-02 4.169921875000000000e-01 9.677734375000000000e-01
6.640625000000000000e-02 2.607421875000000000e-01 7.089843750000000000e-01
5.664062500000000000e-02 3.710937500000000000e-01 9.433593750000000000e-01
4.394531250000000000e-02 4.726562500000000000e-01 9.560546875000000000e-01
4.589843750000000000e-02 4.511718750000000000e-01 9.541015625000000000e-01
4.980468750000000000e-02 3.798828125000000000e-01 9.501953125000000000e-01
5.566406250000000000e-02 4.609375000000000000e-01 9.443359375000000000e-01
6.738281250000000000e-02 3.681640625000000000e-01 7.646484375000000000e-01
4.492187500000000000e-02 4.433593750000000000e-01 9.550781250000000000e-01
4.003906250000000000e-02 4.238281250000000000e-01 9.599609375000000000e-01
4.003906250000000000e-02 4.179687500000000000e-01 9.599609375000000000e-01
5.566406250000000000e-02 4.257812500000000000e-01 9.443359375000000000e-01
3.808593750000000000e-02 4.755859375000000000e-01 9.619140625000000000e-01
4.785156250000000000e-02 3.583984375000000000e-01 9.521484375000000000e-01
4.687500000000000000e-02 4.140625000000000000e-01 9.531250000000000000e-01
6.640625000000000000e-02 3.574218750000000000e-01 7.177734375000000000e-01
4.687500000000000000e-02 4.023437500000000000e-01 9.531250000000000000e-01
4.687500000000000000e-02 4.208984375000000000e-01 9.531250000000000000e-01
5.078125000000000000e-02 4.404296875000000000e-01 9.492187500000000000e-01
4.589843750000000000e-02 2.675781250000000000e-01 9.541015625000000000e-01
4.003906250000000000e-02 4.433593750000000000e-01 9.599609375000000000e-01
4.101562500000000000e-02 4.423828125000000000e-01 9.589843750000000000e-01
5.859375000000000000e-02 3.037109375000000000e-01 9.414062500000000000e-01
4.199218750000000000e-02 2.734375000000000000e-01 9.580078125000000000e-01
4.882812500000000000e-02 2.294921875000000000e-01 9.511718750000000000e-01
6.054687500000000000e-02 2.861328125000000000e-01 9.394531250000000000e-01
5.566406250000000000e-02 2.353515625000000000e-01 7.490234375000000000e-01
6.054687500000000000e-02 3.212890625000000000e-01 7.031250000000000000e-01
5.859375000000000000e-02 2.978515625000000000e-01 9.414062500000000000e-01
4.199218750000000000e-02 3.310546875000000000e-01 9.580078125000000000e-01
6.250000000000000000e-02 3.017578125000000000e-01 9.375000000000000000e-01
4.785156250000000000e-02 4.453125000000000000e-01 9.521484375000000000e-01
6.347656250000000000e-02 3.515625000000000000e-01 9.365234375000000000e-01
4.199218750000000000e-02 3.505859375000000000e-01 9.580078125000000000e-01
5.175781250000000000e-02 3.828125000000000000e-01 9.482421875000000000e-01
5.566406250000000000e-02 3.349609375000000000e-01 7.382812500000000000e-01
4.980468750000000000e-02 4.726562500000000000e-01 9.501953125000000000e-01
7.617187500000000000e-02 3.935546875000000000e-01 9.238281250000000000e-01
