1.035156250000000000e-01 2.998046875000000000e-01 6.972656250000000000e-01
1.083984375000000000e-01 3.984375000000000000e-01 8.310546875000000000e-01
9.472656250000000000e-02 3.544921875000000000e-01 7.412109375000000000e-01
1.250000000000000000e-01 2.480468750000000000e-01 6.562500000000000000e-01
1.142578125000000000e-01 3.291015625000000000e-01 8.857421875000000000e-01
8.105468750000000000e-02 4.482421875000000000e-01 9.189453125000000000e-01
8.886718750000000000e-02 2.529296875000000000e-01 9.111328125000000000e-01
8.984375000000000000e-02 3.613281250000000000e-01 7.558593750000000000e-01
1.269531250000000000e-01 2.978515625000000000e-01 6.533203125000000000e-01
1.083984375000000000e-01 2.539062500000000000e-01 7.304687500000000000e-01
1.083984375000000000e-01 2.626953125000000000e-01 5.722656250000000000e-01
1.298828125000000000e-01 1.738281250000000000e-01 4.560546875000000000e-01
1.132812500000000000e-01 1.689453125000000000e-01 6.240234375000000000e-01
1.064453125000000000e-01 2.558593750000000000e-01 5.693359375000000000e-01
9.863281250000000000e-02 3.212890625000000000e-01 9.013671875000000000e-01
7.128906250000000000e-02 2.031250000000000000e-01 7.304687500000000000e-01
9.667968750000000000e-02 4.033203125000000000e-01 9.033203125000000000e-01
1.093750000000000000e-01 2.460937500000000000e-01 6.835937500000000000e-01
8.691406250000000000e-02 1.552734375000000000e-01 9.130859375000000000e-01
1.220703125000000000e-01 1.552734375000000000e-01 6.621093750000000000e-01
1.396484375000000000e-01 2.050781250000000000e-01 4.785156250000000000e-01
8.789062500000000000e-02 3.203125000000000000e-01 9.121093750000000000e-01
9.667968750000000000e-02 1.787109375000000000e-01 9.033203125000000000e-01
1.044921875000000000e-01 2.539062500000000000e-01 8.232421875000000000e-01
9.277343750000000000e-02 3.691406250000000000e-01 9.072265625000000000e-01
8.984375000000000000e-02 3.144531250000000000e-01 9.101562500000000000e-01
1.064453125000000000e-01 2.324218750000000000e-01 7.744140625000000000e-01
1.191406250000000000e-01 2.148437500000000000e-01 7.109375000000000000e-01
1.201171875000000000e-01 2.353515625000000000e-01 7.128906250000000000e-01
6.445312500000000000e-02 2.089843750000000000e-01 9.355468750000000000e-01
9.277343750000000000e-02 2.832031250000000000e-01 6.533203125000000000e-01
9.277343750000000000e-02 2.382812500000000000e-01 6.484375000000000000e-01
1.064453125000000000e-01 2.343750000000000000e-01 7.011718750000000000e-01
9.863281250000000000e-02 2.978515625000000000e-01 7.382812500000000000e-01
9.375000000000000000e-02 2.324218750000000000e-01 9.062500000000000000e-01
9.863281250000000000e-02 2.802734375000000000e-01 7.226562500000000000e-01
1.269531250000000000e-01 2.705078125000000000e-01 6.064453125000000000e-01
1.279296875000000000e-01 3.222656250000000000e-01 6.796875000000000000e-01
7.812500000000000000e-02 3.486328125000000000e-01 9.218750000000000000e-01
9.179687500000000000e-02 3.056640625000000000e-01 7.890625000000000000e-01
8.398437500000000000e-02 3.554687500000000000e-01 9.160156250000000000e-01
1.103515625000000000e-01 1.474609375000000000e-01 6.728515625000000000e-01
7.714843750000000000e-02 3.662109375000000000e-01 9.228515625000000000e-01
8.398437500000000000e-02 3.349609375000000000e-01 7.197265625000000000e-01
8.203125000000000000e-02 4.189453125000000000e-01 9.179687500000000000e-01
8.886718750000000000e-02 4.296875000000000000e-01 9.111328125000000000e-01
6.250000000000000000e-02 3.447265625000000000e-01 9.375000000000000000e-01
1.181640625000000000e-01 3.779296875000000000e-01 8.818359375000000000e-01
1.103515625000000000e-01 2.285156250000000000e-01 5.693359375000000000e-01
1.142578125000000000e-01 2.490234375000000000e-01 6.640625000000000000e-01
1.064453125000000000e-01 2.919921875000000000e-01 8.125000000000000000e-01
5.957031250000000000e-02 1.855468750000000000e-01 9.404296875000000000e-01
9.082031250000000000e-02 3.984375000000000000e-01 9.091796875000000000e-01
9.570312500000000000e-02 1.679687500000000000e-01 8.242187500000000000e-01
1.250000000000000000e-01 2.666015625000000000e-01 7.187500000000000000e-01
1.396484375000000000e-01 1.728515625000000000e-01 4.785156250000000000e-01
1.025390625000000000e-01 1.904296875000000000e-01 7.500000000000000000e-01
7.617187500000000000e-02 3.173828125000000000e-01 9.238281250000000000e-01
1.132812500000000000e-01 3.027343750000000000e-01 8.867187500000000000e-01
9.765625000000000000e-02 3.378906250000000000e-01 9.023437500000000000e-01
1.181640625000000000e-01 2.089843750000000000e-01 8.818359375000000000e-01
1.005859375000000000e-01 1.210937500000000000e-01 7.802734375000000000e-01
6.640625000000000000e-02 4.082031250000000000e-01 9.335937500000000000e-01
8.789062500000000000e-02 2.617187500000000000e-01 9.121093750000000000e-01
1.201171875000000000e-01 1.337890625000000000e-01 6.914062500000000000e-01
1.083984375000000000e-01 3.486328125000000000e-01 7.197265625000000000e-01
9.960937500000000000e-02 2.529296875000000000e-01 6.591796875000000000e-01
1.123046875000000000e-01 3.623046875000000000e-01 7.490234375000000000e-01
1.132812500000000000e-01 1.865234375000000000e-01 4.482421875000000000e-01
9.667968750000000000e-02 1.904296875000000000e-01 9.033203125000000000e-01
8.691406250000000000e-02 3.642578125000000000e-01 9.130859375000000000e-01
9.765625000000000000e-02 3.603515625000000000e-01 7.812500000000000000e-01
1.337890625000000000e-01 1.718750000000000000e-01 5.126953125000000000e-01
1.025390625000000000e-01 1.542968750000000000e-01 6.435546875000000000e-01
1.025390625000000000e-01 3.164062500000000000e-01 8.369140625000000000e-01
1.181640625000000000e-01 2.089843750000000000e-01 4.951171875000000000e-01
7.226562500000000000e-02 2.861328125000000000e-01 9.277343750000000000e-01
1.015625000000000000e-01 2.880859375000000000e-01 7.617187500000000000e-01
8.398437500000000000e-02 3.720703125000000000e-01 9.160156250000000000e-01
8.007812500000000000e-02 3.652343750000000000e-01 9.199218750000000000e-01
8.300781250000000000e-02 1.650390625000000000e-01 9.169921875000000000e-01
1.083984375000000000e-01 1.962890625000000000e-01 6.611328125000000000e-01
9.082031250000000000e-02 2.412109375000000000e-01 9.091796875000000000e-01
1.064453125000000000e-01 1.884765625000000000e-01 7.451171875000000000e-01
1.103515625000000000e-01 2.490234375000000000e-01 7.392578125000000000e-01
9.765625000000000000e-02 3.515625000000000000e-01 7.304687500000000000e-01
8.593750000000000000e-02 1.699218750000000000e-01 9.140625000000000000e-01
1.455078125000000000e-01 1.455078125000000000e-01 4.296875000000000000e-01
8.007812500000000000e-02 3.300781250000000000e-01 9.199218750000000000e-01
1.103515625000000000e-01 1.894531250000000000e-01 4.248046875000000000e-01
9.667968750000000000e-02 3.408203125000000000e-01 9.033203125000000000e-01
9.570312500000000000e-02 2.255859375000000000e-01 9.042968750000000000e-01
9.667968750000000000e-02 4.218750000000000000e-01 9.033203125000000000e-01
1.162109375000000000e-01 2.050781250000000000e-01 4.140625000000000000e-01
1.210937500000000000e-01 2.431640625000000000e-01 6.123046875000000000e-01
1.201171875000000000e-01 1.523437500000000000e-01 5.332031250000000000e-01
9.179687500000000000e-02 3.417968750000000000e-01 7.548828125000000000e-01
1.171875000000000000e-01 2.226562500000000000e-01 4.804687500000000000e-01
9.082031250000000000e-02 2.480468750000000000e-01 7.119140625000000000e-01
1.171875000000000000e-01 2.138671875000000000e-01 7.578125000000000000e-01
