5.761718750000000000e-02 2.968750000000000000e-01 9.423828125000000000e-01
6.347656250000000000e-02 3.291015625000000000e-01 7.226562500000000000e-01
6.347656250000000000e-02 4.589843750000000000e-01 9.365234375000000000e-01
4.687500000000000000e-02 4.277343750000000000e-01 9.531250000000000000e-01
5.664062500000000000e-02 2.343750000000000000e-01 9.433593750000000000e-01
4.980468750000000000e-02 2.919921875000000000e-01 9.501953125000000000e-01
5.957031250000000000e-02 2.597656250000000000e-01 9.404296875000000000e-01
6.347656250000000000e-02 2.753906250000000000e-01 9.365234375000000000e-01
3.808593750000000000e-02 4.033203125000000000e-01 9.619140625000000000e-01
6.542968750000000000e-02 2.421875000000000000e-01 9.345703125000000000e-01
6.640625000000000000e-02 4.638671875000000000e-01 9.335937500000000000e-01
5.566406250000000000e-02 2.988281250000000000e-01 9.443359375000000000e-01
4.296875000000000000e-02 3.242187500000000000e-01 9.570312500000000000e-01
5.664062500000000000e-02 2.812500000000000000e-01 9.433593750000000000e-01
5.273437500000000000e-02 4.062500000000000000e-01 9.472656250000000000e-01
5.371093750000000000e-02 2.119140625000000000e-01 9.462890625000000000e-01
6.933593750000000000e-02 3.144531250000000000e-01 6.542968750000000000e-01
7.714843750000000000e-02 2.558593750000000000e-01 5.449218750000000000e-01
5.664062500000000000e-02 3.662109375000000000e-01 9.433593750000000000e-01
6.445312500000000000e-02 3.251953125000000000e-01 6.845703125000000000e-01
7.617187500000000000e-02 2.929687500000000000e-01 9.238281250000000000e-01
5.371093750000000000e-02 4.365234375000000000e-01 9.462890625000000000e-01
8.984375000000000000e-02 3.388671875000000000e-01 6.787109375000000000e-01
4.589843750000000000e-02 4.609375000000000000e-01 9.541015625000000000e-01
7.519531250000000000e-02 2.744140625000000000e-01 6.826171875000000000e-01
6.738281250000000000e-02 3.544921875000000000e-01 9.326171875000000000e-01
6.738281250000000000e-02 2.548828125000000000e-01 7.949218750000000000e-01
5.566406250000000000e-02 4.687500000000000000e-01 9.443359375000000000e-01
5.859375000000000000e-02 3.769531250000000000e-01 9.414062500000000000e-01
7.812500000000000000e-02 2.578125000000000000e-01 7.226562500000000000e-01
5.957031250000000000e-02 3.076171875000000000e-01 6.669921875000000000e-01
4.101562500000000000e-02 4.511718750000000000e-01 9.589843750000000000e-01
8.496093750000000000e-02 3.222656250000000000e-01 7.109375000000000000e-01
6.835937500000000000e-02 2.890625000000000000e-01 7.128906250000000000e-01
5.078125000000000000e-02 4.238281250000000000e-01 9.492187500000000000e-01
4.296875000000000000e-02 4.550781250000000000e-01 9.570312500000000000e-01
5.859375000000000000e-02 4.560546875000000000e-01 9.414062500000000000e-01
6.250000000000000000e-02 4.628906250000000000e-01 9.375000000000000000e-01
7.324218750000000000e-02 2.958984375000000000e-01 7.333984375000000000e-01
4.492187500000000000e-02 4.736328125000000000e-01 9.550781250000000000e-01
8.105468750000000000e-02 3.535156250000000000e-01 9.189453125000000000e-01
4.785156250000000000e-02 3.154296875000000000e-01 9.521484375000000000e-01
3.222656250000000000e-02 4.443359375000000000e-01 9.677734375000000000e-01
6.835937500000000000e-02 3.173828125000000000e-01 6.396484375000000000e-01
6.445312500000000000e-02 3.271484375000000000e-01 7.128906250000000000e-01
7.031250000000000000e-02 2.919921875000000000e-01 7.099609375000000000e-01
5.175781250000000000e-02 2.294921875000000000e-01 9.482421875000000000e-01
6.542968750000000000e-02 4.570312500000000000e-01 9.345703125000000000e-01
5.761718750000000000e-02 3.251953125000000000e-01 9.423828125000000000e-01
7.226562500000000000e-02 3.408203125000000000e-01 7.451171875000000000e-01
7.226562500000000000e-02 2.783203125000000000e-01 9.277343750000000000e-01
4.785156250000000000e-02 4.111328125000000000e-01 9.521484375000000000e-01
5.566406250000000000e-02 2.626953125000000000e-01 9.443359375000000000e-01
6.738281250000000000e-02 2.578125000000000000e-01 9.326171875000000000e-01
4.394531250000000000e-02 4.101562500000000000e-01 9.560546875000000000e-01
7.031250000000000000e-02 3.681640625000000000e-01 9.296875000000000000e-01
7.617187500000000000e-02 2.890625000000000000e-01 7.324218750000000000e-01
5.273437500000000000e-02 2.294921875000000000e-01 9.472656250000000000e-01
5.468750000000000000e-02 3.193359375000000000e-01 9.453125000000000000e-01
5.175781250000000000e-02 4.375000000000000000e-01 9.482421875000000000e-01
5.566406250000000000e-02 4.179687500000000000e-01 9.443359375000000000e-01
6.835937500000000000e-02 3.769531250000000000e-01 9.316406250000000000e-01
3.222656250000000000e-02 4.169921875000000000e-01 9.677734375000000000e-01
6.933593750000000000e-02 2.568359375000000000e-01 5.185546875000000000e-01
6.835937500000000000e-02 2.939453125000000000e-01 9.316406250000000000e-01
5.761718750000000000e-02 2.509765625000000000e-01 9.423828125000000000e-01
5.664062500000000000e-02 2.460937500000000000e-01 5.273437500000000000e-01
5.175781250000000000e-02 3.847656250000000000e-01 9.482421875000000000e-01
6.542968750000000000e-02 3.427734375000000000e-01 9.345703125000000000e-01
8.398437500000000000e-02 2.490234375000000000e-01 7.402343750000000000e-01
5.859375000000000000e-02 4.482421875000000000e-01 9.414062500000000000e-01
6.250000000000000000e-02 2.353515625000000000e-01 5.058593750000000000e-01
3.613281250000000000e-02 3.798828125000000000e-01 9.638671875000000000e-01
5.957031250000000000e-02 3.144531250000000000e-01 9.404296875000000000e-01
3.515625000000000000e-02 4.746093750000000000e-01 9.648437500000000000e-01
4.980468750000000000e-02 2.910156250000000000e-01 9.501953125000000000e-01
6.933593750000000000e-02 4.287109375000000000e-01 9.306640625000000000e-01
6.250000000000000000e-02 3.437500000000000000e-01 9.375000000000000000e-01
6.347656250000000000e-02 3.544921875000000000e-01 9.365234375000000000e-01
5.859375000000000000e-02 2.529296875000000000e-01 9.414062500000000000e-01
5.371093750000000000e-02 3.330078125000000000e-01 6.865234375000000000e-01
5.761718750000000000e-02 3.291015625000000000e-01 7.275390625000000000e-01
8.300781250000000000e-02 2.714843750000000000e-01 9.169921875000000000e-01
5.664062500000000000e-02 4.521484375000000000e-01 9.433593750000000000e-01
6.054687500000000000e-02 3.125000000000000000e-01 6.376953125000000000e-01
4.492187500000000000e-02 4.130859375000000000e-01 9.550781250000000000e-01
7.226562500000000000e-02 2.812500000000000000e-01 6.972656250000000000e-01
7.128906250000000000e-02 3.076171875000000000e-01 7.246093750000000000e-01
6.152343750000000000e-02 2.421875000000000000e-01 7.343750000000000000e-01
6.445312500000000000e-02 3.837890625000000000e-01 9.355468750000000000e-01
5.957031250000000000e-02 3.125000000000000000e-01 9.404296875000000000e-01
3.906250000000000000e-02 3.310546875000000000e-01 9.609375000000000000e-01
6.445312500000000000e-02 3.359375000000000000e-01 9.355468750000000000e-01
4.687500000000000000e-02 4.365234375000000000e-01 9.531250000000000000e-01
6.445312500000000000e-02 3.593750000000000000e-01 9.355468750000000000e-01
6.835937500000000000e-02 3.662109375000000000e-01 9.316406250000000000e-01
6.640625000000000000e-02 3.759765625000000000e-01 9.335937500000000000e-01
4.980468750000000000e-02 3.876953125000000000e-01 9.501953125000000000e-01
6.152343750000000000e-02 4.199218750000000000e-01 9.384765625000000000e-01
7.421875000000000000e-02 2.656250000000000000e-01 9.257812500000000000e-01
