2.724609375000000000e-01 1.513671875000000000e-01 5.595703125000000000e-01
2.529296875000000000e-01 1.386718750000000000e-01 6.865234375000000000e-01
3.125000000000000000e-01 1.542968750000000000e-01 4.306640625000000000e-01
3.281250000000000000e-01 1.103515625000000000e-01 3.027343750000000000e-01
3.027343750000000000e-01 2.587890625000000000e-01 5.683593750000000000e-01
2.490234375000000000e-01 2.382812500000000000e-01 7.099609375000000000e-01
3.212890625000000000e-01 1.669921875000000000e-01 3.398437500000000000e-01
2.929687500000000000e-01 1.474609375000000000e-01 5.410156250000000000e-01
3.066406250000000000e-01 1.123046875000000000e-01 4.677734375000000000e-01
2.480468750000000000e-01 1.591796875000000000e-01 7.099609375000000000e-01
2.773437500000000000e-01 3.154296875000000000e-01 6.328125000000000000e-01
3.310546875000000000e-01 1.308593750000000000e-01 2.744140625000000000e-01
3.085937500000000000e-01 2.226562500000000000e-01 5.380859375000000000e-01
2.548828125000000000e-01 1.513671875000000000e-01 7.031250000000000000e-01
2.822265625000000000e-01 2.138671875000000000e-01 5.673828125000000000e-01
2.382812500000000000e-01 1.689453125000000000e-01 7.294921875000000000e-01
3.125000000000000000e-01 1.728515625000000000e-01 5.322265625000000000e-01
2.626953125000000000e-01 1.308593750000000000e-01 7.128906250000000000e-01
2.919921875000000000e-01 3.105468750000000000e-01 6.435546875000000000e-01
2.949218750000000000e-01 1.318359375000000000e-01 4.755859375000000000e-01
2.988281250000000000e-01 2.333984375000000000e-01 5.019531250000000000e-01
2.900390625000000000e-01 1.972656250000000000e-01 4.824218750000000000e-01
2.617187500000000000e-01 2.431640625000000000e-01 6.748046875000000000e-01
2.626953125000000000e-01 2.177734375000000000e-01 6.718750000000000000e-01
2.705078125000000000e-01 2.138671875000000000e-01 7.080078125000000000e-01
2.919921875000000000e-01 2.773437500000000000e-01 5.576171875000000000e-01
2.978515625000000000e-01 1.650390625000000000e-01 4.667968750000000000e-01
2.949218750000000000e-01 2.031250000000000000e-01 4.541015625000000000e-01
3.066406250000000000e-01 1.562500000000000000e-01 4.287109375000000000e-01
2.714843750000000000e-01 2.070312500000000000e-01 6.562500000000000000e-01
3.183593750000000000e-01 1.611328125000000000e-01 4.140625000000000000e-01
2.919921875000000000e-01 2.568359375000000000e-01 5.292968750000000000e-01
3.388671875000000000e-01 1.259765625000000000e-01 3.408203125000000000e-01
3.437500000000000000e-01 1.083984375000000000e-01 3.291015625000000000e-01
2.519531250000000000e-01 1.660156250000000000e-01 7.343750000000000000e-01
2.998046875000000000e-01 2.031250000000000000e-01 5.449218750000000000e-01
3.046875000000000000e-01 1.767578125000000000e-01 4.902343750000000000e-01
2.988281250000000000e-01 2.109375000000000000e-01 5.244140625000000000e-01
2.851562500000000000e-01 2.304687500000000000e-01 6.328125000000000000e-01
3.017578125000000000e-01 1.132812500000000000e-01 5.214843750000000000e-01
2.792968750000000000e-01 1.455078125000000000e-01 5.458984375000000000e-01
3.046875000000000000e-01 1.708984375000000000e-01 5.097656250000000000e-01
2.578125000000000000e-01 3.046875000000000000e-01 6.796875000000000000e-01
3.125000000000000000e-01 1.572265625000000000e-01 4.667968750000000000e-01
2.763671875000000000e-01 2.031250000000000000e-01 6.240234375000000000e-01
3.027343750000000000e-01 1.923828125000000000e-01 4.892578125000000000e-01
2.412109375000000000e-01 2.958984375000000000e-01 7.021484375000000000e-01
3.515625000000000000e-01 1.093750000000000000e-01 3.066406250000000000e-01
2.871093750000000000e-01 1.640625000000000000e-01 5.341796875000000000e-01
2.744140625000000000e-01 1.474609375000000000e-01 6.982421875000000000e-01
3.027343750000000000e-01 1.699218750000000000e-01 5.029296875000000000e-01
3.183593750000000000e-01 1.074218750000000000e-01 4.423828125000000000e-01
2.402343750000000000e-01 1.093750000000000000e-01 7.451171875000000000e-01
3.125000000000000000e-01 1.455078125000000000e-01 3.125000000000000000e-01
2.695312500000000000e-01 2.294921875000000000e-01 5.527343750000000000e-01
3.330078125000000000e-01 1.201171875000000000e-01 3.642578125000000000e-01
3.300781250000000000e-01 1.240234375000000000e-01 2.958984375000000000e-01
2.958984375000000000e-01 1.513671875000000000e-01 6.220703125000000000e-01
3.115234375000000000e-01 1.230468750000000000e-01 4.833984375000000000e-01
2.783203125000000000e-01 1.591796875000000000e-01 5.468750000000000000e-01
2.998046875000000000e-01 2.294921875000000000e-01 5.527343750000000000e-01
3.251953125000000000e-01 1.064453125000000000e-01 3.261718750000000000e-01
3.193359375000000000e-01 2.011718750000000000e-01 4.287109375000000000e-01
2.949218750000000000e-01 1.435546875000000000e-01 5.976562500000000000e-01
2.460937500000000000e-01 1.777343750000000000e-01 7.158203125000000000e-01
3.027343750000000000e-01 1.699218750000000000e-01 3.427734375000000000e-01
3.164062500000000000e-01 1.025390625000000000e-01 4.433593750000000000e-01
2.724609375000000000e-01 3.300781250000000000e-01 6.865234375000000000e-01
2.871093750000000000e-01 1.279296875000000000e-01 6.181640625000000000e-01
3.085937500000000000e-01 1.464843750000000000e-01 4.941406250000000000e-01
2.822265625000000000e-01 2.001953125000000000e-01 4.443359375000000000e-01
3.183593750000000000e-01 2.080078125000000000e-01 5.029296875000000000e-01
3.076171875000000000e-01 1.113281250000000000e-01 3.945312500000000000e-01
3.037109375000000000e-01 1.494140625000000000e-01 4.970703125000000000e-01
3.144531250000000000e-01 1.708984375000000000e-01 3.828125000000000000e-01
2.714843750000000000e-01 1.210937500000000000e-01 4.765625000000000000e-01
2.812500000000000000e-01 1.738281250000000000e-01 6.611328125000000000e-01
2.773437500000000000e-01 3.085937500000000000e-01 6.933593750000000000e-01
2.988281250000000000e-01 1.279296875000000000e-01 3.828125000000000000e-01
2.753906250000000000e-01 2.050781250000000000e-01 6.513671875000000000e-01
2.617187500000000000e-01 2.626953125000000000e-01 6.474609375000000000e-01
2.724609375000000000e-01 2.226562500000000000e-01 6.552734375000000000e-01
3.369140625000000000e-01 6.640625000000000000e-02 3.828125000000000000e-01
3.320312500000000000e-01 2.001953125000000000e-01 4.091796875000000000e-01
2.753906250000000000e-01 1.083984375000000000e-01 6.630859375000000000e-01
2.988281250000000000e-01 1.035156250000000000e-01 3.671875000000000000e-01
2.939453125000000000e-01 1.035156250000000000e-01 4.814453125000000000e-01
2.792968750000000000e-01 1.835937500000000000e-01 6.289062500000000000e-01
2.910156250000000000e-01 2.617187500000000000e-01 6.406250000000000000e-01
3.193359375000000000e-01 8.398437500000000000e-02 2.939453125000000000e-01
3.203125000000000000e-01 1.289062500000000000e-01 2.685546875000000000e-01
2.998046875000000000e-01 1.816406250000000000e-01 5.244140625000000000e-01
2.431640625000000000e-01 1.191406250000000000e-01 7.431640625000000000e-01
2.783203125000000000e-01 1.523437500000000000e-01 6.972656250000000000e-01
3.320312500000000000e-01 1.435546875000000000e-01 4.394531250000000000e-01
2.929687500000000000e-01 2.451171875000000000e-01 5.976562500000000000e-01
2.626953125000000000e-01 2.128906250000000000e-01 4.902343750000000000e-01
2.714843750000000000e-01 2.441406250000000000e-01 5.136718750000000000e-01
2.949218750000000000e-01 1.445312500000000000e-01 3.125000000000000000e-01
2.773437500000000000e-01 1.357421875000000000e-01 5.781250000000000000e-01
