5.664062500000000000e-02 3.613281250000000000e-01 9.433593750000000000e-01
6.347656250000000000e-02 2.451171875000000000e-01 9.365234375000000000e-01
9.863281250000000000e-02 1.689453125000000000e-01 7.705078125000000000e-01
4.589843750000000000e-02 4.277343750000000000e-01 9.541015625000000000e-01
8.105468750000000000e-02 2.080078125000000000e-01 9.189453125000000000e-01
8.691406250000000000e-02 1.669921875000000000e-01 8.046875000000000000e-01
4.785156250000000000e-02 4.208984375000000000e-01 9.521484375000000000e-01
8.203125000000000000e-02 3.144531250000000000e-01 6.767578125000000000e-01
1.044921875000000000e-01 3.623046875000000000e-01 8.955078125000000000e-01
7.324218750000000000e-02 3.320312500000000000e-01 9.267578125000000000e-01
8.789062500000000000e-02 2.568359375000000000e-01 7.421875000000000000e-01
9.472656250000000000e-02 2.929687500000000000e-01 7.382812500000000000e-01
7.910156250000000000e-02 1.992187500000000000e-01 7.304687500000000000e-01
8.496093750000000000e-02 1.972656250000000000e-01 5.722656250000000000e-01
6.542968750000000000e-02 1.777343750000000000e-01 9.345703125000000000e-01
5.468750000000000000e-02 2.099609375000000000e-01 7.451171875000000000e-01
9.863281250000000000e-02 1.679687500000000000e-01 4.687500000000000000e-01
9.277343750000000000e-02 3.310546875000000000e-01 7.431640625000000000e-01
9.472656250000000000e-02 2.402343750000000000e-01 4.941406250000000000e-01
8.593750000000000000e-02 3.613281250000000000e-01 9.140625000000000000e-01
9.179687500000000000e-02 3.359375000000000000e-01 9.082031250000000000e-01
7.031250000000000000e-02 2.392578125000000000e-01 9.296875000000000000e-01
9.277343750000000000e-02 3.056640625000000000e-01 8.027343750000000000e-01
7.324218750000000000e-02 3.339843750000000000e-01 9.267578125000000000e-01
8.300781250000000000e-02 4.384765625000000000e-01 9.169921875000000000e-01
7.421875000000000000e-02 2.050781250000000000e-01 9.257812500000000000e-01
8.007812500000000000e-02 2.500000000000000000e-01 7.558593750000000000e-01
8.105468750000000000e-02 1.835937500000000000e-01 9.189453125000000000e-01
7.812500000000000000e-02 3.789062500000000000e-01 9.218750000000000000e-01
5.957031250000000000e-02 2.119140625000000000e-01 9.404296875000000000e-01
8.007812500000000000e-02 2.353515625000000000e-01 5.605468750000000000e-01
6.250000000000000000e-02 3.144531250000000000e-01 7.851562500000000000e-01
9.179687500000000000e-02 2.988281250000000000e-01 9.082031250000000000e-01
8.886718750000000000e-02 2.382812500000000000e-01 6.220703125000000000e-01
7.519531250000000000e-02 3.691406250000000000e-01 9.248046875000000000e-01
8.984375000000000000e-02 3.330078125000000000e-01 7.568359375000000000e-01
9.667968750000000000e-02 2.470703125000000000e-01 6.767578125000000000e-01
6.347656250000000000e-02 2.705078125000000000e-01 9.365234375000000000e-01
7.519531250000000000e-02 3.525390625000000000e-01 9.248046875000000000e-01
8.105468750000000000e-02 2.216796875000000000e-01 6.152343750000000000e-01
9.570312500000000000e-02 3.427734375000000000e-01 9.042968750000000000e-01
5.371093750000000000e-02 4.404296875000000000e-01 9.462890625000000000e-01
7.812500000000000000e-02 3.652343750000000000e-01 7.568359375000000000e-01
8.691406250000000000e-02 2.480468750000000000e-01 7.197265625000000000e-01
6.738281250000000000e-02 3.388671875000000000e-01 9.326171875000000000e-01
8.984375000000000000e-02 2.314453125000000000e-01 7.617187500000000000e-01
5.175781250000000000e-02 3.505859375000000000e-01 9.482421875000000000e-01
6.933593750000000000e-02 2.460937500000000000e-01 9.306640625000000000e-01
8.496093750000000000e-02 3.427734375000000000e-01 9.150390625000000000e-01
1.035156250000000000e-01 1.933593750000000000e-01 5.830078125000000000e-01
9.765625000000000000e-02 3.320312500000000000e-01 8.173828125000000000e-01
7.519531250000000000e-02 3.193359375000000000e-01 7.421875000000000000e-01
6.738281250000000000e-02 2.480468750000000000e-01 9.326171875000000000e-01
7.031250000000000000e-02 2.568359375000000000e-01 7.617187500000000000e-01
5.468750000000000000e-02 2.177734375000000000e-01 9.453125000000000000e-01
8.886718750000000000e-02 1.533203125000000000e-01 8.027343750000000000e-01
9.179687500000000000e-02 2.773437500000000000e-01 7.421875000000000000e-01
8.105468750000000000e-02 2.363281250000000000e-01 9.189453125000000000e-01
6.542968750000000000e-02 3.154296875000000000e-01 9.345703125000000000e-01
4.980468750000000000e-02 4.121093750000000000e-01 9.501953125000000000e-01
7.519531250000000000e-02 2.363281250000000000e-01 8.447265625000000000e-01
1.103515625000000000e-01 3.095703125000000000e-01 6.376953125000000000e-01
5.957031250000000000e-02 4.072265625000000000e-01 9.404296875000000000e-01
5.566406250000000000e-02 2.275390625000000000e-01 9.443359375000000000e-01
1.054687500000000000e-01 2.109375000000000000e-01 7.607421875000000000e-01
4.980468750000000000e-02 4.560546875000000000e-01 9.501953125000000000e-01
5.859375000000000000e-02 2.509765625000000000e-01 9.414062500000000000e-01
8.105468750000000000e-02 2.177734375000000000e-01 5.419921875000000000e-01
8.203125000000000000e-02 2.910156250000000000e-01 9.179687500000000000e-01
1.074218750000000000e-01 1.875000000000000000e-01 4.257812500000000000e-01
8.203125000000000000e-02 3.457031250000000000e-01 9.179687500000000000e-01
7.714843750000000000e-02 2.666015625000000000e-01 7.802734375000000000e-01
7.031250000000000000e-02 2.568359375000000000e-01 9.296875000000000000e-01
7.128906250000000000e-02 3.505859375000000000e-01 7.421875000000000000e-01
5.273437500000000000e-02 4.697265625000000000e-01 9.472656250000000000e-01
8.300781250000000000e-02 2.324218750000000000e-01 9.169921875000000000e-01
4.589843750000000000e-02 4.208984375000000000e-01 9.541015625000000000e-01
9.570312500000000000e-02 2.021484375000000000e-01 4.345703125000000000e-01
6.933593750000000000e-02 4.072265625000000000e-01 9.306640625000000000e-01
7.714843750000000000e-02 2.246093750000000000e-01 5.332031250000000000e-01
5.371093750000000000e-02 4.091796875000000000e-01 9.462890625000000000e-01
7.812500000000000000e-02 2.500000000000000000e-01 7.197265625000000000e-01
1.093750000000000000e-01 1.933593750000000000e-01 7.451171875000000000e-01
1.044921875000000000e-01 2.265625000000000000e-01 8.955078125000000000e-01
4.296875000000000000e-02 2.978515625000000000e-01 9.570312500000000000e-01
6.738281250000000000e-02 2.626953125000000000e-01 7.568359375000000000e-01
8.886718750000000000e-02 2.070312500000000000e-01 7.441406250000000000e-01
8.886718750000000000e-02 2.548828125000000000e-01 7.519531250000000000e-01
1.123046875000000000e-01 2.871093750000000000e-01 6.210937500000000000e-01
7.128906250000000000e-02 2.138671875000000000e-01 9.287109375000000000e-01
8.300781250000000000e-02 3.330078125000000000e-01 7.128906250000000000e-01
6.152343750000000000e-02 2.656250000000000000e-01 7.724609375000000000e-01
6.445312500000000000e-02 4.482421875000000000e-01 9.345703125000000000e-01
9.472656250000000000e-02 1.640625000000000000e-01 7.636718750000000000e-01
9.472656250000000000e-02 3.515625000000000000e-01 9.052734375000000000e-01
8.691406250000000000e-02 2.773437500000000000e-01 7.988281250000000000e-01
8.007812500000000000e-02 3.505859375000000000e-01 9.199218750000000000e-01
7.812500000000000000e-02 3.349609375000000000e-01 9.218750000000000000e-01
8.300781250000000000e-02 2.119140625000000000e-01 9.169921875000000000e-01
6.347656250000000000e-02 4.345703125000000000e-01 9.365234375000000000e-01
