1.582031250000000000e-01 2.587890625000000000e-01 8.417968750000000000e-01
1.250000000000000000e-01 2.255859375000000000e-01 8.750000000000000000e-01
1.337890625000000000e-01 3.066406250000000000e-01 8.281250000000000000e-01
1.562500000000000000e-01 2.626953125000000000e-01 6.298828125000000000e-01
1.640625000000000000e-01 3.447265625000000000e-01 8.242187500000000000e-01
1.503906250000000000e-01 2.167968750000000000e-01 7.792968750000000000e-01
1.494140625000000000e-01 3.359375000000000000e-01 8.076171875000000000e-01
1.796875000000000000e-01 1.728515625000000000e-01 4.238281250000000000e-01
1.767578125000000000e-01 1.972656250000000000e-01 7.343750000000000000e-01
1.845703125000000000e-01 1.542968750000000000e-01 6.591796875000000000e-01
1.621093750000000000e-01 2.304687500000000000e-01 6.298828125000000000e-01
1.777343750000000000e-01 1.669921875000000000e-01 3.730468750000000000e-01
1.796875000000000000e-01 1.201171875000000000e-01 6.533203125000000000e-01
1.572265625000000000e-01 1.865234375000000000e-01 5.517578125000000000e-01
1.787109375000000000e-01 2.636718750000000000e-01 6.835937500000000000e-01
1.894531250000000000e-01 1.650390625000000000e-01 4.130859375000000000e-01
1.728515625000000000e-01 2.636718750000000000e-01 5.556640625000000000e-01
1.787109375000000000e-01 2.822265625000000000e-01 5.751953125000000000e-01
1.816406250000000000e-01 1.728515625000000000e-01 5.517578125000000000e-01
1.894531250000000000e-01 2.402343750000000000e-01 5.332031250000000000e-01
2.070312500000000000e-01 1.591796875000000000e-01 4.707031250000000000e-01
1.503906250000000000e-01 1.806640625000000000e-01 5.214843750000000000e-01
1.738281250000000000e-01 2.294921875000000000e-01 6.083984375000000000e-01
1.591796875000000000e-01 3.759765625000000000e-01 8.164062500000000000e-01
1.699218750000000000e-01 1.894531250000000000e-01 7.695312500000000000e-01
1.796875000000000000e-01 2.177734375000000000e-01 5.107421875000000000e-01
1.787109375000000000e-01 2.539062500000000000e-01 5.371093750000000000e-01
1.875000000000000000e-01 1.933593750000000000e-01 4.658203125000000000e-01
1.875000000000000000e-01 1.757812500000000000e-01 3.730468750000000000e-01
1.826171875000000000e-01 1.923828125000000000e-01 5.488281250000000000e-01
1.777343750000000000e-01 1.357421875000000000e-01 4.472656250000000000e-01
1.718750000000000000e-01 1.816406250000000000e-01 4.121093750000000000e-01
1.435546875000000000e-01 3.251953125000000000e-01 8.085937500000000000e-01
1.777343750000000000e-01 1.621093750000000000e-01 6.972656250000000000e-01
1.757812500000000000e-01 1.982421875000000000e-01 5.312500000000000000e-01
1.767578125000000000e-01 1.855468750000000000e-01 8.232421875000000000e-01
1.669921875000000000e-01 2.128906250000000000e-01 8.046875000000000000e-01
1.826171875000000000e-01 1.816406250000000000e-01 7.333984375000000000e-01
1.826171875000000000e-01 2.656250000000000000e-01 6.308593750000000000e-01
1.865234375000000000e-01 1.357421875000000000e-01 5.224609375000000000e-01
1.757812500000000000e-01 1.630859375000000000e-01 3.349609375000000000e-01
1.875000000000000000e-01 1.630859375000000000e-01 5.214843750000000000e-01
1.074218750000000000e-01 3.027343750000000000e-01 8.925781250000000000e-01
2.041015625000000000e-01 1.601562500000000000e-01 4.023437500000000000e-01
1.689453125000000000e-01 1.826171875000000000e-01 6.093750000000000000e-01
1.650390625000000000e-01 3.398437500000000000e-01 7.880859375000000000e-01
1.279296875000000000e-01 2.324218750000000000e-01 8.720703125000000000e-01
1.708984375000000000e-01 2.060546875000000000e-01 6.806640625000000000e-01
1.708984375000000000e-01 2.050781250000000000e-01 6.484375000000000000e-01
1.962890625000000000e-01 2.851562500000000000e-01 5.898437500000000000e-01
1.689453125000000000e-01 3.388671875000000000e-01 8.310546875000000000e-01
1.406250000000000000e-01 2.265625000000000000e-01 7.587890625000000000e-01
2.041015625000000000e-01 1.455078125000000000e-01 4.375000000000000000e-01
1.796875000000000000e-01 2.236328125000000000e-01 4.931640625000000000e-01
1.806640625000000000e-01 1.904296875000000000e-01 6.240234375000000000e-01
1.738281250000000000e-01 1.474609375000000000e-01 7.363281250000000000e-01
1.728515625000000000e-01 2.666015625000000000e-01 7.509765625000000000e-01
1.718750000000000000e-01 2.216796875000000000e-01 5.087890625000000000e-01
1.562500000000000000e-01 1.982421875000000000e-01 8.193359375000000000e-01
1.425781250000000000e-01 4.121093750000000000e-01 8.574218750000000000e-01
1.992187500000000000e-01 1.367187500000000000e-01 4.697265625000000000e-01
1.660156250000000000e-01 1.494140625000000000e-01 7.265625000000000000e-01
1.894531250000000000e-01 1.269531250000000000e-01 3.339843750000000000e-01
1.533203125000000000e-01 3.076171875000000000e-01 7.529296875000000000e-01
1.611328125000000000e-01 2.119140625000000000e-01 7.773437500000000000e-01
1.660156250000000000e-01 1.816406250000000000e-01 6.962890625000000000e-01
1.845703125000000000e-01 1.699218750000000000e-01 6.171875000000000000e-01
1.738281250000000000e-01 2.558593750000000000e-01 7.929687500000000000e-01
1.845703125000000000e-01 2.255859375000000000e-01 6.035156250000000000e-01
1.845703125000000000e-01 1.796875000000000000e-01 7.041015625000000000e-01
1.640625000000000000e-01 2.929687500000000000e-01 6.220703125000000000e-01
1.855468750000000000e-01 1.767578125000000000e-01 7.724609375000000000e-01
1.611328125000000000e-01 3.935546875000000000e-01 8.076171875000000000e-01
1.875000000000000000e-01 1.835937500000000000e-01 3.896484375000000000e-01
1.816406250000000000e-01 1.669921875000000000e-01 6.416015625000000000e-01
1.728515625000000000e-01 3.105468750000000000e-01 7.607421875000000000e-01
1.513671875000000000e-01 2.773437500000000000e-01 6.572265625000000000e-01
1.699218750000000000e-01 3.115234375000000000e-01 7.470703125000000000e-01
1.943359375000000000e-01 1.406250000000000000e-01 4.228515625000000000e-01
1.416015625000000000e-01 2.509765625000000000e-01 8.583984375000000000e-01
1.572265625000000000e-01 2.197265625000000000e-01 8.085937500000000000e-01
1.650390625000000000e-01 2.626953125000000000e-01 6.328125000000000000e-01
1.796875000000000000e-01 3.007812500000000000e-01 6.181640625000000000e-01
1.923828125000000000e-01 2.226562500000000000e-01 4.814453125000000000e-01
1.718750000000000000e-01 2.949218750000000000e-01 6.835937500000000000e-01
1.562500000000000000e-01 4.082031250000000000e-01 8.437500000000000000e-01
1.494140625000000000e-01 2.558593750000000000e-01 7.695312500000000000e-01
1.640625000000000000e-01 3.964843750000000000e-01 8.359375000000000000e-01
1.826171875000000000e-01 1.523437500000000000e-01 6.005859375000000000e-01
1.728515625000000000e-01 1.230468750000000000e-01 6.757812500000000000e-01
1.767578125000000000e-01 2.021484375000000000e-01 6.445312500000000000e-01
1.875000000000000000e-01 2.373046875000000000e-01 6.523437500000000000e-01
1.826171875000000000e-01 1.865234375000000000e-01 5.810546875000000000e-01
2.011718750000000000e-01 2.373046875000000000e-01 5.000000000000000000e-01
1.884765625000000000e-01 1.513671875000000000e-01 3.378906250000000000e-01
1.591796875000000000e-01 2.568359375000000000e-01 7.412109375000000000e-01
1.650390625000000000e-01 1.787109375000000000e-01 7.558593750000000000e-01
1.708984375000000000e-01 2.705078125000000000e-01 6.054687500000000000e-01
1.806640625000000000e-01 1.875000000000000000e-01 4.042968750000000000e-01
1.757812500000000000e-01 1.582031250000000000e-01 6.552734375000000000e-01
