6.445312500000000000e-02 3.193359375000000000e-01 9.355468750000000000e-01
6.835937500000000000e-02 2.558593750000000000e-01 7.265625000000000000e-01
5.859375000000000000e-02 3.164062500000000000e-01 9.414062500000000000e-01
4.785156250000000000e-02 4.355468750000000000e-01 9.521484375000000000e-01
5.859375000000000000e-02 3.593750000000000000e-01 9.414062500000000000e-01
4.296875000000000000e-02 3.916015625000000000e-01 9.570312500000000000e-01
5.371093750000000000e-02 4.560546875000000000e-01 9.462890625000000000e-01
6.054687500000000000e-02 2.919921875000000000e-01 9.394531250000000000e-01
3.515625000000000000e-02 4.052734375000000000e-01 9.648437500000000000e-01
5.468750000000000000e-02 3.212890625000000000e-01 9.453125000000000000e-01
6.738281250000000000e-02 3.789062500000000000e-01 9.326171875000000000e-01
5.566406250000000000e-02 2.988281250000000000e-01 9.443359375000000000e-01
4.589843750000000000e-02 3.242187500000000000e-01 9.541015625000000000e-01
5.273437500000000000e-02 4.472656250000000000e-01 9.472656250000000000e-01
4.199218750000000000e-02 4.072265625000000000e-01 9.580078125000000000e-01
6.054687500000000000e-02 2.177734375000000000e-01 5.351562500000000000e-01
7.128906250000000000e-02 3.095703125000000000e-01 6.220703125000000000e-01
5.957031250000000000e-02 3.222656250000000000e-01 9.404296875000000000e-01
4.589843750000000000e-02 4.091796875000000000e-01 9.541015625000000000e-01
6.542968750000000000e-02 3.271484375000000000e-01 9.345703125000000000e-01
7.910156250000000000e-02 2.763671875000000000e-01 9.208984375000000000e-01
4.492187500000000000e-02 4.160156250000000000e-01 9.550781250000000000e-01
7.128906250000000000e-02 4.394531250000000000e-01 9.287109375000000000e-01
4.589843750000000000e-02 4.716796875000000000e-01 9.541015625000000000e-01
4.394531250000000000e-02 4.648437500000000000e-01 9.560546875000000000e-01
5.175781250000000000e-02 3.828125000000000000e-01 9.482421875000000000e-01
6.542968750000000000e-02 3.027343750000000000e-01 7.968750000000000000e-01
4.785156250000000000e-02 4.707031250000000000e-01 9.521484375000000000e-01
4.687500000000000000e-02 4.648437500000000000e-01 9.531250000000000000e-01
6.250000000000000000e-02 3.457031250000000000e-01 7.626953125000000000e-01
6.445312500000000000e-02 3.164062500000000000e-01 9.355468750000000000e-01
4.101562500000000000e-02 4.511718750000000000e-01 9.589843750000000000e-01
7.910156250000000000e-02 2.353515625000000000e-01 5.478515625000000000e-01
6.640625000000000000e-02 2.929687500000000000e-01 7.050781250000000000e-01
4.101562500000000000e-02 4.658203125000000000e-01 9.589843750000000000e-01
4.003906250000000000e-02 4.550781250000000000e-01 9.599609375000000000e-01
4.980468750000000000e-02 4.042968750000000000e-01 9.501953125000000000e-01
5.273437500000000000e-02 2.939453125000000000e-01 7.011718750000000000e-01
6.835937500000000000e-02 2.958984375000000000e-01 7.324218750000000000e-01
4.589843750000000000e-02 4.755859375000000000e-01 9.541015625000000000e-01
7.226562500000000000e-02 3.896484375000000000e-01 9.277343750000000000e-01
4.980468750000000000e-02 3.154296875000000000e-01 9.501953125000000000e-01
5.078125000000000000e-02 3.251953125000000000e-01 9.492187500000000000e-01
6.640625000000000000e-02 3.056640625000000000e-01 6.318359375000000000e-01
8.007812500000000000e-02 2.060546875000000000e-01 9.199218750000000000e-01
5.468750000000000000e-02 4.228515625000000000e-01 9.453125000000000000e-01
5.078125000000000000e-02 2.294921875000000000e-01 9.492187500000000000e-01
6.640625000000000000e-02 3.144531250000000000e-01 7.285156250000000000e-01
5.371093750000000000e-02 3.291015625000000000e-01 9.462890625000000000e-01
6.152343750000000000e-02 3.398437500000000000e-01 9.384765625000000000e-01
7.324218750000000000e-02 3.457031250000000000e-01 9.267578125000000000e-01
4.492187500000000000e-02 4.111328125000000000e-01 9.550781250000000000e-01
6.054687500000000000e-02 2.568359375000000000e-01 7.187500000000000000e-01
6.445312500000000000e-02 2.578125000000000000e-01 9.355468750000000000e-01
6.054687500000000000e-02 3.388671875000000000e-01 7.216796875000000000e-01
6.250000000000000000e-02 3.095703125000000000e-01 6.318359375000000000e-01
6.054687500000000000e-02 2.988281250000000000e-01 9.394531250000000000e-01
6.152343750000000000e-02 3.427734375000000000e-01 9.384765625000000000e-01
5.957031250000000000e-02 3.125000000000000000e-01 9.404296875000000000e-01
5.078125000000000000e-02 4.384765625000000000e-01 9.492187500000000000e-01
5.468750000000000000e-02 4.599609375000000000e-01 9.453125000000000000e-01
6.152343750000000000e-02 2.744140625000000000e-01 9.384765625000000000e-01
3.222656250000000000e-02 4.169921875000000000e-01 9.677734375000000000e-01
5.175781250000000000e-02 2.685546875000000000e-01 7.226562500000000000e-01
5.664062500000000000e-02 3.710937500000000000e-01 9.433593750000000000e-01
4.492187500000000000e-02 4.736328125000000000e-01 9.550781250000000000e-01
4.687500000000000000e-02 2.871093750000000000e-01 9.531250000000000000e-01
4.980468750000000000e-02 3.818359375000000000e-01 9.501953125000000000e-01
7.031250000000000000e-02 4.111328125000000000e-01 9.296875000000000000e-01
7.421875000000000000e-02 3.916015625000000000e-01 9.257812500000000000e-01
4.882812500000000000e-02 3.056640625000000000e-01 9.511718750000000000e-01
6.152343750000000000e-02 2.539062500000000000e-01 5.244140625000000000e-01
3.515625000000000000e-02 3.837890625000000000e-01 9.648437500000000000e-01
4.687500000000000000e-02 4.345703125000000000e-01 9.531250000000000000e-01
4.101562500000000000e-02 4.726562500000000000e-01 9.589843750000000000e-01
5.273437500000000000e-02 3.642578125000000000e-01 9.472656250000000000e-01
5.175781250000000000e-02 3.037109375000000000e-01 9.482421875000000000e-01
6.445312500000000000e-02 3.115234375000000000e-01 6.718750000000000000e-01
6.250000000000000000e-02 3.554687500000000000e-01 9.375000000000000000e-01
7.128906250000000000e-02 2.519531250000000000e-01 7.373046875000000000e-01
4.882812500000000000e-02 4.375000000000000000e-01 9.511718750000000000e-01
4.980468750000000000e-02 2.666015625000000000e-01 9.501953125000000000e-01
5.566406250000000000e-02 4.316406250000000000e-01 9.443359375000000000e-01
5.468750000000000000e-02 4.541015625000000000e-01 9.453125000000000000e-01
8.300781250000000000e-02 2.539062500000000000e-01 9.169921875000000000e-01
4.589843750000000000e-02 4.130859375000000000e-01 9.541015625000000000e-01
6.640625000000000000e-02 3.427734375000000000e-01 7.031250000000000000e-01
4.980468750000000000e-02 4.003906250000000000e-01 9.501953125000000000e-01
4.980468750000000000e-02 3.134765625000000000e-01 7.460937500000000000e-01
6.640625000000000000e-02 3.837890625000000000e-01 9.335937500000000000e-01
5.761718750000000000e-02 2.910156250000000000e-01 9.423828125000000000e-01
5.957031250000000000e-02 3.125000000000000000e-01 6.679687500000000000e-01
6.250000000000000000e-02 3.261718750000000000e-01 9.375000000000000000e-01
4.492187500000000000e-02 4.140625000000000000e-01 9.550781250000000000e-01
6.445312500000000000e-02 3.593750000000000000e-01 9.355468750000000000e-01
5.078125000000000000e-02 3.710937500000000000e-01 9.492187500000000000e-01
6.933593750000000000e-02 3.466796875000000000e-01 7.070312500000000000e-01
7.324218750000000000e-02 2.519531250000000000e-01 7.128906250000000000e-01
4.882812500000000000e-02 4.423828125000000000e-01 9.511718750000000000e-01
5.957031250000000000e-02 3.818359375000000000e-01 9.404296875000000000e-01
