6.152343750000000000e-02 2.958984375000000000e-01 9.384765625000000000e-01
6.738281250000000000e-02 3.261718750000000000e-01 7.128906250000000000e-01
1.025390625000000000e-01 2.363281250000000000e-01 5.478515625000000000e-01
4.296875000000000000e-02 4.316406250000000000e-01 9.570312500000000000e-01
1.123046875000000000e-01 1.992187500000000000e-01 5.029296875000000000e-01
7.812500000000000000e-02 2.646484375000000000e-01 7.060546875000000000e-01
6.445312500000000000e-02 2.089843750000000000e-01 7.294921875000000000e-01
6.054687500000000000e-02 3.281250000000000000e-01 9.394531250000000000e-01
1.044921875000000000e-01 4.111328125000000000e-01 8.955078125000000000e-01
8.789062500000000000e-02 1.953125000000000000e-01 6.005859375000000000e-01
5.175781250000000000e-02 1.708984375000000000e-01 9.482421875000000000e-01
6.640625000000000000e-02 4.052734375000000000e-01 9.335937500000000000e-01
5.859375000000000000e-02 3.222656250000000000e-01 9.414062500000000000e-01
7.324218750000000000e-02 2.597656250000000000e-01 5.400390625000000000e-01
6.152343750000000000e-02 3.320312500000000000e-01 9.384765625000000000e-01
5.371093750000000000e-02 2.119140625000000000e-01 9.462890625000000000e-01
6.542968750000000000e-02 2.744140625000000000e-01 9.345703125000000000e-01
7.226562500000000000e-02 4.296875000000000000e-01 9.277343750000000000e-01
7.714843750000000000e-02 3.720703125000000000e-01 8.115234375000000000e-01
7.128906250000000000e-02 3.339843750000000000e-01 9.287109375000000000e-01
6.152343750000000000e-02 3.281250000000000000e-01 9.384765625000000000e-01
7.617187500000000000e-02 2.353515625000000000e-01 7.363281250000000000e-01
8.984375000000000000e-02 3.310546875000000000e-01 6.787109375000000000e-01
7.226562500000000000e-02 2.734375000000000000e-01 9.277343750000000000e-01
8.593750000000000000e-02 2.812500000000000000e-01 6.933593750000000000e-01
7.812500000000000000e-02 3.378906250000000000e-01 7.177734375000000000e-01
6.738281250000000000e-02 2.548828125000000000e-01 7.685546875000000000e-01
8.105468750000000000e-02 2.109375000000000000e-01 7.128906250000000000e-01
5.566406250000000000e-02 4.345703125000000000e-01 9.443359375000000000e-01
6.933593750000000000e-02 3.779296875000000000e-01 9.306640625000000000e-01
6.445312500000000000e-02 3.125000000000000000e-01 9.355468750000000000e-01
4.492187500000000000e-02 4.628906250000000000e-01 9.550781250000000000e-01
7.910156250000000000e-02 3.212890625000000000e-01 9.208984375000000000e-01
5.957031250000000000e-02 4.394531250000000000e-01 9.404296875000000000e-01
6.738281250000000000e-02 2.529296875000000000e-01 9.326171875000000000e-01
4.296875000000000000e-02 4.726562500000000000e-01 9.570312500000000000e-01
6.542968750000000000e-02 2.587890625000000000e-01 7.675781250000000000e-01
5.664062500000000000e-02 3.349609375000000000e-01 9.433593750000000000e-01
7.226562500000000000e-02 2.470703125000000000e-01 9.277343750000000000e-01
6.933593750000000000e-02 3.271484375000000000e-01 9.306640625000000000e-01
9.277343750000000000e-02 2.382812500000000000e-01 7.226562500000000000e-01
4.882812500000000000e-02 3.251953125000000000e-01 9.511718750000000000e-01
4.492187500000000000e-02 2.626953125000000000e-01 9.550781250000000000e-01
6.835937500000000000e-02 4.335937500000000000e-01 9.316406250000000000e-01
6.445312500000000000e-02 4.003906250000000000e-01 9.355468750000000000e-01
7.910156250000000000e-02 2.910156250000000000e-01 9.208984375000000000e-01
5.566406250000000000e-02 2.294921875000000000e-01 9.443359375000000000e-01
7.617187500000000000e-02 2.460937500000000000e-01 5.322265625000000000e-01
6.640625000000000000e-02 3.935546875000000000e-01 9.335937500000000000e-01
6.640625000000000000e-02 2.900390625000000000e-01 7.558593750000000000e-01
6.054687500000000000e-02 2.275390625000000000e-01 9.394531250000000000e-01
6.933593750000000000e-02 2.548828125000000000e-01 5.107421875000000000e-01
6.933593750000000000e-02 2.451171875000000000e-01 9.306640625000000000e-01
7.128906250000000000e-02 2.568359375000000000e-01 7.607421875000000000e-01
6.250000000000000000e-02 3.203125000000000000e-01 7.197265625000000000e-01
6.054687500000000000e-02 4.062500000000000000e-01 9.394531250000000000e-01
8.886718750000000000e-02 3.164062500000000000e-01 7.167968750000000000e-01
8.105468750000000000e-02 3.310546875000000000e-01 7.587890625000000000e-01
6.347656250000000000e-02 3.222656250000000000e-01 6.689453125000000000e-01
4.589843750000000000e-02 2.783203125000000000e-01 9.541015625000000000e-01
8.105468750000000000e-02 2.441406250000000000e-01 7.041015625000000000e-01
5.761718750000000000e-02 2.812500000000000000e-01 9.423828125000000000e-01
3.906250000000000000e-02 4.160156250000000000e-01 9.609375000000000000e-01
5.078125000000000000e-02 2.294921875000000000e-01 9.492187500000000000e-01
7.324218750000000000e-02 2.646484375000000000e-01 9.267578125000000000e-01
4.687500000000000000e-02 4.716796875000000000e-01 9.531250000000000000e-01
4.199218750000000000e-02 2.480468750000000000e-01 9.580078125000000000e-01
4.687500000000000000e-02 4.267578125000000000e-01 9.531250000000000000e-01
9.277343750000000000e-02 2.587890625000000000e-01 5.820312500000000000e-01
8.007812500000000000e-02 3.720703125000000000e-01 9.199218750000000000e-01
7.617187500000000000e-02 3.437500000000000000e-01 9.238281250000000000e-01
5.761718750000000000e-02 2.197265625000000000e-01 7.265625000000000000e-01
5.371093750000000000e-02 2.626953125000000000e-01 9.462890625000000000e-01
5.078125000000000000e-02 4.345703125000000000e-01 9.492187500000000000e-01
4.296875000000000000e-02 4.716796875000000000e-01 9.570312500000000000e-01
4.003906250000000000e-02 3.935546875000000000e-01 9.599609375000000000e-01
5.371093750000000000e-02 4.150390625000000000e-01 9.462890625000000000e-01
8.496093750000000000e-02 2.802734375000000000e-01 5.605468750000000000e-01
6.054687500000000000e-02 3.535156250000000000e-01 9.394531250000000000e-01
5.859375000000000000e-02 2.011718750000000000e-01 7.578125000000000000e-01
6.835937500000000000e-02 3.291015625000000000e-01 6.767578125000000000e-01
5.273437500000000000e-02 4.091796875000000000e-01 9.472656250000000000e-01
7.812500000000000000e-02 4.023437500000000000e-01 9.208984375000000000e-01
6.738281250000000000e-02 3.271484375000000000e-01 9.326171875000000000e-01
8.300781250000000000e-02 2.255859375000000000e-01 7.353515625000000000e-01
5.566406250000000000e-02 4.472656250000000000e-01 9.443359375000000000e-01
7.812500000000000000e-02 3.691406250000000000e-01 9.218750000000000000e-01
7.226562500000000000e-02 2.607421875000000000e-01 9.277343750000000000e-01
4.492187500000000000e-02 4.326171875000000000e-01 9.550781250000000000e-01
6.738281250000000000e-02 2.412109375000000000e-01 7.314453125000000000e-01
4.980468750000000000e-02 4.667968750000000000e-01 9.501953125000000000e-01
6.445312500000000000e-02 2.363281250000000000e-01 7.714843750000000000e-01
8.398437500000000000e-02 2.431640625000000000e-01 7.421875000000000000e-01
4.199218750000000000e-02 3.164062500000000000e-01 9.580078125000000000e-01
7.617187500000000000e-02 2.187500000000000000e-01 7.939453125000000000e-01
7.714843750000000000e-02 2.128906250000000000e-01 9.228515625000000000e-01
7.714843750000000000e-02 2.509765625000000000e-01 9.228515625000000000e-01
7.519531250000000000e-02 3.632812500000000000e-01 9.248046875000000000e-01
6.933593750000000000e-02 2.119140625000000000e-01 7.968750000000000000e-01
7.226562500000000000e-02 2.832031250000000000e-01 9.277343750000000000e-01
