2.373046875000000000e-01 2.207031250000000000e-01 4.941406250000000000e-01
2.470703125000000000e-01 1.875000000000000000e-01 4.023437500000000000e-01
2.402343750000000000e-01 1.298828125000000000e-01 4.433593750000000000e-01
2.646484375000000000e-01 1.308593750000000000e-01 4.873046875000000000e-01
2.431640625000000000e-01 2.705078125000000000e-01 5.673828125000000000e-01
2.265625000000000000e-01 3.154296875000000000e-01 7.509765625000000000e-01
2.783203125000000000e-01 1.640625000000000000e-01 3.330078125000000000e-01
2.294921875000000000e-01 2.021484375000000000e-01 6.630859375000000000e-01
2.666015625000000000e-01 1.845703125000000000e-01 4.736328125000000000e-01
2.509765625000000000e-01 2.207031250000000000e-01 4.824218750000000000e-01
2.187500000000000000e-01 2.177734375000000000e-01 6.162109375000000000e-01
2.568359375000000000e-01 1.230468750000000000e-01 4.277343750000000000e-01
2.617187500000000000e-01 8.984375000000000000e-02 4.062500000000000000e-01
2.529296875000000000e-01 1.523437500000000000e-01 4.003906250000000000e-01
2.382812500000000000e-01 2.187500000000000000e-01 4.736328125000000000e-01
2.656250000000000000e-01 1.474609375000000000e-01 3.076171875000000000e-01
2.529296875000000000e-01 1.171875000000000000e-01 4.716796875000000000e-01
2.392578125000000000e-01 1.757812500000000000e-01 6.474609375000000000e-01
2.382812500000000000e-01 1.621093750000000000e-01 7.216796875000000000e-01
2.666015625000000000e-01 1.953125000000000000e-01 4.384765625000000000e-01
2.656250000000000000e-01 1.162109375000000000e-01 2.812500000000000000e-01
2.001953125000000000e-01 9.472656250000000000e-02 7.509765625000000000e-01
2.607421875000000000e-01 1.669921875000000000e-01 4.111328125000000000e-01
2.382812500000000000e-01 2.021484375000000000e-01 5.927734375000000000e-01
2.812500000000000000e-01 9.179687500000000000e-02 2.568359375000000000e-01
2.568359375000000000e-01 1.005859375000000000e-01 3.535156250000000000e-01
2.617187500000000000e-01 1.513671875000000000e-01 3.574218750000000000e-01
2.294921875000000000e-01 1.513671875000000000e-01 7.167968750000000000e-01
2.539062500000000000e-01 1.494140625000000000e-01 5.908203125000000000e-01
2.363281250000000000e-01 1.416015625000000000e-01 5.302734375000000000e-01
2.158203125000000000e-01 2.109375000000000000e-01 7.275390625000000000e-01
2.890625000000000000e-01 9.667968750000000000e-02 2.265625000000000000e-01
2.861328125000000000e-01 8.496093750000000000e-02 2.607421875000000000e-01
2.412109375000000000e-01 1.826171875000000000e-01 5.009765625000000000e-01
2.607421875000000000e-01 1.435546875000000000e-01 4.462890625000000000e-01
2.460937500000000000e-01 1.757812500000000000e-01 5.283203125000000000e-01
2.763671875000000000e-01 1.230468750000000000e-01 2.792968750000000000e-01
2.636718750000000000e-01 1.601562500000000000e-01 4.472656250000000000e-01
2.373046875000000000e-01 2.158203125000000000e-01 6.210937500000000000e-01
2.294921875000000000e-01 2.978515625000000000e-01 7.177734375000000000e-01
2.480468750000000000e-01 2.031250000000000000e-01 4.707031250000000000e-01
2.724609375000000000e-01 1.533203125000000000e-01 3.164062500000000000e-01
2.236328125000000000e-01 1.513671875000000000e-01 7.275390625000000000e-01
2.324218750000000000e-01 2.998046875000000000e-01 7.119140625000000000e-01
2.441406250000000000e-01 1.376953125000000000e-01 7.304687500000000000e-01
2.597656250000000000e-01 2.578125000000000000e-01 5.742187500000000000e-01
2.109375000000000000e-01 2.607421875000000000e-01 7.324218750000000000e-01
2.666015625000000000e-01 1.269531250000000000e-01 5.234375000000000000e-01
2.597656250000000000e-01 1.650390625000000000e-01 3.408203125000000000e-01
2.695312500000000000e-01 9.667968750000000000e-02 4.501953125000000000e-01
2.607421875000000000e-01 1.923828125000000000e-01 4.091796875000000000e-01
2.138671875000000000e-01 9.570312500000000000e-02 6.611328125000000000e-01
2.431640625000000000e-01 2.294921875000000000e-01 6.699218750000000000e-01
2.373046875000000000e-01 1.406250000000000000e-01 6.347656250000000000e-01
2.333984375000000000e-01 1.806640625000000000e-01 4.208984375000000000e-01
2.294921875000000000e-01 2.431640625000000000e-01 7.265625000000000000e-01
2.275390625000000000e-01 1.396484375000000000e-01 6.171875000000000000e-01
2.578125000000000000e-01 1.435546875000000000e-01 3.173828125000000000e-01
2.431640625000000000e-01 1.992187500000000000e-01 6.894531250000000000e-01
2.343750000000000000e-01 9.375000000000000000e-02 5.839843750000000000e-01
2.314453125000000000e-01 3.720703125000000000e-01 7.539062500000000000e-01
2.851562500000000000e-01 1.630859375000000000e-01 3.007812500000000000e-01
2.539062500000000000e-01 1.757812500000000000e-01 4.208984375000000000e-01
2.363281250000000000e-01 1.513671875000000000e-01 4.824218750000000000e-01
2.431640625000000000e-01 2.929687500000000000e-01 6.015625000000000000e-01
2.314453125000000000e-01 1.835937500000000000e-01 7.138671875000000000e-01
2.382812500000000000e-01 1.835937500000000000e-01 4.638671875000000000e-01
2.353515625000000000e-01 2.373046875000000000e-01 6.396484375000000000e-01
2.792968750000000000e-01 1.044921875000000000e-01 2.167968750000000000e-01
2.539062500000000000e-01 1.582031250000000000e-01 4.902343750000000000e-01
2.119140625000000000e-01 2.216796875000000000e-01 7.392578125000000000e-01
2.490234375000000000e-01 1.796875000000000000e-01 7.138671875000000000e-01
2.451171875000000000e-01 1.972656250000000000e-01 5.566406250000000000e-01
2.324218750000000000e-01 1.865234375000000000e-01 6.279296875000000000e-01
2.226562500000000000e-01 1.025390625000000000e-01 4.980468750000000000e-01
2.041015625000000000e-01 1.425781250000000000e-01 7.822265625000000000e-01
2.109375000000000000e-01 3.408203125000000000e-01 7.314453125000000000e-01
2.285156250000000000e-01 2.177734375000000000e-01 7.548828125000000000e-01
2.392578125000000000e-01 2.363281250000000000e-01 6.142578125000000000e-01
2.382812500000000000e-01 2.216796875000000000e-01 6.953125000000000000e-01
2.500000000000000000e-01 9.570312500000000000e-02 3.994140625000000000e-01
2.480468750000000000e-01 2.519531250000000000e-01 5.732421875000000000e-01
2.412109375000000000e-01 8.886718750000000000e-02 6.396484375000000000e-01
2.597656250000000000e-01 2.070312500000000000e-01 5.410156250000000000e-01
2.861328125000000000e-01 1.162109375000000000e-01 3.017578125000000000e-01
2.138671875000000000e-01 1.865234375000000000e-01 6.806640625000000000e-01
2.529296875000000000e-01 2.343750000000000000e-01 5.097656250000000000e-01
2.363281250000000000e-01 2.792968750000000000e-01 6.455078125000000000e-01
2.812500000000000000e-01 1.513671875000000000e-01 2.841796875000000000e-01
2.158203125000000000e-01 1.953125000000000000e-01 6.982421875000000000e-01
2.480468750000000000e-01 2.285156250000000000e-01 5.458984375000000000e-01
2.421875000000000000e-01 2.246093750000000000e-01 6.142578125000000000e-01
2.500000000000000000e-01 1.582031250000000000e-01 6.826171875000000000e-01
2.128906250000000000e-01 2.880859375000000000e-01 7.871093750000000000e-01
2.128906250000000000e-01 1.074218750000000000e-01 7.871093750000000000e-01
2.333984375000000000e-01 3.251953125000000000e-01 7.666015625000000000e-01
2.109375000000000000e-01 2.753906250000000000e-01 6.591796875000000000e-01
2.587890625000000000e-01 2.500000000000000000e-01 5.146484375000000000e-01
2.431640625000000000e-01 1.279296875000000000e-01 5.488281250000000000e-01
2.226562500000000000e-01 1.259765625000000000e-01 7.001953125000000000e-01
