1.337890625000000000e-01 2.578125000000000000e-01 7.890625000000000000e-01
1.445312500000000000e-01 2.548828125000000000e-01 5.917968750000000000e-01
9.277343750000000000e-02 3.203125000000000000e-01 9.072265625000000000e-01
1.376953125000000000e-01 2.919921875000000000e-01 7.783203125000000000e-01
1.376953125000000000e-01 3.271484375000000000e-01 8.623046875000000000e-01
1.416015625000000000e-01 2.216796875000000000e-01 5.498046875000000000e-01
1.347656250000000000e-01 2.207031250000000000e-01 7.333984375000000000e-01
1.152343750000000000e-01 2.998046875000000000e-01 8.847656250000000000e-01
1.445312500000000000e-01 1.650390625000000000e-01 8.554687500000000000e-01
1.210937500000000000e-01 2.880859375000000000e-01 8.378906250000000000e-01
1.533203125000000000e-01 1.679687500000000000e-01 6.816406250000000000e-01
1.337890625000000000e-01 2.539062500000000000e-01 8.232421875000000000e-01
1.113281250000000000e-01 2.021484375000000000e-01 7.900390625000000000e-01
1.093750000000000000e-01 1.582031250000000000e-01 8.242187500000000000e-01
1.357421875000000000e-01 1.435546875000000000e-01 8.125000000000000000e-01
1.279296875000000000e-01 3.916015625000000000e-01 7.890625000000000000e-01
1.289062500000000000e-01 3.320312500000000000e-01 8.271484375000000000e-01
1.376953125000000000e-01 2.021484375000000000e-01 7.666015625000000000e-01
1.289062500000000000e-01 2.333984375000000000e-01 7.675781250000000000e-01
1.640625000000000000e-01 1.669921875000000000e-01 4.794921875000000000e-01
1.679687500000000000e-01 1.816406250000000000e-01 4.853515625000000000e-01
1.240234375000000000e-01 2.060546875000000000e-01 8.759765625000000000e-01
1.445312500000000000e-01 1.660156250000000000e-01 4.892578125000000000e-01
1.210937500000000000e-01 2.294921875000000000e-01 8.789062500000000000e-01
1.542968750000000000e-01 1.992187500000000000e-01 6.542968750000000000e-01
1.289062500000000000e-01 1.650390625000000000e-01 7.402343750000000000e-01
1.533203125000000000e-01 2.373046875000000000e-01 4.892578125000000000e-01
1.240234375000000000e-01 3.300781250000000000e-01 8.417968750000000000e-01
1.416015625000000000e-01 1.572265625000000000e-01 5.898437500000000000e-01
1.396484375000000000e-01 1.923828125000000000e-01 7.207031250000000000e-01
1.269531250000000000e-01 2.763671875000000000e-01 8.730468750000000000e-01
1.445312500000000000e-01 2.568359375000000000e-01 6.601562500000000000e-01
9.375000000000000000e-02 1.992187500000000000e-01 9.062500000000000000e-01
1.455078125000000000e-01 2.509765625000000000e-01 5.664062500000000000e-01
1.259765625000000000e-01 2.851562500000000000e-01 8.740234375000000000e-01
1.611328125000000000e-01 2.861328125000000000e-01 8.388671875000000000e-01
1.660156250000000000e-01 1.845703125000000000e-01 6.835937500000000000e-01
1.523437500000000000e-01 2.900390625000000000e-01 8.476562500000000000e-01
1.230468750000000000e-01 1.582031250000000000e-01 8.769531250000000000e-01
1.201171875000000000e-01 2.822265625000000000e-01 8.183593750000000000e-01
1.386718750000000000e-01 2.236328125000000000e-01 7.011718750000000000e-01
1.523437500000000000e-01 2.197265625000000000e-01 5.126953125000000000e-01
1.054687500000000000e-01 3.037109375000000000e-01 8.457031250000000000e-01
1.142578125000000000e-01 1.875000000000000000e-01 7.353515625000000000e-01
1.337890625000000000e-01 3.935546875000000000e-01 8.662109375000000000e-01
1.269531250000000000e-01 1.933593750000000000e-01 7.109375000000000000e-01
1.044921875000000000e-01 2.177734375000000000e-01 8.955078125000000000e-01
1.689453125000000000e-01 1.816406250000000000e-01 4.023437500000000000e-01
1.474609375000000000e-01 2.656250000000000000e-01 6.162109375000000000e-01
1.630859375000000000e-01 3.046875000000000000e-01 6.796875000000000000e-01
1.484375000000000000e-01 1.845703125000000000e-01 6.347656250000000000e-01
1.357421875000000000e-01 1.191406250000000000e-01 4.287109375000000000e-01
1.552734375000000000e-01 1.718750000000000000e-01 6.220703125000000000e-01
1.445312500000000000e-01 2.626953125000000000e-01 8.554687500000000000e-01
1.259765625000000000e-01 1.601562500000000000e-01 8.740234375000000000e-01
1.611328125000000000e-01 2.001953125000000000e-01 5.673828125000000000e-01
1.552734375000000000e-01 2.138671875000000000e-01 5.712890625000000000e-01
9.570312500000000000e-02 4.404296875000000000e-01 9.042968750000000000e-01
1.474609375000000000e-01 3.789062500000000000e-01 8.525390625000000000e-01
1.396484375000000000e-01 2.158203125000000000e-01 6.777343750000000000e-01
1.552734375000000000e-01 2.128906250000000000e-01 5.273437500000000000e-01
1.318359375000000000e-01 1.591796875000000000e-01 8.271484375000000000e-01
1.425781250000000000e-01 1.054687500000000000e-01 6.240234375000000000e-01
1.435546875000000000e-01 2.294921875000000000e-01 7.304687500000000000e-01
1.318359375000000000e-01 2.050781250000000000e-01 7.080078125000000000e-01
1.425781250000000000e-01 2.519531250000000000e-01 7.646484375000000000e-01
1.601562500000000000e-01 2.519531250000000000e-01 5.341796875000000000e-01
1.376953125000000000e-01 3.984375000000000000e-01 8.623046875000000000e-01
1.464843750000000000e-01 1.455078125000000000e-01 4.140625000000000000e-01
1.416015625000000000e-01 2.607421875000000000e-01 5.292968750000000000e-01
1.318359375000000000e-01 3.867187500000000000e-01 8.681640625000000000e-01
1.152343750000000000e-01 2.783203125000000000e-01 8.847656250000000000e-01
1.640625000000000000e-01 2.041015625000000000e-01 4.980468750000000000e-01
1.181640625000000000e-01 1.679687500000000000e-01 8.085937500000000000e-01
1.074218750000000000e-01 4.042968750000000000e-01 8.925781250000000000e-01
1.435546875000000000e-01 2.333984375000000000e-01 6.689453125000000000e-01
9.082031250000000000e-02 4.511718750000000000e-01 9.091796875000000000e-01
1.269531250000000000e-01 2.695312500000000000e-01 7.714843750000000000e-01
1.591796875000000000e-01 1.621093750000000000e-01 4.472656250000000000e-01
1.152343750000000000e-01 2.597656250000000000e-01 8.847656250000000000e-01
1.259765625000000000e-01 3.330078125000000000e-01 8.740234375000000000e-01
1.416015625000000000e-01 1.933593750000000000e-01 4.882812500000000000e-01
1.435546875000000000e-01 1.533203125000000000e-01 6.171875000000000000e-01
1.474609375000000000e-01 2.207031250000000000e-01 5.488281250000000000e-01
1.181640625000000000e-01 2.548828125000000000e-01 8.818359375000000000e-01
1.230468750000000000e-01 3.583984375000000000e-01 8.056640625000000000e-01
1.513671875000000000e-01 2.099609375000000000e-01 5.048828125000000000e-01
1.279296875000000000e-01 1.875000000000000000e-01 8.720703125000000000e-01
1.542968750000000000e-01 2.832031250000000000e-01 7.050781250000000000e-01
1.064453125000000000e-01 2.031250000000000000e-01 8.935546875000000000e-01
1.484375000000000000e-01 1.308593750000000000e-01 5.214843750000000000e-01
1.220703125000000000e-01 2.851562500000000000e-01 6.162109375000000000e-01
1.474609375000000000e-01 2.255859375000000000e-01 6.748046875000000000e-01
1.816406250000000000e-01 1.123046875000000000e-01 2.343750000000000000e-01
1.552734375000000000e-01 2.333984375000000000e-01 5.439453125000000000e-01
1.191406250000000000e-01 2.685546875000000000e-01 8.808593750000000000e-01
1.347656250000000000e-01 2.373046875000000000e-01 6.669921875000000000e-01
1.025390625000000000e-01 1.611328125000000000e-01 8.203125000000000000e-01
1.425781250000000000e-01 2.041015625000000000e-01 7.333984375000000000e-01
1.298828125000000000e-01 3.408203125000000000e-01 8.701171875000000000e-01
