3.447265625000000000e-01 1.894531250000000000e-01 5.517578125000000000e-01
3.681640625000000000e-01 2.734375000000000000e-01 5.546875000000000000e-01
3.662109375000000000e-01 1.103515625000000000e-01 4.667968750000000000e-01
3.681640625000000000e-01 1.337890625000000000e-01 5.107421875000000000e-01
3.720703125000000000e-01 2.353515625000000000e-01 5.097656250000000000e-01
3.691406250000000000e-01 1.835937500000000000e-01 4.560546875000000000e-01
4.062500000000000000e-01 1.279296875000000000e-01 2.597656250000000000e-01
3.427734375000000000e-01 1.923828125000000000e-01 6.162109375000000000e-01
3.730468750000000000e-01 1.953125000000000000e-01 4.902343750000000000e-01
3.691406250000000000e-01 1.054687500000000000e-01 3.691406250000000000e-01
3.837890625000000000e-01 1.162109375000000000e-01 3.750000000000000000e-01
3.710937500000000000e-01 1.689453125000000000e-01 4.101562500000000000e-01
3.740234375000000000e-01 1.250000000000000000e-01 4.736328125000000000e-01
3.750000000000000000e-01 2.197265625000000000e-01 4.638671875000000000e-01
3.623046875000000000e-01 1.669921875000000000e-01 5.732421875000000000e-01
3.457031250000000000e-01 1.640625000000000000e-01 5.488281250000000000e-01
3.730468750000000000e-01 6.542968750000000000e-02 5.244140625000000000e-01
3.740234375000000000e-01 1.748046875000000000e-01 3.916015625000000000e-01
3.623046875000000000e-01 1.533203125000000000e-01 5.869140625000000000e-01
3.789062500000000000e-01 1.591796875000000000e-01 4.169921875000000000e-01
3.671875000000000000e-01 1.513671875000000000e-01 3.906250000000000000e-01
3.769531250000000000e-01 1.240234375000000000e-01 5.146484375000000000e-01
3.476562500000000000e-01 2.539062500000000000e-01 6.123046875000000000e-01
3.798828125000000000e-01 1.171875000000000000e-01 4.277343750000000000e-01
3.867187500000000000e-01 1.416015625000000000e-01 3.837890625000000000e-01
3.935546875000000000e-01 6.445312500000000000e-02 2.714843750000000000e-01
3.662109375000000000e-01 1.738281250000000000e-01 5.517578125000000000e-01
3.437500000000000000e-01 1.298828125000000000e-01 6.367187500000000000e-01
3.574218750000000000e-01 1.542968750000000000e-01 5.205078125000000000e-01
3.750000000000000000e-01 1.093750000000000000e-01 3.652343750000000000e-01
3.623046875000000000e-01 1.220703125000000000e-01 6.230468750000000000e-01
3.593750000000000000e-01 2.187500000000000000e-01 5.458984375000000000e-01
3.662109375000000000e-01 1.093750000000000000e-01 5.302734375000000000e-01
3.603515625000000000e-01 8.789062500000000000e-02 6.093750000000000000e-01
3.847656250000000000e-01 1.494140625000000000e-01 3.984375000000000000e-01
3.398437500000000000e-01 2.890625000000000000e-01 6.191406250000000000e-01
3.720703125000000000e-01 1.748046875000000000e-01 5.712890625000000000e-01
3.593750000000000000e-01 1.308593750000000000e-01 5.957031250000000000e-01
3.710937500000000000e-01 1.240234375000000000e-01 4.052734375000000000e-01
3.544921875000000000e-01 2.519531250000000000e-01 5.341796875000000000e-01
3.623046875000000000e-01 1.474609375000000000e-01 4.384765625000000000e-01
3.486328125000000000e-01 2.783203125000000000e-01 5.878906250000000000e-01
3.808593750000000000e-01 1.367187500000000000e-01 2.939453125000000000e-01
3.662109375000000000e-01 1.357421875000000000e-01 5.371093750000000000e-01
3.496093750000000000e-01 2.158203125000000000e-01 5.947265625000000000e-01
3.896484375000000000e-01 1.464843750000000000e-01 3.349609375000000000e-01
3.427734375000000000e-01 2.050781250000000000e-01 6.376953125000000000e-01
4.091796875000000000e-01 8.593750000000000000e-02 3.222656250000000000e-01
3.720703125000000000e-01 1.347656250000000000e-01 2.695312500000000000e-01
3.671875000000000000e-01 1.445312500000000000e-01 4.580078125000000000e-01
3.359375000000000000e-01 2.041015625000000000e-01 6.591796875000000000e-01
3.623046875000000000e-01 2.167968750000000000e-01 5.576171875000000000e-01
3.828125000000000000e-01 1.279296875000000000e-01 3.027343750000000000e-01
3.720703125000000000e-01 2.314453125000000000e-01 5.156250000000000000e-01
3.652343750000000000e-01 1.484375000000000000e-01 5.966796875000000000e-01
3.740234375000000000e-01 2.226562500000000000e-01 4.804687500000000000e-01
3.730468750000000000e-01 9.570312500000000000e-02 4.287109375000000000e-01
3.417968750000000000e-01 1.298828125000000000e-01 6.093750000000000000e-01
3.876953125000000000e-01 9.082031250000000000e-02 3.183593750000000000e-01
3.564453125000000000e-01 1.181640625000000000e-01 2.480468750000000000e-01
3.691406250000000000e-01 1.279296875000000000e-01 4.951171875000000000e-01
3.652343750000000000e-01 1.093750000000000000e-01 5.273437500000000000e-01
3.867187500000000000e-01 1.884765625000000000e-01 3.964843750000000000e-01
3.720703125000000000e-01 1.767578125000000000e-01 5.693359375000000000e-01
3.681640625000000000e-01 1.787109375000000000e-01 4.912109375000000000e-01
3.681640625000000000e-01 1.845703125000000000e-01 4.414062500000000000e-01
3.662109375000000000e-01 1.259765625000000000e-01 4.023437500000000000e-01
3.789062500000000000e-01 1.503906250000000000e-01 4.140625000000000000e-01
3.779296875000000000e-01 1.728515625000000000e-01 3.671875000000000000e-01
3.896484375000000000e-01 8.203125000000000000e-02 3.671875000000000000e-01
3.291015625000000000e-01 2.509765625000000000e-01 6.474609375000000000e-01
3.515625000000000000e-01 7.226562500000000000e-02 5.302734375000000000e-01
3.759765625000000000e-01 2.587890625000000000e-01 5.419921875000000000e-01
4.042968750000000000e-01 1.054687500000000000e-01 2.099609375000000000e-01
3.837890625000000000e-01 1.250000000000000000e-01 3.974609375000000000e-01
3.955078125000000000e-01 1.191406250000000000e-01 2.392578125000000000e-01
4.062500000000000000e-01 1.142578125000000000e-01 2.490234375000000000e-01
3.779296875000000000e-01 2.363281250000000000e-01 5.732421875000000000e-01
3.476562500000000000e-01 1.191406250000000000e-01 5.859375000000000000e-01
3.457031250000000000e-01 1.738281250000000000e-01 5.703125000000000000e-01
3.496093750000000000e-01 2.216796875000000000e-01 4.482421875000000000e-01
3.759765625000000000e-01 1.425781250000000000e-01 3.769531250000000000e-01
3.955078125000000000e-01 1.162109375000000000e-01 3.691406250000000000e-01
3.593750000000000000e-01 1.123046875000000000e-01 5.117187500000000000e-01
3.574218750000000000e-01 1.230468750000000000e-01 4.560546875000000000e-01
3.525390625000000000e-01 1.142578125000000000e-01 4.677734375000000000e-01
3.779296875000000000e-01 1.289062500000000000e-01 3.691406250000000000e-01
3.964843750000000000e-01 1.250000000000000000e-01 2.597656250000000000e-01
3.994140625000000000e-01 1.210937500000000000e-01 2.949218750000000000e-01
3.740234375000000000e-01 2.158203125000000000e-01 4.609375000000000000e-01
3.750000000000000000e-01 7.812500000000000000e-02 4.023437500000000000e-01
3.701171875000000000e-01 2.226562500000000000e-01 5.468750000000000000e-01
3.759765625000000000e-01 1.582031250000000000e-01 3.359375000000000000e-01
3.701171875000000000e-01 2.236328125000000000e-01 5.283203125000000000e-01
3.896484375000000000e-01 1.289062500000000000e-01 3.115234375000000000e-01
3.613281250000000000e-01 2.255859375000000000e-01 4.785156250000000000e-01
3.330078125000000000e-01 1.679687500000000000e-01 6.484375000000000000e-01
3.457031250000000000e-01 1.103515625000000000e-01 5.976562500000000000e-01
3.378906250000000000e-01 1.445312500000000000e-01 6.103515625000000000e-01
3.769531250000000000e-01 1.923828125000000000e-01 5.078125000000000000e-01
