4.101562500000000000e-02 3.779296875000000000e-01 9.589843750000000000e-01
6.152343750000000000e-02 3.330078125000000000e-01 9.384765625000000000e-01
5.468750000000000000e-02 3.583984375000000000e-01 9.453125000000000000e-01
5.566406250000000000e-02 4.365234375000000000e-01 9.443359375000000000e-01
4.785156250000000000e-02 3.730468750000000000e-01 9.521484375000000000e-01
3.222656250000000000e-02 4.296875000000000000e-01 9.677734375000000000e-01
4.101562500000000000e-02 4.589843750000000000e-01 9.589843750000000000e-01
4.785156250000000000e-02 4.306640625000000000e-01 9.521484375000000000e-01
2.734375000000000000e-02 4.052734375000000000e-01 9.726562500000000000e-01
4.882812500000000000e-02 3.535156250000000000e-01 9.511718750000000000e-01
6.542968750000000000e-02 3.037109375000000000e-01 6.269531250000000000e-01
4.785156250000000000e-02 3.613281250000000000e-01 9.521484375000000000e-01
4.492187500000000000e-02 3.251953125000000000e-01 9.550781250000000000e-01
3.027343750000000000e-02 4.609375000000000000e-01 9.697265625000000000e-01
4.296875000000000000e-02 4.052734375000000000e-01 9.570312500000000000e-01
4.882812500000000000e-02 3.740234375000000000e-01 9.511718750000000000e-01
4.785156250000000000e-02 3.320312500000000000e-01 9.521484375000000000e-01
4.882812500000000000e-02 4.404296875000000000e-01 9.511718750000000000e-01
5.371093750000000000e-02 4.101562500000000000e-01 9.462890625000000000e-01
5.175781250000000000e-02 4.355468750000000000e-01 9.482421875000000000e-01
4.589843750000000000e-02 4.228515625000000000e-01 9.541015625000000000e-01
5.078125000000000000e-02 3.740234375000000000e-01 9.492187500000000000e-01
7.519531250000000000e-02 3.457031250000000000e-01 9.248046875000000000e-01
4.199218750000000000e-02 4.033203125000000000e-01 9.580078125000000000e-01
3.808593750000000000e-02 4.716796875000000000e-01 9.619140625000000000e-01
5.273437500000000000e-02 4.658203125000000000e-01 9.472656250000000000e-01
5.273437500000000000e-02 2.949218750000000000e-01 9.472656250000000000e-01
4.687500000000000000e-02 4.716796875000000000e-01 9.531250000000000000e-01
4.003906250000000000e-02 2.568359375000000000e-01 9.599609375000000000e-01
5.371093750000000000e-02 4.433593750000000000e-01 9.462890625000000000e-01
5.957031250000000000e-02 3.095703125000000000e-01 6.416015625000000000e-01
4.101562500000000000e-02 4.501953125000000000e-01 9.589843750000000000e-01
5.078125000000000000e-02 3.154296875000000000e-01 9.492187500000000000e-01
4.492187500000000000e-02 4.414062500000000000e-01 9.550781250000000000e-01
5.566406250000000000e-02 3.427734375000000000e-01 7.363281250000000000e-01
4.199218750000000000e-02 4.375000000000000000e-01 9.580078125000000000e-01
4.980468750000000000e-02 4.482421875000000000e-01 9.501953125000000000e-01
4.687500000000000000e-02 4.003906250000000000e-01 9.531250000000000000e-01
5.468750000000000000e-02 4.375000000000000000e-01 9.453125000000000000e-01
5.761718750000000000e-02 3.847656250000000000e-01 9.423828125000000000e-01
6.054687500000000000e-02 3.701171875000000000e-01 9.394531250000000000e-01
6.152343750000000000e-02 4.365234375000000000e-01 9.384765625000000000e-01
4.101562500000000000e-02 3.730468750000000000e-01 9.589843750000000000e-01
5.371093750000000000e-02 4.492187500000000000e-01 9.462890625000000000e-01
6.738281250000000000e-02 3.232421875000000000e-01 7.021484375000000000e-01
5.273437500000000000e-02 4.365234375000000000e-01 9.472656250000000000e-01
4.296875000000000000e-02 4.570312500000000000e-01 9.570312500000000000e-01
4.492187500000000000e-02 3.505859375000000000e-01 9.550781250000000000e-01
5.468750000000000000e-02 3.818359375000000000e-01 9.453125000000000000e-01
4.785156250000000000e-02 4.707031250000000000e-01 9.521484375000000000e-01
7.519531250000000000e-02 3.330078125000000000e-01 6.777343750000000000e-01
4.589843750000000000e-02 4.570312500000000000e-01 9.541015625000000000e-01
6.738281250000000000e-02 3.740234375000000000e-01 9.326171875000000000e-01
4.785156250000000000e-02 2.626953125000000000e-01 9.521484375000000000e-01
5.664062500000000000e-02 4.658203125000000000e-01 9.433593750000000000e-01
5.664062500000000000e-02 3.828125000000000000e-01 9.433593750000000000e-01
5.371093750000000000e-02 4.638671875000000000e-01 9.462890625000000000e-01
4.589843750000000000e-02 4.208984375000000000e-01 9.541015625000000000e-01
5.078125000000000000e-02 3.632812500000000000e-01 9.492187500000000000e-01
4.980468750000000000e-02 4.414062500000000000e-01 9.501953125000000000e-01
3.710937500000000000e-02 4.707031250000000000e-01 9.628906250000000000e-01
5.078125000000000000e-02 4.658203125000000000e-01 9.492187500000000000e-01
3.613281250000000000e-02 4.003906250000000000e-01 9.638671875000000000e-01
4.492187500000000000e-02 4.541015625000000000e-01 9.550781250000000000e-01
4.882812500000000000e-02 4.521484375000000000e-01 9.511718750000000000e-01
4.980468750000000000e-02 4.736328125000000000e-01 9.501953125000000000e-01
4.394531250000000000e-02 2.978515625000000000e-01 9.560546875000000000e-01
4.687500000000000000e-02 3.798828125000000000e-01 9.531250000000000000e-01
6.152343750000000000e-02 3.974609375000000000e-01 9.384765625000000000e-01
6.542968750000000000e-02 4.003906250000000000e-01 9.345703125000000000e-01
3.906250000000000000e-02 3.476562500000000000e-01 9.609375000000000000e-01
4.882812500000000000e-02 4.101562500000000000e-01 9.511718750000000000e-01
3.515625000000000000e-02 3.857421875000000000e-01 9.648437500000000000e-01
4.882812500000000000e-02 4.179687500000000000e-01 9.511718750000000000e-01
3.222656250000000000e-02 4.746093750000000000e-01 9.677734375000000000e-01
5.761718750000000000e-02 2.900390625000000000e-01 9.423828125000000000e-01
4.980468750000000000e-02 4.257812500000000000e-01 9.501953125000000000e-01
4.687500000000000000e-02 3.105468750000000000e-01 9.531250000000000000e-01
5.664062500000000000e-02 4.335937500000000000e-01 9.433593750000000000e-01
4.003906250000000000e-02 4.306640625000000000e-01 9.599609375000000000e-01
4.980468750000000000e-02 4.003906250000000000e-01 9.501953125000000000e-01
4.296875000000000000e-02 3.261718750000000000e-01 9.570312500000000000e-01
3.808593750000000000e-02 4.433593750000000000e-01 9.619140625000000000e-01
3.613281250000000000e-02 4.443359375000000000e-01 9.638671875000000000e-01
3.906250000000000000e-02 4.169921875000000000e-01 9.609375000000000000e-01
4.589843750000000000e-02 4.472656250000000000e-01 9.541015625000000000e-01
6.152343750000000000e-02 4.257812500000000000e-01 9.384765625000000000e-01
4.687500000000000000e-02 4.248046875000000000e-01 9.531250000000000000e-01
4.882812500000000000e-02 4.326171875000000000e-01 9.511718750000000000e-01
6.542968750000000000e-02 2.685546875000000000e-01 9.345703125000000000e-01
4.492187500000000000e-02 3.945312500000000000e-01 9.550781250000000000e-01
5.468750000000000000e-02 4.570312500000000000e-01 9.453125000000000000e-01
7.128906250000000000e-02 3.017578125000000000e-01 6.318359375000000000e-01
5.175781250000000000e-02 4.306640625000000000e-01 9.482421875000000000e-01
5.371093750000000000e-02 3.437500000000000000e-01 7.109375000000000000e-01
3.906250000000000000e-02 3.447265625000000000e-01 9.609375000000000000e-01
5.371093750000000000e-02 3.476562500000000000e-01 9.462890625000000000e-01
4.785156250000000000e-02 4.541015625000000000e-01 9.521484375000000000e-01
4.882812500000000000e-02 4.755859375000000000e-01 9.511718750000000000e-01
6.054687500000000000e-02 4.228515625000000000e-01 9.394531250000000000e-01
