2.001953125000000000e-01 1.708984375000000000e-01 5.732421875000000000e-01
2.119140625000000000e-01 1.669921875000000000e-01 5.605468750000000000e-01
2.187500000000000000e-01 1.718750000000000000e-01 5.917968750000000000e-01
2.412109375000000000e-01 1.865234375000000000e-01 4.619140625000000000e-01
2.207031250000000000e-01 2.246093750000000000e-01 4.833984375000000000e-01
2.353515625000000000e-01 1.298828125000000000e-01 5.673828125000000000e-01
2.187500000000000000e-01 1.582031250000000000e-01 7.343750000000000000e-01
1.933593750000000000e-01 3.212890625000000000e-01 7.597656250000000000e-01
1.728515625000000000e-01 1.533203125000000000e-01 7.919921875000000000e-01
2.197265625000000000e-01 2.070312500000000000e-01 5.947265625000000000e-01
2.304687500000000000e-01 2.636718750000000000e-01 4.707031250000000000e-01
1.953125000000000000e-01 3.222656250000000000e-01 8.046875000000000000e-01
2.460937500000000000e-01 2.089843750000000000e-01 5.078125000000000000e-01
1.826171875000000000e-01 1.718750000000000000e-01 8.007812500000000000e-01
1.933593750000000000e-01 1.416015625000000000e-01 7.802734375000000000e-01
1.865234375000000000e-01 2.236328125000000000e-01 8.134765625000000000e-01
2.080078125000000000e-01 2.021484375000000000e-01 7.919921875000000000e-01
2.275390625000000000e-01 2.314453125000000000e-01 6.054687500000000000e-01
2.353515625000000000e-01 1.494140625000000000e-01 3.173828125000000000e-01
2.324218750000000000e-01 1.132812500000000000e-01 6.230468750000000000e-01
2.255859375000000000e-01 7.031250000000000000e-02 5.175781250000000000e-01
1.992187500000000000e-01 1.484375000000000000e-01 5.634765625000000000e-01
1.933593750000000000e-01 2.558593750000000000e-01 8.066406250000000000e-01
2.392578125000000000e-01 1.318359375000000000e-01 3.505859375000000000e-01
2.431640625000000000e-01 2.255859375000000000e-01 4.580078125000000000e-01
2.128906250000000000e-01 1.718750000000000000e-01 6.396484375000000000e-01
2.412109375000000000e-01 1.835937500000000000e-01 4.638671875000000000e-01
2.226562500000000000e-01 2.011718750000000000e-01 4.863281250000000000e-01
2.255859375000000000e-01 1.943359375000000000e-01 5.917968750000000000e-01
2.197265625000000000e-01 1.777343750000000000e-01 6.005859375000000000e-01
1.875000000000000000e-01 2.246093750000000000e-01 7.656250000000000000e-01
2.646484375000000000e-01 1.132812500000000000e-01 1.992187500000000000e-01
2.207031250000000000e-01 1.787109375000000000e-01 4.248046875000000000e-01
2.197265625000000000e-01 2.832031250000000000e-01 6.025390625000000000e-01
1.972656250000000000e-01 2.470703125000000000e-01 7.041015625000000000e-01
2.187500000000000000e-01 3.085937500000000000e-01 7.236328125000000000e-01
2.314453125000000000e-01 1.904296875000000000e-01 4.638671875000000000e-01
2.529296875000000000e-01 1.298828125000000000e-01 3.681640625000000000e-01
2.138671875000000000e-01 1.621093750000000000e-01 6.191406250000000000e-01
2.373046875000000000e-01 3.125000000000000000e-01 6.513671875000000000e-01
2.070312500000000000e-01 1.279296875000000000e-01 7.812500000000000000e-01
2.373046875000000000e-01 1.601562500000000000e-01 3.271484375000000000e-01
1.972656250000000000e-01 1.191406250000000000e-01 5.400390625000000000e-01
2.050781250000000000e-01 2.519531250000000000e-01 7.353515625000000000e-01
2.177734375000000000e-01 2.939453125000000000e-01 7.421875000000000000e-01
2.509765625000000000e-01 9.960937500000000000e-02 2.197265625000000000e-01
2.148437500000000000e-01 1.748046875000000000e-01 3.906250000000000000e-01
2.285156250000000000e-01 1.503906250000000000e-01 4.882812500000000000e-01
2.089843750000000000e-01 2.197265625000000000e-01 6.923828125000000000e-01
2.333984375000000000e-01 2.929687500000000000e-01 6.240234375000000000e-01
2.490234375000000000e-01 1.601562500000000000e-01 4.160156250000000000e-01
1.757812500000000000e-01 1.855468750000000000e-01 7.988281250000000000e-01
2.080078125000000000e-01 3.134765625000000000e-01 7.324218750000000000e-01
2.402343750000000000e-01 1.484375000000000000e-01 3.134765625000000000e-01
1.796875000000000000e-01 1.689453125000000000e-01 8.203125000000000000e-01
2.402343750000000000e-01 2.011718750000000000e-01 4.179687500000000000e-01
2.255859375000000000e-01 2.773437500000000000e-01 5.732421875000000000e-01
2.099609375000000000e-01 1.123046875000000000e-01 7.314453125000000000e-01
2.031250000000000000e-01 1.972656250000000000e-01 7.666015625000000000e-01
2.128906250000000000e-01 2.001953125000000000e-01 5.361328125000000000e-01
2.119140625000000000e-01 2.314453125000000000e-01 6.650390625000000000e-01
1.923828125000000000e-01 1.611328125000000000e-01 6.777343750000000000e-01
2.138671875000000000e-01 1.269531250000000000e-01 6.845703125000000000e-01
1.972656250000000000e-01 1.015625000000000000e-01 6.826171875000000000e-01
2.158203125000000000e-01 2.099609375000000000e-01 5.732421875000000000e-01
2.060546875000000000e-01 1.826171875000000000e-01 6.972656250000000000e-01
1.962890625000000000e-01 2.236328125000000000e-01 4.921875000000000000e-01
2.333984375000000000e-01 8.886718750000000000e-02 6.337890625000000000e-01
2.109375000000000000e-01 1.933593750000000000e-01 7.705078125000000000e-01
1.972656250000000000e-01 2.978515625000000000e-01 8.027343750000000000e-01
1.806640625000000000e-01 2.431640625000000000e-01 6.074218750000000000e-01
2.207031250000000000e-01 1.318359375000000000e-01 6.835937500000000000e-01
1.972656250000000000e-01 3.876953125000000000e-01 8.027343750000000000e-01
2.207031250000000000e-01 1.347656250000000000e-01 5.048828125000000000e-01
1.982421875000000000e-01 2.519531250000000000e-01 6.416015625000000000e-01
2.070312500000000000e-01 2.558593750000000000e-01 7.529296875000000000e-01
2.216796875000000000e-01 1.826171875000000000e-01 4.208984375000000000e-01
2.158203125000000000e-01 2.841796875000000000e-01 7.011718750000000000e-01
1.953125000000000000e-01 2.119140625000000000e-01 7.529296875000000000e-01
2.255859375000000000e-01 1.582031250000000000e-01 4.746093750000000000e-01
1.933593750000000000e-01 3.496093750000000000e-01 7.753906250000000000e-01
2.265625000000000000e-01 1.445312500000000000e-01 5.019531250000000000e-01
1.845703125000000000e-01 2.705078125000000000e-01 7.958984375000000000e-01
2.500000000000000000e-01 1.367187500000000000e-01 3.339843750000000000e-01
2.255859375000000000e-01 2.871093750000000000e-01 6.015625000000000000e-01
2.451171875000000000e-01 9.863281250000000000e-02 3.486328125000000000e-01
2.373046875000000000e-01 2.353515625000000000e-01 5.820312500000000000e-01
1.894531250000000000e-01 1.494140625000000000e-01 8.105468750000000000e-01
2.050781250000000000e-01 2.597656250000000000e-01 6.982421875000000000e-01
2.207031250000000000e-01 1.054687500000000000e-01 5.273437500000000000e-01
2.138671875000000000e-01 2.216796875000000000e-01 6.816406250000000000e-01
2.304687500000000000e-01 1.953125000000000000e-01 4.726562500000000000e-01
2.392578125000000000e-01 1.972656250000000000e-01 4.189453125000000000e-01
2.138671875000000000e-01 1.845703125000000000e-01 6.699218750000000000e-01
2.158203125000000000e-01 1.406250000000000000e-01 5.478515625000000000e-01
2.255859375000000000e-01 2.041015625000000000e-01 4.648437500000000000e-01
1.904296875000000000e-01 2.617187500000000000e-01 6.806640625000000000e-01
1.767578125000000000e-01 2.236328125000000000e-01 8.232421875000000000e-01
2.246093750000000000e-01 1.806640625000000000e-01 4.951171875000000000e-01
2.187500000000000000e-01 3.115234375000000000e-01 6.875000000000000000e-01
