1.494140625000000000e-01 4.335937500000000000e-01 6.708984375000000000e-01
1.250000000000000000e-01 2.246093750000000000e-01 8.750000000000000000e-01
9.472656250000000000e-02 3.183593750000000000e-01 9.052734375000000000e-01
1.806640625000000000e-01 2.539062500000000000e-01 5.527343750000000000e-01
1.533203125000000000e-01 2.568359375000000000e-01 7.656250000000000000e-01
1.308593750000000000e-01 2.197265625000000000e-01 8.691406250000000000e-01
1.611328125000000000e-01 2.841796875000000000e-01 5.693359375000000000e-01
1.250000000000000000e-01 3.574218750000000000e-01 8.750000000000000000e-01
1.699218750000000000e-01 1.494140625000000000e-01 5.634765625000000000e-01
1.523437500000000000e-01 3.662109375000000000e-01 7.558593750000000000e-01
1.728515625000000000e-01 1.943359375000000000e-01 4.970703125000000000e-01
1.552734375000000000e-01 2.431640625000000000e-01 6.953125000000000000e-01
1.757812500000000000e-01 1.601562500000000000e-01 4.648437500000000000e-01
1.152343750000000000e-01 1.582031250000000000e-01 8.847656250000000000e-01
1.708984375000000000e-01 2.275390625000000000e-01 5.009765625000000000e-01
1.796875000000000000e-01 1.552734375000000000e-01 4.228515625000000000e-01
1.562500000000000000e-01 3.066406250000000000e-01 6.552734375000000000e-01
1.435546875000000000e-01 2.919921875000000000e-01 7.255859375000000000e-01
1.455078125000000000e-01 3.037109375000000000e-01 6.826171875000000000e-01
1.796875000000000000e-01 2.167968750000000000e-01 4.658203125000000000e-01
1.767578125000000000e-01 2.197265625000000000e-01 5.927734375000000000e-01
1.259765625000000000e-01 2.070312500000000000e-01 8.740234375000000000e-01
1.386718750000000000e-01 2.949218750000000000e-01 7.470703125000000000e-01
1.347656250000000000e-01 2.265625000000000000e-01 7.578125000000000000e-01
1.718750000000000000e-01 1.904296875000000000e-01 4.326171875000000000e-01
1.396484375000000000e-01 2.958984375000000000e-01 7.314453125000000000e-01
1.835937500000000000e-01 1.250000000000000000e-01 5.908203125000000000e-01
1.708984375000000000e-01 2.324218750000000000e-01 4.941406250000000000e-01
1.845703125000000000e-01 1.152343750000000000e-01 3.486328125000000000e-01
1.757812500000000000e-01 1.972656250000000000e-01 5.498046875000000000e-01
1.660156250000000000e-01 1.953125000000000000e-01 6.035156250000000000e-01
1.308593750000000000e-01 3.007812500000000000e-01 8.154296875000000000e-01
1.074218750000000000e-01 2.724609375000000000e-01 8.925781250000000000e-01
1.650390625000000000e-01 2.392578125000000000e-01 4.853515625000000000e-01
1.728515625000000000e-01 2.089843750000000000e-01 3.623046875000000000e-01
1.835937500000000000e-01 1.845703125000000000e-01 4.638671875000000000e-01
1.621093750000000000e-01 2.734375000000000000e-01 7.822265625000000000e-01
1.601562500000000000e-01 3.066406250000000000e-01 7.568359375000000000e-01
1.367187500000000000e-01 2.246093750000000000e-01 6.630859375000000000e-01
1.757812500000000000e-01 2.900390625000000000e-01 6.201171875000000000e-01
1.386718750000000000e-01 3.251953125000000000e-01 8.613281250000000000e-01
1.279296875000000000e-01 2.265625000000000000e-01 8.720703125000000000e-01
1.630859375000000000e-01 1.171875000000000000e-01 4.023437500000000000e-01
1.406250000000000000e-01 2.402343750000000000e-01 5.205078125000000000e-01
1.728515625000000000e-01 1.826171875000000000e-01 5.058593750000000000e-01
1.513671875000000000e-01 1.855468750000000000e-01 7.617187500000000000e-01
1.259765625000000000e-01 2.314453125000000000e-01 8.740234375000000000e-01
1.816406250000000000e-01 9.667968750000000000e-02 3.203125000000000000e-01
1.611328125000000000e-01 3.232421875000000000e-01 6.660156250000000000e-01
1.787109375000000000e-01 2.500000000000000000e-01 6.064453125000000000e-01
1.718750000000000000e-01 1.982421875000000000e-01 5.957031250000000000e-01
1.376953125000000000e-01 2.187500000000000000e-01 7.617187500000000000e-01
1.904296875000000000e-01 1.269531250000000000e-01 6.611328125000000000e-01
1.787109375000000000e-01 1.748046875000000000e-01 5.820312500000000000e-01
1.572265625000000000e-01 2.226562500000000000e-01 8.427734375000000000e-01
1.503906250000000000e-01 1.572265625000000000e-01 7.587890625000000000e-01
1.650390625000000000e-01 3.134765625000000000e-01 6.464843750000000000e-01
1.396484375000000000e-01 2.851562500000000000e-01 8.281250000000000000e-01
1.503906250000000000e-01 1.992187500000000000e-01 7.158203125000000000e-01
1.435546875000000000e-01 3.623046875000000000e-01 8.564453125000000000e-01
1.572265625000000000e-01 1.972656250000000000e-01 5.849609375000000000e-01
1.210937500000000000e-01 1.679687500000000000e-01 8.789062500000000000e-01
1.201171875000000000e-01 1.367187500000000000e-01 8.798828125000000000e-01
1.630859375000000000e-01 1.835937500000000000e-01 4.267578125000000000e-01
1.513671875000000000e-01 3.310546875000000000e-01 8.486328125000000000e-01
1.542968750000000000e-01 3.417968750000000000e-01 7.490234375000000000e-01
1.542968750000000000e-01 1.933593750000000000e-01 6.210937500000000000e-01
1.816406250000000000e-01 2.402343750000000000e-01 5.556640625000000000e-01
1.601562500000000000e-01 1.992187500000000000e-01 5.224609375000000000e-01
1.728515625000000000e-01 1.376953125000000000e-01 6.064453125000000000e-01
1.552734375000000000e-01 2.333984375000000000e-01 7.539062500000000000e-01
1.289062500000000000e-01 2.871093750000000000e-01 8.710937500000000000e-01
1.396484375000000000e-01 3.066406250000000000e-01 6.621093750000000000e-01
1.347656250000000000e-01 1.152343750000000000e-01 6.914062500000000000e-01
1.367187500000000000e-01 3.564453125000000000e-01 8.632812500000000000e-01
1.503906250000000000e-01 1.337890625000000000e-01 6.005859375000000000e-01
1.308593750000000000e-01 1.923828125000000000e-01 6.357421875000000000e-01
1.542968750000000000e-01 2.949218750000000000e-01 8.222656250000000000e-01
1.806640625000000000e-01 1.894531250000000000e-01 4.433593750000000000e-01
1.679687500000000000e-01 1.875000000000000000e-01 6.054687500000000000e-01
1.542968750000000000e-01 2.509765625000000000e-01 6.005859375000000000e-01
1.542968750000000000e-01 1.738281250000000000e-01 6.601562500000000000e-01
1.601562500000000000e-01 1.591796875000000000e-01 4.912109375000000000e-01
1.474609375000000000e-01 3.544921875000000000e-01 7.490234375000000000e-01
1.337890625000000000e-01 2.500000000000000000e-01 8.662109375000000000e-01
1.455078125000000000e-01 3.408203125000000000e-01 7.519531250000000000e-01
1.523437500000000000e-01 2.490234375000000000e-01 8.154296875000000000e-01
1.552734375000000000e-01 3.544921875000000000e-01 7.294921875000000000e-01
1.855468750000000000e-01 1.562500000000000000e-01 4.921875000000000000e-01
1.826171875000000000e-01 2.275390625000000000e-01 4.677734375000000000e-01
1.611328125000000000e-01 1.650390625000000000e-01 4.140625000000000000e-01
1.132812500000000000e-01 2.617187500000000000e-01 8.867187500000000000e-01
1.503906250000000000e-01 1.591796875000000000e-01 6.992187500000000000e-01
1.484375000000000000e-01 3.320312500000000000e-01 7.343750000000000000e-01
1.591796875000000000e-01 1.865234375000000000e-01 6.113281250000000000e-01
1.279296875000000000e-01 2.646484375000000000e-01 8.720703125000000000e-01
1.406250000000000000e-01 2.314453125000000000e-01 8.593750000000000000e-01
1.513671875000000000e-01 2.617187500000000000e-01 5.625000000000000000e-01
1.425781250000000000e-01 4.199218750000000000e-01 8.574218750000000000e-01
1.455078125000000000e-01 1.914062500000000000e-01 7.089843750000000000e-01
