5.957031250000000000e-02 2.958984375000000000e-01 9.404296875000000000e-01
6.640625000000000000e-02 3.271484375000000000e-01 7.138671875000000000e-01
6.933593750000000000e-02 4.599609375000000000e-01 9.306640625000000000e-01
4.687500000000000000e-02 3.984375000000000000e-01 9.531250000000000000e-01
6.738281250000000000e-02 3.984375000000000000e-01 9.326171875000000000e-01
5.078125000000000000e-02 3.144531250000000000e-01 9.492187500000000000e-01
6.640625000000000000e-02 2.392578125000000000e-01 7.246093750000000000e-01
7.031250000000000000e-02 3.603515625000000000e-01 9.296875000000000000e-01
4.003906250000000000e-02 4.033203125000000000e-01 9.599609375000000000e-01
7.714843750000000000e-02 3.125000000000000000e-01 6.289062500000000000e-01
7.714843750000000000e-02 3.750000000000000000e-01 7.529296875000000000e-01
6.347656250000000000e-02 4.599609375000000000e-01 9.365234375000000000e-01
5.566406250000000000e-02 3.232421875000000000e-01 9.443359375000000000e-01
6.933593750000000000e-02 2.822265625000000000e-01 7.363281250000000000e-01
5.273437500000000000e-02 4.062500000000000000e-01 9.472656250000000000e-01
7.421875000000000000e-02 2.441406250000000000e-01 5.224609375000000000e-01
7.128906250000000000e-02 3.164062500000000000e-01 6.552734375000000000e-01
6.738281250000000000e-02 2.988281250000000000e-01 9.326171875000000000e-01
5.859375000000000000e-02 3.642578125000000000e-01 9.414062500000000000e-01
7.031250000000000000e-02 3.603515625000000000e-01 9.296875000000000000e-01
8.105468750000000000e-02 2.734375000000000000e-01 9.189453125000000000e-01
5.957031250000000000e-02 2.656250000000000000e-01 9.404296875000000000e-01
8.300781250000000000e-02 3.300781250000000000e-01 6.640625000000000000e-01
8.203125000000000000e-02 2.685546875000000000e-01 7.812500000000000000e-01
7.031250000000000000e-02 2.773437500000000000e-01 9.296875000000000000e-01
6.640625000000000000e-02 3.515625000000000000e-01 9.335937500000000000e-01
6.933593750000000000e-02 2.548828125000000000e-01 7.910156250000000000e-01
6.835937500000000000e-02 3.203125000000000000e-01 9.316406250000000000e-01
5.371093750000000000e-02 4.365234375000000000e-01 9.462890625000000000e-01
6.738281250000000000e-02 2.070312500000000000e-01 7.578125000000000000e-01
6.347656250000000000e-02 3.125000000000000000e-01 9.365234375000000000e-01
4.492187500000000000e-02 4.492187500000000000e-01 9.550781250000000000e-01
7.910156250000000000e-02 3.212890625000000000e-01 9.208984375000000000e-01
5.664062500000000000e-02 4.394531250000000000e-01 9.433593750000000000e-01
5.078125000000000000e-02 3.056640625000000000e-01 9.492187500000000000e-01
4.199218750000000000e-02 4.736328125000000000e-01 9.580078125000000000e-01
5.566406250000000000e-02 4.580078125000000000e-01 9.443359375000000000e-01
6.542968750000000000e-02 3.027343750000000000e-01 9.345703125000000000e-01
5.566406250000000000e-02 4.404296875000000000e-01 9.443359375000000000e-01
7.031250000000000000e-02 3.232421875000000000e-01 9.296875000000000000e-01
8.886718750000000000e-02 2.548828125000000000e-01 9.111328125000000000e-01
4.785156250000000000e-02 3.251953125000000000e-01 9.521484375000000000e-01
5.468750000000000000e-02 2.910156250000000000e-01 9.453125000000000000e-01
5.957031250000000000e-02 3.349609375000000000e-01 9.404296875000000000e-01
6.054687500000000000e-02 2.236328125000000000e-01 9.394531250000000000e-01
6.738281250000000000e-02 4.111328125000000000e-01 9.326171875000000000e-01
5.175781250000000000e-02 2.294921875000000000e-01 9.482421875000000000e-01
6.640625000000000000e-02 4.169921875000000000e-01 9.335937500000000000e-01
6.738281250000000000e-02 4.150390625000000000e-01 9.326171875000000000e-01
5.957031250000000000e-02 4.648437500000000000e-01 9.404296875000000000e-01
6.152343750000000000e-02 2.285156250000000000e-01 9.384765625000000000e-01
7.226562500000000000e-02 2.568359375000000000e-01 7.490234375000000000e-01
5.957031250000000000e-02 2.626953125000000000e-01 9.404296875000000000e-01
7.519531250000000000e-02 2.578125000000000000e-01 7.412109375000000000e-01
6.054687500000000000e-02 3.183593750000000000e-01 7.207031250000000000e-01
6.054687500000000000e-02 3.085937500000000000e-01 9.394531250000000000e-01
7.031250000000000000e-02 3.476562500000000000e-01 9.296875000000000000e-01
5.566406250000000000e-02 2.265625000000000000e-01 9.443359375000000000e-01
5.859375000000000000e-02 3.222656250000000000e-01 9.414062500000000000e-01
6.250000000000000000e-02 2.373046875000000000e-01 7.099609375000000000e-01
4.003906250000000000e-02 4.345703125000000000e-01 9.599609375000000000e-01
6.347656250000000000e-02 2.734375000000000000e-01 9.365234375000000000e-01
3.613281250000000000e-02 4.179687500000000000e-01 9.638671875000000000e-01
7.226562500000000000e-02 2.509765625000000000e-01 5.126953125000000000e-01
6.640625000000000000e-02 2.646484375000000000e-01 9.335937500000000000e-01
4.589843750000000000e-02 4.726562500000000000e-01 9.541015625000000000e-01
5.468750000000000000e-02 2.519531250000000000e-01 9.453125000000000000e-01
5.175781250000000000e-02 3.916015625000000000e-01 9.482421875000000000e-01
6.250000000000000000e-02 3.417968750000000000e-01 9.375000000000000000e-01
7.812500000000000000e-02 3.730468750000000000e-01 9.218750000000000000e-01
5.566406250000000000e-02 4.511718750000000000e-01 9.443359375000000000e-01
4.101562500000000000e-02 2.363281250000000000e-01 9.589843750000000000e-01
5.175781250000000000e-02 2.626953125000000000e-01 9.482421875000000000e-01
4.980468750000000000e-02 4.355468750000000000e-01 9.501953125000000000e-01
3.417968750000000000e-02 4.765625000000000000e-01 9.658203125000000000e-01
5.371093750000000000e-02 2.929687500000000000e-01 6.562500000000000000e-01
3.808593750000000000e-02 4.228515625000000000e-01 9.619140625000000000e-01
6.347656250000000000e-02 3.427734375000000000e-01 9.365234375000000000e-01
5.566406250000000000e-02 3.925781250000000000e-01 9.443359375000000000e-01
6.347656250000000000e-02 2.773437500000000000e-01 5.556640625000000000e-01
6.250000000000000000e-02 3.300781250000000000e-01 6.816406250000000000e-01
5.761718750000000000e-02 3.251953125000000000e-01 7.265625000000000000e-01
8.105468750000000000e-02 2.714843750000000000e-01 9.189453125000000000e-01
6.054687500000000000e-02 4.511718750000000000e-01 9.394531250000000000e-01
6.542968750000000000e-02 2.871093750000000000e-01 9.345703125000000000e-01
4.980468750000000000e-02 4.560546875000000000e-01 9.501953125000000000e-01
5.175781250000000000e-02 2.480468750000000000e-01 9.482421875000000000e-01
7.714843750000000000e-02 3.056640625000000000e-01 7.167968750000000000e-01
5.957031250000000000e-02 2.314453125000000000e-01 7.363281250000000000e-01
7.910156250000000000e-02 2.451171875000000000e-01 6.835937500000000000e-01
5.957031250000000000e-02 3.759765625000000000e-01 9.404296875000000000e-01
4.882812500000000000e-02 4.560546875000000000e-01 9.511718750000000000e-01
7.226562500000000000e-02 2.900390625000000000e-01 5.986328125000000000e-01
6.445312500000000000e-02 2.392578125000000000e-01 7.382812500000000000e-01
6.250000000000000000e-02 2.080078125000000000e-01 9.375000000000000000e-01
6.347656250000000000e-02 2.998046875000000000e-01 9.365234375000000000e-01
5.664062500000000000e-02 4.238281250000000000e-01 9.433593750000000000e-01
7.617187500000000000e-02 2.578125000000000000e-01 9.238281250000000000e-01
7.714843750000000000e-02 2.822265625000000000e-01 7.890625000000000000e-01
7.128906250000000000e-02 2.871093750000000000e-01 6.806640625000000000e-01
