4.003906250000000000e-02 3.789062500000000000e-01 9.599609375000000000e-01
6.152343750000000000e-02 2.880859375000000000e-01 7.705078125000000000e-01
5.664062500000000000e-02 3.613281250000000000e-01 9.433593750000000000e-01
5.566406250000000000e-02 4.267578125000000000e-01 9.443359375000000000e-01
4.296875000000000000e-02 3.730468750000000000e-01 9.570312500000000000e-01
3.808593750000000000e-02 4.150390625000000000e-01 9.619140625000000000e-01
4.003906250000000000e-02 4.599609375000000000e-01 9.599609375000000000e-01
4.687500000000000000e-02 4.433593750000000000e-01 9.531250000000000000e-01
2.832031250000000000e-02 4.042968750000000000e-01 9.716796875000000000e-01
4.199218750000000000e-02 3.515625000000000000e-01 9.580078125000000000e-01
3.906250000000000000e-02 4.736328125000000000e-01 9.609375000000000000e-01
4.492187500000000000e-02 3.652343750000000000e-01 9.550781250000000000e-01
4.394531250000000000e-02 3.251953125000000000e-01 9.560546875000000000e-01
3.417968750000000000e-02 3.847656250000000000e-01 9.658203125000000000e-01
4.296875000000000000e-02 4.052734375000000000e-01 9.570312500000000000e-01
5.175781250000000000e-02 4.404296875000000000e-01 9.482421875000000000e-01
6.250000000000000000e-02 3.593750000000000000e-01 9.375000000000000000e-01
3.320312500000000000e-02 2.734375000000000000e-01 9.667968750000000000e-01
5.273437500000000000e-02 4.267578125000000000e-01 9.472656250000000000e-01
5.371093750000000000e-02 4.355468750000000000e-01 9.462890625000000000e-01
4.687500000000000000e-02 4.306640625000000000e-01 9.531250000000000000e-01
4.589843750000000000e-02 3.632812500000000000e-01 9.541015625000000000e-01
5.761718750000000000e-02 3.437500000000000000e-01 9.423828125000000000e-01
4.199218750000000000e-02 4.033203125000000000e-01 9.580078125000000000e-01
3.808593750000000000e-02 4.726562500000000000e-01 9.619140625000000000e-01
5.273437500000000000e-02 4.658203125000000000e-01 9.472656250000000000e-01
6.835937500000000000e-02 2.998046875000000000e-01 6.416015625000000000e-01
5.371093750000000000e-02 4.238281250000000000e-01 9.462890625000000000e-01
6.054687500000000000e-02 2.675781250000000000e-01 6.835937500000000000e-01
5.957031250000000000e-02 4.169921875000000000e-01 9.404296875000000000e-01
5.078125000000000000e-02 3.476562500000000000e-01 9.492187500000000000e-01
4.785156250000000000e-02 3.916015625000000000e-01 9.521484375000000000e-01
4.980468750000000000e-02 3.222656250000000000e-01 9.501953125000000000e-01
4.589843750000000000e-02 4.248046875000000000e-01 9.521484375000000000e-01
4.101562500000000000e-02 3.847656250000000000e-01 9.589843750000000000e-01
3.906250000000000000e-02 4.736328125000000000e-01 9.609375000000000000e-01
4.980468750000000000e-02 2.871093750000000000e-01 9.501953125000000000e-01
4.394531250000000000e-02 4.238281250000000000e-01 9.560546875000000000e-01
4.589843750000000000e-02 4.560546875000000000e-01 9.541015625000000000e-01
5.273437500000000000e-02 4.082031250000000000e-01 9.472656250000000000e-01
6.347656250000000000e-02 3.710937500000000000e-01 9.365234375000000000e-01
6.152343750000000000e-02 3.046875000000000000e-01 6.376953125000000000e-01
3.125000000000000000e-02 4.833984375000000000e-01 9.687500000000000000e-01
5.273437500000000000e-02 4.218750000000000000e-01 9.472656250000000000e-01
5.859375000000000000e-02 3.964843750000000000e-01 9.414062500000000000e-01
5.371093750000000000e-02 3.593750000000000000e-01 9.462890625000000000e-01
5.468750000000000000e-02 2.753906250000000000e-01 7.197265625000000000e-01
5.175781250000000000e-02 4.042968750000000000e-01 9.482421875000000000e-01
4.492187500000000000e-02 3.437500000000000000e-01 9.550781250000000000e-01
4.199218750000000000e-02 4.619140625000000000e-01 9.580078125000000000e-01
6.054687500000000000e-02 3.281250000000000000e-01 9.394531250000000000e-01
4.589843750000000000e-02 4.726562500000000000e-01 9.541015625000000000e-01
6.152343750000000000e-02 4.648437500000000000e-01 9.384765625000000000e-01
4.394531250000000000e-02 2.656250000000000000e-01 9.560546875000000000e-01
4.101562500000000000e-02 3.789062500000000000e-01 9.589843750000000000e-01
5.371093750000000000e-02 3.876953125000000000e-01 9.462890625000000000e-01
5.468750000000000000e-02 4.570312500000000000e-01 9.453125000000000000e-01
4.199218750000000000e-02 3.339843750000000000e-01 9.580078125000000000e-01
5.468750000000000000e-02 3.593750000000000000e-01 9.453125000000000000e-01
5.078125000000000000e-02 3.984375000000000000e-01 9.492187500000000000e-01
4.199218750000000000e-02 3.867187500000000000e-01 9.580078125000000000e-01
5.957031250000000000e-02 3.896484375000000000e-01 9.404296875000000000e-01
3.222656250000000000e-02 4.003906250000000000e-01 9.677734375000000000e-01
4.101562500000000000e-02 3.085937500000000000e-01 9.589843750000000000e-01
5.664062500000000000e-02 3.457031250000000000e-01 9.433593750000000000e-01
4.492187500000000000e-02 4.550781250000000000e-01 9.550781250000000000e-01
4.492187500000000000e-02 2.998046875000000000e-01 9.550781250000000000e-01
4.296875000000000000e-02 4.287109375000000000e-01 9.570312500000000000e-01
4.492187500000000000e-02 3.886718750000000000e-01 9.550781250000000000e-01
6.250000000000000000e-02 3.945312500000000000e-01 9.375000000000000000e-01
3.906250000000000000e-02 3.476562500000000000e-01 9.609375000000000000e-01
4.980468750000000000e-02 3.984375000000000000e-01 9.501953125000000000e-01
3.613281250000000000e-02 3.818359375000000000e-01 9.638671875000000000e-01
5.566406250000000000e-02 4.130859375000000000e-01 9.443359375000000000e-01
3.125000000000000000e-02 4.697265625000000000e-01 9.687500000000000000e-01
6.445312500000000000e-02 3.193359375000000000e-01 9.355468750000000000e-01
5.273437500000000000e-02 4.316406250000000000e-01 9.472656250000000000e-01
5.566406250000000000e-02 4.609375000000000000e-01 9.443359375000000000e-01
5.566406250000000000e-02 4.296875000000000000e-01 9.443359375000000000e-01
3.808593750000000000e-02 3.759765625000000000e-01 9.619140625000000000e-01
5.078125000000000000e-02 4.062500000000000000e-01 9.492187500000000000e-01
4.296875000000000000e-02 4.140625000000000000e-01 9.570312500000000000e-01
3.515625000000000000e-02 4.462890625000000000e-01 9.648437500000000000e-01
3.613281250000000000e-02 4.433593750000000000e-01 9.638671875000000000e-01
4.492187500000000000e-02 4.169921875000000000e-01 9.550781250000000000e-01
4.687500000000000000e-02 4.492187500000000000e-01 9.531250000000000000e-01
6.250000000000000000e-02 4.619140625000000000e-01 9.365234375000000000e-01
4.785156250000000000e-02 4.609375000000000000e-01 9.521484375000000000e-01
3.906250000000000000e-02 4.326171875000000000e-01 9.609375000000000000e-01
4.687500000000000000e-02 2.460937500000000000e-01 9.531250000000000000e-01
4.980468750000000000e-02 4.296875000000000000e-01 9.501953125000000000e-01
4.589843750000000000e-02 4.667968750000000000e-01 9.541015625000000000e-01
6.933593750000000000e-02 3.056640625000000000e-01 6.376953125000000000e-01
4.589843750000000000e-02 4.326171875000000000e-01 9.541015625000000000e-01
5.371093750000000000e-02 3.593750000000000000e-01 9.462890625000000000e-01
3.222656250000000000e-02 3.349609375000000000e-01 9.677734375000000000e-01
5.566406250000000000e-02 4.277343750000000000e-01 9.443359375000000000e-01
4.492187500000000000e-02 4.199218750000000000e-01 9.550781250000000000e-01
5.371093750000000000e-02 4.062500000000000000e-01 9.462890625000000000e-01
5.273437500000000000e-02 4.570312500000000000e-01 9.472656250000000000e-01
