2.695312500000000000e-01 3.496093750000000000e-01 7.070312500000000000e-01
3.564453125000000000e-01 1.250000000000000000e-01 2.978515625000000000e-01
3.212890625000000000e-01 1.718750000000000000e-01 6.005859375000000000e-01
3.271484375000000000e-01 2.578125000000000000e-01 5.761718750000000000e-01
3.447265625000000000e-01 1.347656250000000000e-01 4.638671875000000000e-01
3.320312500000000000e-01 1.542968750000000000e-01 4.511718750000000000e-01
3.398437500000000000e-01 1.416015625000000000e-01 5.468750000000000000e-01
3.144531250000000000e-01 2.226562500000000000e-01 6.015625000000000000e-01
3.525390625000000000e-01 1.279296875000000000e-01 2.900390625000000000e-01
3.535156250000000000e-01 1.005859375000000000e-01 3.115234375000000000e-01
3.212890625000000000e-01 1.562500000000000000e-01 5.625000000000000000e-01
3.271484375000000000e-01 2.275390625000000000e-01 6.181640625000000000e-01
3.750000000000000000e-01 1.542968750000000000e-01 2.792968750000000000e-01
3.359375000000000000e-01 1.826171875000000000e-01 5.507812500000000000e-01
3.203125000000000000e-01 2.558593750000000000e-01 5.742187500000000000e-01
3.203125000000000000e-01 1.484375000000000000e-01 4.365234375000000000e-01
3.281250000000000000e-01 2.939453125000000000e-01 5.888671875000000000e-01
3.164062500000000000e-01 2.324218750000000000e-01 5.732421875000000000e-01
3.320312500000000000e-01 1.787109375000000000e-01 4.960937500000000000e-01
3.242187500000000000e-01 1.376953125000000000e-01 3.906250000000000000e-01
3.486328125000000000e-01 9.570312500000000000e-02 2.167968750000000000e-01
3.564453125000000000e-01 1.455078125000000000e-01 4.150390625000000000e-01
3.193359375000000000e-01 1.738281250000000000e-01 5.449218750000000000e-01
3.183593750000000000e-01 1.992187500000000000e-01 4.160156250000000000e-01
3.310546875000000000e-01 2.685546875000000000e-01 5.371093750000000000e-01
3.710937500000000000e-01 1.123046875000000000e-01 2.343750000000000000e-01
3.281250000000000000e-01 2.294921875000000000e-01 5.361328125000000000e-01
3.144531250000000000e-01 7.519531250000000000e-02 5.380859375000000000e-01
3.242187500000000000e-01 1.611328125000000000e-01 5.917968750000000000e-01
3.339843750000000000e-01 1.435546875000000000e-01 3.212890625000000000e-01
2.626953125000000000e-01 1.035156250000000000e-01 6.943359375000000000e-01
3.388671875000000000e-01 1.132812500000000000e-01 3.505859375000000000e-01
3.349609375000000000e-01 1.162109375000000000e-01 3.691406250000000000e-01
3.154296875000000000e-01 2.597656250000000000e-01 6.660156250000000000e-01
3.447265625000000000e-01 1.123046875000000000e-01 3.564453125000000000e-01
3.525390625000000000e-01 9.570312500000000000e-02 5.048828125000000000e-01
3.310546875000000000e-01 9.863281250000000000e-02 5.722656250000000000e-01
3.212890625000000000e-01 2.480468750000000000e-01 5.820312500000000000e-01
3.134765625000000000e-01 2.646484375000000000e-01 6.298828125000000000e-01
3.701171875000000000e-01 9.765625000000000000e-02 3.017578125000000000e-01
3.359375000000000000e-01 1.943359375000000000e-01 4.863281250000000000e-01
3.466796875000000000e-01 1.171875000000000000e-01 3.681640625000000000e-01
3.115234375000000000e-01 1.757812500000000000e-01 4.550781250000000000e-01
3.535156250000000000e-01 1.025390625000000000e-01 3.007812500000000000e-01
3.261718750000000000e-01 2.060546875000000000e-01 4.980468750000000000e-01
3.310546875000000000e-01 2.480468750000000000e-01 5.185546875000000000e-01
3.154296875000000000e-01 1.181640625000000000e-01 4.951171875000000000e-01
3.427734375000000000e-01 1.767578125000000000e-01 4.140625000000000000e-01
3.261718750000000000e-01 2.167968750000000000e-01 4.433593750000000000e-01
3.525390625000000000e-01 1.113281250000000000e-01 4.228515625000000000e-01
3.554687500000000000e-01 1.582031250000000000e-01 4.980468750000000000e-01
3.281250000000000000e-01 1.250000000000000000e-01 5.146484375000000000e-01
3.134765625000000000e-01 1.513671875000000000e-01 5.468750000000000000e-01
3.242187500000000000e-01 1.767578125000000000e-01 4.873046875000000000e-01
3.212890625000000000e-01 2.832031250000000000e-01 6.279296875000000000e-01
3.457031250000000000e-01 1.005859375000000000e-01 2.597656250000000000e-01
3.437500000000000000e-01 6.835937500000000000e-02 3.515625000000000000e-01
3.339843750000000000e-01 8.789062500000000000e-02 4.912109375000000000e-01
3.447265625000000000e-01 1.367187500000000000e-01 4.394531250000000000e-01
3.115234375000000000e-01 1.132812500000000000e-01 5.361328125000000000e-01
3.359375000000000000e-01 2.158203125000000000e-01 5.009765625000000000e-01
3.349609375000000000e-01 1.689453125000000000e-01 4.541015625000000000e-01
3.408203125000000000e-01 1.767578125000000000e-01 4.882812500000000000e-01
3.564453125000000000e-01 1.279296875000000000e-01 2.617187500000000000e-01
2.685546875000000000e-01 9.960937500000000000e-02 7.031250000000000000e-01
3.310546875000000000e-01 1.748046875000000000e-01 4.824218750000000000e-01
3.437500000000000000e-01 1.669921875000000000e-01 3.574218750000000000e-01
3.291015625000000000e-01 1.777343750000000000e-01 4.707031250000000000e-01
3.652343750000000000e-01 1.533203125000000000e-01 4.082031250000000000e-01
3.310546875000000000e-01 1.533203125000000000e-01 4.404296875000000000e-01
3.115234375000000000e-01 1.728515625000000000e-01 6.269531250000000000e-01
3.066406250000000000e-01 1.220703125000000000e-01 5.781250000000000000e-01
3.378906250000000000e-01 1.640625000000000000e-01 5.830078125000000000e-01
2.626953125000000000e-01 1.425781250000000000e-01 7.285156250000000000e-01
3.486328125000000000e-01 1.376953125000000000e-01 3.525390625000000000e-01
3.203125000000000000e-01 1.699218750000000000e-01 6.044921875000000000e-01
3.349609375000000000e-01 2.148437500000000000e-01 4.863281250000000000e-01
3.398437500000000000e-01 1.210937500000000000e-01 4.707031250000000000e-01
3.457031250000000000e-01 1.210937500000000000e-01 3.779296875000000000e-01
3.251953125000000000e-01 1.748046875000000000e-01 5.478515625000000000e-01
3.330078125000000000e-01 1.337890625000000000e-01 4.423828125000000000e-01
3.193359375000000000e-01 1.787109375000000000e-01 6.171875000000000000e-01
3.320312500000000000e-01 1.542968750000000000e-01 6.035156250000000000e-01
3.623046875000000000e-01 1.250000000000000000e-01 3.447265625000000000e-01
3.642578125000000000e-01 1.113281250000000000e-01 2.285156250000000000e-01
3.535156250000000000e-01 1.289062500000000000e-01 2.880859375000000000e-01
3.271484375000000000e-01 1.611328125000000000e-01 4.277343750000000000e-01
3.320312500000000000e-01 1.347656250000000000e-01 5.507812500000000000e-01
3.359375000000000000e-01 1.728515625000000000e-01 5.888671875000000000e-01
3.476562500000000000e-01 1.533203125000000000e-01 3.076171875000000000e-01
3.076171875000000000e-01 1.503906250000000000e-01 6.718750000000000000e-01
3.671875000000000000e-01 1.103515625000000000e-01 2.314453125000000000e-01
3.349609375000000000e-01 1.474609375000000000e-01 5.869140625000000000e-01
3.144531250000000000e-01 2.792968750000000000e-01 6.171875000000000000e-01
3.544921875000000000e-01 1.513671875000000000e-01 5.146484375000000000e-01
2.773437500000000000e-01 2.353515625000000000e-01 7.060546875000000000e-01
3.398437500000000000e-01 2.138671875000000000e-01 4.326171875000000000e-01
3.271484375000000000e-01 1.806640625000000000e-01 4.716796875000000000e-01
2.734375000000000000e-01 1.572265625000000000e-01 5.371093750000000000e-01
3.388671875000000000e-01 2.158203125000000000e-01 5.615234375000000000e-01
