2.841796875000000000e-01 8.593750000000000000e-02 5.458984375000000000e-01
3.046875000000000000e-01 2.265625000000000000e-01 4.794921875000000000e-01
2.919921875000000000e-01 1.142578125000000000e-01 4.814453125000000000e-01
3.056640625000000000e-01 1.796875000000000000e-01 3.896484375000000000e-01
2.812500000000000000e-01 2.470703125000000000e-01 6.162109375000000000e-01
3.056640625000000000e-01 2.119140625000000000e-01 5.185546875000000000e-01
3.066406250000000000e-01 1.748046875000000000e-01 5.410156250000000000e-01
3.212890625000000000e-01 1.689453125000000000e-01 3.613281250000000000e-01
3.007812500000000000e-01 1.875000000000000000e-01 5.449218750000000000e-01
3.154296875000000000e-01 1.484375000000000000e-01 5.214843750000000000e-01
2.958984375000000000e-01 2.099609375000000000e-01 6.142578125000000000e-01
3.398437500000000000e-01 1.093750000000000000e-01 2.460937500000000000e-01
3.027343750000000000e-01 1.621093750000000000e-01 5.283203125000000000e-01
3.261718750000000000e-01 9.960937500000000000e-02 2.158203125000000000e-01
2.949218750000000000e-01 2.099609375000000000e-01 5.400390625000000000e-01
3.066406250000000000e-01 1.347656250000000000e-01 2.939453125000000000e-01
3.320312500000000000e-01 1.015625000000000000e-01 2.207031250000000000e-01
2.685546875000000000e-01 2.041015625000000000e-01 6.796875000000000000e-01
2.900390625000000000e-01 1.591796875000000000e-01 6.337890625000000000e-01
2.949218750000000000e-01 1.503906250000000000e-01 5.517578125000000000e-01
2.939453125000000000e-01 1.376953125000000000e-01 5.898437500000000000e-01
3.212890625000000000e-01 1.435546875000000000e-01 3.974609375000000000e-01
2.910156250000000000e-01 1.425781250000000000e-01 5.576171875000000000e-01
2.939453125000000000e-01 1.191406250000000000e-01 4.287109375000000000e-01
3.046875000000000000e-01 8.691406250000000000e-02 5.341796875000000000e-01
3.310546875000000000e-01 8.789062500000000000e-02 3.232421875000000000e-01
3.027343750000000000e-01 2.314453125000000000e-01 5.019531250000000000e-01
3.359375000000000000e-01 9.179687500000000000e-02 2.460937500000000000e-01
2.880859375000000000e-01 1.406250000000000000e-01 6.718750000000000000e-01
3.027343750000000000e-01 1.123046875000000000e-01 2.568359375000000000e-01
3.056640625000000000e-01 1.455078125000000000e-01 5.146484375000000000e-01
2.626953125000000000e-01 1.748046875000000000e-01 6.640625000000000000e-01
3.203125000000000000e-01 1.123046875000000000e-01 4.863281250000000000e-01
2.988281250000000000e-01 9.570312500000000000e-02 4.707031250000000000e-01
2.802734375000000000e-01 2.011718750000000000e-01 7.041015625000000000e-01
3.203125000000000000e-01 1.328125000000000000e-01 2.500000000000000000e-01
3.017578125000000000e-01 1.660156250000000000e-01 5.341796875000000000e-01
2.939453125000000000e-01 1.494140625000000000e-01 6.210937500000000000e-01
2.841796875000000000e-01 2.041015625000000000e-01 5.791015625000000000e-01
2.968750000000000000e-01 1.230468750000000000e-01 4.140625000000000000e-01
3.212890625000000000e-01 1.484375000000000000e-01 3.095703125000000000e-01
3.037109375000000000e-01 2.578125000000000000e-01 5.244140625000000000e-01
2.626953125000000000e-01 1.445312500000000000e-01 6.435546875000000000e-01
3.105468750000000000e-01 1.464843750000000000e-01 3.457031250000000000e-01
2.880859375000000000e-01 2.773437500000000000e-01 6.562500000000000000e-01
2.978515625000000000e-01 1.142578125000000000e-01 5.078125000000000000e-01
2.998046875000000000e-01 1.435546875000000000e-01 4.550781250000000000e-01
3.007812500000000000e-01 1.884765625000000000e-01 4.833984375000000000e-01
2.841796875000000000e-01 1.435546875000000000e-01 4.501953125000000000e-01
3.046875000000000000e-01 1.005859375000000000e-01 5.566406250000000000e-01
2.988281250000000000e-01 2.167968750000000000e-01 4.472656250000000000e-01
2.949218750000000000e-01 1.484375000000000000e-01 5.615234375000000000e-01
3.056640625000000000e-01 2.167968750000000000e-01 5.156250000000000000e-01
2.753906250000000000e-01 2.353515625000000000e-01 4.804687500000000000e-01
3.203125000000000000e-01 1.621093750000000000e-01 3.623046875000000000e-01
2.900390625000000000e-01 1.494140625000000000e-01 5.078125000000000000e-01
2.597656250000000000e-01 1.484375000000000000e-01 7.402343750000000000e-01
3.154296875000000000e-01 1.035156250000000000e-01 3.730468750000000000e-01
3.037109375000000000e-01 1.171875000000000000e-01 4.970703125000000000e-01
3.173828125000000000e-01 9.375000000000000000e-02 3.046875000000000000e-01
2.988281250000000000e-01 1.455078125000000000e-01 6.259765625000000000e-01
2.812500000000000000e-01 2.822265625000000000e-01 6.962890625000000000e-01
2.919921875000000000e-01 2.568359375000000000e-01 5.625000000000000000e-01
2.900390625000000000e-01 2.568359375000000000e-01 5.224609375000000000e-01
2.675781250000000000e-01 1.279296875000000000e-01 7.226562500000000000e-01
3.105468750000000000e-01 2.500000000000000000e-01 6.191406250000000000e-01
2.939453125000000000e-01 2.119140625000000000e-01 5.322265625000000000e-01
3.007812500000000000e-01 1.396484375000000000e-01 3.378906250000000000e-01
3.261718750000000000e-01 1.435546875000000000e-01 3.281250000000000000e-01
3.105468750000000000e-01 2.060546875000000000e-01 4.882812500000000000e-01
3.017578125000000000e-01 2.392578125000000000e-01 4.960937500000000000e-01
2.900390625000000000e-01 1.777343750000000000e-01 5.273437500000000000e-01
3.281250000000000000e-01 1.054687500000000000e-01 2.597656250000000000e-01
3.232421875000000000e-01 1.015625000000000000e-01 3.330078125000000000e-01
2.929687500000000000e-01 1.376953125000000000e-01 5.351562500000000000e-01
3.066406250000000000e-01 2.246093750000000000e-01 5.048828125000000000e-01
2.724609375000000000e-01 3.496093750000000000e-01 7.187500000000000000e-01
3.173828125000000000e-01 1.767578125000000000e-01 3.574218750000000000e-01
3.027343750000000000e-01 1.523437500000000000e-01 4.160156250000000000e-01
3.115234375000000000e-01 1.796875000000000000e-01 4.521484375000000000e-01
2.871093750000000000e-01 1.982421875000000000e-01 6.406250000000000000e-01
2.714843750000000000e-01 3.613281250000000000e-01 7.275390625000000000e-01
2.871093750000000000e-01 1.816406250000000000e-01 6.210937500000000000e-01
3.017578125000000000e-01 1.796875000000000000e-01 6.259765625000000000e-01
2.978515625000000000e-01 2.324218750000000000e-01 5.615234375000000000e-01
3.115234375000000000e-01 1.132812500000000000e-01 3.994140625000000000e-01
3.076171875000000000e-01 1.181640625000000000e-01 5.283203125000000000e-01
2.666015625000000000e-01 1.777343750000000000e-01 7.148437500000000000e-01
2.480468750000000000e-01 3.466796875000000000e-01 7.500000000000000000e-01
2.998046875000000000e-01 1.611328125000000000e-01 4.121093750000000000e-01
3.242187500000000000e-01 1.347656250000000000e-01 3.623046875000000000e-01
3.232421875000000000e-01 1.376953125000000000e-01 3.750000000000000000e-01
3.300781250000000000e-01 1.679687500000000000e-01 3.564453125000000000e-01
2.783203125000000000e-01 1.748046875000000000e-01 7.128906250000000000e-01
3.115234375000000000e-01 1.591796875000000000e-01 4.873046875000000000e-01
2.968750000000000000e-01 2.402343750000000000e-01 5.029296875000000000e-01
2.910156250000000000e-01 2.089843750000000000e-01 5.986328125000000000e-01
2.919921875000000000e-01 1.728515625000000000e-01 6.738281250000000000e-01
2.695312500000000000e-01 1.513671875000000000e-01 6.865234375000000000e-01
3.105468750000000000e-01 2.128906250000000000e-01 4.316406250000000000e-01
