9.765625000000000000e-02 4.013671875000000000e-01 9.023437500000000000e-01
1.152343750000000000e-01 3.378906250000000000e-01 7.646484375000000000e-01
9.667968750000000000e-02 2.861328125000000000e-01 9.033203125000000000e-01
1.035156250000000000e-01 3.613281250000000000e-01 8.964843750000000000e-01
1.308593750000000000e-01 2.695312500000000000e-01 8.691406250000000000e-01
1.250000000000000000e-01 2.539062500000000000e-01 6.064453125000000000e-01
1.064453125000000000e-01 2.246093750000000000e-01 8.935546875000000000e-01
1.132812500000000000e-01 1.943359375000000000e-01 4.697265625000000000e-01
1.259765625000000000e-01 2.207031250000000000e-01 5.888671875000000000e-01
9.667968750000000000e-02 2.402343750000000000e-01 9.033203125000000000e-01
1.025390625000000000e-01 3.007812500000000000e-01 7.734375000000000000e-01
1.181640625000000000e-01 2.646484375000000000e-01 8.378906250000000000e-01
1.113281250000000000e-01 2.968750000000000000e-01 7.548828125000000000e-01
1.152343750000000000e-01 3.212890625000000000e-01 7.480468750000000000e-01
1.083984375000000000e-01 3.769531250000000000e-01 8.916015625000000000e-01
7.519531250000000000e-02 3.994140625000000000e-01 9.248046875000000000e-01
1.269531250000000000e-01 1.640625000000000000e-01 3.554687500000000000e-01
1.132812500000000000e-01 1.132812500000000000e-01 7.929687500000000000e-01
1.074218750000000000e-01 2.568359375000000000e-01 6.513671875000000000e-01
1.259765625000000000e-01 3.457031250000000000e-01 7.539062500000000000e-01
1.523437500000000000e-01 2.451171875000000000e-01 4.931640625000000000e-01
1.044921875000000000e-01 1.953125000000000000e-01 7.832031250000000000e-01
1.181640625000000000e-01 4.267578125000000000e-01 8.818359375000000000e-01
1.005859375000000000e-01 2.158203125000000000e-01 8.183593750000000000e-01
1.113281250000000000e-01 3.398437500000000000e-01 8.886718750000000000e-01
9.960937500000000000e-02 4.160156250000000000e-01 9.003906250000000000e-01
1.181640625000000000e-01 2.636718750000000000e-01 6.289062500000000000e-01
1.240234375000000000e-01 2.138671875000000000e-01 7.060546875000000000e-01
1.279296875000000000e-01 1.962890625000000000e-01 5.312500000000000000e-01
5.957031250000000000e-02 2.089843750000000000e-01 9.404296875000000000e-01
1.171875000000000000e-01 2.812500000000000000e-01 6.279296875000000000e-01
9.277343750000000000e-02 3.212890625000000000e-01 6.738281250000000000e-01
1.191406250000000000e-01 3.886718750000000000e-01 8.808593750000000000e-01
1.220703125000000000e-01 2.968750000000000000e-01 6.533203125000000000e-01
9.570312500000000000e-02 2.138671875000000000e-01 7.900390625000000000e-01
9.667968750000000000e-02 2.783203125000000000e-01 7.207031250000000000e-01
1.152343750000000000e-01 1.816406250000000000e-01 6.699218750000000000e-01
1.406250000000000000e-01 3.154296875000000000e-01 7.011718750000000000e-01
9.667968750000000000e-02 3.115234375000000000e-01 9.033203125000000000e-01
9.375000000000000000e-02 4.218750000000000000e-01 9.062500000000000000e-01
1.074218750000000000e-01 3.574218750000000000e-01 8.925781250000000000e-01
1.044921875000000000e-01 3.037109375000000000e-01 7.822265625000000000e-01
7.714843750000000000e-02 3.662109375000000000e-01 9.228515625000000000e-01
9.082031250000000000e-02 1.552734375000000000e-01 9.091796875000000000e-01
1.035156250000000000e-01 2.949218750000000000e-01 8.964843750000000000e-01
1.035156250000000000e-01 4.238281250000000000e-01 8.964843750000000000e-01
1.103515625000000000e-01 2.705078125000000000e-01 5.947265625000000000e-01
1.220703125000000000e-01 2.265625000000000000e-01 8.779296875000000000e-01
1.250000000000000000e-01 2.011718750000000000e-01 4.326171875000000000e-01
1.113281250000000000e-01 3.203125000000000000e-01 8.886718750000000000e-01
1.113281250000000000e-01 3.544921875000000000e-01 8.076171875000000000e-01
1.210937500000000000e-01 1.982421875000000000e-01 5.283203125000000000e-01
1.533203125000000000e-01 1.367187500000000000e-01 4.169921875000000000e-01
1.083984375000000000e-01 1.044921875000000000e-01 8.916015625000000000e-01
1.308593750000000000e-01 1.757812500000000000e-01 3.583984375000000000e-01
1.201171875000000000e-01 3.583984375000000000e-01 8.193359375000000000e-01
1.259765625000000000e-01 2.607421875000000000e-01 5.683593750000000000e-01
7.519531250000000000e-02 4.482421875000000000e-01 9.248046875000000000e-01
1.269531250000000000e-01 2.363281250000000000e-01 7.548828125000000000e-01
1.015625000000000000e-01 3.339843750000000000e-01 7.509765625000000000e-01
1.103515625000000000e-01 3.896484375000000000e-01 8.896484375000000000e-01
1.142578125000000000e-01 1.611328125000000000e-01 5.957031250000000000e-01
1.035156250000000000e-01 3.466796875000000000e-01 7.509765625000000000e-01
1.113281250000000000e-01 3.007812500000000000e-01 6.347656250000000000e-01
9.863281250000000000e-02 1.855468750000000000e-01 9.013671875000000000e-01
1.259765625000000000e-01 2.470703125000000000e-01 6.611328125000000000e-01
9.472656250000000000e-02 2.656250000000000000e-01 9.052734375000000000e-01
1.396484375000000000e-01 2.812500000000000000e-01 5.810546875000000000e-01
1.298828125000000000e-01 2.851562500000000000e-01 7.021484375000000000e-01
1.064453125000000000e-01 2.529296875000000000e-01 7.031250000000000000e-01
9.960937500000000000e-02 2.656250000000000000e-01 9.003906250000000000e-01
1.210937500000000000e-01 2.392578125000000000e-01 5.781250000000000000e-01
1.220703125000000000e-01 3.779296875000000000e-01 8.291015625000000000e-01
1.357421875000000000e-01 1.533203125000000000e-01 4.326171875000000000e-01
1.064453125000000000e-01 2.802734375000000000e-01 5.800781250000000000e-01
1.464843750000000000e-01 1.542968750000000000e-01 6.552734375000000000e-01
1.132812500000000000e-01 1.611328125000000000e-01 7.597656250000000000e-01
1.201171875000000000e-01 2.597656250000000000e-01 6.992187500000000000e-01
1.318359375000000000e-01 1.269531250000000000e-01 4.765625000000000000e-01
8.203125000000000000e-02 3.671875000000000000e-01 9.179687500000000000e-01
9.375000000000000000e-02 3.173828125000000000e-01 9.062500000000000000e-01
1.152343750000000000e-01 2.070312500000000000e-01 7.314453125000000000e-01
1.376953125000000000e-01 2.402343750000000000e-01 4.960937500000000000e-01
1.396484375000000000e-01 1.806640625000000000e-01 5.458984375000000000e-01
1.289062500000000000e-01 2.333984375000000000e-01 6.630859375000000000e-01
1.337890625000000000e-01 1.806640625000000000e-01 4.882812500000000000e-01
1.386718750000000000e-01 2.041015625000000000e-01 4.384765625000000000e-01
1.425781250000000000e-01 2.099609375000000000e-01 5.205078125000000000e-01
1.337890625000000000e-01 2.265625000000000000e-01 6.445312500000000000e-01
1.171875000000000000e-01 1.699218750000000000e-01 5.898437500000000000e-01
9.863281250000000000e-02 3.466796875000000000e-01 9.013671875000000000e-01
9.179687500000000000e-02 3.193359375000000000e-01 9.082031250000000000e-01
1.298828125000000000e-01 2.607421875000000000e-01 5.634765625000000000e-01
1.171875000000000000e-01 3.349609375000000000e-01 7.460937500000000000e-01
1.240234375000000000e-01 3.691406250000000000e-01 7.539062500000000000e-01
8.691406250000000000e-02 2.382812500000000000e-01 8.056640625000000000e-01
1.152343750000000000e-01 2.285156250000000000e-01 6.357421875000000000e-01
9.179687500000000000e-02 2.128906250000000000e-01 8.466796875000000000e-01
1.083984375000000000e-01 2.402343750000000000e-01 8.134765625000000000e-01
1.171875000000000000e-01 1.484375000000000000e-01 8.828125000000000000e-01
