8.496093750000000000e-02 3.486328125000000000e-01 7.080078125000000000e-01
1.035156250000000000e-01 2.890625000000000000e-01 8.242187500000000000e-01
9.277343750000000000e-02 3.642578125000000000e-01 9.072265625000000000e-01
1.035156250000000000e-01 3.525390625000000000e-01 7.597656250000000000e-01
1.093750000000000000e-01 4.208984375000000000e-01 8.906250000000000000e-01
8.203125000000000000e-02 2.753906250000000000e-01 8.095703125000000000e-01
1.113281250000000000e-01 3.232421875000000000e-01 6.455078125000000000e-01
7.226562500000000000e-02 3.183593750000000000e-01 9.277343750000000000e-01
1.308593750000000000e-01 2.597656250000000000e-01 5.351562500000000000e-01
8.496093750000000000e-02 4.580078125000000000e-01 9.150390625000000000e-01
7.714843750000000000e-02 3.173828125000000000e-01 9.228515625000000000e-01
1.259765625000000000e-01 1.884765625000000000e-01 4.511718750000000000e-01
8.984375000000000000e-02 1.982421875000000000e-01 5.927734375000000000e-01
9.863281250000000000e-02 2.578125000000000000e-01 5.322265625000000000e-01
9.472656250000000000e-02 3.242187500000000000e-01 9.052734375000000000e-01
7.812500000000000000e-02 2.255859375000000000e-01 5.224609375000000000e-01
8.593750000000000000e-02 2.001953125000000000e-01 7.236328125000000000e-01
1.132812500000000000e-01 3.076171875000000000e-01 7.187500000000000000e-01
8.789062500000000000e-02 2.119140625000000000e-01 6.464843750000000000e-01
1.181640625000000000e-01 2.265625000000000000e-01 5.839843750000000000e-01
1.113281250000000000e-01 2.460937500000000000e-01 7.890625000000000000e-01
8.984375000000000000e-02 2.324218750000000000e-01 6.972656250000000000e-01
8.789062500000000000e-02 1.796875000000000000e-01 9.121093750000000000e-01
1.025390625000000000e-01 2.871093750000000000e-01 6.347656250000000000e-01
8.300781250000000000e-02 3.427734375000000000e-01 9.169921875000000000e-01
8.300781250000000000e-02 2.138671875000000000e-01 9.169921875000000000e-01
9.570312500000000000e-02 2.402343750000000000e-01 7.851562500000000000e-01
9.667968750000000000e-02 3.339843750000000000e-01 8.232421875000000000e-01
9.960937500000000000e-02 2.880859375000000000e-01 8.212890625000000000e-01
4.296875000000000000e-02 2.128906250000000000e-01 9.570312500000000000e-01
7.128906250000000000e-02 2.724609375000000000e-01 9.287109375000000000e-01
8.300781250000000000e-02 3.076171875000000000e-01 6.318359375000000000e-01
1.044921875000000000e-01 3.613281250000000000e-01 7.861328125000000000e-01
6.835937500000000000e-02 3.027343750000000000e-01 9.316406250000000000e-01
1.035156250000000000e-01 2.314453125000000000e-01 8.964843750000000000e-01
9.082031250000000000e-02 3.515625000000000000e-01 8.144531250000000000e-01
1.015625000000000000e-01 2.548828125000000000e-01 7.939453125000000000e-01
9.667968750000000000e-02 2.851562500000000000e-01 9.033203125000000000e-01
8.984375000000000000e-02 3.115234375000000000e-01 6.416015625000000000e-01
8.789062500000000000e-02 2.763671875000000000e-01 6.718750000000000000e-01
1.074218750000000000e-01 3.134765625000000000e-01 6.982421875000000000e-01
1.005859375000000000e-01 3.212890625000000000e-01 7.851562500000000000e-01
5.371093750000000000e-02 2.578125000000000000e-01 9.462890625000000000e-01
8.593750000000000000e-02 2.871093750000000000e-01 7.236328125000000000e-01
1.044921875000000000e-01 1.748046875000000000e-01 6.347656250000000000e-01
8.691406250000000000e-02 3.447265625000000000e-01 7.744140625000000000e-01
5.078125000000000000e-02 3.496093750000000000e-01 9.492187500000000000e-01
1.044921875000000000e-01 3.076171875000000000e-01 8.007812500000000000e-01
1.044921875000000000e-01 3.339843750000000000e-01 8.955078125000000000e-01
1.171875000000000000e-01 1.308593750000000000e-01 8.828125000000000000e-01
1.074218750000000000e-01 2.851562500000000000e-01 8.925781250000000000e-01
8.593750000000000000e-02 2.060546875000000000e-01 6.298828125000000000e-01
8.300781250000000000e-02 2.988281250000000000e-01 7.275390625000000000e-01
1.015625000000000000e-01 2.050781250000000000e-01 5.097656250000000000e-01
9.960937500000000000e-02 3.691406250000000000e-01 7.392578125000000000e-01
1.250000000000000000e-01 1.328125000000000000e-01 3.671875000000000000e-01
9.472656250000000000e-02 2.138671875000000000e-01 7.490234375000000000e-01
7.812500000000000000e-02 3.164062500000000000e-01 9.218750000000000000e-01
1.240234375000000000e-01 1.806640625000000000e-01 4.570312500000000000e-01
5.859375000000000000e-02 4.072265625000000000e-01 9.414062500000000000e-01
1.103515625000000000e-01 1.875000000000000000e-01 8.896484375000000000e-01
1.171875000000000000e-01 1.416015625000000000e-01 4.218750000000000000e-01
8.593750000000000000e-02 2.851562500000000000e-01 9.140625000000000000e-01
1.093750000000000000e-01 2.255859375000000000e-01 6.386718750000000000e-01
1.064453125000000000e-01 2.929687500000000000e-01 7.626953125000000000e-01
7.617187500000000000e-02 3.095703125000000000e-01 9.238281250000000000e-01
9.375000000000000000e-02 3.486328125000000000e-01 7.871093750000000000e-01
9.375000000000000000e-02 3.144531250000000000e-01 6.357421875000000000e-01
1.093750000000000000e-01 4.267578125000000000e-01 8.906250000000000000e-01
1.064453125000000000e-01 2.666015625000000000e-01 8.525390625000000000e-01
9.375000000000000000e-02 2.900390625000000000e-01 9.062500000000000000e-01
8.203125000000000000e-02 2.919921875000000000e-01 7.763671875000000000e-01
7.812500000000000000e-02 2.529296875000000000e-01 5.439453125000000000e-01
8.593750000000000000e-02 1.738281250000000000e-01 5.937500000000000000e-01
7.812500000000000000e-02 2.148437500000000000e-01 7.128906250000000000e-01
9.570312500000000000e-02 2.919921875000000000e-01 6.884765625000000000e-01
1.015625000000000000e-01 1.767578125000000000e-01 6.406250000000000000e-01
1.083984375000000000e-01 2.871093750000000000e-01 6.064453125000000000e-01
8.496093750000000000e-02 3.720703125000000000e-01 9.150390625000000000e-01
9.179687500000000000e-02 2.402343750000000000e-01 9.082031250000000000e-01
9.277343750000000000e-02 3.144531250000000000e-01 9.072265625000000000e-01
1.240234375000000000e-01 1.455078125000000000e-01 4.257812500000000000e-01
1.064453125000000000e-01 1.806640625000000000e-01 7.490234375000000000e-01
9.765625000000000000e-02 4.199218750000000000e-01 9.023437500000000000e-01
1.035156250000000000e-01 2.539062500000000000e-01 7.900390625000000000e-01
8.984375000000000000e-02 2.607421875000000000e-01 7.353515625000000000e-01
1.015625000000000000e-01 2.177734375000000000e-01 4.863281250000000000e-01
1.064453125000000000e-01 1.992187500000000000e-01 7.324218750000000000e-01
4.589843750000000000e-02 4.316406250000000000e-01 9.541015625000000000e-01
1.054687500000000000e-01 2.646484375000000000e-01 5.908203125000000000e-01
1.044921875000000000e-01 2.382812500000000000e-01 5.859375000000000000e-01
9.960937500000000000e-02 2.197265625000000000e-01 7.929687500000000000e-01
9.667968750000000000e-02 4.238281250000000000e-01 9.033203125000000000e-01
1.025390625000000000e-01 2.050781250000000000e-01 4.140625000000000000e-01
1.074218750000000000e-01 2.597656250000000000e-01 5.703125000000000000e-01
9.375000000000000000e-02 3.955078125000000000e-01 9.062500000000000000e-01
1.035156250000000000e-01 1.542968750000000000e-01 5.429687500000000000e-01
1.064453125000000000e-01 2.783203125000000000e-01 6.806640625000000000e-01
9.472656250000000000e-02 2.744140625000000000e-01 9.052734375000000000e-01
1.074218750000000000e-01 3.525390625000000000e-01 8.925781250000000000e-01
