5.761718750000000000e-02 3.925781250000000000e-01 9.423828125000000000e-01
6.640625000000000000e-02 2.246093750000000000e-01 7.265625000000000000e-01
8.789062500000000000e-02 2.822265625000000000e-01 7.666015625000000000e-01
4.394531250000000000e-02 4.306640625000000000e-01 9.560546875000000000e-01
8.984375000000000000e-02 2.275390625000000000e-01 6.972656250000000000e-01
7.617187500000000000e-02 2.900390625000000000e-01 7.080078125000000000e-01
4.882812500000000000e-02 4.208984375000000000e-01 9.511718750000000000e-01
6.835937500000000000e-02 3.320312500000000000e-01 9.316406250000000000e-01
7.617187500000000000e-02 4.003906250000000000e-01 9.238281250000000000e-01
8.105468750000000000e-02 1.992187500000000000e-01 9.189453125000000000e-01
6.347656250000000000e-02 2.109375000000000000e-01 7.666015625000000000e-01
8.593750000000000000e-02 2.968750000000000000e-01 7.343750000000000000e-01
6.347656250000000000e-02 3.222656250000000000e-01 9.365234375000000000e-01
7.031250000000000000e-02 2.978515625000000000e-01 9.296875000000000000e-01
6.250000000000000000e-02 4.003906250000000000e-01 9.375000000000000000e-01
6.445312500000000000e-02 2.119140625000000000e-01 7.265625000000000000e-01
9.765625000000000000e-02 3.710937500000000000e-01 7.480468750000000000e-01
8.105468750000000000e-02 3.134765625000000000e-01 7.802734375000000000e-01
9.570312500000000000e-02 2.089843750000000000e-01 4.199218750000000000e-01
7.910156250000000000e-02 3.564453125000000000e-01 9.208984375000000000e-01
7.128906250000000000e-02 2.558593750000000000e-01 9.287109375000000000e-01
7.324218750000000000e-02 2.148437500000000000e-01 9.267578125000000000e-01
8.203125000000000000e-02 3.437500000000000000e-01 8.105468750000000000e-01
8.105468750000000000e-02 2.626953125000000000e-01 9.189453125000000000e-01
8.300781250000000000e-02 2.939453125000000000e-01 9.160156250000000000e-01
8.203125000000000000e-02 2.792968750000000000e-01 7.138671875000000000e-01
7.714843750000000000e-02 2.539062500000000000e-01 7.587890625000000000e-01
8.886718750000000000e-02 2.119140625000000000e-01 7.021484375000000000e-01
5.566406250000000000e-02 4.345703125000000000e-01 9.443359375000000000e-01
5.078125000000000000e-02 2.070312500000000000e-01 9.492187500000000000e-01
6.542968750000000000e-02 3.964843750000000000e-01 9.345703125000000000e-01
5.566406250000000000e-02 3.164062500000000000e-01 7.919921875000000000e-01
9.277343750000000000e-02 3.115234375000000000e-01 7.119140625000000000e-01
8.789062500000000000e-02 2.382812500000000000e-01 6.240234375000000000e-01
9.082031250000000000e-02 3.515625000000000000e-01 9.091796875000000000e-01
7.226562500000000000e-02 3.535156250000000000e-01 7.304687500000000000e-01
6.738281250000000000e-02 2.578125000000000000e-01 7.646484375000000000e-01
7.031250000000000000e-02 3.017578125000000000e-01 9.296875000000000000e-01
7.421875000000000000e-02 3.535156250000000000e-01 9.257812500000000000e-01
8.300781250000000000e-02 2.216796875000000000e-01 6.132812500000000000e-01
7.128906250000000000e-02 2.929687500000000000e-01 9.287109375000000000e-01
5.273437500000000000e-02 4.414062500000000000e-01 9.472656250000000000e-01
8.105468750000000000e-02 2.031250000000000000e-01 4.306640625000000000e-01
7.324218750000000000e-02 4.287109375000000000e-01 9.267578125000000000e-01
6.542968750000000000e-02 3.388671875000000000e-01 9.345703125000000000e-01
7.031250000000000000e-02 2.812500000000000000e-01 9.296875000000000000e-01
5.175781250000000000e-02 3.505859375000000000e-01 9.482421875000000000e-01
8.300781250000000000e-02 2.441406250000000000e-01 5.283203125000000000e-01
9.570312500000000000e-02 1.718750000000000000e-01 6.064453125000000000e-01
9.277343750000000000e-02 2.861328125000000000e-01 7.285156250000000000e-01
9.472656250000000000e-02 2.216796875000000000e-01 6.699218750000000000e-01
6.347656250000000000e-02 2.900390625000000000e-01 7.539062500000000000e-01
6.738281250000000000e-02 2.451171875000000000e-01 9.326171875000000000e-01
6.640625000000000000e-02 2.568359375000000000e-01 9.335937500000000000e-01
5.468750000000000000e-02 2.187500000000000000e-01 9.453125000000000000e-01
7.324218750000000000e-02 4.052734375000000000e-01 9.267578125000000000e-01
7.617187500000000000e-02 2.041015625000000000e-01 7.548828125000000000e-01
9.960937500000000000e-02 1.640625000000000000e-01 7.392578125000000000e-01
6.445312500000000000e-02 3.925781250000000000e-01 9.355468750000000000e-01
4.589843750000000000e-02 2.773437500000000000e-01 9.541015625000000000e-01
7.226562500000000000e-02 3.691406250000000000e-01 9.277343750000000000e-01
7.714843750000000000e-02 2.285156250000000000e-01 9.228515625000000000e-01
4.882812500000000000e-02 4.130859375000000000e-01 9.511718750000000000e-01
5.566406250000000000e-02 2.275390625000000000e-01 9.443359375000000000e-01
9.082031250000000000e-02 2.617187500000000000e-01 7.089843750000000000e-01
5.175781250000000000e-02 2.792968750000000000e-01 7.333984375000000000e-01
5.664062500000000000e-02 2.509765625000000000e-01 9.433593750000000000e-01
4.882812500000000000e-02 4.306640625000000000e-01 9.511718750000000000e-01
8.886718750000000000e-02 3.476562500000000000e-01 7.578125000000000000e-01
9.863281250000000000e-02 3.017578125000000000e-01 6.757812500000000000e-01
8.789062500000000000e-02 3.593750000000000000e-01 9.121093750000000000e-01
5.859375000000000000e-02 2.197265625000000000e-01 7.255859375000000000e-01
8.398437500000000000e-02 3.144531250000000000e-01 7.324218750000000000e-01
7.226562500000000000e-02 2.246093750000000000e-01 7.109375000000000000e-01
8.007812500000000000e-02 3.798828125000000000e-01 9.199218750000000000e-01
5.273437500000000000e-02 3.857421875000000000e-01 9.472656250000000000e-01
4.687500000000000000e-02 4.208984375000000000e-01 9.531250000000000000e-01
8.300781250000000000e-02 2.021484375000000000e-01 7.929687500000000000e-01
6.933593750000000000e-02 4.267578125000000000e-01 9.306640625000000000e-01
8.300781250000000000e-02 3.222656250000000000e-01 7.451171875000000000e-01
7.226562500000000000e-02 4.609375000000000000e-01 9.277343750000000000e-01
4.785156250000000000e-02 2.158203125000000000e-01 9.521484375000000000e-01
1.113281250000000000e-01 2.949218750000000000e-01 7.509765625000000000e-01
1.083984375000000000e-01 4.296875000000000000e-01 8.916015625000000000e-01
7.128906250000000000e-02 2.841796875000000000e-01 9.287109375000000000e-01
6.445312500000000000e-02 2.617187500000000000e-01 7.597656250000000000e-01
7.812500000000000000e-02 1.904296875000000000e-01 7.392578125000000000e-01
8.203125000000000000e-02 2.675781250000000000e-01 7.148437500000000000e-01
4.394531250000000000e-02 4.316406250000000000e-01 9.560546875000000000e-01
8.105468750000000000e-02 2.421875000000000000e-01 7.402343750000000000e-01
8.105468750000000000e-02 2.949218750000000000e-01 7.001953125000000000e-01
6.152343750000000000e-02 2.656250000000000000e-01 7.724609375000000000e-01
8.789062500000000000e-02 2.353515625000000000e-01 7.207031250000000000e-01
6.347656250000000000e-02 3.642578125000000000e-01 9.365234375000000000e-01
7.714843750000000000e-02 3.613281250000000000e-01 7.919921875000000000e-01
7.714843750000000000e-02 2.626953125000000000e-01 9.228515625000000000e-01
6.738281250000000000e-02 2.880859375000000000e-01 9.326171875000000000e-01
6.054687500000000000e-02 2.333984375000000000e-01 9.394531250000000000e-01
7.128906250000000000e-02 2.119140625000000000e-01 7.949218750000000000e-01
8.105468750000000000e-02 3.828125000000000000e-01 9.189453125000000000e-01
