5.224609375000000000e-01 1.005859375000000000e-01 3.105468750000000000e-01
4.248046875000000000e-01 1.103515625000000000e-01 5.507812500000000000e-01
5.000000000000000000e-01 1.162109375000000000e-01 3.984375000000000000e-01
5.205078125000000000e-01 1.855468750000000000e-01 4.013671875000000000e-01
4.492187500000000000e-01 1.396484375000000000e-01 4.951171875000000000e-01
5.693359375000000000e-01 7.910156250000000000e-02 1.738281250000000000e-01
5.693359375000000000e-01 9.277343750000000000e-02 1.953125000000000000e-01
5.234375000000000000e-01 1.845703125000000000e-01 3.740234375000000000e-01
5.576171875000000000e-01 8.007812500000000000e-02 3.330078125000000000e-01
4.980468750000000000e-01 9.277343750000000000e-02 3.574218750000000000e-01
4.814453125000000000e-01 1.269531250000000000e-01 3.583984375000000000e-01
5.029296875000000000e-01 8.984375000000000000e-02 3.828125000000000000e-01
5.419921875000000000e-01 8.007812500000000000e-02 2.441406250000000000e-01
5.097656250000000000e-01 8.691406250000000000e-02 4.072265625000000000e-01
5.224609375000000000e-01 1.464843750000000000e-01 3.730468750000000000e-01
4.824218750000000000e-01 2.343750000000000000e-01 4.912109375000000000e-01
5.087890625000000000e-01 6.250000000000000000e-02 3.789062500000000000e-01
5.156250000000000000e-01 1.386718750000000000e-01 3.857421875000000000e-01
4.990234375000000000e-01 1.259765625000000000e-01 3.847656250000000000e-01
4.443359375000000000e-01 1.953125000000000000e-01 5.390625000000000000e-01
4.843750000000000000e-01 1.005859375000000000e-01 4.248046875000000000e-01
5.410156250000000000e-01 1.376953125000000000e-01 3.095703125000000000e-01
4.775390625000000000e-01 1.679687500000000000e-01 4.208984375000000000e-01
5.214843750000000000e-01 1.523437500000000000e-01 3.095703125000000000e-01
5.205078125000000000e-01 7.812500000000000000e-02 2.255859375000000000e-01
5.371093750000000000e-01 8.593750000000000000e-02 3.505859375000000000e-01
4.785156250000000000e-01 8.105468750000000000e-02 3.984375000000000000e-01
5.507812500000000000e-01 8.300781250000000000e-02 2.158203125000000000e-01
4.423828125000000000e-01 2.412109375000000000e-01 5.224609375000000000e-01
4.775390625000000000e-01 1.074218750000000000e-01 3.486328125000000000e-01
4.824218750000000000e-01 1.738281250000000000e-01 3.750000000000000000e-01
4.814453125000000000e-01 1.318359375000000000e-01 2.646484375000000000e-01
4.941406250000000000e-01 2.041015625000000000e-01 4.121093750000000000e-01
5.449218750000000000e-01 8.203125000000000000e-02 2.978515625000000000e-01
4.990234375000000000e-01 1.533203125000000000e-01 3.945312500000000000e-01
4.873046875000000000e-01 1.152343750000000000e-01 2.949218750000000000e-01
5.332031250000000000e-01 1.386718750000000000e-01 3.232421875000000000e-01
5.029296875000000000e-01 1.152343750000000000e-01 4.248046875000000000e-01
5.273437500000000000e-01 1.074218750000000000e-01 2.783203125000000000e-01
4.912109375000000000e-01 1.591796875000000000e-01 4.218750000000000000e-01
5.087890625000000000e-01 1.484375000000000000e-01 3.613281250000000000e-01
4.912109375000000000e-01 1.308593750000000000e-01 4.550781250000000000e-01
5.439453125000000000e-01 1.669921875000000000e-01 3.388671875000000000e-01
4.570312500000000000e-01 2.480468750000000000e-01 5.166015625000000000e-01
4.941406250000000000e-01 9.179687500000000000e-02 4.375000000000000000e-01
4.931640625000000000e-01 1.357421875000000000e-01 4.472656250000000000e-01
4.472656250000000000e-01 1.201171875000000000e-01 5.332031250000000000e-01
5.371093750000000000e-01 1.679687500000000000e-01 3.408203125000000000e-01
5.380859375000000000e-01 7.714843750000000000e-02 3.027343750000000000e-01
4.843750000000000000e-01 1.376953125000000000e-01 4.472656250000000000e-01
4.990234375000000000e-01 1.728515625000000000e-01 4.384765625000000000e-01
5.351562500000000000e-01 9.667968750000000000e-02 2.714843750000000000e-01
5.078125000000000000e-01 1.083984375000000000e-01 3.652343750000000000e-01
4.707031250000000000e-01 1.279296875000000000e-01 4.462890625000000000e-01
5.253906250000000000e-01 1.162109375000000000e-01 2.998046875000000000e-01
4.277343750000000000e-01 7.226562500000000000e-02 5.615234375000000000e-01
4.335937500000000000e-01 1.562500000000000000e-01 5.244140625000000000e-01
5.312500000000000000e-01 8.496093750000000000e-02 3.554687500000000000e-01
5.546875000000000000e-01 8.496093750000000000e-02 1.757812500000000000e-01
5.009765625000000000e-01 1.484375000000000000e-01 3.222656250000000000e-01
4.501953125000000000e-01 1.923828125000000000e-01 4.658203125000000000e-01
5.283203125000000000e-01 1.318359375000000000e-01 3.037109375000000000e-01
4.648437500000000000e-01 6.152343750000000000e-02 4.765625000000000000e-01
5.302734375000000000e-01 1.298828125000000000e-01 3.378906250000000000e-01
4.804687500000000000e-01 1.884765625000000000e-01 4.570312500000000000e-01
5.058593750000000000e-01 1.181640625000000000e-01 2.558593750000000000e-01
4.589843750000000000e-01 8.984375000000000000e-02 4.843750000000000000e-01
5.361328125000000000e-01 4.882812500000000000e-02 3.515625000000000000e-01
5.000000000000000000e-01 2.109375000000000000e-01 4.277343750000000000e-01
4.306640625000000000e-01 1.181640625000000000e-01 5.410156250000000000e-01
4.746093750000000000e-01 1.552734375000000000e-01 3.437500000000000000e-01
5.000000000000000000e-01 1.337890625000000000e-01 3.837890625000000000e-01
5.869140625000000000e-01 8.984375000000000000e-02 2.041015625000000000e-01
4.941406250000000000e-01 1.962890625000000000e-01 4.287109375000000000e-01
5.292968750000000000e-01 6.933593750000000000e-02 3.652343750000000000e-01
4.609375000000000000e-01 1.630859375000000000e-01 3.730468750000000000e-01
5.009765625000000000e-01 1.455078125000000000e-01 4.365234375000000000e-01
4.208984375000000000e-01 2.128906250000000000e-01 5.644531250000000000e-01
5.175781250000000000e-01 9.570312500000000000e-02 3.769531250000000000e-01
5.078125000000000000e-01 1.494140625000000000e-01 3.017578125000000000e-01
4.765625000000000000e-01 1.503906250000000000e-01 4.414062500000000000e-01
4.648437500000000000e-01 1.669921875000000000e-01 4.638671875000000000e-01
4.570312500000000000e-01 2.382812500000000000e-01 4.960937500000000000e-01
5.068359375000000000e-01 9.375000000000000000e-02 3.515625000000000000e-01
5.380859375000000000e-01 6.640625000000000000e-02 1.328125000000000000e-01
5.078125000000000000e-01 1.230468750000000000e-01 3.251953125000000000e-01
5.732421875000000000e-01 9.179687500000000000e-02 2.099609375000000000e-01
4.306640625000000000e-01 2.207031250000000000e-01 5.419921875000000000e-01
4.941406250000000000e-01 7.617187500000000000e-02 3.730468750000000000e-01
5.087890625000000000e-01 1.220703125000000000e-01 2.441406250000000000e-01
5.488281250000000000e-01 1.494140625000000000e-01 2.753906250000000000e-01
4.746093750000000000e-01 1.455078125000000000e-01 3.281250000000000000e-01
5.351562500000000000e-01 1.181640625000000000e-01 3.466796875000000000e-01
4.550781250000000000e-01 4.785156250000000000e-02 5.019531250000000000e-01
4.658203125000000000e-01 7.714843750000000000e-02 4.580078125000000000e-01
6.035156250000000000e-01 9.765625000000000000e-02 1.474609375000000000e-01
5.468750000000000000e-01 1.201171875000000000e-01 2.558593750000000000e-01
5.390625000000000000e-01 1.279296875000000000e-01 3.662109375000000000e-01
4.755859375000000000e-01 1.142578125000000000e-01 4.687500000000000000e-01
4.052734375000000000e-01 2.431640625000000000e-01 5.703125000000000000e-01
