3.583984375000000000e-01 2.089843750000000000e-01 5.898437500000000000e-01
3.779296875000000000e-01 1.679687500000000000e-01 4.267578125000000000e-01
3.964843750000000000e-01 1.298828125000000000e-01 2.841796875000000000e-01
4.013671875000000000e-01 1.796875000000000000e-01 3.652343750000000000e-01
3.857421875000000000e-01 1.835937500000000000e-01 5.361328125000000000e-01
3.623046875000000000e-01 1.533203125000000000e-01 6.132812500000000000e-01
3.642578125000000000e-01 1.943359375000000000e-01 4.365234375000000000e-01
3.955078125000000000e-01 1.484375000000000000e-01 4.111328125000000000e-01
3.730468750000000000e-01 1.132812500000000000e-01 4.072265625000000000e-01
3.750000000000000000e-01 1.582031250000000000e-01 4.423828125000000000e-01
3.681640625000000000e-01 1.669921875000000000e-01 3.730468750000000000e-01
3.681640625000000000e-01 1.250000000000000000e-01 5.410156250000000000e-01
3.623046875000000000e-01 2.519531250000000000e-01 5.888671875000000000e-01
3.896484375000000000e-01 1.220703125000000000e-01 3.505859375000000000e-01
3.564453125000000000e-01 2.607421875000000000e-01 5.449218750000000000e-01
3.876953125000000000e-01 1.445312500000000000e-01 3.330078125000000000e-01
3.632812500000000000e-01 1.542968750000000000e-01 5.244140625000000000e-01
3.945312500000000000e-01 1.318359375000000000e-01 3.808593750000000000e-01
3.994140625000000000e-01 9.570312500000000000e-02 2.958984375000000000e-01
3.642578125000000000e-01 1.025390625000000000e-01 4.697265625000000000e-01
3.212890625000000000e-01 1.152343750000000000e-01 6.640625000000000000e-01
3.886718750000000000e-01 2.324218750000000000e-01 5.322265625000000000e-01
3.857421875000000000e-01 1.416015625000000000e-01 3.046875000000000000e-01
3.427734375000000000e-01 1.669921875000000000e-01 6.367187500000000000e-01
3.955078125000000000e-01 8.984375000000000000e-02 2.011718750000000000e-01
3.710937500000000000e-01 1.796875000000000000e-01 5.205078125000000000e-01
4.013671875000000000e-01 1.318359375000000000e-01 3.037109375000000000e-01
3.603515625000000000e-01 1.933593750000000000e-01 6.230468750000000000e-01
3.691406250000000000e-01 2.431640625000000000e-01 4.833984375000000000e-01
3.642578125000000000e-01 1.015625000000000000e-01 5.087890625000000000e-01
3.632812500000000000e-01 1.835937500000000000e-01 5.527343750000000000e-01
3.642578125000000000e-01 8.886718750000000000e-02 4.521484375000000000e-01
3.623046875000000000e-01 1.962890625000000000e-01 6.132812500000000000e-01
4.179687500000000000e-01 1.259765625000000000e-01 2.773437500000000000e-01
3.828125000000000000e-01 9.960937500000000000e-02 4.648437500000000000e-01
3.750000000000000000e-01 1.650390625000000000e-01 3.535156250000000000e-01
3.681640625000000000e-01 1.826171875000000000e-01 5.664062500000000000e-01
3.642578125000000000e-01 1.357421875000000000e-01 5.488281250000000000e-01
3.847656250000000000e-01 8.984375000000000000e-02 2.646484375000000000e-01
3.916015625000000000e-01 1.494140625000000000e-01 3.955078125000000000e-01
3.710937500000000000e-01 1.435546875000000000e-01 4.804687500000000000e-01
3.564453125000000000e-01 1.181640625000000000e-01 5.371093750000000000e-01
3.779296875000000000e-01 9.960937500000000000e-02 3.554687500000000000e-01
3.642578125000000000e-01 1.621093750000000000e-01 5.527343750000000000e-01
3.593750000000000000e-01 1.591796875000000000e-01 5.888671875000000000e-01
3.789062500000000000e-01 2.031250000000000000e-01 4.580078125000000000e-01
3.857421875000000000e-01 1.396484375000000000e-01 3.964843750000000000e-01
3.876953125000000000e-01 1.250000000000000000e-01 3.320312500000000000e-01
3.876953125000000000e-01 1.318359375000000000e-01 3.339843750000000000e-01
3.750000000000000000e-01 2.363281250000000000e-01 5.302734375000000000e-01
3.554687500000000000e-01 1.777343750000000000e-01 5.683593750000000000e-01
3.476562500000000000e-01 1.757812500000000000e-01 5.751953125000000000e-01
3.984375000000000000e-01 9.667968750000000000e-02 2.607421875000000000e-01
3.720703125000000000e-01 1.445312500000000000e-01 4.804687500000000000e-01
3.662109375000000000e-01 1.865234375000000000e-01 5.878906250000000000e-01
3.740234375000000000e-01 1.201171875000000000e-01 5.527343750000000000e-01
3.818359375000000000e-01 1.035156250000000000e-01 4.931640625000000000e-01
3.740234375000000000e-01 1.113281250000000000e-01 4.140625000000000000e-01
3.808593750000000000e-01 1.210937500000000000e-01 3.994140625000000000e-01
3.574218750000000000e-01 1.074218750000000000e-01 3.974609375000000000e-01
3.769531250000000000e-01 1.201171875000000000e-01 4.443359375000000000e-01
3.867187500000000000e-01 1.044921875000000000e-01 3.320312500000000000e-01
4.023437500000000000e-01 1.210937500000000000e-01 2.607421875000000000e-01
4.023437500000000000e-01 1.103515625000000000e-01 2.734375000000000000e-01
3.564453125000000000e-01 2.392578125000000000e-01 5.742187500000000000e-01
3.642578125000000000e-01 1.181640625000000000e-01 6.103515625000000000e-01
3.798828125000000000e-01 1.572265625000000000e-01 5.205078125000000000e-01
3.525390625000000000e-01 1.455078125000000000e-01 6.035156250000000000e-01
3.857421875000000000e-01 1.445312500000000000e-01 5.302734375000000000e-01
3.642578125000000000e-01 1.699218750000000000e-01 4.863281250000000000e-01
3.691406250000000000e-01 1.054687500000000000e-01 2.070312500000000000e-01
3.916015625000000000e-01 1.318359375000000000e-01 3.261718750000000000e-01
3.994140625000000000e-01 8.300781250000000000e-02 1.767578125000000000e-01
3.769531250000000000e-01 1.972656250000000000e-01 5.820312500000000000e-01
3.886718750000000000e-01 1.035156250000000000e-01 5.537109375000000000e-01
3.710937500000000000e-01 1.835937500000000000e-01 4.257812500000000000e-01
3.818359375000000000e-01 1.279296875000000000e-01 4.990234375000000000e-01
3.798828125000000000e-01 1.533203125000000000e-01 3.300781250000000000e-01
3.544921875000000000e-01 1.318359375000000000e-01 5.791015625000000000e-01
3.925781250000000000e-01 1.708984375000000000e-01 4.511718750000000000e-01
3.505859375000000000e-01 2.753906250000000000e-01 6.308593750000000000e-01
3.876953125000000000e-01 1.679687500000000000e-01 4.316406250000000000e-01
4.023437500000000000e-01 1.582031250000000000e-01 3.710937500000000000e-01
3.564453125000000000e-01 1.826171875000000000e-01 5.976562500000000000e-01
3.701171875000000000e-01 2.236328125000000000e-01 5.029296875000000000e-01
3.828125000000000000e-01 1.015625000000000000e-01 2.802734375000000000e-01
3.623046875000000000e-01 1.787109375000000000e-01 4.746093750000000000e-01
4.042968750000000000e-01 2.138671875000000000e-01 3.720703125000000000e-01
3.710937500000000000e-01 1.425781250000000000e-01 4.541015625000000000e-01
3.964843750000000000e-01 1.113281250000000000e-01 3.544921875000000000e-01
3.964843750000000000e-01 7.714843750000000000e-02 2.089843750000000000e-01
3.603515625000000000e-01 2.148437500000000000e-01 4.882812500000000000e-01
3.613281250000000000e-01 1.162109375000000000e-01 5.537109375000000000e-01
3.613281250000000000e-01 2.187500000000000000e-01 5.869140625000000000e-01
4.013671875000000000e-01 1.074218750000000000e-01 2.753906250000000000e-01
3.583984375000000000e-01 2.382812500000000000e-01 6.162109375000000000e-01
3.798828125000000000e-01 2.304687500000000000e-01 4.785156250000000000e-01
3.886718750000000000e-01 7.812500000000000000e-02 3.437500000000000000e-01
3.496093750000000000e-01 2.197265625000000000e-01 5.927734375000000000e-01
3.769531250000000000e-01 1.748046875000000000e-01 5.205078125000000000e-01
