1.044921875000000000e-01 2.343750000000000000e-01 6.923828125000000000e-01
1.591796875000000000e-01 1.376953125000000000e-01 4.482421875000000000e-01
1.025390625000000000e-01 3.183593750000000000e-01 8.974609375000000000e-01
1.123046875000000000e-01 3.085937500000000000e-01 8.876953125000000000e-01
1.318359375000000000e-01 2.724609375000000000e-01 8.681640625000000000e-01
1.386718750000000000e-01 2.548828125000000000e-01 5.126953125000000000e-01
1.113281250000000000e-01 2.207031250000000000e-01 8.164062500000000000e-01
1.113281250000000000e-01 4.394531250000000000e-01 8.886718750000000000e-01
1.328125000000000000e-01 3.222656250000000000e-01 7.011718750000000000e-01
1.210937500000000000e-01 2.890625000000000000e-01 6.992187500000000000e-01
1.357421875000000000e-01 2.441406250000000000e-01 6.357421875000000000e-01
1.230468750000000000e-01 2.529296875000000000e-01 8.017578125000000000e-01
1.054687500000000000e-01 2.021484375000000000e-01 6.621093750000000000e-01
1.191406250000000000e-01 3.134765625000000000e-01 6.591796875000000000e-01
1.230468750000000000e-01 2.324218750000000000e-01 8.251953125000000000e-01
1.025390625000000000e-01 2.089843750000000000e-01 7.011718750000000000e-01
1.201171875000000000e-01 3.095703125000000000e-01 7.177734375000000000e-01
1.181640625000000000e-01 2.968750000000000000e-01 8.818359375000000000e-01
1.015625000000000000e-01 2.568359375000000000e-01 8.984375000000000000e-01
1.425781250000000000e-01 2.880859375000000000e-01 7.695312500000000000e-01
1.289062500000000000e-01 1.572265625000000000e-01 7.626953125000000000e-01
1.132812500000000000e-01 1.914062500000000000e-01 7.753906250000000000e-01
1.357421875000000000e-01 2.617187500000000000e-01 7.050781250000000000e-01
1.191406250000000000e-01 2.294921875000000000e-01 8.808593750000000000e-01
1.142578125000000000e-01 2.880859375000000000e-01 7.724609375000000000e-01
1.318359375000000000e-01 2.099609375000000000e-01 6.669921875000000000e-01
1.318359375000000000e-01 2.617187500000000000e-01 8.125000000000000000e-01
1.357421875000000000e-01 1.376953125000000000e-01 8.300781250000000000e-01
1.289062500000000000e-01 1.982421875000000000e-01 5.410156250000000000e-01
8.105468750000000000e-02 2.050781250000000000e-01 9.189453125000000000e-01
1.230468750000000000e-01 2.802734375000000000e-01 6.220703125000000000e-01
1.054687500000000000e-01 2.529296875000000000e-01 6.689453125000000000e-01
1.113281250000000000e-01 3.388671875000000000e-01 8.886718750000000000e-01
1.376953125000000000e-01 2.441406250000000000e-01 6.669921875000000000e-01
9.960937500000000000e-02 3.642578125000000000e-01 9.003906250000000000e-01
9.863281250000000000e-02 3.330078125000000000e-01 9.013671875000000000e-01
1.533203125000000000e-01 1.445312500000000000e-01 6.083984375000000000e-01
1.630859375000000000e-01 1.669921875000000000e-01 7.412109375000000000e-01
1.201171875000000000e-01 2.998046875000000000e-01 5.429687500000000000e-01
1.240234375000000000e-01 1.660156250000000000e-01 4.248046875000000000e-01
1.298828125000000000e-01 1.240234375000000000e-01 6.650390625000000000e-01
1.230468750000000000e-01 1.875000000000000000e-01 8.769531250000000000e-01
8.496093750000000000e-02 3.613281250000000000e-01 9.150390625000000000e-01
9.863281250000000000e-02 1.542968750000000000e-01 7.080078125000000000e-01
1.298828125000000000e-01 3.398437500000000000e-01 8.017578125000000000e-01
1.230468750000000000e-01 2.568359375000000000e-01 6.376953125000000000e-01
1.064453125000000000e-01 3.193359375000000000e-01 6.738281250000000000e-01
1.259765625000000000e-01 2.246093750000000000e-01 8.740234375000000000e-01
1.171875000000000000e-01 1.806640625000000000e-01 8.828125000000000000e-01
1.337890625000000000e-01 2.324218750000000000e-01 8.662109375000000000e-01
1.093750000000000000e-01 3.896484375000000000e-01 8.095703125000000000e-01
1.220703125000000000e-01 1.962890625000000000e-01 6.337890625000000000e-01
1.152343750000000000e-01 1.533203125000000000e-01 8.847656250000000000e-01
1.601562500000000000e-01 2.216796875000000000e-01 4.248046875000000000e-01
1.269531250000000000e-01 2.158203125000000000e-01 8.144531250000000000e-01
1.464843750000000000e-01 2.080078125000000000e-01 5.400390625000000000e-01
1.308593750000000000e-01 4.169921875000000000e-01 8.691406250000000000e-01
9.472656250000000000e-02 4.404296875000000000e-01 9.052734375000000000e-01
1.279296875000000000e-01 2.900390625000000000e-01 8.720703125000000000e-01
1.376953125000000000e-01 1.718750000000000000e-01 6.630859375000000000e-01
1.445312500000000000e-01 2.285156250000000000e-01 6.220703125000000000e-01
1.123046875000000000e-01 1.621093750000000000e-01 8.876953125000000000e-01
1.005859375000000000e-01 2.490234375000000000e-01 8.994140625000000000e-01
1.367187500000000000e-01 2.167968750000000000e-01 5.693359375000000000e-01
1.357421875000000000e-01 2.480468750000000000e-01 6.875000000000000000e-01
1.337890625000000000e-01 1.923828125000000000e-01 6.962890625000000000e-01
1.445312500000000000e-01 2.343750000000000000e-01 5.732421875000000000e-01
1.337890625000000000e-01 2.822265625000000000e-01 6.640625000000000000e-01
1.142578125000000000e-01 2.871093750000000000e-01 8.417968750000000000e-01
1.376953125000000000e-01 1.962890625000000000e-01 4.902343750000000000e-01
1.044921875000000000e-01 3.183593750000000000e-01 8.955078125000000000e-01
1.201171875000000000e-01 2.480468750000000000e-01 8.359375000000000000e-01
1.044921875000000000e-01 4.013671875000000000e-01 8.955078125000000000e-01
1.064453125000000000e-01 1.738281250000000000e-01 8.935546875000000000e-01
1.015625000000000000e-01 2.080078125000000000e-01 6.953125000000000000e-01
1.787109375000000000e-01 1.132812500000000000e-01 3.095703125000000000e-01
1.123046875000000000e-01 1.621093750000000000e-01 7.607421875000000000e-01
1.240234375000000000e-01 2.734375000000000000e-01 7.734375000000000000e-01
1.376953125000000000e-01 1.279296875000000000e-01 7.089843750000000000e-01
1.210937500000000000e-01 2.490234375000000000e-01 8.066406250000000000e-01
1.044921875000000000e-01 2.294921875000000000e-01 8.955078125000000000e-01
1.357421875000000000e-01 1.982421875000000000e-01 6.708984375000000000e-01
1.162109375000000000e-01 2.011718750000000000e-01 8.837890625000000000e-01
1.318359375000000000e-01 1.298828125000000000e-01 8.125000000000000000e-01
1.435546875000000000e-01 1.289062500000000000e-01 6.523437500000000000e-01
1.240234375000000000e-01 2.441406250000000000e-01 5.302734375000000000e-01
1.406250000000000000e-01 3.154296875000000000e-01 6.455078125000000000e-01
1.552734375000000000e-01 1.669921875000000000e-01 4.062500000000000000e-01
1.093750000000000000e-01 3.974609375000000000e-01 8.906250000000000000e-01
1.425781250000000000e-01 1.923828125000000000e-01 4.814453125000000000e-01
1.464843750000000000e-01 1.787109375000000000e-01 4.716796875000000000e-01
1.191406250000000000e-01 2.841796875000000000e-01 6.562500000000000000e-01
1.552734375000000000e-01 1.621093750000000000e-01 6.054687500000000000e-01
8.886718750000000000e-02 1.494140625000000000e-01 9.111328125000000000e-01
1.474609375000000000e-01 2.353515625000000000e-01 5.410156250000000000e-01
8.886718750000000000e-02 2.402343750000000000e-01 8.046875000000000000e-01
1.328125000000000000e-01 2.207031250000000000e-01 5.546875000000000000e-01
1.035156250000000000e-01 2.402343750000000000e-01 8.349609375000000000e-01
1.005859375000000000e-01 2.763671875000000000e-01 8.994140625000000000e-01
1.376953125000000000e-01 2.832031250000000000e-01 7.119140625000000000e-01
