7.128906250000000000e-02 2.099609375000000000e-01 9.287109375000000000e-01
9.765625000000000000e-02 2.099609375000000000e-01 4.335937500000000000e-01
1.162109375000000000e-01 2.353515625000000000e-01 6.367187500000000000e-01
5.566406250000000000e-02 4.296875000000000000e-01 9.443359375000000000e-01
9.277343750000000000e-02 4.208984375000000000e-01 9.072265625000000000e-01
8.300781250000000000e-02 2.734375000000000000e-01 8.095703125000000000e-01
8.105468750000000000e-02 1.337890625000000000e-01 9.189453125000000000e-01
6.933593750000000000e-02 3.183593750000000000e-01 9.306640625000000000e-01
1.083984375000000000e-01 3.642578125000000000e-01 8.916015625000000000e-01
8.886718750000000000e-02 4.492187500000000000e-01 9.111328125000000000e-01
8.105468750000000000e-02 2.333984375000000000e-01 7.617187500000000000e-01
9.472656250000000000e-02 2.919921875000000000e-01 7.382812500000000000e-01
6.445312500000000000e-02 3.193359375000000000e-01 9.355468750000000000e-01
6.738281250000000000e-02 2.675781250000000000e-01 9.326171875000000000e-01
1.025390625000000000e-01 2.500000000000000000e-01 5.332031250000000000e-01
7.714843750000000000e-02 2.226562500000000000e-01 5.195312500000000000e-01
8.496093750000000000e-02 1.914062500000000000e-01 9.150390625000000000e-01
1.162109375000000000e-01 1.845703125000000000e-01 5.537109375000000000e-01
8.886718750000000000e-02 3.652343750000000000e-01 7.324218750000000000e-01
8.789062500000000000e-02 3.583984375000000000e-01 9.121093750000000000e-01
9.863281250000000000e-02 3.310546875000000000e-01 9.013671875000000000e-01
8.398437500000000000e-02 2.324218750000000000e-01 8.017578125000000000e-01
9.375000000000000000e-02 3.300781250000000000e-01 7.148437500000000000e-01
8.007812500000000000e-02 3.320312500000000000e-01 9.199218750000000000e-01
8.691406250000000000e-02 1.884765625000000000e-01 9.130859375000000000e-01
7.128906250000000000e-02 2.050781250000000000e-01 9.287109375000000000e-01
8.593750000000000000e-02 2.490234375000000000e-01 7.949218750000000000e-01
8.105468750000000000e-02 3.457031250000000000e-01 7.675781250000000000e-01
5.664062500000000000e-02 2.568359375000000000e-01 9.433593750000000000e-01
4.199218750000000000e-02 2.128906250000000000e-01 9.580078125000000000e-01
8.300781250000000000e-02 3.154296875000000000e-01 6.542968750000000000e-01
8.007812500000000000e-02 2.050781250000000000e-01 6.318359375000000000e-01
1.025390625000000000e-01 2.978515625000000000e-01 8.974609375000000000e-01
6.835937500000000000e-02 3.046875000000000000e-01 9.316406250000000000e-01
8.691406250000000000e-02 3.632812500000000000e-01 9.130859375000000000e-01
7.812500000000000000e-02 3.496093750000000000e-01 9.218750000000000000e-01
1.083984375000000000e-01 2.656250000000000000e-01 5.820312500000000000e-01
8.398437500000000000e-02 2.919921875000000000e-01 9.160156250000000000e-01
6.640625000000000000e-02 3.535156250000000000e-01 9.335937500000000000e-01
8.496093750000000000e-02 2.207031250000000000e-01 6.113281250000000000e-01
8.398437500000000000e-02 2.832031250000000000e-01 9.160156250000000000e-01
1.064453125000000000e-01 2.548828125000000000e-01 7.324218750000000000e-01
4.980468750000000000e-02 2.587890625000000000e-01 9.501953125000000000e-01
8.203125000000000000e-02 4.375000000000000000e-01 9.179687500000000000e-01
7.128906250000000000e-02 3.408203125000000000e-01 9.287109375000000000e-01
9.179687500000000000e-02 3.427734375000000000e-01 9.082031250000000000e-01
5.078125000000000000e-02 3.505859375000000000e-01 9.492187500000000000e-01
1.074218750000000000e-01 1.699218750000000000e-01 6.181640625000000000e-01
7.812500000000000000e-02 4.169921875000000000e-01 9.218750000000000000e-01
9.179687500000000000e-02 3.388671875000000000e-01 9.082031250000000000e-01
1.044921875000000000e-01 2.851562500000000000e-01 8.955078125000000000e-01
7.421875000000000000e-02 3.203125000000000000e-01 7.431640625000000000e-01
6.054687500000000000e-02 1.914062500000000000e-01 9.394531250000000000e-01
5.664062500000000000e-02 2.646484375000000000e-01 9.433593750000000000e-01
5.761718750000000000e-02 2.167968750000000000e-01 9.423828125000000000e-01
9.277343750000000000e-02 3.974609375000000000e-01 9.072265625000000000e-01
9.179687500000000000e-02 1.757812500000000000e-01 6.250000000000000000e-01
1.308593750000000000e-01 1.796875000000000000e-01 3.867187500000000000e-01
7.226562500000000000e-02 2.841796875000000000e-01 9.277343750000000000e-01
5.078125000000000000e-02 4.130859375000000000e-01 9.492187500000000000e-01
7.519531250000000000e-02 2.343750000000000000e-01 9.248046875000000000e-01
8.203125000000000000e-02 2.705078125000000000e-01 9.179687500000000000e-01
6.542968750000000000e-02 4.062500000000000000e-01 9.345703125000000000e-01
5.761718750000000000e-02 2.148437500000000000e-01 9.423828125000000000e-01
8.789062500000000000e-02 2.216796875000000000e-01 9.121093750000000000e-01
6.933593750000000000e-02 2.314453125000000000e-01 9.306640625000000000e-01
8.300781250000000000e-02 3.046875000000000000e-01 7.050781250000000000e-01
7.519531250000000000e-02 3.300781250000000000e-01 7.099609375000000000e-01
9.960937500000000000e-02 2.705078125000000000e-01 7.490234375000000000e-01
1.083984375000000000e-01 2.656250000000000000e-01 6.494140625000000000e-01
8.007812500000000000e-02 3.740234375000000000e-01 9.199218750000000000e-01
8.496093750000000000e-02 2.900390625000000000e-01 7.734375000000000000e-01
6.445312500000000000e-02 2.343750000000000000e-01 7.890625000000000000e-01
6.347656250000000000e-02 2.246093750000000000e-01 9.365234375000000000e-01
5.761718750000000000e-02 3.886718750000000000e-01 9.423828125000000000e-01
1.054687500000000000e-01 1.962890625000000000e-01 6.777343750000000000e-01
1.054687500000000000e-01 2.998046875000000000e-01 6.972656250000000000e-01
1.083984375000000000e-01 2.617187500000000000e-01 6.074218750000000000e-01
8.593750000000000000e-02 3.691406250000000000e-01 7.382812500000000000e-01
7.031250000000000000e-02 1.923828125000000000e-01 9.296875000000000000e-01
7.812500000000000000e-02 2.001953125000000000e-01 7.470703125000000000e-01
9.375000000000000000e-02 3.583984375000000000e-01 8.017578125000000000e-01
8.105468750000000000e-02 2.705078125000000000e-01 9.189453125000000000e-01
1.201171875000000000e-01 2.851562500000000000e-01 5.820312500000000000e-01
9.277343750000000000e-02 2.060546875000000000e-01 7.861328125000000000e-01
8.886718750000000000e-02 2.607421875000000000e-01 7.353515625000000000e-01
8.593750000000000000e-02 1.953125000000000000e-01 7.500000000000000000e-01
8.007812500000000000e-02 3.476562500000000000e-01 9.199218750000000000e-01
6.054687500000000000e-02 4.160156250000000000e-01 9.394531250000000000e-01
7.324218750000000000e-02 2.314453125000000000e-01 8.515625000000000000e-01
8.398437500000000000e-02 2.187500000000000000e-01 7.177734375000000000e-01
6.933593750000000000e-02 3.203125000000000000e-01 6.650390625000000000e-01
9.472656250000000000e-02 3.085937500000000000e-01 9.052734375000000000e-01
1.074218750000000000e-01 2.099609375000000000e-01 6.562500000000000000e-01
7.324218750000000000e-02 3.457031250000000000e-01 9.267578125000000000e-01
7.812500000000000000e-02 2.568359375000000000e-01 9.218750000000000000e-01
8.984375000000000000e-02 2.148437500000000000e-01 7.949218750000000000e-01
4.980468750000000000e-02 3.935546875000000000e-01 9.501953125000000000e-01
9.765625000000000000e-02 2.744140625000000000e-01 7.714843750000000000e-01
9.375000000000000000e-02 3.017578125000000000e-01 6.992187500000000000e-01
