6.250000000000000000e-02 4.687500000000000000e-01 9.375000000000000000e-01
9.179687500000000000e-02 3.496093750000000000e-01 7.441406250000000000e-01
6.640625000000000000e-02 4.257812500000000000e-01 9.335937500000000000e-01
7.031250000000000000e-02 3.867187500000000000e-01 9.296875000000000000e-01
6.250000000000000000e-02 4.023437500000000000e-01 9.375000000000000000e-01
6.640625000000000000e-02 4.218750000000000000e-01 9.335937500000000000e-01
4.296875000000000000e-02 4.492187500000000000e-01 9.570312500000000000e-01
5.664062500000000000e-02 3.339843750000000000e-01 9.433593750000000000e-01
7.031250000000000000e-02 2.578125000000000000e-01 7.304687500000000000e-01
5.468750000000000000e-02 3.046875000000000000e-01 9.453125000000000000e-01
7.421875000000000000e-02 3.359375000000000000e-01 9.257812500000000000e-01
6.640625000000000000e-02 4.277343750000000000e-01 9.335937500000000000e-01
1.035156250000000000e-01 3.886718750000000000e-01 8.964843750000000000e-01
4.687500000000000000e-02 4.589843750000000000e-01 9.531250000000000000e-01
8.007812500000000000e-02 2.871093750000000000e-01 6.582031250000000000e-01
6.054687500000000000e-02 3.144531250000000000e-01 9.394531250000000000e-01
4.492187500000000000e-02 4.531250000000000000e-01 9.550781250000000000e-01
6.640625000000000000e-02 4.667968750000000000e-01 9.335937500000000000e-01
5.664062500000000000e-02 3.750000000000000000e-01 9.433593750000000000e-01
4.882812500000000000e-02 3.554687500000000000e-01 9.511718750000000000e-01
5.468750000000000000e-02 3.164062500000000000e-01 9.453125000000000000e-01
6.640625000000000000e-02 4.589843750000000000e-01 9.335937500000000000e-01
6.054687500000000000e-02 4.238281250000000000e-01 9.394531250000000000e-01
7.812500000000000000e-02 3.378906250000000000e-01 9.218750000000000000e-01
6.445312500000000000e-02 3.339843750000000000e-01 9.355468750000000000e-01
7.226562500000000000e-02 3.515625000000000000e-01 9.277343750000000000e-01
8.203125000000000000e-02 2.714843750000000000e-01 9.179687500000000000e-01
5.468750000000000000e-02 4.609375000000000000e-01 9.453125000000000000e-01
6.640625000000000000e-02 4.003906250000000000e-01 9.335937500000000000e-01
5.664062500000000000e-02 3.398437500000000000e-01 9.433593750000000000e-01
7.617187500000000000e-02 2.578125000000000000e-01 6.855468750000000000e-01
4.687500000000000000e-02 4.082031250000000000e-01 9.531250000000000000e-01
4.492187500000000000e-02 4.257812500000000000e-01 9.550781250000000000e-01
5.859375000000000000e-02 3.789062500000000000e-01 9.414062500000000000e-01
7.421875000000000000e-02 2.949218750000000000e-01 9.257812500000000000e-01
6.445312500000000000e-02 3.593750000000000000e-01 9.355468750000000000e-01
5.664062500000000000e-02 3.867187500000000000e-01 9.433593750000000000e-01
8.398437500000000000e-02 3.007812500000000000e-01 6.464843750000000000e-01
5.664062500000000000e-02 3.613281250000000000e-01 9.433593750000000000e-01
7.226562500000000000e-02 2.871093750000000000e-01 6.777343750000000000e-01
6.445312500000000000e-02 3.769531250000000000e-01 9.355468750000000000e-01
5.078125000000000000e-02 4.707031250000000000e-01 9.492187500000000000e-01
5.468750000000000000e-02 3.574218750000000000e-01 9.453125000000000000e-01
6.054687500000000000e-02 4.296875000000000000e-01 9.394531250000000000e-01
8.007812500000000000e-02 3.417968750000000000e-01 9.199218750000000000e-01
4.296875000000000000e-02 3.828125000000000000e-01 9.570312500000000000e-01
7.226562500000000000e-02 4.160156250000000000e-01 9.238281250000000000e-01
5.078125000000000000e-02 4.296875000000000000e-01 9.492187500000000000e-01
5.273437500000000000e-02 4.726562500000000000e-01 9.472656250000000000e-01
5.859375000000000000e-02 4.179687500000000000e-01 9.414062500000000000e-01
6.835937500000000000e-02 3.710937500000000000e-01 9.316406250000000000e-01
5.078125000000000000e-02 4.511718750000000000e-01 9.492187500000000000e-01
5.664062500000000000e-02 3.593750000000000000e-01 9.433593750000000000e-01
5.078125000000000000e-02 3.203125000000000000e-01 9.492187500000000000e-01
4.882812500000000000e-02 4.140625000000000000e-01 9.511718750000000000e-01
6.054687500000000000e-02 4.472656250000000000e-01 9.394531250000000000e-01
7.812500000000000000e-02 3.242187500000000000e-01 6.503906250000000000e-01
4.492187500000000000e-02 4.375000000000000000e-01 9.550781250000000000e-01
5.078125000000000000e-02 4.511718750000000000e-01 9.492187500000000000e-01
4.492187500000000000e-02 3.945312500000000000e-01 9.550781250000000000e-01
6.250000000000000000e-02 3.906250000000000000e-01 9.375000000000000000e-01
4.882812500000000000e-02 4.394531250000000000e-01 9.511718750000000000e-01
5.078125000000000000e-02 2.695312500000000000e-01 9.492187500000000000e-01
6.640625000000000000e-02 3.593750000000000000e-01 9.335937500000000000e-01
6.445312500000000000e-02 3.398437500000000000e-01 9.355468750000000000e-01
5.859375000000000000e-02 4.472656250000000000e-01 9.414062500000000000e-01
6.250000000000000000e-02 4.394531250000000000e-01 9.375000000000000000e-01
7.031250000000000000e-02 3.964843750000000000e-01 9.296875000000000000e-01
5.859375000000000000e-02 4.628906250000000000e-01 9.414062500000000000e-01
6.445312500000000000e-02 4.433593750000000000e-01 9.355468750000000000e-01
6.835937500000000000e-02 4.394531250000000000e-01 9.316406250000000000e-01
6.835937500000000000e-02 3.691406250000000000e-01 9.316406250000000000e-01
6.445312500000000000e-02 4.003906250000000000e-01 9.355468750000000000e-01
8.789062500000000000e-02 3.085937500000000000e-01 9.121093750000000000e-01
5.859375000000000000e-02 4.687500000000000000e-01 9.414062500000000000e-01
6.445312500000000000e-02 3.378906250000000000e-01 9.355468750000000000e-01
4.882812500000000000e-02 4.609375000000000000e-01 9.511718750000000000e-01
5.078125000000000000e-02 3.652343750000000000e-01 9.492187500000000000e-01
5.273437500000000000e-02 3.710937500000000000e-01 9.472656250000000000e-01
6.250000000000000000e-02 3.242187500000000000e-01 9.375000000000000000e-01
3.710937500000000000e-02 4.746093750000000000e-01 9.628906250000000000e-01
6.835937500000000000e-02 4.277343750000000000e-01 9.316406250000000000e-01
8.007812500000000000e-02 3.808593750000000000e-01 9.199218750000000000e-01
8.593750000000000000e-02 2.949218750000000000e-01 9.140625000000000000e-01
7.421875000000000000e-02 3.535156250000000000e-01 9.257812500000000000e-01
5.664062500000000000e-02 3.339843750000000000e-01 9.433593750000000000e-01
5.859375000000000000e-02 3.164062500000000000e-01 9.414062500000000000e-01
7.226562500000000000e-02 4.609375000000000000e-01 9.277343750000000000e-01
4.882812500000000000e-02 3.925781250000000000e-01 9.511718750000000000e-01
7.031250000000000000e-02 3.828125000000000000e-01 9.296875000000000000e-01
6.445312500000000000e-02 4.589843750000000000e-01 9.355468750000000000e-01
5.273437500000000000e-02 4.355468750000000000e-01 9.472656250000000000e-01
7.421875000000000000e-02 3.183593750000000000e-01 9.257812500000000000e-01
5.468750000000000000e-02 4.082031250000000000e-01 9.453125000000000000e-01
4.882812500000000000e-02 3.964843750000000000e-01 9.511718750000000000e-01
8.789062500000000000e-02 3.339843750000000000e-01 9.121093750000000000e-01
5.273437500000000000e-02 4.062500000000000000e-01 9.472656250000000000e-01
7.031250000000000000e-02 3.339843750000000000e-01 9.296875000000000000e-01
7.812500000000000000e-02 3.847656250000000000e-01 9.218750000000000000e-01
4.101562500000000000e-02 4.316406250000000000e-01 9.589843750000000000e-01
