3.125000000000000000e-01 2.070312500000000000e-01 4.199218750000000000e-01
2.773437500000000000e-01 2.636718750000000000e-01 6.953125000000000000e-01
3.144531250000000000e-01 1.640625000000000000e-01 5.175781250000000000e-01
3.242187500000000000e-01 8.007812500000000000e-02 5.371093750000000000e-01
3.027343750000000000e-01 1.523437500000000000e-01 4.414062500000000000e-01
2.910156250000000000e-01 1.171875000000000000e-01 5.996093750000000000e-01
2.480468750000000000e-01 2.089843750000000000e-01 7.441406250000000000e-01
2.011718750000000000e-01 2.539062500000000000e-01 7.988281250000000000e-01
2.363281250000000000e-01 2.011718750000000000e-01 7.363281250000000000e-01
2.675781250000000000e-01 2.402343750000000000e-01 6.308593750000000000e-01
2.871093750000000000e-01 1.933593750000000000e-01 6.640625000000000000e-01
2.050781250000000000e-01 2.128906250000000000e-01 7.851562500000000000e-01
2.929687500000000000e-01 1.152343750000000000e-01 5.039062500000000000e-01
2.773437500000000000e-01 1.777343750000000000e-01 4.882812500000000000e-01
3.027343750000000000e-01 1.875000000000000000e-01 4.921875000000000000e-01
3.222656250000000000e-01 2.031250000000000000e-01 5.449218750000000000e-01
2.382812500000000000e-01 2.011718750000000000e-01 6.816406250000000000e-01
2.304687500000000000e-01 1.972656250000000000e-01 7.480468750000000000e-01
3.144531250000000000e-01 9.960937500000000000e-02 5.292968750000000000e-01
2.558593750000000000e-01 2.031250000000000000e-01 7.031250000000000000e-01
2.753906250000000000e-01 2.343750000000000000e-01 5.371093750000000000e-01
2.968750000000000000e-01 2.363281250000000000e-01 5.683593750000000000e-01
2.714843750000000000e-01 2.675781250000000000e-01 6.015625000000000000e-01
2.558593750000000000e-01 3.281250000000000000e-01 7.167968750000000000e-01
3.457031250000000000e-01 1.582031250000000000e-01 3.203125000000000000e-01
2.187500000000000000e-01 1.308593750000000000e-01 7.695312500000000000e-01
2.734375000000000000e-01 2.773437500000000000e-01 6.484375000000000000e-01
2.773437500000000000e-01 1.210937500000000000e-01 5.468750000000000000e-01
3.261718750000000000e-01 1.640625000000000000e-01 4.921875000000000000e-01
3.085937500000000000e-01 2.265625000000000000e-01 4.746093750000000000e-01
2.773437500000000000e-01 2.050781250000000000e-01 4.667968750000000000e-01
2.246093750000000000e-01 1.484375000000000000e-01 7.753906250000000000e-01
3.066406250000000000e-01 2.304687500000000000e-01 5.019531250000000000e-01
2.832031250000000000e-01 2.167968750000000000e-01 4.785156250000000000e-01
2.285156250000000000e-01 2.910156250000000000e-01 7.656250000000000000e-01
3.515625000000000000e-01 1.093750000000000000e-01 3.789062500000000000e-01
3.281250000000000000e-01 1.464843750000000000e-01 3.593750000000000000e-01
2.558593750000000000e-01 1.132812500000000000e-01 7.207031250000000000e-01
3.105468750000000000e-01 1.757812500000000000e-01 4.257812500000000000e-01
2.851562500000000000e-01 2.226562500000000000e-01 4.648437500000000000e-01
3.105468750000000000e-01 2.011718750000000000e-01 5.078125000000000000e-01
2.597656250000000000e-01 1.933593750000000000e-01 5.722656250000000000e-01
2.832031250000000000e-01 1.933593750000000000e-01 5.957031250000000000e-01
2.558593750000000000e-01 3.281250000000000000e-01 7.167968750000000000e-01
3.320312500000000000e-01 1.953125000000000000e-01 4.140625000000000000e-01
2.929687500000000000e-01 2.753906250000000000e-01 5.878906250000000000e-01
2.539062500000000000e-01 1.347656250000000000e-01 6.464843750000000000e-01
2.597656250000000000e-01 2.402343750000000000e-01 7.265625000000000000e-01
2.753906250000000000e-01 2.226562500000000000e-01 6.308593750000000000e-01
2.617187500000000000e-01 1.953125000000000000e-01 7.167968750000000000e-01
2.714843750000000000e-01 2.617187500000000000e-01 7.011718750000000000e-01
3.183593750000000000e-01 1.601562500000000000e-01 3.359375000000000000e-01
2.636718750000000000e-01 2.968750000000000000e-01 7.285156250000000000e-01
2.402343750000000000e-01 3.203125000000000000e-01 6.914062500000000000e-01
3.027343750000000000e-01 1.562500000000000000e-01 3.789062500000000000e-01
2.988281250000000000e-01 1.738281250000000000e-01 4.648437500000000000e-01
2.324218750000000000e-01 2.988281250000000000e-01 7.675781250000000000e-01
2.597656250000000000e-01 1.660156250000000000e-01 5.917968750000000000e-01
2.890625000000000000e-01 1.269531250000000000e-01 5.625000000000000000e-01
2.675781250000000000e-01 2.265625000000000000e-01 6.914062500000000000e-01
2.714843750000000000e-01 9.765625000000000000e-02 6.992187500000000000e-01
3.613281250000000000e-01 1.210937500000000000e-01 3.535156250000000000e-01
2.128906250000000000e-01 1.113281250000000000e-01 7.773437500000000000e-01
3.261718750000000000e-01 1.269531250000000000e-01 2.792968750000000000e-01
3.554687500000000000e-01 1.191406250000000000e-01 2.421875000000000000e-01
2.949218750000000000e-01 2.285156250000000000e-01 4.785156250000000000e-01
3.164062500000000000e-01 1.093750000000000000e-01 3.554687500000000000e-01
2.792968750000000000e-01 1.289062500000000000e-01 5.585937500000000000e-01
2.890625000000000000e-01 1.562500000000000000e-01 4.667968750000000000e-01
2.890625000000000000e-01 2.167968750000000000e-01 6.621093750000000000e-01
2.871093750000000000e-01 1.933593750000000000e-01 4.882812500000000000e-01
2.460937500000000000e-01 1.308593750000000000e-01 7.011718750000000000e-01
2.890625000000000000e-01 1.933593750000000000e-01 4.355468750000000000e-01
2.988281250000000000e-01 2.832031250000000000e-01 5.605468750000000000e-01
2.890625000000000000e-01 9.960937500000000000e-02 6.367187500000000000e-01
2.812500000000000000e-01 2.421875000000000000e-01 6.250000000000000000e-01
3.437500000000000000e-01 9.960937500000000000e-02 3.320312500000000000e-01
2.421875000000000000e-01 2.011718750000000000e-01 7.441406250000000000e-01
2.812500000000000000e-01 2.089843750000000000e-01 7.011718750000000000e-01
2.480468750000000000e-01 2.011718750000000000e-01 6.777343750000000000e-01
2.734375000000000000e-01 3.242187500000000000e-01 6.933593750000000000e-01
2.851562500000000000e-01 1.875000000000000000e-01 4.296875000000000000e-01
2.675781250000000000e-01 2.128906250000000000e-01 7.187500000000000000e-01
2.597656250000000000e-01 1.972656250000000000e-01 7.226562500000000000e-01
2.460937500000000000e-01 3.437500000000000000e-01 7.421875000000000000e-01
3.066406250000000000e-01 1.679687500000000000e-01 3.808593750000000000e-01
2.871093750000000000e-01 1.601562500000000000e-01 5.800781250000000000e-01
2.734375000000000000e-01 8.984375000000000000e-02 6.445312500000000000e-01
2.363281250000000000e-01 1.035156250000000000e-01 7.148437500000000000e-01
2.792968750000000000e-01 1.289062500000000000e-01 5.761718750000000000e-01
2.949218750000000000e-01 2.128906250000000000e-01 6.464843750000000000e-01
3.085937500000000000e-01 1.953125000000000000e-01 4.824218750000000000e-01
2.773437500000000000e-01 2.832031250000000000e-01 6.875000000000000000e-01
2.910156250000000000e-01 1.250000000000000000e-01 4.804687500000000000e-01
3.339843750000000000e-01 1.113281250000000000e-01 3.027343750000000000e-01
3.398437500000000000e-01 1.445312500000000000e-01 3.593750000000000000e-01
2.812500000000000000e-01 1.796875000000000000e-01 4.042968750000000000e-01
2.890625000000000000e-01 2.460937500000000000e-01 5.976562500000000000e-01
2.968750000000000000e-01 1.621093750000000000e-01 5.605468750000000000e-01
2.695312500000000000e-01 2.167968750000000000e-01 6.171875000000000000e-01
