1.582031250000000000e-01 1.191406250000000000e-01 5.703125000000000000e-01
1.660156250000000000e-01 2.597656250000000000e-01 7.539062500000000000e-01
1.464843750000000000e-01 2.636718750000000000e-01 5.468750000000000000e-01
1.562500000000000000e-01 1.992187500000000000e-01 3.964843750000000000e-01
1.445312500000000000e-01 3.261718750000000000e-01 7.714843750000000000e-01
1.171875000000000000e-01 1.562500000000000000e-01 8.828125000000000000e-01
1.523437500000000000e-01 2.851562500000000000e-01 6.972656250000000000e-01
1.386718750000000000e-01 1.230468750000000000e-01 6.816406250000000000e-01
1.250000000000000000e-01 2.910156250000000000e-01 6.640625000000000000e-01
1.796875000000000000e-01 1.230468750000000000e-01 5.410156250000000000e-01
1.230468750000000000e-01 1.718750000000000000e-01 8.769531250000000000e-01
1.464843750000000000e-01 2.109375000000000000e-01 5.976562500000000000e-01
1.601562500000000000e-01 2.968750000000000000e-01 7.226562500000000000e-01
1.191406250000000000e-01 3.125000000000000000e-01 8.808593750000000000e-01
1.640625000000000000e-01 2.187500000000000000e-01 6.484375000000000000e-01
1.542968750000000000e-01 1.992187500000000000e-01 5.722656250000000000e-01
1.269531250000000000e-01 3.007812500000000000e-01 7.812500000000000000e-01
1.210937500000000000e-01 1.777343750000000000e-01 8.789062500000000000e-01
1.191406250000000000e-01 1.484375000000000000e-01 8.808593750000000000e-01
1.328125000000000000e-01 2.265625000000000000e-01 7.832031250000000000e-01
1.445312500000000000e-01 1.699218750000000000e-01 8.554687500000000000e-01
1.757812500000000000e-01 2.753906250000000000e-01 6.093750000000000000e-01
8.984375000000000000e-02 1.503906250000000000e-01 9.101562500000000000e-01
1.191406250000000000e-01 2.148437500000000000e-01 8.808593750000000000e-01
1.445312500000000000e-01 1.933593750000000000e-01 8.554687500000000000e-01
1.132812500000000000e-01 2.890625000000000000e-01 8.867187500000000000e-01
1.406250000000000000e-01 2.109375000000000000e-01 7.988281250000000000e-01
1.445312500000000000e-01 2.343750000000000000e-01 5.273437500000000000e-01
1.503906250000000000e-01 2.050781250000000000e-01 7.792968750000000000e-01
1.347656250000000000e-01 2.265625000000000000e-01 6.796875000000000000e-01
1.230468750000000000e-01 2.460937500000000000e-01 7.968750000000000000e-01
1.464843750000000000e-01 1.757812500000000000e-01 6.582031250000000000e-01
1.523437500000000000e-01 1.816406250000000000e-01 6.875000000000000000e-01
1.503906250000000000e-01 1.718750000000000000e-01 5.957031250000000000e-01
1.328125000000000000e-01 2.050781250000000000e-01 7.832031250000000000e-01
1.601562500000000000e-01 1.972656250000000000e-01 7.109375000000000000e-01
1.054687500000000000e-01 3.300781250000000000e-01 8.945312500000000000e-01
1.542968750000000000e-01 2.402343750000000000e-01 6.289062500000000000e-01
1.621093750000000000e-01 1.992187500000000000e-01 6.445312500000000000e-01
1.308593750000000000e-01 2.890625000000000000e-01 8.691406250000000000e-01
1.425781250000000000e-01 2.207031250000000000e-01 7.558593750000000000e-01
1.464843750000000000e-01 2.949218750000000000e-01 8.535156250000000000e-01
1.660156250000000000e-01 3.242187500000000000e-01 7.050781250000000000e-01
1.328125000000000000e-01 1.875000000000000000e-01 8.671875000000000000e-01
1.582031250000000000e-01 2.460937500000000000e-01 6.035156250000000000e-01
1.582031250000000000e-01 2.480468750000000000e-01 5.195312500000000000e-01
1.289062500000000000e-01 1.972656250000000000e-01 8.710937500000000000e-01
1.152343750000000000e-01 2.304687500000000000e-01 7.597656250000000000e-01
1.855468750000000000e-01 1.230468750000000000e-01 4.140625000000000000e-01
1.425781250000000000e-01 1.113281250000000000e-01 7.617187500000000000e-01
1.503906250000000000e-01 2.968750000000000000e-01 6.933593750000000000e-01
1.269531250000000000e-01 2.695312500000000000e-01 5.859375000000000000e-01
1.445312500000000000e-01 1.601562500000000000e-01 7.832031250000000000e-01
1.367187500000000000e-01 2.265625000000000000e-01 7.031250000000000000e-01
1.367187500000000000e-01 1.816406250000000000e-01 7.460937500000000000e-01
1.816406250000000000e-01 1.718750000000000000e-01 3.847656250000000000e-01
1.152343750000000000e-01 3.359375000000000000e-01 6.894531250000000000e-01
1.230468750000000000e-01 3.027343750000000000e-01 6.562500000000000000e-01
1.210937500000000000e-01 3.750000000000000000e-01 8.789062500000000000e-01
1.367187500000000000e-01 2.636718750000000000e-01 8.632812500000000000e-01
1.445312500000000000e-01 3.554687500000000000e-01 7.539062500000000000e-01
1.621093750000000000e-01 1.914062500000000000e-01 7.656250000000000000e-01
1.250000000000000000e-01 2.382812500000000000e-01 8.750000000000000000e-01
1.484375000000000000e-01 3.730468750000000000e-01 7.675781250000000000e-01
1.132812500000000000e-01 3.027343750000000000e-01 7.460937500000000000e-01
1.328125000000000000e-01 2.890625000000000000e-01 8.671875000000000000e-01
1.894531250000000000e-01 2.089843750000000000e-01 4.472656250000000000e-01
1.269531250000000000e-01 1.386718750000000000e-01 8.730468750000000000e-01
9.765625000000000000e-02 3.769531250000000000e-01 9.023437500000000000e-01
1.699218750000000000e-01 2.207031250000000000e-01 4.843750000000000000e-01
1.503906250000000000e-01 3.437500000000000000e-01 7.304687500000000000e-01
1.640625000000000000e-01 1.699218750000000000e-01 4.453125000000000000e-01
1.718750000000000000e-01 2.695312500000000000e-01 6.210937500000000000e-01
2.031250000000000000e-01 1.582031250000000000e-01 4.687500000000000000e-01
1.738281250000000000e-01 1.835937500000000000e-01 4.746093750000000000e-01
1.640625000000000000e-01 2.167968750000000000e-01 6.464843750000000000e-01
1.386718750000000000e-01 2.285156250000000000e-01 7.832031250000000000e-01
1.425781250000000000e-01 1.699218750000000000e-01 8.574218750000000000e-01
1.621093750000000000e-01 1.835937500000000000e-01 4.902343750000000000e-01
1.601562500000000000e-01 2.226562500000000000e-01 5.664062500000000000e-01
1.132812500000000000e-01 2.070312500000000000e-01 8.867187500000000000e-01
1.503906250000000000e-01 1.699218750000000000e-01 5.957031250000000000e-01
1.542968750000000000e-01 2.812500000000000000e-01 7.402343750000000000e-01
1.542968750000000000e-01 3.320312500000000000e-01 6.796875000000000000e-01
1.484375000000000000e-01 2.382812500000000000e-01 6.308593750000000000e-01
1.738281250000000000e-01 1.777343750000000000e-01 4.570312500000000000e-01
1.738281250000000000e-01 1.308593750000000000e-01 3.593750000000000000e-01
1.289062500000000000e-01 2.949218750000000000e-01 8.710937500000000000e-01
1.132812500000000000e-01 3.183593750000000000e-01 8.867187500000000000e-01
1.445312500000000000e-01 3.027343750000000000e-01 5.000000000000000000e-01
1.992187500000000000e-01 1.582031250000000000e-01 3.378906250000000000e-01
1.406250000000000000e-01 3.457031250000000000e-01 8.593750000000000000e-01
1.542968750000000000e-01 1.777343750000000000e-01 5.761718750000000000e-01
1.132812500000000000e-01 3.750000000000000000e-01 8.867187500000000000e-01
1.210937500000000000e-01 2.988281250000000000e-01 8.789062500000000000e-01
1.523437500000000000e-01 1.835937500000000000e-01 7.089843750000000000e-01
1.191406250000000000e-01 2.734375000000000000e-01 8.808593750000000000e-01
1.171875000000000000e-01 2.910156250000000000e-01 8.828125000000000000e-01
1.308593750000000000e-01 2.246093750000000000e-01 8.691406250000000000e-01
1.542968750000000000e-01 1.542968750000000000e-01 5.644531250000000000e-01
