7.031250000000000000e-02 3.945312500000000000e-01 9.296875000000000000e-01
7.031250000000000000e-02 3.281250000000000000e-01 9.296875000000000000e-01
8.398437500000000000e-02 3.515625000000000000e-01 9.160156250000000000e-01
8.593750000000000000e-02 3.828125000000000000e-01 9.140625000000000000e-01
1.074218750000000000e-01 2.734375000000000000e-01 6.953125000000000000e-01
7.812500000000000000e-02 4.414062500000000000e-01 9.218750000000000000e-01
5.078125000000000000e-02 4.433593750000000000e-01 9.492187500000000000e-01
7.421875000000000000e-02 2.929687500000000000e-01 6.621093750000000000e-01
8.984375000000000000e-02 2.871093750000000000e-01 6.953125000000000000e-01
9.179687500000000000e-02 4.218750000000000000e-01 9.082031250000000000e-01
7.031250000000000000e-02 2.890625000000000000e-01 9.296875000000000000e-01
9.960937500000000000e-02 2.910156250000000000e-01 7.851562500000000000e-01
7.812500000000000000e-02 3.535156250000000000e-01 7.519531250000000000e-01
6.640625000000000000e-02 4.375000000000000000e-01 9.335937500000000000e-01
1.054687500000000000e-01 2.460937500000000000e-01 8.945312500000000000e-01
9.765625000000000000e-02 3.632812500000000000e-01 7.460937500000000000e-01
7.421875000000000000e-02 4.589843750000000000e-01 9.257812500000000000e-01
1.015625000000000000e-01 2.949218750000000000e-01 8.984375000000000000e-01
1.191406250000000000e-01 2.656250000000000000e-01 5.683593750000000000e-01
9.179687500000000000e-02 4.531250000000000000e-01 9.082031250000000000e-01
7.421875000000000000e-02 2.070312500000000000e-01 9.257812500000000000e-01
1.250000000000000000e-01 2.500000000000000000e-01 6.035156250000000000e-01
1.113281250000000000e-01 2.753906250000000000e-01 7.402343750000000000e-01
1.054687500000000000e-01 3.925781250000000000e-01 8.945312500000000000e-01
1.093750000000000000e-01 2.343750000000000000e-01 7.128906250000000000e-01
9.179687500000000000e-02 2.011718750000000000e-01 7.167968750000000000e-01
9.179687500000000000e-02 2.343750000000000000e-01 9.082031250000000000e-01
9.765625000000000000e-02 4.394531250000000000e-01 9.023437500000000000e-01
8.007812500000000000e-02 4.121093750000000000e-01 9.199218750000000000e-01
7.421875000000000000e-02 4.140625000000000000e-01 9.257812500000000000e-01
8.593750000000000000e-02 4.218750000000000000e-01 9.140625000000000000e-01
8.398437500000000000e-02 2.128906250000000000e-01 7.089843750000000000e-01
9.570312500000000000e-02 1.992187500000000000e-01 5.898437500000000000e-01
9.179687500000000000e-02 3.378906250000000000e-01 9.082031250000000000e-01
1.074218750000000000e-01 2.832031250000000000e-01 6.816406250000000000e-01
9.375000000000000000e-02 3.359375000000000000e-01 9.062500000000000000e-01
8.007812500000000000e-02 3.125000000000000000e-01 9.199218750000000000e-01
1.152343750000000000e-01 1.855468750000000000e-01 5.917968750000000000e-01
1.171875000000000000e-01 1.855468750000000000e-01 4.433593750000000000e-01
8.398437500000000000e-02 3.574218750000000000e-01 9.160156250000000000e-01
9.179687500000000000e-02 1.953125000000000000e-01 9.082031250000000000e-01
1.015625000000000000e-01 3.652343750000000000e-01 8.085937500000000000e-01
8.593750000000000000e-02 2.304687500000000000e-01 9.140625000000000000e-01
9.179687500000000000e-02 3.613281250000000000e-01 9.082031250000000000e-01
1.035156250000000000e-01 3.281250000000000000e-01 8.964843750000000000e-01
9.570312500000000000e-02 2.070312500000000000e-01 9.042968750000000000e-01
9.570312500000000000e-02 2.480468750000000000e-01 7.519531250000000000e-01
9.570312500000000000e-02 2.519531250000000000e-01 7.148437500000000000e-01
1.171875000000000000e-01 2.851562500000000000e-01 6.757812500000000000e-01
9.570312500000000000e-02 2.265625000000000000e-01 9.042968750000000000e-01
9.179687500000000000e-02 2.617187500000000000e-01 9.082031250000000000e-01
6.835937500000000000e-02 4.511718750000000000e-01 9.316406250000000000e-01
7.812500000000000000e-02 4.062500000000000000e-01 9.218750000000000000e-01
8.593750000000000000e-02 2.441406250000000000e-01 9.140625000000000000e-01
9.570312500000000000e-02 2.539062500000000000e-01 7.246093750000000000e-01
8.789062500000000000e-02 2.714843750000000000e-01 8.300781250000000000e-01
7.812500000000000000e-02 3.183593750000000000e-01 7.246093750000000000e-01
6.445312500000000000e-02 4.257812500000000000e-01 9.355468750000000000e-01
6.054687500000000000e-02 3.437500000000000000e-01 7.363281250000000000e-01
7.031250000000000000e-02 2.890625000000000000e-01 9.296875000000000000e-01
8.984375000000000000e-02 3.027343750000000000e-01 9.101562500000000000e-01
9.570312500000000000e-02 2.597656250000000000e-01 7.480468750000000000e-01
8.203125000000000000e-02 2.519531250000000000e-01 7.597656250000000000e-01
8.398437500000000000e-02 3.417968750000000000e-01 6.875000000000000000e-01
9.375000000000000000e-02 2.167968750000000000e-01 7.695312500000000000e-01
9.179687500000000000e-02 3.242187500000000000e-01 9.082031250000000000e-01
7.421875000000000000e-02 2.753906250000000000e-01 9.257812500000000000e-01
1.210937500000000000e-01 1.835937500000000000e-01 4.414062500000000000e-01
7.812500000000000000e-02 3.496093750000000000e-01 9.218750000000000000e-01
9.570312500000000000e-02 3.476562500000000000e-01 7.304687500000000000e-01
1.015625000000000000e-01 2.656250000000000000e-01 8.984375000000000000e-01
9.960937500000000000e-02 2.226562500000000000e-01 9.003906250000000000e-01
1.230468750000000000e-01 2.265625000000000000e-01 6.015625000000000000e-01
1.230468750000000000e-01 2.500000000000000000e-01 7.031250000000000000e-01
9.179687500000000000e-02 2.109375000000000000e-01 9.082031250000000000e-01
7.421875000000000000e-02 3.281250000000000000e-01 9.257812500000000000e-01
9.570312500000000000e-02 3.125000000000000000e-01 7.285156250000000000e-01
1.269531250000000000e-01 2.968750000000000000e-01 5.976562500000000000e-01
1.074218750000000000e-01 4.062500000000000000e-01 8.925781250000000000e-01
8.007812500000000000e-02 3.515625000000000000e-01 9.199218750000000000e-01
6.640625000000000000e-02 2.988281250000000000e-01 9.335937500000000000e-01
1.074218750000000000e-01 2.382812500000000000e-01 5.214843750000000000e-01
8.203125000000000000e-02 2.792968750000000000e-01 9.179687500000000000e-01
7.031250000000000000e-02 3.203125000000000000e-01 9.296875000000000000e-01
1.171875000000000000e-01 2.011718750000000000e-01 5.097656250000000000e-01
7.226562500000000000e-02 2.187500000000000000e-01 9.277343750000000000e-01
7.617187500000000000e-02 2.714843750000000000e-01 6.914062500000000000e-01
9.765625000000000000e-02 2.148437500000000000e-01 9.023437500000000000e-01
7.226562500000000000e-02 2.304687500000000000e-01 9.277343750000000000e-01
9.375000000000000000e-02 3.164062500000000000e-01 7.851562500000000000e-01
9.960937500000000000e-02 2.382812500000000000e-01 9.003906250000000000e-01
6.054687500000000000e-02 2.617187500000000000e-01 9.394531250000000000e-01
9.179687500000000000e-02 2.617187500000000000e-01 7.109375000000000000e-01
7.421875000000000000e-02 3.007812500000000000e-01 6.718750000000000000e-01
7.226562500000000000e-02 3.339843750000000000e-01 9.277343750000000000e-01
9.765625000000000000e-02 3.300781250000000000e-01 9.023437500000000000e-01
1.074218750000000000e-01 3.203125000000000000e-01 6.386718750000000000e-01
9.570312500000000000e-02 4.531250000000000000e-01 9.042968750000000000e-01
8.789062500000000000e-02 4.179687500000000000e-01 9.121093750000000000e-01
7.226562500000000000e-02 3.066406250000000000e-01 9.277343750000000000e-01
