5.664062500000000000e-02 3.964843750000000000e-01 9.433593750000000000e-01
1.210937500000000000e-01 3.007812500000000000e-01 7.597656250000000000e-01
9.570312500000000000e-02 3.378906250000000000e-01 9.042968750000000000e-01
9.570312500000000000e-02 3.808593750000000000e-01 9.042968750000000000e-01
8.007812500000000000e-02 4.003906250000000000e-01 9.199218750000000000e-01
1.308593750000000000e-01 2.929687500000000000e-01 7.246093750000000000e-01
6.640625000000000000e-02 4.375000000000000000e-01 9.335937500000000000e-01
8.007812500000000000e-02 3.613281250000000000e-01 9.199218750000000000e-01
9.765625000000000000e-02 2.324218750000000000e-01 6.894531250000000000e-01
1.171875000000000000e-01 2.460937500000000000e-01 5.800781250000000000e-01
9.960937500000000000e-02 3.066406250000000000e-01 6.386718750000000000e-01
1.093750000000000000e-01 2.226562500000000000e-01 6.640625000000000000e-01
1.152343750000000000e-01 2.402343750000000000e-01 8.847656250000000000e-01
8.984375000000000000e-02 4.316406250000000000e-01 9.101562500000000000e-01
1.074218750000000000e-01 3.066406250000000000e-01 7.695312500000000000e-01
1.542968750000000000e-01 1.660156250000000000e-01 3.593750000000000000e-01
1.054687500000000000e-01 2.851562500000000000e-01 6.484375000000000000e-01
1.191406250000000000e-01 1.796875000000000000e-01 7.441406250000000000e-01
1.113281250000000000e-01 3.574218750000000000e-01 7.460937500000000000e-01
1.250000000000000000e-01 2.109375000000000000e-01 6.054687500000000000e-01
9.179687500000000000e-02 2.050781250000000000e-01 9.082031250000000000e-01
1.152343750000000000e-01 1.835937500000000000e-01 6.132812500000000000e-01
1.093750000000000000e-01 2.753906250000000000e-01 7.421875000000000000e-01
9.375000000000000000e-02 3.437500000000000000e-01 9.062500000000000000e-01
1.132812500000000000e-01 2.363281250000000000e-01 7.441406250000000000e-01
6.835937500000000000e-02 1.953125000000000000e-01 9.316406250000000000e-01
9.179687500000000000e-02 2.343750000000000000e-01 9.082031250000000000e-01
1.074218750000000000e-01 2.089843750000000000e-01 7.597656250000000000e-01
1.074218750000000000e-01 3.710937500000000000e-01 8.925781250000000000e-01
7.812500000000000000e-02 4.140625000000000000e-01 9.218750000000000000e-01
8.593750000000000000e-02 4.218750000000000000e-01 9.140625000000000000e-01
9.179687500000000000e-02 2.089843750000000000e-01 7.070312500000000000e-01
7.421875000000000000e-02 2.109375000000000000e-01 9.257812500000000000e-01
1.093750000000000000e-01 1.992187500000000000e-01 7.128906250000000000e-01
8.984375000000000000e-02 3.398437500000000000e-01 9.101562500000000000e-01
1.171875000000000000e-01 2.187500000000000000e-01 8.828125000000000000e-01
9.960937500000000000e-02 3.457031250000000000e-01 9.003906250000000000e-01
1.113281250000000000e-01 2.148437500000000000e-01 7.714843750000000000e-01
7.226562500000000000e-02 1.738281250000000000e-01 9.277343750000000000e-01
1.015625000000000000e-01 3.437500000000000000e-01 7.500000000000000000e-01
9.960937500000000000e-02 3.144531250000000000e-01 9.003906250000000000e-01
1.132812500000000000e-01 4.394531250000000000e-01 8.867187500000000000e-01
9.960937500000000000e-02 2.910156250000000000e-01 5.996093750000000000e-01
8.203125000000000000e-02 3.632812500000000000e-01 9.179687500000000000e-01
1.269531250000000000e-01 2.753906250000000000e-01 6.621093750000000000e-01
8.203125000000000000e-02 2.382812500000000000e-01 9.179687500000000000e-01
1.328125000000000000e-01 1.621093750000000000e-01 6.757812500000000000e-01
9.375000000000000000e-02 2.011718750000000000e-01 9.062500000000000000e-01
1.308593750000000000e-01 2.832031250000000000e-01 8.691406250000000000e-01
1.250000000000000000e-01 3.417968750000000000e-01 7.773437500000000000e-01
1.113281250000000000e-01 3.183593750000000000e-01 8.886718750000000000e-01
8.984375000000000000e-02 2.343750000000000000e-01 9.101562500000000000e-01
7.421875000000000000e-02 3.984375000000000000e-01 9.257812500000000000e-01
6.835937500000000000e-02 2.402343750000000000e-01 9.316406250000000000e-01
8.789062500000000000e-02 4.335937500000000000e-01 9.121093750000000000e-01
1.035156250000000000e-01 2.695312500000000000e-01 8.144531250000000000e-01
7.421875000000000000e-02 1.894531250000000000e-01 9.257812500000000000e-01
7.226562500000000000e-02 4.238281250000000000e-01 9.277343750000000000e-01
8.007812500000000000e-02 2.226562500000000000e-01 5.605468750000000000e-01
8.007812500000000000e-02 2.871093750000000000e-01 9.199218750000000000e-01
1.367187500000000000e-01 2.187500000000000000e-01 8.632812500000000000e-01
1.093750000000000000e-01 1.777343750000000000e-01 5.878906250000000000e-01
1.093750000000000000e-01 2.617187500000000000e-01 7.187500000000000000e-01
8.203125000000000000e-02 2.304687500000000000e-01 9.179687500000000000e-01
9.179687500000000000e-02 2.148437500000000000e-01 9.082031250000000000e-01
9.570312500000000000e-02 3.046875000000000000e-01 9.042968750000000000e-01
1.152343750000000000e-01 2.031250000000000000e-01 5.683593750000000000e-01
1.230468750000000000e-01 1.816406250000000000e-01 6.035156250000000000e-01
1.210937500000000000e-01 1.992187500000000000e-01 4.570312500000000000e-01
1.425781250000000000e-01 1.933593750000000000e-01 4.160156250000000000e-01
9.960937500000000000e-02 4.218750000000000000e-01 9.003906250000000000e-01
1.250000000000000000e-01 1.425781250000000000e-01 7.500000000000000000e-01
1.308593750000000000e-01 3.671875000000000000e-01 7.402343750000000000e-01
1.191406250000000000e-01 2.500000000000000000e-01 8.808593750000000000e-01
8.398437500000000000e-02 2.109375000000000000e-01 9.160156250000000000e-01
1.015625000000000000e-01 2.792968750000000000e-01 6.269531250000000000e-01
7.617187500000000000e-02 3.125000000000000000e-01 9.238281250000000000e-01
1.308593750000000000e-01 1.796875000000000000e-01 6.445312500000000000e-01
1.484375000000000000e-01 2.675781250000000000e-01 5.820312500000000000e-01
1.054687500000000000e-01 3.222656250000000000e-01 6.738281250000000000e-01
8.007812500000000000e-02 2.929687500000000000e-01 9.199218750000000000e-01
1.054687500000000000e-01 2.167968750000000000e-01 8.945312500000000000e-01
8.789062500000000000e-02 2.695312500000000000e-01 9.121093750000000000e-01
1.132812500000000000e-01 3.007812500000000000e-01 6.953125000000000000e-01
9.960937500000000000e-02 2.558593750000000000e-01 9.003906250000000000e-01
1.308593750000000000e-01 2.812500000000000000e-01 8.691406250000000000e-01
7.421875000000000000e-02 2.480468750000000000e-01 9.257812500000000000e-01
9.375000000000000000e-02 2.148437500000000000e-01 9.062500000000000000e-01
7.812500000000000000e-02 3.203125000000000000e-01 9.218750000000000000e-01
9.765625000000000000e-02 3.183593750000000000e-01 7.734375000000000000e-01
1.074218750000000000e-01 2.343750000000000000e-01 7.050781250000000000e-01
1.093750000000000000e-01 2.070312500000000000e-01 4.902343750000000000e-01
9.375000000000000000e-02 2.617187500000000000e-01 7.167968750000000000e-01
7.031250000000000000e-02 2.558593750000000000e-01 9.296875000000000000e-01
9.765625000000000000e-02 3.730468750000000000e-01 9.023437500000000000e-01
6.640625000000000000e-02 3.417968750000000000e-01 9.335937500000000000e-01
9.765625000000000000e-02 2.734375000000000000e-01 6.503906250000000000e-01
1.152343750000000000e-01 2.929687500000000000e-01 8.847656250000000000e-01
9.765625000000000000e-02 4.160156250000000000e-01 9.023437500000000000e-01
7.617187500000000000e-02 3.027343750000000000e-01 9.238281250000000000e-01
