2.402343750000000000e-01 1.503906250000000000e-01 5.312500000000000000e-01
2.519531250000000000e-01 2.441406250000000000e-01 6.132812500000000000e-01
2.207031250000000000e-01 2.851562500000000000e-01 7.792968750000000000e-01
2.070312500000000000e-01 2.285156250000000000e-01 7.929687500000000000e-01
2.753906250000000000e-01 1.933593750000000000e-01 4.355468750000000000e-01
2.089843750000000000e-01 1.992187500000000000e-01 7.480468750000000000e-01
2.519531250000000000e-01 1.914062500000000000e-01 5.273437500000000000e-01
2.539062500000000000e-01 1.445312500000000000e-01 4.316406250000000000e-01
2.597656250000000000e-01 1.562500000000000000e-01 3.691406250000000000e-01
2.148437500000000000e-01 3.066406250000000000e-01 7.558593750000000000e-01
2.363281250000000000e-01 2.753906250000000000e-01 7.636718750000000000e-01
1.914062500000000000e-01 2.363281250000000000e-01 8.085937500000000000e-01
2.500000000000000000e-01 1.640625000000000000e-01 6.445312500000000000e-01
1.992187500000000000e-01 1.308593750000000000e-01 7.949218750000000000e-01
2.226562500000000000e-01 1.503906250000000000e-01 6.015625000000000000e-01
2.304687500000000000e-01 2.324218750000000000e-01 6.054687500000000000e-01
2.343750000000000000e-01 1.894531250000000000e-01 7.031250000000000000e-01
2.421875000000000000e-01 1.093750000000000000e-01 4.003906250000000000e-01
2.382812500000000000e-01 1.308593750000000000e-01 5.488281250000000000e-01
2.656250000000000000e-01 1.308593750000000000e-01 4.453125000000000000e-01
2.167968750000000000e-01 2.382812500000000000e-01 7.734375000000000000e-01
2.812500000000000000e-01 1.015625000000000000e-01 2.578125000000000000e-01
1.914062500000000000e-01 1.347656250000000000e-01 7.285156250000000000e-01
2.187500000000000000e-01 2.890625000000000000e-01 7.460937500000000000e-01
2.519531250000000000e-01 2.070312500000000000e-01 5.566406250000000000e-01
2.402343750000000000e-01 2.695312500000000000e-01 5.527343750000000000e-01
2.148437500000000000e-01 1.250000000000000000e-01 7.851562500000000000e-01
2.382812500000000000e-01 2.167968750000000000e-01 6.738281250000000000e-01
2.382812500000000000e-01 2.031250000000000000e-01 4.335937500000000000e-01
2.324218750000000000e-01 2.265625000000000000e-01 7.402343750000000000e-01
2.304687500000000000e-01 1.875000000000000000e-01 5.839843750000000000e-01
2.792968750000000000e-01 1.738281250000000000e-01 4.218750000000000000e-01
2.031250000000000000e-01 2.441406250000000000e-01 7.617187500000000000e-01
2.128906250000000000e-01 2.539062500000000000e-01 6.269531250000000000e-01
2.031250000000000000e-01 3.437500000000000000e-01 7.968750000000000000e-01
2.832031250000000000e-01 1.093750000000000000e-01 3.027343750000000000e-01
2.167968750000000000e-01 2.421875000000000000e-01 7.500000000000000000e-01
2.167968750000000000e-01 1.562500000000000000e-01 5.117187500000000000e-01
2.246093750000000000e-01 2.539062500000000000e-01 6.933593750000000000e-01
2.324218750000000000e-01 3.300781250000000000e-01 7.011718750000000000e-01
2.285156250000000000e-01 1.972656250000000000e-01 6.191406250000000000e-01
2.597656250000000000e-01 2.851562500000000000e-01 5.859375000000000000e-01
2.734375000000000000e-01 2.050781250000000000e-01 4.511718750000000000e-01
2.324218750000000000e-01 3.398437500000000000e-01 7.089843750000000000e-01
2.539062500000000000e-01 1.093750000000000000e-01 4.707031250000000000e-01
2.187500000000000000e-01 2.539062500000000000e-01 7.812500000000000000e-01
2.304687500000000000e-01 3.437500000000000000e-01 7.343750000000000000e-01
2.656250000000000000e-01 1.445312500000000000e-01 4.960937500000000000e-01
2.363281250000000000e-01 2.558593750000000000e-01 6.679687500000000000e-01
2.265625000000000000e-01 1.132812500000000000e-01 7.734375000000000000e-01
2.363281250000000000e-01 9.375000000000000000e-02 6.132812500000000000e-01
2.402343750000000000e-01 2.421875000000000000e-01 6.308593750000000000e-01
2.832031250000000000e-01 1.738281250000000000e-01 3.574218750000000000e-01
2.382812500000000000e-01 1.816406250000000000e-01 6.152343750000000000e-01
2.558593750000000000e-01 1.074218750000000000e-01 5.078125000000000000e-01
2.226562500000000000e-01 1.816406250000000000e-01 5.078125000000000000e-01
2.070312500000000000e-01 2.109375000000000000e-01 7.929687500000000000e-01
2.441406250000000000e-01 2.871093750000000000e-01 5.800781250000000000e-01
2.656250000000000000e-01 1.855468750000000000e-01 3.183593750000000000e-01
2.500000000000000000e-01 1.210937500000000000e-01 5.449218750000000000e-01
2.480468750000000000e-01 2.050781250000000000e-01 6.562500000000000000e-01
2.070312500000000000e-01 1.738281250000000000e-01 7.773437500000000000e-01
2.285156250000000000e-01 3.515625000000000000e-01 5.722656250000000000e-01
2.675781250000000000e-01 1.992187500000000000e-01 4.023437500000000000e-01
1.914062500000000000e-01 2.695312500000000000e-01 7.968750000000000000e-01
2.519531250000000000e-01 1.210937500000000000e-01 4.414062500000000000e-01
2.050781250000000000e-01 1.367187500000000000e-01 7.949218750000000000e-01
2.148437500000000000e-01 3.125000000000000000e-01 6.777343750000000000e-01
2.207031250000000000e-01 2.109375000000000000e-01 5.527343750000000000e-01
2.207031250000000000e-01 2.246093750000000000e-01 7.226562500000000000e-01
2.265625000000000000e-01 2.441406250000000000e-01 7.597656250000000000e-01
2.382812500000000000e-01 2.050781250000000000e-01 6.972656250000000000e-01
2.207031250000000000e-01 2.460937500000000000e-01 6.367187500000000000e-01
2.148437500000000000e-01 8.789062500000000000e-02 7.089843750000000000e-01
2.128906250000000000e-01 2.265625000000000000e-01 7.636718750000000000e-01
2.363281250000000000e-01 1.230468750000000000e-01 5.449218750000000000e-01
2.441406250000000000e-01 2.050781250000000000e-01 5.351562500000000000e-01
2.851562500000000000e-01 1.191406250000000000e-01 2.578125000000000000e-01
2.675781250000000000e-01 1.718750000000000000e-01 5.078125000000000000e-01
2.382812500000000000e-01 1.679687500000000000e-01 5.527343750000000000e-01
2.050781250000000000e-01 1.953125000000000000e-01 7.949218750000000000e-01
2.324218750000000000e-01 2.382812500000000000e-01 5.410156250000000000e-01
2.480468750000000000e-01 1.835937500000000000e-01 6.484375000000000000e-01
2.207031250000000000e-01 2.382812500000000000e-01 7.597656250000000000e-01
2.871093750000000000e-01 1.093750000000000000e-01 2.207031250000000000e-01
2.343750000000000000e-01 2.265625000000000000e-01 4.980468750000000000e-01
2.578125000000000000e-01 2.441406250000000000e-01 6.269531250000000000e-01
2.070312500000000000e-01 3.632812500000000000e-01 7.363281250000000000e-01
2.031250000000000000e-01 1.425781250000000000e-01 7.968750000000000000e-01
2.382812500000000000e-01 2.031250000000000000e-01 4.550781250000000000e-01
2.500000000000000000e-01 2.890625000000000000e-01 6.699218750000000000e-01
2.539062500000000000e-01 9.570312500000000000e-02 3.906250000000000000e-01
2.207031250000000000e-01 3.203125000000000000e-01 6.562500000000000000e-01
2.148437500000000000e-01 2.988281250000000000e-01 7.792968750000000000e-01
2.617187500000000000e-01 1.796875000000000000e-01 4.101562500000000000e-01
2.031250000000000000e-01 2.148437500000000000e-01 6.621093750000000000e-01
2.246093750000000000e-01 2.812500000000000000e-01 5.781250000000000000e-01
2.578125000000000000e-01 2.265625000000000000e-01 4.550781250000000000e-01
2.421875000000000000e-01 2.167968750000000000e-01 5.156250000000000000e-01
2.500000000000000000e-01 2.578125000000000000e-01 5.253906250000000000e-01
