2.363281250000000000e-01 2.070312500000000000e-01 5.839843750000000000e-01
2.265625000000000000e-01 2.187500000000000000e-01 5.781250000000000000e-01
1.875000000000000000e-01 2.304687500000000000e-01 5.156250000000000000e-01
2.226562500000000000e-01 1.640625000000000000e-01 3.867187500000000000e-01
2.011718750000000000e-01 3.535156250000000000e-01 7.519531250000000000e-01
2.441406250000000000e-01 2.031250000000000000e-01 4.804687500000000000e-01
2.246093750000000000e-01 2.617187500000000000e-01 5.390625000000000000e-01
2.304687500000000000e-01 2.441406250000000000e-01 5.917968750000000000e-01
2.265625000000000000e-01 1.679687500000000000e-01 4.375000000000000000e-01
2.246093750000000000e-01 1.484375000000000000e-01 6.210937500000000000e-01
2.011718750000000000e-01 3.125000000000000000e-01 7.988281250000000000e-01
2.011718750000000000e-01 1.660156250000000000e-01 5.878906250000000000e-01
2.207031250000000000e-01 1.855468750000000000e-01 7.617187500000000000e-01
1.875000000000000000e-01 1.972656250000000000e-01 8.125000000000000000e-01
2.285156250000000000e-01 8.789062500000000000e-02 3.730468750000000000e-01
1.972656250000000000e-01 2.460937500000000000e-01 6.796875000000000000e-01
2.304687500000000000e-01 1.230468750000000000e-01 3.652343750000000000e-01
2.050781250000000000e-01 1.953125000000000000e-01 7.773437500000000000e-01
1.972656250000000000e-01 2.949218750000000000e-01 8.027343750000000000e-01
1.757812500000000000e-01 2.070312500000000000e-01 8.242187500000000000e-01
2.148437500000000000e-01 1.542968750000000000e-01 5.761718750000000000e-01
2.265625000000000000e-01 1.718750000000000000e-01 4.316406250000000000e-01
1.914062500000000000e-01 1.855468750000000000e-01 6.093750000000000000e-01
2.128906250000000000e-01 2.089843750000000000e-01 7.324218750000000000e-01
1.855468750000000000e-01 1.171875000000000000e-01 8.144531250000000000e-01
2.304687500000000000e-01 1.621093750000000000e-01 4.628906250000000000e-01
2.207031250000000000e-01 1.757812500000000000e-01 7.207031250000000000e-01
2.226562500000000000e-01 2.167968750000000000e-01 5.996093750000000000e-01
2.304687500000000000e-01 2.636718750000000000e-01 6.054687500000000000e-01
2.226562500000000000e-01 3.066406250000000000e-01 6.855468750000000000e-01
2.089843750000000000e-01 2.421875000000000000e-01 5.937500000000000000e-01
1.914062500000000000e-01 3.281250000000000000e-01 8.085937500000000000e-01
2.207031250000000000e-01 2.382812500000000000e-01 6.503906250000000000e-01
1.855468750000000000e-01 2.246093750000000000e-01 8.144531250000000000e-01
1.503906250000000000e-01 3.417968750000000000e-01 8.496093750000000000e-01
2.109375000000000000e-01 2.304687500000000000e-01 5.859375000000000000e-01
2.285156250000000000e-01 2.070312500000000000e-01 4.941406250000000000e-01
2.207031250000000000e-01 1.757812500000000000e-01 4.570312500000000000e-01
2.246093750000000000e-01 1.992187500000000000e-01 4.570312500000000000e-01
2.089843750000000000e-01 1.542968750000000000e-01 6.679687500000000000e-01
1.894531250000000000e-01 1.679687500000000000e-01 6.621093750000000000e-01
2.382812500000000000e-01 2.246093750000000000e-01 5.019531250000000000e-01
2.480468750000000000e-01 2.519531250000000000e-01 5.312500000000000000e-01
2.187500000000000000e-01 1.308593750000000000e-01 5.507812500000000000e-01
2.089843750000000000e-01 1.933593750000000000e-01 6.484375000000000000e-01
1.914062500000000000e-01 3.085937500000000000e-01 8.085937500000000000e-01
2.421875000000000000e-01 1.210937500000000000e-01 3.593750000000000000e-01
2.148437500000000000e-01 2.207031250000000000e-01 5.468750000000000000e-01
2.050781250000000000e-01 1.328125000000000000e-01 6.347656250000000000e-01
1.953125000000000000e-01 1.816406250000000000e-01 7.343750000000000000e-01
1.855468750000000000e-01 2.343750000000000000e-01 7.382812500000000000e-01
1.816406250000000000e-01 2.832031250000000000e-01 7.480468750000000000e-01
1.855468750000000000e-01 3.789062500000000000e-01 8.144531250000000000e-01
1.992187500000000000e-01 3.066406250000000000e-01 6.484375000000000000e-01
1.992187500000000000e-01 2.539062500000000000e-01 6.914062500000000000e-01
1.386718750000000000e-01 3.925781250000000000e-01 8.613281250000000000e-01
1.914062500000000000e-01 1.933593750000000000e-01 8.085937500000000000e-01
2.246093750000000000e-01 1.679687500000000000e-01 5.839843750000000000e-01
2.187500000000000000e-01 1.894531250000000000e-01 4.472656250000000000e-01
2.011718750000000000e-01 2.773437500000000000e-01 7.832031250000000000e-01
2.187500000000000000e-01 3.886718750000000000e-01 7.812500000000000000e-01
2.070312500000000000e-01 2.265625000000000000e-01 5.937500000000000000e-01
2.089843750000000000e-01 1.503906250000000000e-01 6.660156250000000000e-01
2.187500000000000000e-01 1.757812500000000000e-01 7.128906250000000000e-01
1.816406250000000000e-01 2.011718750000000000e-01 7.265625000000000000e-01
2.285156250000000000e-01 1.699218750000000000e-01 5.449218750000000000e-01
1.660156250000000000e-01 1.621093750000000000e-01 8.339843750000000000e-01
1.777343750000000000e-01 1.562500000000000000e-01 7.519531250000000000e-01
1.855468750000000000e-01 2.226562500000000000e-01 7.363281250000000000e-01
2.109375000000000000e-01 1.855468750000000000e-01 5.468750000000000000e-01
1.835937500000000000e-01 4.082031250000000000e-01 8.164062500000000000e-01
2.128906250000000000e-01 1.972656250000000000e-01 6.074218750000000000e-01
1.328125000000000000e-01 1.250000000000000000e-01 8.671875000000000000e-01
1.796875000000000000e-01 1.132812500000000000e-01 6.855468750000000000e-01
1.914062500000000000e-01 1.914062500000000000e-01 6.718750000000000000e-01
2.226562500000000000e-01 2.363281250000000000e-01 6.562500000000000000e-01
2.011718750000000000e-01 1.640625000000000000e-01 6.757812500000000000e-01
2.128906250000000000e-01 3.085937500000000000e-01 6.855468750000000000e-01
2.285156250000000000e-01 2.890625000000000000e-01 6.386718750000000000e-01
2.070312500000000000e-01 2.070312500000000000e-01 7.578125000000000000e-01
1.464843750000000000e-01 2.011718750000000000e-01 8.535156250000000000e-01
2.070312500000000000e-01 1.308593750000000000e-01 7.050781250000000000e-01
2.382812500000000000e-01 1.992187500000000000e-01 4.824218750000000000e-01
2.148437500000000000e-01 1.972656250000000000e-01 7.167968750000000000e-01
2.109375000000000000e-01 3.339843750000000000e-01 7.890625000000000000e-01
1.953125000000000000e-01 2.031250000000000000e-01 6.582031250000000000e-01
2.167968750000000000e-01 1.503906250000000000e-01 6.855468750000000000e-01
1.699218750000000000e-01 3.417968750000000000e-01 8.300781250000000000e-01
2.089843750000000000e-01 2.656250000000000000e-01 6.503906250000000000e-01
2.285156250000000000e-01 1.640625000000000000e-01 3.476562500000000000e-01
2.246093750000000000e-01 2.480468750000000000e-01 5.820312500000000000e-01
2.265625000000000000e-01 2.363281250000000000e-01 5.097656250000000000e-01
1.718750000000000000e-01 2.597656250000000000e-01 7.910156250000000000e-01
2.167968750000000000e-01 2.695312500000000000e-01 6.953125000000000000e-01
1.542968750000000000e-01 1.679687500000000000e-01 8.457031250000000000e-01
1.855468750000000000e-01 2.519531250000000000e-01 7.695312500000000000e-01
1.933593750000000000e-01 3.574218750000000000e-01 8.066406250000000000e-01
1.894531250000000000e-01 1.835937500000000000e-01 7.910156250000000000e-01
2.031250000000000000e-01 3.007812500000000000e-01 6.152343750000000000e-01
2.167968750000000000e-01 2.500000000000000000e-01 5.878906250000000000e-01
