8.007812500000000000e-02 1.796875000000000000e-01 9.199218750000000000e-01
6.640625000000000000e-02 4.589843750000000000e-01 9.335937500000000000e-01
1.074218750000000000e-01 3.417968750000000000e-01 7.031250000000000000e-01
7.617187500000000000e-02 3.886718750000000000e-01 9.238281250000000000e-01
7.031250000000000000e-02 3.203125000000000000e-01 9.296875000000000000e-01
7.812500000000000000e-02 3.730468750000000000e-01 9.218750000000000000e-01
4.492187500000000000e-02 4.472656250000000000e-01 9.550781250000000000e-01
7.226562500000000000e-02 2.207031250000000000e-01 9.277343750000000000e-01
8.203125000000000000e-02 2.167968750000000000e-01 9.179687500000000000e-01
7.226562500000000000e-02 2.597656250000000000e-01 9.277343750000000000e-01
6.054687500000000000e-02 2.792968750000000000e-01 9.394531250000000000e-01
9.570312500000000000e-02 3.164062500000000000e-01 9.042968750000000000e-01
6.835937500000000000e-02 3.574218750000000000e-01 9.316406250000000000e-01
5.664062500000000000e-02 4.433593750000000000e-01 9.433593750000000000e-01
4.882812500000000000e-02 2.636718750000000000e-01 9.511718750000000000e-01
9.765625000000000000e-02 3.632812500000000000e-01 7.460937500000000000e-01
7.812500000000000000e-02 4.570312500000000000e-01 9.218750000000000000e-01
1.035156250000000000e-01 2.246093750000000000e-01 8.964843750000000000e-01
7.031250000000000000e-02 3.281250000000000000e-01 9.296875000000000000e-01
9.179687500000000000e-02 4.511718750000000000e-01 9.082031250000000000e-01
1.152343750000000000e-01 2.167968750000000000e-01 6.953125000000000000e-01
9.960937500000000000e-02 3.828125000000000000e-01 9.003906250000000000e-01
8.984375000000000000e-02 2.812500000000000000e-01 7.617187500000000000e-01
1.015625000000000000e-01 2.421875000000000000e-01 7.265625000000000000e-01
7.617187500000000000e-02 2.832031250000000000e-01 9.238281250000000000e-01
9.179687500000000000e-02 2.011718750000000000e-01 7.167968750000000000e-01
8.007812500000000000e-02 3.886718750000000000e-01 9.199218750000000000e-01
9.570312500000000000e-02 2.617187500000000000e-01 6.992187500000000000e-01
8.007812500000000000e-02 4.140625000000000000e-01 9.199218750000000000e-01
5.273437500000000000e-02 2.519531250000000000e-01 9.472656250000000000e-01
8.203125000000000000e-02 4.199218750000000000e-01 9.179687500000000000e-01
7.031250000000000000e-02 2.617187500000000000e-01 9.296875000000000000e-01
7.617187500000000000e-02 3.515625000000000000e-01 7.050781250000000000e-01
8.593750000000000000e-02 3.417968750000000000e-01 7.187500000000000000e-01
7.617187500000000000e-02 4.550781250000000000e-01 9.238281250000000000e-01
8.984375000000000000e-02 3.359375000000000000e-01 9.101562500000000000e-01
7.812500000000000000e-02 3.164062500000000000e-01 9.218750000000000000e-01
5.468750000000000000e-02 4.199218750000000000e-01 9.453125000000000000e-01
9.960937500000000000e-02 3.535156250000000000e-01 7.539062500000000000e-01
6.445312500000000000e-02 3.945312500000000000e-01 9.355468750000000000e-01
7.812500000000000000e-02 4.101562500000000000e-01 9.218750000000000000e-01
9.179687500000000000e-02 3.750000000000000000e-01 8.183593750000000000e-01
7.031250000000000000e-02 2.832031250000000000e-01 9.296875000000000000e-01
7.617187500000000000e-02 3.691406250000000000e-01 9.238281250000000000e-01
6.835937500000000000e-02 3.437500000000000000e-01 9.316406250000000000e-01
9.179687500000000000e-02 2.617187500000000000e-01 6.582031250000000000e-01
1.269531250000000000e-01 2.070312500000000000e-01 4.804687500000000000e-01
6.250000000000000000e-02 2.871093750000000000e-01 9.375000000000000000e-01
8.984375000000000000e-02 4.218750000000000000e-01 9.101562500000000000e-01
8.203125000000000000e-02 4.550781250000000000e-01 9.179687500000000000e-01
8.007812500000000000e-02 3.398437500000000000e-01 7.890625000000000000e-01
6.835937500000000000e-02 4.511718750000000000e-01 9.316406250000000000e-01
6.640625000000000000e-02 4.023437500000000000e-01 9.335937500000000000e-01
7.617187500000000000e-02 3.203125000000000000e-01 9.238281250000000000e-01
9.960937500000000000e-02 2.539062500000000000e-01 5.253906250000000000e-01
8.789062500000000000e-02 2.714843750000000000e-01 8.300781250000000000e-01
1.015625000000000000e-01 3.339843750000000000e-01 6.718750000000000000e-01
6.250000000000000000e-02 4.335937500000000000e-01 9.375000000000000000e-01
5.664062500000000000e-02 3.457031250000000000e-01 7.402343750000000000e-01
6.640625000000000000e-02 3.203125000000000000e-01 9.335937500000000000e-01
8.789062500000000000e-02 2.539062500000000000e-01 9.121093750000000000e-01
8.398437500000000000e-02 2.949218750000000000e-01 7.714843750000000000e-01
7.226562500000000000e-02 2.480468750000000000e-01 9.277343750000000000e-01
7.421875000000000000e-02 3.457031250000000000e-01 9.257812500000000000e-01
7.812500000000000000e-02 3.378906250000000000e-01 9.218750000000000000e-01
9.570312500000000000e-02 2.187500000000000000e-01 9.042968750000000000e-01
1.035156250000000000e-01 2.089843750000000000e-01 7.265625000000000000e-01
1.230468750000000000e-01 1.972656250000000000e-01 4.472656250000000000e-01
7.226562500000000000e-02 3.496093750000000000e-01 9.277343750000000000e-01
7.617187500000000000e-02 3.593750000000000000e-01 9.238281250000000000e-01
9.960937500000000000e-02 3.984375000000000000e-01 9.003906250000000000e-01
1.015625000000000000e-01 2.421875000000000000e-01 6.835937500000000000e-01
9.765625000000000000e-02 3.222656250000000000e-01 7.070312500000000000e-01
8.398437500000000000e-02 3.144531250000000000e-01 9.160156250000000000e-01
8.007812500000000000e-02 2.246093750000000000e-01 9.199218750000000000e-01
6.835937500000000000e-02 3.300781250000000000e-01 9.316406250000000000e-01
8.593750000000000000e-02 4.531250000000000000e-01 9.140625000000000000e-01
9.179687500000000000e-02 3.125000000000000000e-01 9.082031250000000000e-01
8.398437500000000000e-02 2.910156250000000000e-01 9.160156250000000000e-01
8.203125000000000000e-02 3.164062500000000000e-01 7.304687500000000000e-01
6.640625000000000000e-02 2.988281250000000000e-01 9.335937500000000000e-01
9.960937500000000000e-02 4.238281250000000000e-01 9.003906250000000000e-01
8.007812500000000000e-02 2.812500000000000000e-01 9.199218750000000000e-01
7.226562500000000000e-02 3.183593750000000000e-01 9.277343750000000000e-01
1.054687500000000000e-01 2.402343750000000000e-01 7.031250000000000000e-01
1.035156250000000000e-01 3.281250000000000000e-01 6.562500000000000000e-01
6.835937500000000000e-02 2.597656250000000000e-01 6.972656250000000000e-01
9.765625000000000000e-02 2.148437500000000000e-01 7.070312500000000000e-01
6.835937500000000000e-02 3.710937500000000000e-01 9.316406250000000000e-01
7.226562500000000000e-02 3.476562500000000000e-01 9.277343750000000000e-01
7.031250000000000000e-02 4.550781250000000000e-01 9.296875000000000000e-01
4.882812500000000000e-02 4.472656250000000000e-01 9.511718750000000000e-01
8.007812500000000000e-02 2.636718750000000000e-01 7.226562500000000000e-01
5.859375000000000000e-02 2.832031250000000000e-01 9.414062500000000000e-01
7.031250000000000000e-02 3.359375000000000000e-01 9.296875000000000000e-01
9.765625000000000000e-02 1.718750000000000000e-01 9.023437500000000000e-01
5.664062500000000000e-02 2.636718750000000000e-01 9.433593750000000000e-01
1.035156250000000000e-01 2.167968750000000000e-01 6.835937500000000000e-01
1.210937500000000000e-01 1.933593750000000000e-01 3.984375000000000000e-01
5.273437500000000000e-02 4.277343750000000000e-01 9.472656250000000000e-01
