5.859375000000000000e-02 4.687500000000000000e-01 9.414062500000000000e-01
5.859375000000000000e-02 3.378906250000000000e-01 9.414062500000000000e-01
9.179687500000000000e-02 3.476562500000000000e-01 9.082031250000000000e-01
7.421875000000000000e-02 3.886718750000000000e-01 9.257812500000000000e-01
6.445312500000000000e-02 3.261718750000000000e-01 9.355468750000000000e-01
9.960937500000000000e-02 2.519531250000000000e-01 5.722656250000000000e-01
4.296875000000000000e-02 4.492187500000000000e-01 9.570312500000000000e-01
5.273437500000000000e-02 3.359375000000000000e-01 9.472656250000000000e-01
7.031250000000000000e-02 2.558593750000000000e-01 7.363281250000000000e-01
8.203125000000000000e-02 2.910156250000000000e-01 6.660156250000000000e-01
5.468750000000000000e-02 2.910156250000000000e-01 9.453125000000000000e-01
7.031250000000000000e-02 4.511718750000000000e-01 9.296875000000000000e-01
6.835937500000000000e-02 3.574218750000000000e-01 9.316406250000000000e-01
5.273437500000000000e-02 4.414062500000000000e-01 9.472656250000000000e-01
7.421875000000000000e-02 2.675781250000000000e-01 6.640625000000000000e-01
6.445312500000000000e-02 3.964843750000000000e-01 9.355468750000000000e-01
1.210937500000000000e-01 2.851562500000000000e-01 6.113281250000000000e-01
8.398437500000000000e-02 3.261718750000000000e-01 9.160156250000000000e-01
7.421875000000000000e-02 4.257812500000000000e-01 9.257812500000000000e-01
6.640625000000000000e-02 2.558593750000000000e-01 9.335937500000000000e-01
8.984375000000000000e-02 2.246093750000000000e-01 7.460937500000000000e-01
8.593750000000000000e-02 3.808593750000000000e-01 9.140625000000000000e-01
8.398437500000000000e-02 2.792968750000000000e-01 7.675781250000000000e-01
1.015625000000000000e-01 2.363281250000000000e-01 7.265625000000000000e-01
8.984375000000000000e-02 2.832031250000000000e-01 9.101562500000000000e-01
6.640625000000000000e-02 3.437500000000000000e-01 9.335937500000000000e-01
9.375000000000000000e-02 2.343750000000000000e-01 9.062500000000000000e-01
9.960937500000000000e-02 2.792968750000000000e-01 6.992187500000000000e-01
1.015625000000000000e-01 2.167968750000000000e-01 4.980468750000000000e-01
5.273437500000000000e-02 2.519531250000000000e-01 9.472656250000000000e-01
7.617187500000000000e-02 2.675781250000000000e-01 6.933593750000000000e-01
7.031250000000000000e-02 3.144531250000000000e-01 6.757812500000000000e-01
6.054687500000000000e-02 3.574218750000000000e-01 9.394531250000000000e-01
8.593750000000000000e-02 3.417968750000000000e-01 7.167968750000000000e-01
7.421875000000000000e-02 4.531250000000000000e-01 9.257812500000000000e-01
8.984375000000000000e-02 3.359375000000000000e-01 9.101562500000000000e-01
8.398437500000000000e-02 3.125000000000000000e-01 9.160156250000000000e-01
7.617187500000000000e-02 3.242187500000000000e-01 7.382812500000000000e-01
9.570312500000000000e-02 3.300781250000000000e-01 7.363281250000000000e-01
6.054687500000000000e-02 3.906250000000000000e-01 9.394531250000000000e-01
7.812500000000000000e-02 4.121093750000000000e-01 9.218750000000000000e-01
9.179687500000000000e-02 2.402343750000000000e-01 6.875000000000000000e-01
6.835937500000000000e-02 2.832031250000000000e-01 9.316406250000000000e-01
8.984375000000000000e-02 2.617187500000000000e-01 7.832031250000000000e-01
7.421875000000000000e-02 3.417968750000000000e-01 9.257812500000000000e-01
7.617187500000000000e-02 3.417968750000000000e-01 7.148437500000000000e-01
7.812500000000000000e-02 3.164062500000000000e-01 9.218750000000000000e-01
6.445312500000000000e-02 3.437500000000000000e-01 9.355468750000000000e-01
6.640625000000000000e-02 4.628906250000000000e-01 9.335937500000000000e-01
9.765625000000000000e-02 3.632812500000000000e-01 7.285156250000000000e-01
6.054687500000000000e-02 4.687500000000000000e-01 9.394531250000000000e-01
7.812500000000000000e-02 4.550781250000000000e-01 9.218750000000000000e-01
6.445312500000000000e-02 4.042968750000000000e-01 9.355468750000000000e-01
7.421875000000000000e-02 3.164062500000000000e-01 6.953125000000000000e-01
9.570312500000000000e-02 2.382812500000000000e-01 5.292968750000000000e-01
6.445312500000000000e-02 4.238281250000000000e-01 9.355468750000000000e-01
7.031250000000000000e-02 4.257812500000000000e-01 9.296875000000000000e-01
5.078125000000000000e-02 4.316406250000000000e-01 9.492187500000000000e-01
6.054687500000000000e-02 3.964843750000000000e-01 9.394531250000000000e-01
5.859375000000000000e-02 3.945312500000000000e-01 9.414062500000000000e-01
7.617187500000000000e-02 2.890625000000000000e-01 6.425781250000000000e-01
7.226562500000000000e-02 3.105468750000000000e-01 7.382812500000000000e-01
7.226562500000000000e-02 2.714843750000000000e-01 6.796875000000000000e-01
7.421875000000000000e-02 3.457031250000000000e-01 9.257812500000000000e-01
6.835937500000000000e-02 3.378906250000000000e-01 9.316406250000000000e-01
9.375000000000000000e-02 2.617187500000000000e-01 9.062500000000000000e-01
1.054687500000000000e-01 2.089843750000000000e-01 7.246093750000000000e-01
8.007812500000000000e-02 4.492187500000000000e-01 9.199218750000000000e-01
8.593750000000000000e-02 3.457031250000000000e-01 8.085937500000000000e-01
7.421875000000000000e-02 4.570312500000000000e-01 9.257812500000000000e-01
1.074218750000000000e-01 2.167968750000000000e-01 5.156250000000000000e-01
1.132812500000000000e-01 1.523437500000000000e-01 6.171875000000000000e-01
7.812500000000000000e-02 3.242187500000000000e-01 7.246093750000000000e-01
7.031250000000000000e-02 3.535156250000000000e-01 9.296875000000000000e-01
9.570312500000000000e-02 2.460937500000000000e-01 6.777343750000000000e-01
7.031250000000000000e-02 2.773437500000000000e-01 9.296875000000000000e-01
4.687500000000000000e-02 4.609375000000000000e-01 9.531250000000000000e-01
7.421875000000000000e-02 3.183593750000000000e-01 9.257812500000000000e-01
6.640625000000000000e-02 3.398437500000000000e-01 9.335937500000000000e-01
7.031250000000000000e-02 3.183593750000000000e-01 9.296875000000000000e-01
4.687500000000000000e-02 2.988281250000000000e-01 9.531250000000000000e-01
8.984375000000000000e-02 3.066406250000000000e-01 9.101562500000000000e-01
1.074218750000000000e-01 1.933593750000000000e-01 7.285156250000000000e-01
7.421875000000000000e-02 3.144531250000000000e-01 9.257812500000000000e-01
9.765625000000000000e-02 1.914062500000000000e-01 9.023437500000000000e-01
8.984375000000000000e-02 3.886718750000000000e-01 9.101562500000000000e-01
5.078125000000000000e-02 4.589843750000000000e-01 9.492187500000000000e-01
6.250000000000000000e-02 4.589843750000000000e-01 9.375000000000000000e-01
5.468750000000000000e-02 2.949218750000000000e-01 9.453125000000000000e-01
7.421875000000000000e-02 3.476562500000000000e-01 9.257812500000000000e-01
6.445312500000000000e-02 4.589843750000000000e-01 9.355468750000000000e-01
4.687500000000000000e-02 4.511718750000000000e-01 9.531250000000000000e-01
7.617187500000000000e-02 2.636718750000000000e-01 7.265625000000000000e-01
5.468750000000000000e-02 4.042968750000000000e-01 9.453125000000000000e-01
5.664062500000000000e-02 3.925781250000000000e-01 9.433593750000000000e-01
1.269531250000000000e-01 1.933593750000000000e-01 3.886718750000000000e-01
7.226562500000000000e-02 2.500000000000000000e-01 6.816406250000000000e-01
7.031250000000000000e-02 4.648437500000000000e-01 9.296875000000000000e-01
9.960937500000000000e-02 3.632812500000000000e-01 9.003906250000000000e-01
4.882812500000000000e-02 4.355468750000000000e-01 9.511718750000000000e-01
