3.437500000000000000e-01 1.855468750000000000e-01 5.781250000000000000e-01
3.808593750000000000e-01 9.375000000000000000e-02 4.511718750000000000e-01
3.476562500000000000e-01 2.246093750000000000e-01 6.406250000000000000e-01
3.574218750000000000e-01 1.230468750000000000e-01 5.117187500000000000e-01
3.378906250000000000e-01 9.375000000000000000e-02 6.406250000000000000e-01
3.730468750000000000e-01 1.445312500000000000e-01 4.375000000000000000e-01
4.218750000000000000e-01 1.230468750000000000e-01 2.871093750000000000e-01
3.769531250000000000e-01 1.972656250000000000e-01 3.886718750000000000e-01
3.066406250000000000e-01 2.070312500000000000e-01 6.933593750000000000e-01
3.945312500000000000e-01 8.789062500000000000e-02 3.027343750000000000e-01
4.414062500000000000e-01 7.226562500000000000e-02 1.796875000000000000e-01
3.730468750000000000e-01 1.406250000000000000e-01 3.769531250000000000e-01
3.671875000000000000e-01 1.621093750000000000e-01 4.238281250000000000e-01
3.828125000000000000e-01 2.285156250000000000e-01 5.292968750000000000e-01
3.515625000000000000e-01 1.679687500000000000e-01 5.898437500000000000e-01
3.652343750000000000e-01 2.890625000000000000e-01 5.839843750000000000e-01
3.437500000000000000e-01 1.562500000000000000e-01 5.917968750000000000e-01
4.375000000000000000e-01 8.007812500000000000e-02 1.523437500000000000e-01
3.730468750000000000e-01 2.304687500000000000e-01 4.746093750000000000e-01
3.593750000000000000e-01 2.187500000000000000e-01 5.839843750000000000e-01
3.300781250000000000e-01 1.777343750000000000e-01 5.488281250000000000e-01
3.652343750000000000e-01 1.816406250000000000e-01 5.371093750000000000e-01
4.199218750000000000e-01 1.269531250000000000e-01 2.441406250000000000e-01
3.496093750000000000e-01 2.128906250000000000e-01 6.132812500000000000e-01
3.652343750000000000e-01 1.757812500000000000e-01 5.488281250000000000e-01
3.574218750000000000e-01 2.304687500000000000e-01 4.882812500000000000e-01
3.964843750000000000e-01 9.960937500000000000e-02 3.906250000000000000e-01
3.593750000000000000e-01 1.542968750000000000e-01 6.269531250000000000e-01
4.082031250000000000e-01 1.757812500000000000e-01 3.496093750000000000e-01
3.632812500000000000e-01 1.796875000000000000e-01 5.585937500000000000e-01
4.101562500000000000e-01 8.203125000000000000e-02 2.089843750000000000e-01
3.222656250000000000e-01 2.714843750000000000e-01 5.488281250000000000e-01
3.925781250000000000e-01 1.796875000000000000e-01 3.945312500000000000e-01
3.730468750000000000e-01 1.601562500000000000e-01 5.175781250000000000e-01
3.574218750000000000e-01 1.132812500000000000e-01 5.937500000000000000e-01
3.691406250000000000e-01 9.179687500000000000e-02 5.781250000000000000e-01
3.808593750000000000e-01 1.269531250000000000e-01 3.359375000000000000e-01
3.457031250000000000e-01 1.171875000000000000e-01 6.386718750000000000e-01
3.789062500000000000e-01 1.933593750000000000e-01 4.628906250000000000e-01
3.222656250000000000e-01 2.148437500000000000e-01 6.621093750000000000e-01
3.945312500000000000e-01 1.015625000000000000e-01 4.257812500000000000e-01
3.593750000000000000e-01 1.562500000000000000e-01 4.042968750000000000e-01
3.906250000000000000e-01 1.972656250000000000e-01 3.437500000000000000e-01
3.750000000000000000e-01 1.308593750000000000e-01 4.296875000000000000e-01
3.984375000000000000e-01 8.984375000000000000e-02 3.144531250000000000e-01
3.945312500000000000e-01 9.570312500000000000e-02 3.984375000000000000e-01
3.535156250000000000e-01 2.656250000000000000e-01 5.312500000000000000e-01
3.828125000000000000e-01 2.207031250000000000e-01 5.292968750000000000e-01
3.652343750000000000e-01 1.289062500000000000e-01 3.574218750000000000e-01
3.730468750000000000e-01 1.699218750000000000e-01 4.140625000000000000e-01
4.179687500000000000e-01 9.375000000000000000e-02 2.812500000000000000e-01
3.652343750000000000e-01 1.582031250000000000e-01 4.218750000000000000e-01
3.710937500000000000e-01 1.738281250000000000e-01 5.136718750000000000e-01
3.593750000000000000e-01 1.816406250000000000e-01 4.414062500000000000e-01
3.730468750000000000e-01 1.093750000000000000e-01 4.667968750000000000e-01
3.457031250000000000e-01 2.304687500000000000e-01 5.742187500000000000e-01
3.515625000000000000e-01 1.230468750000000000e-01 5.000000000000000000e-01
3.613281250000000000e-01 1.210937500000000000e-01 5.097656250000000000e-01
3.554687500000000000e-01 2.597656250000000000e-01 6.308593750000000000e-01
3.496093750000000000e-01 2.675781250000000000e-01 6.308593750000000000e-01
3.847656250000000000e-01 1.894531250000000000e-01 4.414062500000000000e-01
3.652343750000000000e-01 1.582031250000000000e-01 4.824218750000000000e-01
4.101562500000000000e-01 1.093750000000000000e-01 2.636718750000000000e-01
3.808593750000000000e-01 8.593750000000000000e-02 4.863281250000000000e-01
3.671875000000000000e-01 1.113281250000000000e-01 5.683593750000000000e-01
3.925781250000000000e-01 8.593750000000000000e-02 3.496093750000000000e-01
4.101562500000000000e-01 1.074218750000000000e-01 2.460937500000000000e-01
3.515625000000000000e-01 1.894531250000000000e-01 5.742187500000000000e-01
3.828125000000000000e-01 1.933593750000000000e-01 4.707031250000000000e-01
4.062500000000000000e-01 1.152343750000000000e-01 2.753906250000000000e-01
3.300781250000000000e-01 2.753906250000000000e-01 6.542968750000000000e-01
3.359375000000000000e-01 1.640625000000000000e-01 6.386718750000000000e-01
3.593750000000000000e-01 1.855468750000000000e-01 5.488281250000000000e-01
3.750000000000000000e-01 8.593750000000000000e-02 3.554687500000000000e-01
3.066406250000000000e-01 1.425781250000000000e-01 6.933593750000000000e-01
3.769531250000000000e-01 1.210937500000000000e-01 3.964843750000000000e-01
3.828125000000000000e-01 1.699218750000000000e-01 2.792968750000000000e-01
3.671875000000000000e-01 1.718750000000000000e-01 5.039062500000000000e-01
4.218750000000000000e-01 1.074218750000000000e-01 2.636718750000000000e-01
3.535156250000000000e-01 1.503906250000000000e-01 5.898437500000000000e-01
3.867187500000000000e-01 1.855468750000000000e-01 4.394531250000000000e-01
3.535156250000000000e-01 1.914062500000000000e-01 5.078125000000000000e-01
3.671875000000000000e-01 2.773437500000000000e-01 5.742187500000000000e-01
3.710937500000000000e-01 9.570312500000000000e-02 5.683593750000000000e-01
3.535156250000000000e-01 1.503906250000000000e-01 5.664062500000000000e-01
3.632812500000000000e-01 1.718750000000000000e-01 4.199218750000000000e-01
3.691406250000000000e-01 1.875000000000000000e-01 5.781250000000000000e-01
3.652343750000000000e-01 2.050781250000000000e-01 4.765625000000000000e-01
3.613281250000000000e-01 8.984375000000000000e-02 5.136718750000000000e-01
3.750000000000000000e-01 1.093750000000000000e-01 2.890625000000000000e-01
3.613281250000000000e-01 1.523437500000000000e-01 5.527343750000000000e-01
3.867187500000000000e-01 1.367187500000000000e-01 4.003906250000000000e-01
3.750000000000000000e-01 1.484375000000000000e-01 5.507812500000000000e-01
3.867187500000000000e-01 1.875000000000000000e-01 3.984375000000000000e-01
3.769531250000000000e-01 7.421875000000000000e-02 5.332031250000000000e-01
3.730468750000000000e-01 1.152343750000000000e-01 4.648437500000000000e-01
3.828125000000000000e-01 1.054687500000000000e-01 5.078125000000000000e-01
3.632812500000000000e-01 1.230468750000000000e-01 5.390625000000000000e-01
3.769531250000000000e-01 1.933593750000000000e-01 4.140625000000000000e-01
4.121093750000000000e-01 1.035156250000000000e-01 1.953125000000000000e-01
