2.500000000000000000e-01 3.613281250000000000e-01 7.246093750000000000e-01
2.773437500000000000e-01 1.855468750000000000e-01 6.621093750000000000e-01
2.968750000000000000e-01 2.421875000000000000e-01 5.117187500000000000e-01
2.949218750000000000e-01 1.308593750000000000e-01 4.765625000000000000e-01
2.988281250000000000e-01 1.582031250000000000e-01 3.925781250000000000e-01
2.812500000000000000e-01 1.367187500000000000e-01 5.996093750000000000e-01
2.851562500000000000e-01 2.636718750000000000e-01 5.566406250000000000e-01
2.714843750000000000e-01 2.304687500000000000e-01 5.019531250000000000e-01
2.597656250000000000e-01 2.109375000000000000e-01 5.703125000000000000e-01
2.695312500000000000e-01 2.304687500000000000e-01 5.761718750000000000e-01
3.125000000000000000e-01 1.796875000000000000e-01 4.472656250000000000e-01
2.597656250000000000e-01 2.714843750000000000e-01 6.328125000000000000e-01
2.890625000000000000e-01 1.191406250000000000e-01 5.019531250000000000e-01
2.558593750000000000e-01 2.011718750000000000e-01 5.019531250000000000e-01
2.656250000000000000e-01 1.015625000000000000e-01 6.289062500000000000e-01
2.910156250000000000e-01 2.285156250000000000e-01 4.863281250000000000e-01
2.675781250000000000e-01 1.621093750000000000e-01 4.550781250000000000e-01
2.714843750000000000e-01 1.289062500000000000e-01 6.386718750000000000e-01
2.929687500000000000e-01 1.953125000000000000e-01 4.667968750000000000e-01
2.539062500000000000e-01 1.367187500000000000e-01 7.089843750000000000e-01
2.480468750000000000e-01 3.125000000000000000e-01 6.269531250000000000e-01
2.812500000000000000e-01 2.265625000000000000e-01 6.308593750000000000e-01
2.636718750000000000e-01 1.777343750000000000e-01 4.746093750000000000e-01
2.773437500000000000e-01 1.523437500000000000e-01 4.277343750000000000e-01
2.812500000000000000e-01 1.250000000000000000e-01 5.312500000000000000e-01
2.558593750000000000e-01 2.597656250000000000e-01 6.328125000000000000e-01
2.695312500000000000e-01 2.128906250000000000e-01 5.820312500000000000e-01
2.597656250000000000e-01 1.464843750000000000e-01 7.304687500000000000e-01
2.558593750000000000e-01 2.128906250000000000e-01 6.835937500000000000e-01
2.597656250000000000e-01 1.230468750000000000e-01 7.226562500000000000e-01
2.929687500000000000e-01 1.621093750000000000e-01 3.281250000000000000e-01
2.773437500000000000e-01 1.835937500000000000e-01 6.523437500000000000e-01
2.753906250000000000e-01 1.796875000000000000e-01 4.570312500000000000e-01
2.773437500000000000e-01 2.207031250000000000e-01 5.136718750000000000e-01
2.539062500000000000e-01 2.812500000000000000e-01 6.875000000000000000e-01
2.832031250000000000e-01 2.167968750000000000e-01 4.980468750000000000e-01
2.656250000000000000e-01 1.875000000000000000e-01 6.992187500000000000e-01
2.675781250000000000e-01 1.562500000000000000e-01 6.855468750000000000e-01
2.617187500000000000e-01 1.132812500000000000e-01 5.917968750000000000e-01
2.597656250000000000e-01 1.171875000000000000e-01 5.664062500000000000e-01
2.753906250000000000e-01 1.582031250000000000e-01 5.507812500000000000e-01
2.675781250000000000e-01 1.210937500000000000e-01 6.523437500000000000e-01
2.812500000000000000e-01 1.093750000000000000e-01 4.375000000000000000e-01
2.734375000000000000e-01 2.011718750000000000e-01 4.199218750000000000e-01
2.949218750000000000e-01 1.621093750000000000e-01 5.781250000000000000e-01
2.871093750000000000e-01 1.523437500000000000e-01 5.214843750000000000e-01
2.480468750000000000e-01 3.378906250000000000e-01 6.933593750000000000e-01
2.832031250000000000e-01 1.855468750000000000e-01 4.335937500000000000e-01
2.382812500000000000e-01 2.539062500000000000e-01 7.617187500000000000e-01
2.656250000000000000e-01 1.992187500000000000e-01 5.820312500000000000e-01
2.500000000000000000e-01 8.203125000000000000e-02 6.503906250000000000e-01
2.734375000000000000e-01 1.640625000000000000e-01 6.503906250000000000e-01
2.753906250000000000e-01 9.375000000000000000e-02 4.765625000000000000e-01
2.675781250000000000e-01 3.203125000000000000e-01 6.289062500000000000e-01
2.304687500000000000e-01 3.281250000000000000e-01 7.695312500000000000e-01
2.714843750000000000e-01 2.441406250000000000e-01 5.000000000000000000e-01
2.500000000000000000e-01 1.992187500000000000e-01 6.796875000000000000e-01
2.929687500000000000e-01 1.875000000000000000e-01 3.945312500000000000e-01
2.578125000000000000e-01 2.734375000000000000e-01 6.289062500000000000e-01
2.968750000000000000e-01 1.835937500000000000e-01 4.082031250000000000e-01
2.734375000000000000e-01 1.660156250000000000e-01 5.820312500000000000e-01
2.539062500000000000e-01 1.152343750000000000e-01 5.703125000000000000e-01
2.812500000000000000e-01 1.289062500000000000e-01 2.656250000000000000e-01
2.656250000000000000e-01 1.367187500000000000e-01 6.660156250000000000e-01
2.617187500000000000e-01 1.835937500000000000e-01 6.093750000000000000e-01
2.851562500000000000e-01 1.250000000000000000e-01 2.910156250000000000e-01
2.773437500000000000e-01 3.007812500000000000e-01 6.210937500000000000e-01
2.500000000000000000e-01 2.363281250000000000e-01 5.781250000000000000e-01
2.363281250000000000e-01 1.542968750000000000e-01 6.621093750000000000e-01
3.105468750000000000e-01 1.250000000000000000e-01 3.183593750000000000e-01
2.636718750000000000e-01 2.187500000000000000e-01 6.425781250000000000e-01
2.812500000000000000e-01 1.816406250000000000e-01 3.808593750000000000e-01
2.500000000000000000e-01 1.660156250000000000e-01 5.000000000000000000e-01
3.027343750000000000e-01 1.093750000000000000e-01 3.984375000000000000e-01
2.539062500000000000e-01 1.621093750000000000e-01 6.816406250000000000e-01
2.890625000000000000e-01 1.171875000000000000e-01 4.941406250000000000e-01
2.695312500000000000e-01 1.855468750000000000e-01 5.136718750000000000e-01
2.617187500000000000e-01 3.066406250000000000e-01 6.445312500000000000e-01
2.460937500000000000e-01 1.328125000000000000e-01 7.382812500000000000e-01
2.792968750000000000e-01 1.230468750000000000e-01 4.375000000000000000e-01
2.558593750000000000e-01 1.972656250000000000e-01 7.109375000000000000e-01
2.617187500000000000e-01 3.574218750000000000e-01 7.187500000000000000e-01
2.675781250000000000e-01 3.183593750000000000e-01 7.285156250000000000e-01
2.382812500000000000e-01 1.777343750000000000e-01 6.171875000000000000e-01
2.832031250000000000e-01 1.875000000000000000e-01 5.410156250000000000e-01
2.597656250000000000e-01 2.089843750000000000e-01 6.054687500000000000e-01
2.519531250000000000e-01 2.851562500000000000e-01 7.480468750000000000e-01
2.734375000000000000e-01 1.972656250000000000e-01 6.347656250000000000e-01
2.480468750000000000e-01 1.777343750000000000e-01 6.289062500000000000e-01
2.656250000000000000e-01 1.972656250000000000e-01 5.429687500000000000e-01
2.890625000000000000e-01 2.382812500000000000e-01 5.546875000000000000e-01
2.949218750000000000e-01 1.523437500000000000e-01 3.183593750000000000e-01
2.480468750000000000e-01 3.339843750000000000e-01 7.519531250000000000e-01
2.695312500000000000e-01 2.382812500000000000e-01 5.800781250000000000e-01
2.656250000000000000e-01 9.570312500000000000e-02 5.175781250000000000e-01
2.675781250000000000e-01 1.738281250000000000e-01 3.964843750000000000e-01
2.421875000000000000e-01 1.347656250000000000e-01 6.738281250000000000e-01
2.597656250000000000e-01 2.714843750000000000e-01 5.410156250000000000e-01
2.714843750000000000e-01 1.132812500000000000e-01 6.230468750000000000e-01
2.832031250000000000e-01 1.601562500000000000e-01 3.203125000000000000e-01
