2.480468750000000000e-01 2.519531250000000000e-01 7.246093750000000000e-01
3.007812500000000000e-01 1.660156250000000000e-01 5.703125000000000000e-01
3.378906250000000000e-01 1.796875000000000000e-01 4.023437500000000000e-01
3.046875000000000000e-01 2.402343750000000000e-01 5.039062500000000000e-01
3.535156250000000000e-01 1.621093750000000000e-01 3.574218750000000000e-01
3.183593750000000000e-01 2.128906250000000000e-01 4.394531250000000000e-01
3.242187500000000000e-01 1.738281250000000000e-01 3.906250000000000000e-01
3.007812500000000000e-01 2.011718750000000000e-01 6.875000000000000000e-01
2.929687500000000000e-01 1.972656250000000000e-01 5.839843750000000000e-01
2.734375000000000000e-01 2.050781250000000000e-01 5.546875000000000000e-01
2.890625000000000000e-01 1.894531250000000000e-01 5.312500000000000000e-01
2.773437500000000000e-01 1.640625000000000000e-01 3.984375000000000000e-01
3.164062500000000000e-01 1.601562500000000000e-01 3.847656250000000000e-01
2.675781250000000000e-01 2.636718750000000000e-01 6.972656250000000000e-01
3.144531250000000000e-01 1.269531250000000000e-01 4.160156250000000000e-01
2.695312500000000000e-01 3.085937500000000000e-01 7.207031250000000000e-01
3.027343750000000000e-01 1.621093750000000000e-01 4.902343750000000000e-01
3.007812500000000000e-01 2.265625000000000000e-01 5.761718750000000000e-01
2.617187500000000000e-01 1.484375000000000000e-01 7.167968750000000000e-01
3.027343750000000000e-01 1.621093750000000000e-01 4.511718750000000000e-01
2.636718750000000000e-01 1.406250000000000000e-01 6.757812500000000000e-01
3.105468750000000000e-01 1.757812500000000000e-01 4.765625000000000000e-01
2.343750000000000000e-01 2.226562500000000000e-01 7.480468750000000000e-01
3.261718750000000000e-01 1.523437500000000000e-01 3.945312500000000000e-01
3.164062500000000000e-01 1.757812500000000000e-01 4.511718750000000000e-01
2.675781250000000000e-01 1.542968750000000000e-01 5.371093750000000000e-01
2.968750000000000000e-01 2.050781250000000000e-01 4.628906250000000000e-01
3.046875000000000000e-01 1.640625000000000000e-01 4.667968750000000000e-01
3.007812500000000000e-01 1.386718750000000000e-01 5.097656250000000000e-01
2.929687500000000000e-01 1.171875000000000000e-01 5.390625000000000000e-01
3.007812500000000000e-01 1.425781250000000000e-01 4.589843750000000000e-01
3.125000000000000000e-01 1.074218750000000000e-01 3.886718750000000000e-01
3.085937500000000000e-01 2.148437500000000000e-01 5.527343750000000000e-01
2.578125000000000000e-01 1.542968750000000000e-01 7.031250000000000000e-01
2.832031250000000000e-01 2.753906250000000000e-01 7.167968750000000000e-01
3.007812500000000000e-01 1.621093750000000000e-01 5.292968750000000000e-01
2.968750000000000000e-01 2.558593750000000000e-01 5.371093750000000000e-01
3.300781250000000000e-01 1.914062500000000000e-01 4.121093750000000000e-01
2.832031250000000000e-01 1.933593750000000000e-01 5.800781250000000000e-01
3.164062500000000000e-01 9.960937500000000000e-02 4.238281250000000000e-01
3.183593750000000000e-01 2.578125000000000000e-01 5.449218750000000000e-01
3.066406250000000000e-01 2.343750000000000000e-01 5.976562500000000000e-01
2.851562500000000000e-01 1.191406250000000000e-01 5.195312500000000000e-01
2.871093750000000000e-01 3.398437500000000000e-01 6.953125000000000000e-01
3.125000000000000000e-01 1.972656250000000000e-01 4.921875000000000000e-01
3.027343750000000000e-01 1.894531250000000000e-01 6.171875000000000000e-01
3.105468750000000000e-01 9.765625000000000000e-02 5.664062500000000000e-01
3.261718750000000000e-01 1.289062500000000000e-01 4.121093750000000000e-01
2.890625000000000000e-01 3.046875000000000000e-01 6.542968750000000000e-01
2.753906250000000000e-01 9.179687500000000000e-02 6.777343750000000000e-01
3.164062500000000000e-01 1.796875000000000000e-01 4.687500000000000000e-01
3.320312500000000000e-01 1.464843750000000000e-01 2.929687500000000000e-01
2.929687500000000000e-01 1.562500000000000000e-01 5.898437500000000000e-01
2.617187500000000000e-01 2.167968750000000000e-01 7.187500000000000000e-01
2.890625000000000000e-01 2.109375000000000000e-01 6.035156250000000000e-01
2.578125000000000000e-01 2.324218750000000000e-01 7.421875000000000000e-01
2.988281250000000000e-01 2.050781250000000000e-01 5.234375000000000000e-01
2.929687500000000000e-01 1.464843750000000000e-01 6.523437500000000000e-01
2.988281250000000000e-01 1.386718750000000000e-01 4.492187500000000000e-01
2.851562500000000000e-01 2.382812500000000000e-01 6.640625000000000000e-01
3.105468750000000000e-01 1.816406250000000000e-01 6.171875000000000000e-01
2.714843750000000000e-01 1.445312500000000000e-01 6.503906250000000000e-01
2.441406250000000000e-01 3.027343750000000000e-01 7.460937500000000000e-01
3.222656250000000000e-01 1.992187500000000000e-01 4.179687500000000000e-01
3.085937500000000000e-01 1.054687500000000000e-01 3.300781250000000000e-01
2.656250000000000000e-01 3.613281250000000000e-01 7.128906250000000000e-01
2.812500000000000000e-01 1.328125000000000000e-01 6.484375000000000000e-01
2.460937500000000000e-01 2.089843750000000000e-01 7.539062500000000000e-01
2.832031250000000000e-01 1.835937500000000000e-01 6.171875000000000000e-01
2.675781250000000000e-01 2.324218750000000000e-01 4.882812500000000000e-01
3.183593750000000000e-01 1.328125000000000000e-01 3.671875000000000000e-01
3.144531250000000000e-01 1.621093750000000000e-01 3.964843750000000000e-01
3.125000000000000000e-01 1.347656250000000000e-01 3.769531250000000000e-01
3.359375000000000000e-01 1.464843750000000000e-01 3.027343750000000000e-01
2.734375000000000000e-01 1.660156250000000000e-01 6.757812500000000000e-01
3.320312500000000000e-01 1.308593750000000000e-01 2.617187500000000000e-01
2.792968750000000000e-01 1.757812500000000000e-01 5.195312500000000000e-01
2.597656250000000000e-01 1.582031250000000000e-01 7.285156250000000000e-01
3.046875000000000000e-01 1.914062500000000000e-01 6.601562500000000000e-01
2.949218750000000000e-01 2.460937500000000000e-01 5.468750000000000000e-01
2.539062500000000000e-01 2.167968750000000000e-01 7.441406250000000000e-01
2.988281250000000000e-01 1.816406250000000000e-01 3.847656250000000000e-01
3.125000000000000000e-01 2.226562500000000000e-01 5.878906250000000000e-01
2.734375000000000000e-01 2.851562500000000000e-01 5.996093750000000000e-01
2.675781250000000000e-01 1.542968750000000000e-01 7.128906250000000000e-01
2.773437500000000000e-01 2.714843750000000000e-01 6.269531250000000000e-01
3.281250000000000000e-01 1.503906250000000000e-01 3.750000000000000000e-01
2.890625000000000000e-01 1.835937500000000000e-01 5.292968750000000000e-01
2.500000000000000000e-01 7.617187500000000000e-02 7.343750000000000000e-01
2.812500000000000000e-01 1.171875000000000000e-01 5.410156250000000000e-01
3.125000000000000000e-01 1.621093750000000000e-01 3.906250000000000000e-01
2.851562500000000000e-01 2.578125000000000000e-01 6.406250000000000000e-01
2.988281250000000000e-01 1.269531250000000000e-01 3.496093750000000000e-01
2.753906250000000000e-01 2.109375000000000000e-01 6.269531250000000000e-01
2.988281250000000000e-01 1.718750000000000000e-01 3.886718750000000000e-01
3.105468750000000000e-01 1.328125000000000000e-01 2.792968750000000000e-01
3.183593750000000000e-01 2.128906250000000000e-01 4.433593750000000000e-01
3.066406250000000000e-01 1.601562500000000000e-01 3.261718750000000000e-01
3.164062500000000000e-01 1.230468750000000000e-01 3.632812500000000000e-01
3.007812500000000000e-01 1.210937500000000000e-01 4.609375000000000000e-01
