4.179687500000000000e-01 2.226562500000000000e-01 5.546875000000000000e-01
4.804687500000000000e-01 1.640625000000000000e-01 3.828125000000000000e-01
4.882812500000000000e-01 1.425781250000000000e-01 4.843750000000000000e-01
5.019531250000000000e-01 1.679687500000000000e-01 4.277343750000000000e-01
5.273437500000000000e-01 1.367187500000000000e-01 3.476562500000000000e-01
5.878906250000000000e-01 1.289062500000000000e-01 2.871093750000000000e-01
4.667968750000000000e-01 1.328125000000000000e-01 4.843750000000000000e-01
4.609375000000000000e-01 1.972656250000000000e-01 4.277343750000000000e-01
4.707031250000000000e-01 1.933593750000000000e-01 5.097656250000000000e-01
4.960937500000000000e-01 1.484375000000000000e-01 3.457031250000000000e-01
4.980468750000000000e-01 1.835937500000000000e-01 4.140625000000000000e-01
4.550781250000000000e-01 1.894531250000000000e-01 4.394531250000000000e-01
4.648437500000000000e-01 1.035156250000000000e-01 2.929687500000000000e-01
4.316406250000000000e-01 2.031250000000000000e-01 4.707031250000000000e-01
5.664062500000000000e-01 1.152343750000000000e-01 2.753906250000000000e-01
5.781250000000000000e-01 1.015625000000000000e-01 2.343750000000000000e-01
5.097656250000000000e-01 1.152343750000000000e-01 4.570312500000000000e-01
4.687500000000000000e-01 9.179687500000000000e-02 4.511718750000000000e-01
5.371093750000000000e-01 1.210937500000000000e-01 3.359375000000000000e-01
5.957031250000000000e-01 9.570312500000000000e-02 2.402343750000000000e-01
5.000000000000000000e-01 7.812500000000000000e-02 3.671875000000000000e-01
4.882812500000000000e-01 1.406250000000000000e-01 2.929687500000000000e-01
5.000000000000000000e-01 6.640625000000000000e-02 4.707031250000000000e-01
4.453125000000000000e-01 1.386718750000000000e-01 5.214843750000000000e-01
5.292968750000000000e-01 1.152343750000000000e-01 4.121093750000000000e-01
5.722656250000000000e-01 1.406250000000000000e-01 2.949218750000000000e-01
4.804687500000000000e-01 1.269531250000000000e-01 3.906250000000000000e-01
4.921875000000000000e-01 1.074218750000000000e-01 4.179687500000000000e-01
4.824218750000000000e-01 2.148437500000000000e-01 4.609375000000000000e-01
5.527343750000000000e-01 1.132812500000000000e-01 3.886718750000000000e-01
5.371093750000000000e-01 1.132812500000000000e-01 2.265625000000000000e-01
4.843750000000000000e-01 1.503906250000000000e-01 4.687500000000000000e-01
5.488281250000000000e-01 1.582031250000000000e-01 3.593750000000000000e-01
5.078125000000000000e-01 1.992187500000000000e-01 4.160156250000000000e-01
4.628906250000000000e-01 1.074218750000000000e-01 3.964843750000000000e-01
4.960937500000000000e-01 1.250000000000000000e-01 4.199218750000000000e-01
5.781250000000000000e-01 1.035156250000000000e-01 2.324218750000000000e-01
5.996093750000000000e-01 1.386718750000000000e-01 2.929687500000000000e-01
5.195312500000000000e-01 1.718750000000000000e-01 3.867187500000000000e-01
5.468750000000000000e-01 9.375000000000000000e-02 2.851562500000000000e-01
5.136718750000000000e-01 1.406250000000000000e-01 3.671875000000000000e-01
4.375000000000000000e-01 1.406250000000000000e-01 5.312500000000000000e-01
5.136718750000000000e-01 1.835937500000000000e-01 4.296875000000000000e-01
4.589843750000000000e-01 1.250000000000000000e-01 5.019531250000000000e-01
4.511718750000000000e-01 2.500000000000000000e-01 5.039062500000000000e-01
4.785156250000000000e-01 1.308593750000000000e-01 4.609375000000000000e-01
5.000000000000000000e-01 2.148437500000000000e-01 4.453125000000000000e-01
5.800781250000000000e-01 1.289062500000000000e-01 3.125000000000000000e-01
4.960937500000000000e-01 7.617187500000000000e-02 4.023437500000000000e-01
5.429687500000000000e-01 1.113281250000000000e-01 2.929687500000000000e-01
4.707031250000000000e-01 1.875000000000000000e-01 4.101562500000000000e-01
4.785156250000000000e-01 1.894531250000000000e-01 4.941406250000000000e-01
5.078125000000000000e-01 1.035156250000000000e-01 3.945312500000000000e-01
4.804687500000000000e-01 1.679687500000000000e-01 4.453125000000000000e-01
4.960937500000000000e-01 1.523437500000000000e-01 3.769531250000000000e-01
4.199218750000000000e-01 9.960937500000000000e-02 5.722656250000000000e-01
4.316406250000000000e-01 1.582031250000000000e-01 5.585937500000000000e-01
5.644531250000000000e-01 1.425781250000000000e-01 2.871093750000000000e-01
5.097656250000000000e-01 1.699218750000000000e-01 4.023437500000000000e-01
5.742187500000000000e-01 5.859375000000000000e-02 2.734375000000000000e-01
5.234375000000000000e-01 6.250000000000000000e-02 2.988281250000000000e-01
4.238281250000000000e-01 1.230468750000000000e-01 5.605468750000000000e-01
4.589843750000000000e-01 2.011718750000000000e-01 4.628906250000000000e-01
4.238281250000000000e-01 1.621093750000000000e-01 5.566406250000000000e-01
5.097656250000000000e-01 1.054687500000000000e-01 2.929687500000000000e-01
5.097656250000000000e-01 1.132812500000000000e-01 4.316406250000000000e-01
5.429687500000000000e-01 1.308593750000000000e-01 3.457031250000000000e-01
4.277343750000000000e-01 5.078125000000000000e-02 5.234375000000000000e-01
4.980468750000000000e-01 1.425781250000000000e-01 4.531250000000000000e-01
4.921875000000000000e-01 1.074218750000000000e-01 4.843750000000000000e-01
5.820312500000000000e-01 1.074218750000000000e-01 2.656250000000000000e-01
5.449218750000000000e-01 6.250000000000000000e-02 3.242187500000000000e-01
5.625000000000000000e-01 1.367187500000000000e-01 2.988281250000000000e-01
4.726562500000000000e-01 2.109375000000000000e-01 5.000000000000000000e-01
5.234375000000000000e-01 5.468750000000000000e-02 3.945312500000000000e-01
5.527343750000000000e-01 1.367187500000000000e-01 2.734375000000000000e-01
5.078125000000000000e-01 1.582031250000000000e-01 3.730468750000000000e-01
4.726562500000000000e-01 7.812500000000000000e-02 4.609375000000000000e-01
5.000000000000000000e-01 8.398437500000000000e-02 3.535156250000000000e-01
5.292968750000000000e-01 4.882812500000000000e-02 3.300781250000000000e-01
5.859375000000000000e-01 1.191406250000000000e-01 3.183593750000000000e-01
4.980468750000000000e-01 1.269531250000000000e-01 4.042968750000000000e-01
5.156250000000000000e-01 1.718750000000000000e-01 4.257812500000000000e-01
4.414062500000000000e-01 1.132812500000000000e-01 5.175781250000000000e-01
4.375000000000000000e-01 2.089843750000000000e-01 4.843750000000000000e-01
4.609375000000000000e-01 2.011718750000000000e-01 5.214843750000000000e-01
4.902343750000000000e-01 2.402343750000000000e-01 4.843750000000000000e-01
5.195312500000000000e-01 9.375000000000000000e-02 3.066406250000000000e-01
5.664062500000000000e-01 9.375000000000000000e-02 2.167968750000000000e-01
5.371093750000000000e-01 7.617187500000000000e-02 2.500000000000000000e-01
5.566406250000000000e-01 1.171875000000000000e-01 3.066406250000000000e-01
4.824218750000000000e-01 1.582031250000000000e-01 3.164062500000000000e-01
5.175781250000000000e-01 1.738281250000000000e-01 4.062500000000000000e-01
5.585937500000000000e-01 6.835937500000000000e-02 2.519531250000000000e-01
5.449218750000000000e-01 1.621093750000000000e-01 3.496093750000000000e-01
4.863281250000000000e-01 9.765625000000000000e-02 4.941406250000000000e-01
5.820312500000000000e-01 1.230468750000000000e-01 2.070312500000000000e-01
5.332031250000000000e-01 1.074218750000000000e-01 3.867187500000000000e-01
5.097656250000000000e-01 1.132812500000000000e-01 3.613281250000000000e-01
5.214843750000000000e-01 1.054687500000000000e-01 3.867187500000000000e-01
