1.835937500000000000e-01 3.671875000000000000e-01 7.519531250000000000e-01
1.269531250000000000e-01 3.085937500000000000e-01 8.730468750000000000e-01
1.542968750000000000e-01 2.304687500000000000e-01 8.457031250000000000e-01
1.835937500000000000e-01 1.523437500000000000e-01 5.625000000000000000e-01
1.972656250000000000e-01 2.617187500000000000e-01 5.976562500000000000e-01
1.796875000000000000e-01 3.027343750000000000e-01 7.050781250000000000e-01
1.992187500000000000e-01 2.890625000000000000e-01 8.007812500000000000e-01
1.816406250000000000e-01 2.558593750000000000e-01 7.128906250000000000e-01
1.250000000000000000e-01 1.328125000000000000e-01 8.750000000000000000e-01
2.265625000000000000e-01 1.289062500000000000e-01 2.675781250000000000e-01
1.875000000000000000e-01 1.875000000000000000e-01 7.089843750000000000e-01
1.640625000000000000e-01 1.972656250000000000e-01 8.359375000000000000e-01
2.031250000000000000e-01 3.398437500000000000e-01 6.914062500000000000e-01
1.425781250000000000e-01 3.007812500000000000e-01 8.574218750000000000e-01
1.855468750000000000e-01 1.308593750000000000e-01 6.855468750000000000e-01
1.972656250000000000e-01 2.031250000000000000e-01 4.765625000000000000e-01
1.894531250000000000e-01 2.109375000000000000e-01 6.308593750000000000e-01
2.109375000000000000e-01 2.343750000000000000e-01 4.746093750000000000e-01
1.894531250000000000e-01 2.929687500000000000e-01 7.753906250000000000e-01
1.582031250000000000e-01 1.601562500000000000e-01 7.285156250000000000e-01
1.738281250000000000e-01 1.621093750000000000e-01 7.148437500000000000e-01
1.992187500000000000e-01 2.246093750000000000e-01 4.843750000000000000e-01
1.562500000000000000e-01 2.343750000000000000e-01 6.777343750000000000e-01
2.011718750000000000e-01 1.523437500000000000e-01 5.175781250000000000e-01
1.894531250000000000e-01 1.601562500000000000e-01 7.636718750000000000e-01
1.972656250000000000e-01 2.578125000000000000e-01 5.136718750000000000e-01
1.699218750000000000e-01 2.031250000000000000e-01 7.753906250000000000e-01
1.992187500000000000e-01 1.953125000000000000e-01 6.269531250000000000e-01
2.089843750000000000e-01 1.835937500000000000e-01 4.726562500000000000e-01
1.855468750000000000e-01 2.968750000000000000e-01 8.144531250000000000e-01
1.640625000000000000e-01 1.796875000000000000e-01 6.738281250000000000e-01
1.894531250000000000e-01 3.222656250000000000e-01 8.105468750000000000e-01
1.953125000000000000e-01 2.480468750000000000e-01 5.566406250000000000e-01
1.601562500000000000e-01 3.652343750000000000e-01 7.324218750000000000e-01
1.835937500000000000e-01 2.910156250000000000e-01 7.773437500000000000e-01
2.109375000000000000e-01 1.855468750000000000e-01 5.898437500000000000e-01
1.816406250000000000e-01 1.777343750000000000e-01 6.425781250000000000e-01
1.875000000000000000e-01 2.519531250000000000e-01 5.429687500000000000e-01
2.050781250000000000e-01 2.500000000000000000e-01 6.113281250000000000e-01
1.875000000000000000e-01 1.894531250000000000e-01 6.250000000000000000e-01
1.777343750000000000e-01 3.222656250000000000e-01 6.445312500000000000e-01
2.011718750000000000e-01 1.738281250000000000e-01 6.679687500000000000e-01
1.777343750000000000e-01 1.621093750000000000e-01 6.914062500000000000e-01
2.011718750000000000e-01 1.503906250000000000e-01 5.546875000000000000e-01
1.816406250000000000e-01 3.066406250000000000e-01 6.601562500000000000e-01
1.367187500000000000e-01 1.289062500000000000e-01 8.632812500000000000e-01
1.699218750000000000e-01 2.421875000000000000e-01 6.074218750000000000e-01
1.816406250000000000e-01 2.089843750000000000e-01 5.878906250000000000e-01
1.914062500000000000e-01 1.328125000000000000e-01 6.777343750000000000e-01
1.972656250000000000e-01 2.246093750000000000e-01 6.992187500000000000e-01
1.816406250000000000e-01 3.417968750000000000e-01 7.109375000000000000e-01
1.640625000000000000e-01 4.062500000000000000e-01 8.359375000000000000e-01
1.953125000000000000e-01 2.265625000000000000e-01 5.214843750000000000e-01
1.796875000000000000e-01 2.011718750000000000e-01 7.167968750000000000e-01
1.601562500000000000e-01 3.339843750000000000e-01 7.753906250000000000e-01
1.191406250000000000e-01 3.984375000000000000e-01 8.808593750000000000e-01
2.031250000000000000e-01 2.109375000000000000e-01 4.472656250000000000e-01
1.601562500000000000e-01 3.359375000000000000e-01 8.398437500000000000e-01
1.972656250000000000e-01 2.988281250000000000e-01 6.816406250000000000e-01
1.621093750000000000e-01 2.675781250000000000e-01 7.734375000000000000e-01
2.226562500000000000e-01 1.484375000000000000e-01 3.417968750000000000e-01
2.148437500000000000e-01 1.425781250000000000e-01 3.789062500000000000e-01
1.621093750000000000e-01 3.886718750000000000e-01 8.378906250000000000e-01
1.835937500000000000e-01 2.402343750000000000e-01 8.164062500000000000e-01
1.660156250000000000e-01 2.460937500000000000e-01 6.660156250000000000e-01
1.972656250000000000e-01 1.816406250000000000e-01 5.996093750000000000e-01
1.621093750000000000e-01 3.203125000000000000e-01 8.378906250000000000e-01
1.796875000000000000e-01 1.171875000000000000e-01 5.253906250000000000e-01
1.660156250000000000e-01 3.007812500000000000e-01 6.054687500000000000e-01
2.109375000000000000e-01 1.699218750000000000e-01 6.484375000000000000e-01
1.777343750000000000e-01 3.417968750000000000e-01 7.519531250000000000e-01
1.777343750000000000e-01 2.636718750000000000e-01 6.152343750000000000e-01
1.738281250000000000e-01 2.070312500000000000e-01 6.523437500000000000e-01
2.480468750000000000e-01 1.406250000000000000e-01 3.769531250000000000e-01
1.503906250000000000e-01 2.695312500000000000e-01 8.496093750000000000e-01
1.914062500000000000e-01 2.597656250000000000e-01 6.054687500000000000e-01
1.855468750000000000e-01 3.437500000000000000e-01 6.855468750000000000e-01
2.148437500000000000e-01 2.949218750000000000e-01 6.660156250000000000e-01
1.757812500000000000e-01 2.500000000000000000e-01 7.539062500000000000e-01
1.933593750000000000e-01 2.343750000000000000e-01 5.468750000000000000e-01
1.445312500000000000e-01 2.011718750000000000e-01 8.554687500000000000e-01
1.972656250000000000e-01 2.656250000000000000e-01 6.640625000000000000e-01
1.660156250000000000e-01 2.265625000000000000e-01 6.777343750000000000e-01
1.738281250000000000e-01 1.953125000000000000e-01 7.695312500000000000e-01
1.953125000000000000e-01 2.656250000000000000e-01 6.484375000000000000e-01
1.621093750000000000e-01 2.011718750000000000e-01 7.656250000000000000e-01
1.816406250000000000e-01 1.738281250000000000e-01 8.183593750000000000e-01
1.738281250000000000e-01 2.226562500000000000e-01 7.226562500000000000e-01
1.621093750000000000e-01 2.089843750000000000e-01 6.445312500000000000e-01
2.011718750000000000e-01 1.269531250000000000e-01 5.878906250000000000e-01
1.992187500000000000e-01 3.847656250000000000e-01 8.007812500000000000e-01
1.718750000000000000e-01 3.300781250000000000e-01 7.558593750000000000e-01
1.855468750000000000e-01 2.089843750000000000e-01 5.566406250000000000e-01
1.816406250000000000e-01 1.972656250000000000e-01 8.183593750000000000e-01
1.484375000000000000e-01 2.226562500000000000e-01 8.515625000000000000e-01
1.601562500000000000e-01 1.406250000000000000e-01 7.949218750000000000e-01
1.894531250000000000e-01 2.031250000000000000e-01 6.347656250000000000e-01
1.425781250000000000e-01 3.984375000000000000e-01 8.574218750000000000e-01
1.562500000000000000e-01 3.691406250000000000e-01 8.437500000000000000e-01
2.050781250000000000e-01 1.816406250000000000e-01 4.414062500000000000e-01
