1.562500000000000000e-01 1.855468750000000000e-01 6.523437500000000000e-01
1.699218750000000000e-01 3.066406250000000000e-01 7.714843750000000000e-01
1.386718750000000000e-01 3.105468750000000000e-01 8.613281250000000000e-01
1.621093750000000000e-01 1.992187500000000000e-01 5.664062500000000000e-01
1.738281250000000000e-01 2.500000000000000000e-01 7.539062500000000000e-01
1.953125000000000000e-01 2.460937500000000000e-01 5.703125000000000000e-01
1.640625000000000000e-01 2.792968750000000000e-01 6.855468750000000000e-01
1.503906250000000000e-01 1.230468750000000000e-01 7.812500000000000000e-01
1.386718750000000000e-01 3.046875000000000000e-01 6.582031250000000000e-01
1.894531250000000000e-01 1.796875000000000000e-01 6.054687500000000000e-01
1.679687500000000000e-01 2.871093750000000000e-01 7.695312500000000000e-01
1.621093750000000000e-01 3.378906250000000000e-01 7.167968750000000000e-01
2.109375000000000000e-01 1.132812500000000000e-01 4.101562500000000000e-01
1.855468750000000000e-01 1.699218750000000000e-01 4.433593750000000000e-01
1.796875000000000000e-01 3.378906250000000000e-01 6.933593750000000000e-01
1.796875000000000000e-01 2.285156250000000000e-01 4.882812500000000000e-01
1.699218750000000000e-01 2.675781250000000000e-01 5.390625000000000000e-01
1.367187500000000000e-01 1.718750000000000000e-01 8.632812500000000000e-01
1.816406250000000000e-01 1.523437500000000000e-01 7.597656250000000000e-01
1.640625000000000000e-01 1.679687500000000000e-01 6.953125000000000000e-01
1.816406250000000000e-01 1.875000000000000000e-01 5.468750000000000000e-01
1.523437500000000000e-01 1.757812500000000000e-01 8.476562500000000000e-01
1.621093750000000000e-01 2.441406250000000000e-01 4.941406250000000000e-01
1.210937500000000000e-01 2.148437500000000000e-01 8.789062500000000000e-01
1.582031250000000000e-01 1.289062500000000000e-01 8.417968750000000000e-01
1.464843750000000000e-01 3.144531250000000000e-01 8.027343750000000000e-01
1.425781250000000000e-01 2.597656250000000000e-01 8.574218750000000000e-01
1.582031250000000000e-01 2.285156250000000000e-01 7.734375000000000000e-01
1.992187500000000000e-01 2.148437500000000000e-01 4.648437500000000000e-01
1.523437500000000000e-01 4.101562500000000000e-01 8.476562500000000000e-01
1.269531250000000000e-01 2.460937500000000000e-01 7.929687500000000000e-01
1.660156250000000000e-01 3.867187500000000000e-01 8.339843750000000000e-01
1.132812500000000000e-01 1.972656250000000000e-01 7.519531250000000000e-01
1.367187500000000000e-01 1.933593750000000000e-01 8.632812500000000000e-01
1.621093750000000000e-01 3.398437500000000000e-01 7.050781250000000000e-01
1.972656250000000000e-01 1.347656250000000000e-01 4.863281250000000000e-01
1.738281250000000000e-01 1.601562500000000000e-01 4.785156250000000000e-01
1.738281250000000000e-01 3.476562500000000000e-01 7.265625000000000000e-01
1.796875000000000000e-01 1.835937500000000000e-01 4.921875000000000000e-01
1.445312500000000000e-01 3.359375000000000000e-01 8.554687500000000000e-01
1.445312500000000000e-01 2.207031250000000000e-01 8.554687500000000000e-01
1.484375000000000000e-01 1.328125000000000000e-01 8.515625000000000000e-01
1.757812500000000000e-01 1.562500000000000000e-01 5.605468750000000000e-01
1.679687500000000000e-01 3.144531250000000000e-01 7.441406250000000000e-01
1.777343750000000000e-01 2.304687500000000000e-01 5.878906250000000000e-01
1.562500000000000000e-01 1.308593750000000000e-01 7.226562500000000000e-01
1.835937500000000000e-01 1.757812500000000000e-01 3.613281250000000000e-01
1.152343750000000000e-01 1.347656250000000000e-01 8.847656250000000000e-01
1.992187500000000000e-01 2.011718750000000000e-01 5.410156250000000000e-01
1.679687500000000000e-01 1.542968750000000000e-01 7.226562500000000000e-01
1.796875000000000000e-01 2.890625000000000000e-01 7.500000000000000000e-01
1.406250000000000000e-01 2.441406250000000000e-01 6.640625000000000000e-01
1.484375000000000000e-01 2.363281250000000000e-01 8.515625000000000000e-01
1.523437500000000000e-01 3.007812500000000000e-01 7.714843750000000000e-01
1.582031250000000000e-01 3.378906250000000000e-01 7.773437500000000000e-01
1.562500000000000000e-01 3.828125000000000000e-01 8.437500000000000000e-01
1.406250000000000000e-01 2.617187500000000000e-01 7.792968750000000000e-01
1.425781250000000000e-01 2.128906250000000000e-01 7.402343750000000000e-01
1.484375000000000000e-01 3.164062500000000000e-01 8.007812500000000000e-01
1.523437500000000000e-01 3.554687500000000000e-01 8.476562500000000000e-01
1.777343750000000000e-01 2.480468750000000000e-01 6.601562500000000000e-01
1.972656250000000000e-01 1.210937500000000000e-01 4.355468750000000000e-01
1.796875000000000000e-01 1.992187500000000000e-01 6.640625000000000000e-01
1.328125000000000000e-01 2.460937500000000000e-01 8.671875000000000000e-01
1.699218750000000000e-01 1.289062500000000000e-01 6.679687500000000000e-01
1.894531250000000000e-01 1.875000000000000000e-01 3.769531250000000000e-01
1.816406250000000000e-01 2.109375000000000000e-01 8.183593750000000000e-01
1.562500000000000000e-01 2.285156250000000000e-01 6.855468750000000000e-01
1.796875000000000000e-01 1.210937500000000000e-01 6.191406250000000000e-01
1.855468750000000000e-01 1.367187500000000000e-01 5.078125000000000000e-01
1.679687500000000000e-01 2.949218750000000000e-01 6.035156250000000000e-01
1.953125000000000000e-01 2.109375000000000000e-01 4.550781250000000000e-01
1.757812500000000000e-01 2.031250000000000000e-01 6.796875000000000000e-01
2.246093750000000000e-01 1.074218750000000000e-01 4.179687500000000000e-01
1.523437500000000000e-01 2.363281250000000000e-01 8.105468750000000000e-01
1.582031250000000000e-01 3.261718750000000000e-01 8.417968750000000000e-01
1.562500000000000000e-01 3.359375000000000000e-01 7.851562500000000000e-01
1.601562500000000000e-01 2.675781250000000000e-01 8.398437500000000000e-01
1.445312500000000000e-01 1.464843750000000000e-01 8.554687500000000000e-01
1.777343750000000000e-01 2.148437500000000000e-01 7.695312500000000000e-01
1.250000000000000000e-01 2.070312500000000000e-01 7.636718750000000000e-01
1.660156250000000000e-01 2.304687500000000000e-01 5.175781250000000000e-01
1.523437500000000000e-01 2.578125000000000000e-01 8.457031250000000000e-01
1.679687500000000000e-01 1.953125000000000000e-01 7.167968750000000000e-01
1.640625000000000000e-01 2.343750000000000000e-01 6.503906250000000000e-01
1.523437500000000000e-01 2.011718750000000000e-01 6.914062500000000000e-01
1.875000000000000000e-01 1.230468750000000000e-01 4.355468750000000000e-01
1.484375000000000000e-01 2.871093750000000000e-01 8.515625000000000000e-01
1.289062500000000000e-01 3.222656250000000000e-01 8.261718750000000000e-01
1.601562500000000000e-01 3.964843750000000000e-01 7.089843750000000000e-01
1.855468750000000000e-01 2.207031250000000000e-01 6.210937500000000000e-01
1.484375000000000000e-01 4.218750000000000000e-01 8.515625000000000000e-01
1.601562500000000000e-01 2.187500000000000000e-01 7.460937500000000000e-01
1.113281250000000000e-01 3.671875000000000000e-01 8.886718750000000000e-01
1.503906250000000000e-01 3.046875000000000000e-01 8.496093750000000000e-01
1.347656250000000000e-01 1.406250000000000000e-01 8.652343750000000000e-01
1.503906250000000000e-01 3.417968750000000000e-01 7.070312500000000000e-01
1.406250000000000000e-01 4.296875000000000000e-01 8.593750000000000000e-01
1.425781250000000000e-01 2.714843750000000000e-01 8.574218750000000000e-01
1.230468750000000000e-01 1.406250000000000000e-01 8.769531250000000000e-01
