1.250000000000000000e-01 1.914062500000000000e-01 5.605468750000000000e-01
1.699218750000000000e-01 2.285156250000000000e-01 5.234375000000000000e-01
1.054687500000000000e-01 2.031250000000000000e-01 8.945312500000000000e-01
1.171875000000000000e-01 2.109375000000000000e-01 8.828125000000000000e-01
1.015625000000000000e-01 3.476562500000000000e-01 8.984375000000000000e-01
9.570312500000000000e-02 4.335937500000000000e-01 9.042968750000000000e-01
7.812500000000000000e-02 4.511718750000000000e-01 9.218750000000000000e-01
7.031250000000000000e-02 3.671875000000000000e-01 9.296875000000000000e-01
1.074218750000000000e-01 3.632812500000000000e-01 7.578125000000000000e-01
9.960937500000000000e-02 2.832031250000000000e-01 9.003906250000000000e-01
1.015625000000000000e-01 3.085937500000000000e-01 8.984375000000000000e-01
1.093750000000000000e-01 3.339843750000000000e-01 7.753906250000000000e-01
1.074218750000000000e-01 2.246093750000000000e-01 8.925781250000000000e-01
1.191406250000000000e-01 2.714843750000000000e-01 5.859375000000000000e-01
1.054687500000000000e-01 3.046875000000000000e-01 6.171875000000000000e-01
1.054687500000000000e-01 1.582031250000000000e-01 8.945312500000000000e-01
1.191406250000000000e-01 3.808593750000000000e-01 7.832031250000000000e-01
1.210937500000000000e-01 1.796875000000000000e-01 7.421875000000000000e-01
1.328125000000000000e-01 1.816406250000000000e-01 4.785156250000000000e-01
1.347656250000000000e-01 2.128906250000000000e-01 5.117187500000000000e-01
7.812500000000000000e-02 2.031250000000000000e-01 9.218750000000000000e-01
1.269531250000000000e-01 1.660156250000000000e-01 7.500000000000000000e-01
7.226562500000000000e-02 1.503906250000000000e-01 9.277343750000000000e-01
1.210937500000000000e-01 2.167968750000000000e-01 7.792968750000000000e-01
1.152343750000000000e-01 3.691406250000000000e-01 7.480468750000000000e-01
1.171875000000000000e-01 1.894531250000000000e-01 4.726562500000000000e-01
1.777343750000000000e-01 1.386718750000000000e-01 3.320312500000000000e-01
1.191406250000000000e-01 2.910156250000000000e-01 5.859375000000000000e-01
9.570312500000000000e-02 3.007812500000000000e-01 9.042968750000000000e-01
1.113281250000000000e-01 2.031250000000000000e-01 5.546875000000000000e-01
1.425781250000000000e-01 1.757812500000000000e-01 4.355468750000000000e-01
1.035156250000000000e-01 2.910156250000000000e-01 8.964843750000000000e-01
8.203125000000000000e-02 2.089843750000000000e-01 9.179687500000000000e-01
1.074218750000000000e-01 3.378906250000000000e-01 7.089843750000000000e-01
1.171875000000000000e-01 3.359375000000000000e-01 7.949218750000000000e-01
1.582031250000000000e-01 1.699218750000000000e-01 5.253906250000000000e-01
9.570312500000000000e-02 2.792968750000000000e-01 9.042968750000000000e-01
1.367187500000000000e-01 1.210937500000000000e-01 5.527343750000000000e-01
1.230468750000000000e-01 3.398437500000000000e-01 7.089843750000000000e-01
1.210937500000000000e-01 3.378906250000000000e-01 7.304687500000000000e-01
1.484375000000000000e-01 2.753906250000000000e-01 6.796875000000000000e-01
1.250000000000000000e-01 3.750000000000000000e-01 7.851562500000000000e-01
9.570312500000000000e-02 3.085937500000000000e-01 9.042968750000000000e-01
9.179687500000000000e-02 3.593750000000000000e-01 9.082031250000000000e-01
1.425781250000000000e-01 4.101562500000000000e-01 8.574218750000000000e-01
1.093750000000000000e-01 4.023437500000000000e-01 8.906250000000000000e-01
1.503906250000000000e-01 2.812500000000000000e-01 6.601562500000000000e-01
1.484375000000000000e-01 1.914062500000000000e-01 5.058593750000000000e-01
1.367187500000000000e-01 4.257812500000000000e-01 8.632812500000000000e-01
1.347656250000000000e-01 2.851562500000000000e-01 6.523437500000000000e-01
1.289062500000000000e-01 3.437500000000000000e-01 7.539062500000000000e-01
1.328125000000000000e-01 3.066406250000000000e-01 6.757812500000000000e-01
1.054687500000000000e-01 3.339843750000000000e-01 7.343750000000000000e-01
1.152343750000000000e-01 2.441406250000000000e-01 4.960937500000000000e-01
1.464843750000000000e-01 1.269531250000000000e-01 3.769531250000000000e-01
1.542968750000000000e-01 2.148437500000000000e-01 5.039062500000000000e-01
9.179687500000000000e-02 3.203125000000000000e-01 9.082031250000000000e-01
8.203125000000000000e-02 4.140625000000000000e-01 9.179687500000000000e-01
9.960937500000000000e-02 2.246093750000000000e-01 7.421875000000000000e-01
1.152343750000000000e-01 1.777343750000000000e-01 8.847656250000000000e-01
1.250000000000000000e-01 3.652343750000000000e-01 8.750000000000000000e-01
1.132812500000000000e-01 1.542968750000000000e-01 7.988281250000000000e-01
9.375000000000000000e-02 2.460937500000000000e-01 9.062500000000000000e-01
1.328125000000000000e-01 2.734375000000000000e-01 7.558593750000000000e-01
1.152343750000000000e-01 2.832031250000000000e-01 7.441406250000000000e-01
1.269531250000000000e-01 2.656250000000000000e-01 6.992187500000000000e-01
7.421875000000000000e-02 1.503906250000000000e-01 9.257812500000000000e-01
1.074218750000000000e-01 1.445312500000000000e-01 8.925781250000000000e-01
9.765625000000000000e-02 1.933593750000000000e-01 7.187500000000000000e-01
1.464843750000000000e-01 2.949218750000000000e-01 6.132812500000000000e-01
1.367187500000000000e-01 2.148437500000000000e-01 6.445312500000000000e-01
1.269531250000000000e-01 1.406250000000000000e-01 8.730468750000000000e-01
1.015625000000000000e-01 3.847656250000000000e-01 8.984375000000000000e-01
1.093750000000000000e-01 3.320312500000000000e-01 8.906250000000000000e-01
1.425781250000000000e-01 2.304687500000000000e-01 5.234375000000000000e-01
1.035156250000000000e-01 2.773437500000000000e-01 8.964843750000000000e-01
9.570312500000000000e-02 3.105468750000000000e-01 9.042968750000000000e-01
1.152343750000000000e-01 2.949218750000000000e-01 8.847656250000000000e-01
1.425781250000000000e-01 2.714843750000000000e-01 7.363281250000000000e-01
1.113281250000000000e-01 3.144531250000000000e-01 6.679687500000000000e-01
8.789062500000000000e-02 2.910156250000000000e-01 6.582031250000000000e-01
1.210937500000000000e-01 2.070312500000000000e-01 7.402343750000000000e-01
1.171875000000000000e-01 2.070312500000000000e-01 7.304687500000000000e-01
1.132812500000000000e-01 3.027343750000000000e-01 7.304687500000000000e-01
1.542968750000000000e-01 2.148437500000000000e-01 5.800781250000000000e-01
9.960937500000000000e-02 3.222656250000000000e-01 9.003906250000000000e-01
1.425781250000000000e-01 2.089843750000000000e-01 6.250000000000000000e-01
9.179687500000000000e-02 2.207031250000000000e-01 9.082031250000000000e-01
8.789062500000000000e-02 2.539062500000000000e-01 9.121093750000000000e-01
1.015625000000000000e-01 3.320312500000000000e-01 8.984375000000000000e-01
1.308593750000000000e-01 3.417968750000000000e-01 6.835937500000000000e-01
1.152343750000000000e-01 2.050781250000000000e-01 4.902343750000000000e-01
1.464843750000000000e-01 2.226562500000000000e-01 4.589843750000000000e-01
8.789062500000000000e-02 1.972656250000000000e-01 7.382812500000000000e-01
1.035156250000000000e-01 3.222656250000000000e-01 8.964843750000000000e-01
7.226562500000000000e-02 3.417968750000000000e-01 9.277343750000000000e-01
1.250000000000000000e-01 2.363281250000000000e-01 8.750000000000000000e-01
1.289062500000000000e-01 2.519531250000000000e-01 5.175781250000000000e-01
1.425781250000000000e-01 2.656250000000000000e-01 5.410156250000000000e-01
1.250000000000000000e-01 1.894531250000000000e-01 7.050781250000000000e-01
