3.183593750000000000e-01 2.441406250000000000e-01 5.527343750000000000e-01
3.261718750000000000e-01 1.386718750000000000e-01 4.531250000000000000e-01
3.671875000000000000e-01 1.191406250000000000e-01 3.808593750000000000e-01
3.300781250000000000e-01 2.792968750000000000e-01 5.957031250000000000e-01
3.300781250000000000e-01 2.910156250000000000e-01 5.937500000000000000e-01
3.457031250000000000e-01 1.250000000000000000e-01 3.515625000000000000e-01
3.359375000000000000e-01 1.191406250000000000e-01 5.878906250000000000e-01
3.203125000000000000e-01 1.679687500000000000e-01 6.171875000000000000e-01
3.066406250000000000e-01 2.304687500000000000e-01 6.796875000000000000e-01
3.125000000000000000e-01 1.503906250000000000e-01 4.160156250000000000e-01
3.242187500000000000e-01 1.640625000000000000e-01 6.367187500000000000e-01
3.339843750000000000e-01 1.503906250000000000e-01 4.003906250000000000e-01
3.593750000000000000e-01 1.269531250000000000e-01 3.027343750000000000e-01
3.457031250000000000e-01 2.363281250000000000e-01 5.000000000000000000e-01
3.085937500000000000e-01 1.445312500000000000e-01 6.328125000000000000e-01
3.378906250000000000e-01 2.050781250000000000e-01 5.664062500000000000e-01
3.300781250000000000e-01 2.011718750000000000e-01 5.136718750000000000e-01
3.398437500000000000e-01 2.539062500000000000e-01 5.117187500000000000e-01
2.695312500000000000e-01 1.835937500000000000e-01 7.031250000000000000e-01
2.695312500000000000e-01 1.367187500000000000e-01 6.875000000000000000e-01
3.164062500000000000e-01 1.347656250000000000e-01 5.957031250000000000e-01
3.281250000000000000e-01 1.992187500000000000e-01 5.488281250000000000e-01
3.457031250000000000e-01 9.960937500000000000e-02 4.570312500000000000e-01
3.085937500000000000e-01 2.109375000000000000e-01 6.855468750000000000e-01
3.496093750000000000e-01 1.289062500000000000e-01 4.785156250000000000e-01
2.734375000000000000e-01 2.753906250000000000e-01 7.265625000000000000e-01
3.457031250000000000e-01 1.816406250000000000e-01 4.160156250000000000e-01
3.789062500000000000e-01 9.960937500000000000e-02 2.265625000000000000e-01
3.457031250000000000e-01 1.699218750000000000e-01 5.585937500000000000e-01
3.398437500000000000e-01 1.230468750000000000e-01 4.921875000000000000e-01
2.851562500000000000e-01 1.230468750000000000e-01 5.000000000000000000e-01
3.359375000000000000e-01 1.582031250000000000e-01 3.320312500000000000e-01
3.281250000000000000e-01 1.835937500000000000e-01 6.230468750000000000e-01
3.281250000000000000e-01 1.855468750000000000e-01 4.121093750000000000e-01
3.105468750000000000e-01 3.222656250000000000e-01 6.738281250000000000e-01
3.613281250000000000e-01 1.562500000000000000e-01 3.261718750000000000e-01
3.671875000000000000e-01 1.289062500000000000e-01 3.496093750000000000e-01
3.417968750000000000e-01 2.617187500000000000e-01 5.234375000000000000e-01
3.691406250000000000e-01 1.152343750000000000e-01 3.515625000000000000e-01
3.281250000000000000e-01 1.347656250000000000e-01 5.507812500000000000e-01
3.789062500000000000e-01 8.984375000000000000e-02 2.421875000000000000e-01
3.652343750000000000e-01 9.570312500000000000e-02 3.535156250000000000e-01
3.378906250000000000e-01 1.542968750000000000e-01 5.546875000000000000e-01
3.066406250000000000e-01 1.250000000000000000e-01 6.074218750000000000e-01
3.554687500000000000e-01 1.816406250000000000e-01 5.058593750000000000e-01
3.691406250000000000e-01 1.054687500000000000e-01 2.519531250000000000e-01
3.300781250000000000e-01 1.289062500000000000e-01 3.164062500000000000e-01
3.417968750000000000e-01 2.167968750000000000e-01 5.507812500000000000e-01
3.203125000000000000e-01 2.949218750000000000e-01 5.917968750000000000e-01
2.617187500000000000e-01 1.914062500000000000e-01 6.953125000000000000e-01
3.339843750000000000e-01 2.773437500000000000e-01 5.859375000000000000e-01
3.222656250000000000e-01 1.406250000000000000e-01 5.019531250000000000e-01
3.535156250000000000e-01 1.054687500000000000e-01 3.750000000000000000e-01
3.671875000000000000e-01 1.250000000000000000e-01 2.812500000000000000e-01
2.519531250000000000e-01 3.359375000000000000e-01 7.402343750000000000e-01
3.476562500000000000e-01 1.269531250000000000e-01 2.636718750000000000e-01
3.261718750000000000e-01 1.894531250000000000e-01 5.312500000000000000e-01
3.261718750000000000e-01 1.191406250000000000e-01 6.113281250000000000e-01
3.144531250000000000e-01 1.875000000000000000e-01 5.878906250000000000e-01
3.203125000000000000e-01 1.992187500000000000e-01 4.511718750000000000e-01
3.359375000000000000e-01 2.460937500000000000e-01 5.742187500000000000e-01
3.183593750000000000e-01 1.113281250000000000e-01 5.566406250000000000e-01
2.675781250000000000e-01 1.621093750000000000e-01 7.324218750000000000e-01
3.398437500000000000e-01 1.757812500000000000e-01 5.761718750000000000e-01
3.515625000000000000e-01 1.406250000000000000e-01 3.046875000000000000e-01
3.281250000000000000e-01 2.460937500000000000e-01 6.484375000000000000e-01
3.300781250000000000e-01 1.894531250000000000e-01 5.234375000000000000e-01
3.183593750000000000e-01 7.031250000000000000e-02 4.746093750000000000e-01
3.164062500000000000e-01 1.621093750000000000e-01 4.218750000000000000e-01
3.730468750000000000e-01 9.570312500000000000e-02 2.890625000000000000e-01
3.320312500000000000e-01 2.031250000000000000e-01 6.093750000000000000e-01
3.593750000000000000e-01 1.875000000000000000e-01 3.027343750000000000e-01
3.515625000000000000e-01 9.179687500000000000e-02 2.519531250000000000e-01
3.437500000000000000e-01 1.113281250000000000e-01 4.765625000000000000e-01
2.773437500000000000e-01 1.093750000000000000e-01 5.429687500000000000e-01
3.300781250000000000e-01 2.011718750000000000e-01 4.160156250000000000e-01
3.789062500000000000e-01 1.367187500000000000e-01 2.343750000000000000e-01
3.398437500000000000e-01 1.953125000000000000e-01 4.648437500000000000e-01
3.593750000000000000e-01 1.367187500000000000e-01 5.175781250000000000e-01
3.457031250000000000e-01 1.503906250000000000e-01 4.277343750000000000e-01
3.613281250000000000e-01 1.367187500000000000e-01 4.296875000000000000e-01
3.105468750000000000e-01 1.113281250000000000e-01 6.777343750000000000e-01
3.437500000000000000e-01 1.855468750000000000e-01 5.546875000000000000e-01
3.339843750000000000e-01 1.503906250000000000e-01 4.960937500000000000e-01
3.339843750000000000e-01 1.718750000000000000e-01 5.585937500000000000e-01
3.066406250000000000e-01 2.617187500000000000e-01 6.191406250000000000e-01
2.617187500000000000e-01 2.148437500000000000e-01 7.324218750000000000e-01
3.476562500000000000e-01 1.835937500000000000e-01 4.257812500000000000e-01
3.320312500000000000e-01 1.738281250000000000e-01 3.828125000000000000e-01
2.988281250000000000e-01 2.910156250000000000e-01 6.523437500000000000e-01
3.027343750000000000e-01 1.542968750000000000e-01 6.445312500000000000e-01
3.378906250000000000e-01 2.207031250000000000e-01 5.136718750000000000e-01
3.183593750000000000e-01 2.578125000000000000e-01 6.425781250000000000e-01
3.222656250000000000e-01 2.089843750000000000e-01 6.328125000000000000e-01
3.242187500000000000e-01 1.894531250000000000e-01 5.019531250000000000e-01
3.144531250000000000e-01 1.328125000000000000e-01 5.644531250000000000e-01
3.066406250000000000e-01 1.953125000000000000e-01 6.757812500000000000e-01
3.320312500000000000e-01 1.582031250000000000e-01 5.292968750000000000e-01
3.417968750000000000e-01 1.171875000000000000e-01 3.769531250000000000e-01
3.300781250000000000e-01 2.421875000000000000e-01 5.468750000000000000e-01
