5515
186
7
8089
15
418
176
184
47
51
4
8
1
71
25
3
21
1
1
2
3
1
1
1
2
1
1
2
1
1
1
4
1
1
1
2
2
2
1
1
1
1
7542
5954
359
9
608
50
29
242
3
1
3
8
3
2
2
10
4
1
1
5
1
3
4
1
4
2
2
2
1
1
14644
104
17
2
5
38
5
2
8
4
2
2
7
1
3
4
1
1
1
1
1
2
1
1
3444
914
6874
2089
355
793
182
13
14
81
11
21
3
7
5
5
2
2
18
1
5
1
3
1
2
1
2
1
1
1
1
1
1
1
1
864
10624
3242
62
3
1
1
3
9
2
2
11
1
1
1
1
1
2
2
3
3
3
1
2
1
2
2
1
2
1
1
1
1
13892
255
255
193
18
25
30
29
71
2
4
4
1
6
5
6
1
3
4
13
1
1
8
6
1
1
7
7
3
2
1
1
1
3037
9035
1331
1138
64
30
1
41
19
1
1
18
5
72
9
13
12
2
5
6
1
2
5
1
1
1
1
1
1
1
1
1
6585
4423
2666
159
185
294
28
221
106
38
52
3
15
10
5
1
3
3
11
11
6
4
7
7
1
2
1
1
2
1
2
1
1
1
1
6114
7063
1404
3
53
1
5
3
7
33
99
16
7
11
7
3
1
5
1
1
4
1
1
2
1
1
1
1
1
1
1
2
1
1
1
10095
4312
93
133
5
4
68
67
15
11
12
9
5
6
3
5
2
3
1
1
1
1
2
1
1
1
1
923
3263
6645
3273
508
10
1
3
98
19
28
3
7
33
9
3
3
2
1
2
2
1
1
1
1
1
3
1
2
2
2
1
1
1
1
1
7535
2923
2979
1212
1
101
39
12
1
1
2
12
4
8
3
2
2
1
9
1
3
2
2
1
1
7515
1021
2900
1548
775
756
7
138
121
3
1
1
1
16
2
4
4
7
3
7
2
4
2
1
1
3
2
1
6
1
1
1
1
1
4066
2601
689
3535
3292
83
14
327
13
82
48
5
21
5
4
1
1
9
1
9
1
2
2
4
3
8
3
8
4
1
1
5
1
1
1
1
1
1
1
1
1
14606
73
5
3
84
38
1
2
1
3
9
6
4
3
1
1
3
4
1
2
1
1
1
1
1
1
1
7810
6542
4
50
74
195
28
15
21
2
29
13
11
17
1
7
1
1
12
2
2
4
1
1
3
2
2
1
1
1
2
1
1
3699
798
3109
6208
224
230
12
30
469
5
1
1
8
10
2
4
1
2
9
9
3
1
1
1
5
2
2
1
1
2
1
1
2
1
2
7122
2801
3724
321
356
101
179
25
8
27
3
121
1
7
1
7
5
6
2
8
1
6
1
3
1
2
5
3
3
1
1
1
1
1
1
1
3346
2917
2485
614
3215
653
402
152
72
329
26
105
32
7
220
163
36
7
1
41
1
2
1
2
3
1
4
2
2
2
5
4
1
1
1
1
1
7095
625
3684
2718
538
100
8
7
16
1
9
3
4
3
3
2
3
14
4
1
1
4
1
1
2
2
1
2
2
1
1
1
10518
1841
194
1151
435
264
10
49
302
14
2
22
13
1
2
4
2
1
6
1
1
2
4
2
2
1
5
4
2
1
1
2551
4314
2147
618
737
2018
296
866
638
192
152
29
2
47
48
5
58
2
1
5
16
44
13
1
3
8
8
10
1
5
4
2
1
1
3
1
2
1
1
1
1
2
1
1
6873
7750
94
40
8
62
3
7
2
4
2
1
1
3
4
1
1
1
6984
2840
3065
801
527
413
109
13
9
10
11
21
11
3
2
5
6
1
1
3
1
2
1
2
1
2
1
2
1
3
1
1
1
1
1
1
1894
6201
6566
131
2
5
6
5
10
1
11
3
2
1
1
2
1
1
1
1
1
1
2
1
1
1
1
1
1
1
1
14740
8
52
1
4
1
8
3
11
3
3
1
2
2
8
2
4
1
1
1
1
2477
2712
3471
3568
149
2008
302
32
41
17
13
1
5
9
1
7
3
3
4
2
2
2
1
10
2
1
1
1
2
1
1
1
2
2
1
1
1
3627
7602
3416
68
1
48
9
35
3
1
1
7
1
8
2
7
4
1
2
1
3
2
1
1
2
2
1
1
9053
3748
229
174
621
627
26
217
10
5
82
11
2
21
4
2
3
1
2
4
1
2
5
2
1
1
1
1
1
10015
4323
34
51
16
2
84
79
19
168
4
13
1
2
9
2
3
3
1
2
2
5
2
2
3
1
1
2
1
1
2
1
1
1
1
9701
53
1304
1
1228
1765
384
317
25
22
1
23
5
4
1
1
2
1
1
1
4
2
2
5
1
1
1
1
3361
2959
4305
3173
10
122
30
98
376
303
76
1
6
1
1
3
5
1
2
1
3
2
2
3
4
3
1
1
1
1
1
1
638
3170
7081
180
2192
570
21
391
269
97
59
63
20
13
11
5
7
5
2
1
1
4
21
2
9
5
3
1
4
1
1
1
1
1
1
1
1
1
2
1
6071
3295
1057
211
8
2788
946
228
5
31
64
82
11
3
2
8
6
1
9
7
5
1
1
1
1
1
1
1
2
2
3
2
1
1
1
7899
3323
2941
78
8
188
234
31
33
5
36
54
3
2
2
4
4
3
2
1
1
2
1
1
1
3611
2781
645
4161
2449
418
3
300
194
85
13
3
19
94
11
10
5
5
2
8
3
4
6
2
2
2
1
1
3
3
2
1
1
2
1
1
1
1
1
1
1
3108
2745
6710
1038
595
157
382
6
13
12
12
11
1
12
1
1
4
2
2
4
2
1
2
4
5
5
4
3
4
1
1
1
1
1
1
1
1
1
1
1
11562
1909
382
638
294
40
3
5
3
4
1
6
1
2
1
1
1
1
1
1
1
5896
4516
259
919
34
2980
39
60
10
11
4
4
45
7
32
3
5
2
1
2
3
1
6
4
5
1
1
1
1
1
1
1
1
1
5849
2624
694
2705
1138
1661
117
13
1
18
3
4
1
2
2
12
1
2
1
1
1
2
1
1
1
1
1
6469
3358
3569
740
370
202
78
3
1
8
4
19
6
1
4
2
2
3
1
1
1
2
2
1
2
1
3
1
1
1
1
2939
7772
2498
974
31
223
35
71
19
218
2
6
2
2
22
2
1
6
5
3
1
3
2
2
2
6
2
1
1
1
2
1
1
1
6329
3461
2156
1095
310
333
495
6
76
37
335
9
152
9
7
1
3
2
10
2
7
3
4
1
2
4
1
2
1
3
1
8875
3557
1861
470
2
1
1
10
4
9
2
7
3
6
6
5
5
1
6
2
6
1
3
3
1
1
1
1
1
1
2
1
1
1
6450
7184
924
63
18
62
1
40
2
28
1
13
4
26
1
4
7
13
2
4
2
3
1
1
1
1
1
6163
6732
259
440
710
161
28
27
204
1
3
13
11
5
14
16
31
8
1
6
6
3
3
1
1
2
1
3
1
1
1
1
7103
4200
3252
50
46
37
32
56
38
1
2
11
3
1
2
1
1
7
1
2
1
2
1
1
2
1
1
1
1
5123
5001
2546
1835
93
110
8
47
17
1
12
14
14
2
1
2
2
1
11
1
2
1
3
1
1
2
1
1
1
1
1
1
3323
3968
3052
733
3032
325
310
2
23
45
9
3
3
3
2
10
1
3
1
1
1
2
2
1
1
1
2796
7757
3420
134
16
146
437
37
5
9
27
18
9
3
7
1
7
5
3
1
2
3
1
1
1
1
1
1
2
1
1
1
1
1
1
3945
1081
2608
2284
3367
120
281
224
284
187
102
181
70
13
14
3
1
3
17
17
3
2
11
2
2
1
4
1
1
3
1
2
2
1
3
1
3
1
2
1
1
1
1
1
1
1
1
1
8119
4879
53
569
235
76
58
14
48
294
57
20
254
72
2
13
8
13
2
4
4
3
3
1
8
22
1
2
4
5
2
1
5
2
1
1
2
9637
2325
1557
783
17
87
33
69
184
25
69
5
13
4
2
5
8
2
1
4
1
3
3
1
3
4
2
1
1
1
1
1
1
1
1
1
1
3095
10987
441
6
249
11
5
18
12
4
1
5
1
4
3
1
1
1
2
3
1
2
1
1
2
7383
2270
3646
661
37
293
37
107
5
3
11
203
30
19
72
3
9
8
7
6
3
2
3
2
3
7
1
2
1
1
5
8
1
1
3
1
1
1
1
2044
3417
2710
3939
698
594
1106
89
5
13
2
3
75
47
8
2
2
27
2
3
27
2
2
2
5
4
3
4
1
2
3
3
1
1
3
1
1
1
1
1
2
1
14322
130
158
70
12
28
15
5
36
21
4
1
9
13
4
2
1
1
2
1
9
1
2
2
1
1
2
1
1
1
1
2338
1629
7729
3032
21
1
36
4
9
32
2
1
2
1
2
5
2
2
2
1
1
2
1
1
1
3121
3979
7541
18
6
53
5
18
22
30
3
21
12
3
7
4
1
1
1
1
4
1
1
2
1
1
7460
4345
160
2828
4
4
4
5
6
9
2
1
1
3
1
3
3
6
1
1
1
1
1
1
2
1
1
1
1
12071
2150
107
304
143
3
7
37
1
7
1
7
7
1
3
1
2
1
2
1
1
2093
3423
3448
462
3098
971
364
81
55
271
279
117
9
28
14
88
14
4
14
4
6
3
1
1
3
4
1
1
4051
436
2571
3876
3152
307
16
40
127
107
57
5
8
9
20
2
3
13
4
5
21
11
1
5
2
1
1
2
1
1
1
1
3309
9217
538
666
494
414
97
47
9
16
6
9
5
4
4
3
1
1
1
1
1
2
1
2
1
1
1
1
2
1
1
1
6897
2030
2810
142
2227
433
46
23
51
102
13
4
1
19
8
1
2
3
6
4
4
2
2
2
1
2
5
1
2
1
2
1
1
1
1
1
2
1
1
2
4461
7072
3056
8
34
80
32
8
6
13
3
24
18
2
2
4
4
5
6
4
2
2
2
1
1
2
1
1
1
1
1
2392
6462
1211
2451
76
1171
381
230
238
28
7
55
45
5
6
1
1
1
30
6
3
18
2
2
7
3
1
2
4
2
1
2
2
1
3
1
1
2
2
1
4662
6028
3533
6
98
244
26
24
104
5
9
3
41
22
5
25
5
6
1
2
1
1
2
1
1
1
1
13900
289
57
52
63
231
41
1
26
12
5
8
8
66
22
3
3
1
8
1
2
5
18
4
4
3
1
1
2
1
1
1
2
2
5
3
1
1
1
1
1
2547
460
4123
2809
2368
124
548
153
4
57
459
676
48
155
127
3
12
113
9
6
13
2
5
5
2
2
10
1
1
1
3
1
2
1
2
1
2
1
1
7457
2299
4383
167
49
13
9
112
79
1
218
6
5
20
4
4
1
1
8
1
3
1
3
1
1
3
2
2
1
1
2
877
2418
2091
4727
1072
11
3584
1
3
18
3
12
1
3
3
4
9
2
1
1
1
1
1
1
1
1
2
2
1
1
1
1
1
1
6278
2884
3649
871
588
40
206
44
1
211
12
2
9
16
2
19
1
2
5
4
1
1
1
1
1
1
2
1
1
1
1
1
7135
4076
2856
78
404
184
4
6
12
37
3
5
2
28
5
2
1
4
2
2
3
1
1
1
1
2
1
1
2853
9451
1203
630
557
1
47
1
8
3
1
28
5
4
21
6
3
3
2
2
2
2
1
5
1
2
2
3
1
2
1
1
1
1
1
1
1
10316
3853
6
398
108
15
2
57
8
17
23
7
4
7
2
13
1
2
2
7
1
1
1
1
2
1
2
14453
9
98
113
5
52
41
13
35
1
13
3
1
3
1
1
4
1
1
2
1
1
2
1
1
1
3462
6452
3293
968
78
464
27
28
1
9
4
6
1
4
17
5
3
1
3
5
2
9
1
1
1
1
2
1
1
3
2
1
1
10503
3566
442
162
56
1
18
3
25
28
20
6
4
3
4
1
2
1
1
1
2
1
1
2
1
1
1
1
6891
2472
1494
2785
204
125
83
12
153
315
141
15
10
29
9
87
1
1
3
2
2
2
7
1
1
1
2
1
2
2
1
1
1
1
5114
7164
2463
32
3
23
6
3
8
1
1
4
3
1
12
3
4
1
4
1
1
1
1
1
1
1
2871
6137
4049
239
637
167
44
6
36
481
3
47
2
8
30
13
23
7
2
3
5
2
4
3
2
1
2
2
10
1
6
3
1
1
1
2
1
1
1
1
1
1
11017
3043
293
1
6
214
75
70
5
3
5
42
1
7
17
3
3
5
3
1
5
9
1
5
4
4
2
1
3
4
1
1
1
1
1
13775
481
331
84
1
10
3
10
38
2
6
18
43
4
4
1
1
17
2
2
4
4
1
4
2
1
1
1
1
1
1
1
1
1
7157
5753
1122
685
7
28
21
16
3
16
2
4
4
1
1
1
2
1
5
1
3
1
5
1
4
4
1
2
2
3
1
3871
3073
6239
959
44
510
1
7
1
46
77
9
1
1
1
1
1
5
2
1
1
2
1
1
1
1
3473
6216
3697
817
310
44
9
6
141
1
1
1
28
53
19
19
1
1
3
1
1
1
6
1
1
2
1
1
1
1
14674
10
2
13
54
12
22
1
12
10
6
2
3
2
7
2
4
1
2
5
1
1
2
1
1
1
1
1
1
1
1
1
289
7073
2266
3427
5
1362
124
13
41
4
25
60
5
4
58
2
3
10
5
11
23
12
4
1
2
2
5
4
1
1
2
1
2
1
1
1
1
2
1
1
2
638
4157
2538
1967
793
399
1189
801
1605
238
48
179
1
95
12
20
14
20
31
7
3
40
4
3
6
2
1
6
3
4
1
2
1
6
1
1
1
2
6
2
1
1
1
1
4
1
1
2955
3565
3477
2488
1365
42
22
197
207
133
77
94
26
9
6
60
72
3
11
2
3
6
1
1
9
6
5
4
2
2
2
1
1
1
1
1
6725
7236
366
33
2
149
21
182
10
31
58
1
1
6
6
1
3
2
3
1
3
3
2
2
2
1
2
1
1
1
1
1
2597
117
3948
527
2911
2349
521
546
567
181
89
387
7
5
35
15
11
4
16
1
3
1
1
3
3
3
1
2
1
1
1
1
1
1
6876
2773
3086
173
503
465
516
14
252
90
23
11
11
26
10
2
1
2
3
7
3
2
1
2
1
1
1
1
1
6893
1032
5922
73
167
540
15
34
86
37
4
9
6
2
16
1
1
1
2
1
1
3
2
4
1
1
1
1
1
7003
7032
129
339
121
1
28
28
56
5
1
4
12
24
20
20
13
1
2
1
4
2
1
1
2
2
3
1
1
1141
7320
1559
3052
209
1412
1
57
9
12
28
5
15
6
2
7
1
2
3
3
1
1
2
1
2
1
1
1
2
1
7172
5128
1426
1045
21
16
3
6
13
3
5
1
4
1
1
2
1
1
3
2
1
1
1
6966
4404
3367
70
2
17
8
1
1
2
1
1
4
1
2
7
1
1
1
5947
2127
4612
739
841
60
81
147
55
64
30
14
24
48
24
4
2
1
4
7
2
3
1
2
1
3
2
3
1
1
1
1
2
2
1
800
7371
3736
1902
723
88
101
8
23
1
1
8
4
4
11
18
2
3
6
9
2
1
1
2
2
2
3
6
5
1
3
2
1
1
2
1
1
1
1
3847
2862
3445
3720
57
34
727
8
9
4
23
16
28
4
9
4
3
22
2
7
3
1
1
2
5
1
1
1
1
1
1
2
1
1
2
1
1
3033
3813
2558
61
1362
637
1698
14
38
483
557
324
53
12
32
58
48
2
14
24
2
2
2
3
2
2
1
1
5
2
2
4
2
1
1
3
1
2023
12260
472
31
3
10
10
15
2
1
4
5
1
1
1
3
1
5
1
1
1
1
1
3
1
9106
3427
1432
723
25
2
53
4
1
20
6
7
4
1
8
4
2
2
1
2
6
1
3
1
4
1
1
2
1
2
1
1
1
1
1
7936
2471
452
3630
145
1
63
11
2
37
18
19
4
3
15
3
1
4
1
13
1
1
2
1
2
3
2
3
1
4
1
1
1
1
1
1
2
2413
82
4385
4706
618
2333
100
6
2
9
4
91
56
8
3
12
1
2
10
1
2
1
3
1
2
1
3
1
1
6183
3392
2483
15
840
1179
2
274
165
8
146
76
1
8
16
20
1
2
5
8
1
1
2
2
1
4
1
1
2
3
2
1
1
1
1
1
1
1
1
1
1
1
1
1
3262
3478
2659
119
658
2527
854
518
539
192
18
3
5
2
8
1
4
2
2
1
1
1
1
1
1
6828
157
4484
3111
113
41
38
1
3
1
3
10
26
15
2
1
4
1
1
3
1
3
1
1
1
1
1
1
2
1
1
731
3851
2555
3387
142
1464
60
2191
101
38
39
98
9
44
15
7
1
22
43
3
1
2
1
6
4
4
3
4
6
3
4
1
3
1
6
3
1
1
1
1
11057
3539
46
35
38
64
2
25
19
3
1
4
1
1
3
3
6
3
2
1
1
1
1
1
461
4338
3381
2409
3393
403
64
162
117
24
2
14
2
6
10
7
3
1
2
3
1
20
1
4
10
3
1
1
2
1
1
4
1
1
2
2
3276
6780
4039
203
47
247
4
27
118
37
13
2
1
1
21
4
8
3
1
1
4
2
1
1
4
3
1
1
1
1
2
1
1
1
6756
3383
4270
200
22
6
82
8
18
15
3
20
7
3
22
5
3
4
1
2
2
2
2
1
2
2
1
7
2
1
1
1
2
1
6534
8221
1
6
3
16
14
10
10
1
3
3
5
1
7
3
1
2
3
1
1
1
4
1
1
1
2
1
2940
4594
2538
2102
301
954
968
113
2
25
191
22
14
10
8
25
1
9
2
12
1
1
6
2
1
1
1
1
1
2
1
1
1
2
1
1
1
1
1267
3452
1331
3042
1526
528
2416
320
620
10
1
72
17
43
15
3
24
15
86
7
2
2
9
3
1
12
1
15
1
1
1
3
4
1
1
1
1
1
1
1
8140
2152
3488
550
253
177
2
14
22
13
2
1
8
1
1
5
3
1
5
1
4
1
2
1
2
1
1
1
1
1
1
1
1
4723
2974
5957
231
118
192
79
26
142
17
4
120
193
4
12
24
4
9
1
5
5
4
1
8
1
1
1
1
511
8029
2991
475
2178
274
39
5
77
208
7
6
4
2
5
6
2
4
5
5
3
5
1
1
6
1
1
2
2
1
1
7068
937
3371
11
243
66
2162
226
496
21
21
36
75
13
37
2
3
3
5
1
3
5
13
3
3
5
1
4
3
3
1
3
1
1
3
2
2
1
1
1
1
8914
3352
690
1797
1
11
43
9
4
1
2
1
1
2
2
1
1
1
1
1
1
1
6
3
1
3
1
3
1
1
1
2139
7086
142
257
1016
2110
270
13
675
23
662
4
2
63
119
8
90
15
52
19
7
1
4
11
10
3
2
21
3
8
1
2
4
3
2
3
1
1
1
1
1
2
5704
3357
2
806
67
4513
85
26
72
38
18
1
26
3
6
4
1
59
2
10
11
2
1
8
1
1
3
12
1
2
5
3
2
2
1
2
3074
4861
151
93
2479
1185
1904
650
4
20
248
17
4
7
79
1
9
7
16
1
2
4
2
9
1
1
3
2
4
1
3
2
1
1
1
4
2
1
2
1
7813
49
3188
2761
318
385
54
13
3
38
60
3
48
11
55
1
1
14
4
10
11
1
4
2
2
1
1
1
1
1
1
1
1
3309
3313
3209
1573
2519
623
35
57
4
14
29
10
4
13
19
69
3
9
2
23
4
1
2
3
7
1
1
1
5743
3888
1027
2421
871
372
37
136
29
76
70
38
2
18
13
1
2
49
11
3
15
1
1
1
2
5
1
1
2
1
1
8
1
2
2
1
2
2
1
815
12447
1325
59
3
48
30
73
2
3
11
3
2
7
3
4
1
1
2
1
7
3
1
2
1
1
1
1
3937
2386
7098
1198
133
19
23
9
8
5
2
6
1
4
3
4
2
1
6
1
1
1
1
2
1
2
1
1
1
744
13716
83
20
153
35
3
6
2
31
5
18
14
5
3
2
1
2
1
2
1
2
2
1
1
1
1
1
1
4142
2535
6490
110
865
503
118
4
16
9
2
17
3
12
3
3
1
2
4
1
1
2
4
1
2
1
1
1
1
1
1
1
7440
1677
2627
2799
181
8
20
18
1
1
1
20
18
2
1
1
9
1
1
4
3
2
3
5
5
1
2
1
1
2
1
1
5982
2214
4581
230
972
68
129
415
109
23
15
4
4
10
7
3
16
6
27
3
1
1
1
3
4
1
1
3
1
2
1
5
1
2
1
4
2
1
3
1
6944
3526
3193
301
349
113
73
74
182
5
11
18
20
4
6
8
3
3
2
1
1
3
4
1
2
1
3
3
2
1
9716
1371
2943
484
116
6
123
2
5
10
1
4
6
6
23
1
15
2
1
3
5
1
1
2
1
1
1
1
2
2
1
1
2524
3877
6
585
3015
4054
277
1
34
9
233
93
85
1
14
7
3
1
10
10
2
3
1
2
1
1
1
2
1
1
1
1
1
3593
1023
7342
391
1794
52
336
32
125
28
89
16
2
1
1
1
10
1
8
5
1
2
1
1
1
1
10937
3541
218
9
50
2
8
21
1
7
22
2
1
14
2
2
1
1
8
1
1
1
1
2
1
1
1
1
3052
4180
2993
4323
21
2
75
23
1
46
13
1
16
31
4
2
1
9
1
15
16
2
3
1
1
1
7
1
5
2
1
2
1
1
1
1
1
1
4221
5424
3130
602
671
465
122
161
7
1
13
3
3
1
3
2
6
5
2
2
3
1
1
1
1
1
2
1
1
1
3655
3233
841
3079
3143
204
304
4
29
124
6
136
1
15
4
1
3
14
3
4
3
1
15
3
5
2
1
1
2
1
1
2
1
1
1
2
5
1
2
3
1
14364
263
94
10
64
19
1
15
3
2
6
1
3
2
1
2
1
1
1
1
2
1
6374
5383
2869
43
12
4
4
47
19
21
17
5
7
28
3
3
4
1
1
1
1
1
3
1
1
1
1
1
1
3639
8287
281
2526
34
27
15
4
1
9
2
5
7
4
2
1
1
1
1
1
1
2
1
1
2
1
1
2754
2434
3864
896
942
89
2752
443
568
9
38
6
2
6
13
2
8
1
6
3
1
4
1
1
2
1
2
1
1
2
3
1
1
3098
2731
5206
3415
81
38
67
5
64
23
57
9
5
1
15
29
2
2
1
2
1
1
1
1
2
3037
3156
8208
8
366
2
5
29
3
2
6
1
1
3
6
6
2
2
1
1
1
8
2
1
2555
792
11354
20
12
69
10
19
7
9
1
1
1
1
1
1
1
1
1
1
8993
3001
2226
2
275
18
266
1
20
11
15
7
1
1
1
3
1
2
2
1
3
1
1
1
1
1
1
1
891
3105
1012
3697
968
1418
3452
28
51
1
4
71
84
16
8
8
14
2
2
1
1
9
3
1
2
1
2
1
2
2
11153
179
2361
864
157
4
52
32
2
3
6
8
2
3
3
3
5
3
2
2
1
2
2
3
2
1
1
1
8999
5098
172
32
15
19
318
36
8
48
38
4
10
27
7
1
4
2
1
1
1
1
4
1
3
1
2
1
1
1
1
3035
1442
2186
156
1896
4008
1109
383
58
265
140
28
45
1
5
12
1
3
1
3
21
4
1
4
7
3
2
7
3
3
3
1
2
6
2
1
1
2
1
1
1
1
2
1
3143
3508
2701
336
1
3572
759
760
7
7
17
15
2
12
1
4
1
3
1
1
1
1
1
1
1
1
5039
2395
2409
580
201
4129
4
4
3
14
13
17
12
4
5
3
2
4
1
2
1
4
1
2
3
2
1
1
1
5152
2832
2381
118
2216
1252
76
12
188
112
18
16
178
13
27
16
16
8
12
47
127
2
1
4
2
2
1
1
2
2
1
2
1
2
2
2
1
1
2
1
1
1
1
1
1
2
1
2465
1346
5572
3345
127
608
65
251
408
560
2
1
20
21
1
2
2
8
11
7
3
1
4
6
1
1
2
2
1
5
3
1
1
1
1
2
6499
3797
3251
284
1
752
39
85
1
4
2
1
37
1
10
58
1
6
1
1
5
1
7
4
1
1
3
2
1
1
13865
793
103
2
10
1
4
9
1
9
15
18
5
1
1
2
1
1
1
1
5
2
1
1
1
1
1
1
1
4023
2798
4929
2642
330
25
10
7
34
23
9
2
2
2
2
1
7
5
1
2
1
1
1
7863
2441
3945
5
7
460
2
58
1
4
10
2
12
4
2
1
14
1
1
4
2
1
1
1
2
1
2
1
4
1
1
1
1
1
3919
2368
722
5366
725
1
972
617
70
2
3
1
12
2
26
14
1
2
5
1
1
1
2
3
1
1
1
1
3
2
1
1
3
1
1
2
1
1
1
5824
7879
210
21
29
250
571
8
2
1
4
2
1
15
4
1
1
2
6
1
1
1
3
4
2
1
1
2
3
1
1
1
1
2
1
9704
4888
74
10
29
26
42
3
1
1
3
1
20
19
1
2
2
6
6
2
1
1
3
2
1
2
1
1
1
1
1
1
1
12987
435
1140
140
2
9
65
5
2
38
3
2
2
1
3
1
1
1
1
1
2
1
5
1
1
2
1
3
1
1
3745
2743
4074
207
2473
429
793
3
178
6
42
64
14
19
19
2
11
1
2
8
1
1
2
2
5
5
1
2
2
1
1
1
2305
3751
1256
3394
43
3380
428
40
7
4
33
30
8
11
6
3
7
1
3
32
16
1
25
9
8
18
3
2
1
1
7
2
4
2
5
3
1
1
1
1
1
1
1
1
10062
3529
945
67
48
27
19
40
54
3
10
7
3
2
4
6
2
1
8
1
3
1
4
1
1
1
2
3
1
1
1
4761
768
2722
5952
447
14
9
1
8
2
50
3
4
3
1
2
13
4
6
23
6
3
1
5
2
12
9
3
3
1
1
1
1
1
2
1
1
4
1
3
1
1
1
12336
213
435
1026
711
27
15
16
27
3
6
1
3
3
1
4
1
2
2
8
6
2
2
1
1
2
1
1
1
3919
3672
2486
3450
1020
5
45
35
58
35
1
8
1
3
19
33
19
4
5
1
3
1
8
3
1
7
4
3
1
1
3
1
1
1
2290
4422
3549
2875
277
596
285
354
121
25
6
3
5
12
1
4
6
4
6
4
1
1
1
2
1
1
1
1
1
1
1
4131
2218
1555
6462
124
13
1
47
98
43
4
51
41
8
3
11
13
1
15
3
3
1
1
2
1
1
2
1
1
1
1
3656
2453
2827
3387
1253
732
170
8
3
11
64
38
27
4
16
18
78
26
28
2
8
2
4
2
11
1
4
3
3
1
1
1
2
2
1
2
1
1
1
1
2
1
1
3414
3125
3872
2410
12
78
102
4
5
894
247
144
110
278
11
2
16
46
23
15
6
3
5
8
4
3
3
3
1
2
1
1
1
1
1
1
1
1
1
1
1
627
1337
9667
2567
404
68
50
3
12
21
38
10
3
6
1
1
1
4
1
3
8
2
3
1
5
1
1
4
3
1
1
1
1
1
11035
1416
2304
55
5
4
1
1
2
7
1
1
3
3
2
2
3
2
1
1
1
1
1
3
2
6303
2584
4426
629
520
221
34
55
22
5
2
2
3
9
9
1
1
3
11
1
1
1
3
2
2
3
1
1
1
1
630
3071
7136
3338
153
147
50
214
23
22
17
2
8
3
8
21
1
1
2
1
3
1
2
1
1
1
13786
743
108
74
46
7
14
4
12
2
2
2
1
2
2
2
8
2
8
3
2
6
3
1
2
5
1
4
1
1
1
1
1
6121
3947
11
2647
851
132
497
9
490
1
46
14
18
4
3
26
1
2
2
5
1
8
1
2
2
3
1
1
1
2
1
4
1
1
1
2215
1395
7029
137
2112
1421
1
172
100
57
5
17
56
27
49
34
7
3
5
1
3
1
2
1
2
2
1
1
1
1168
3561
2598
1161
2606
2633
82
205
192
153
113
235
72
10
1
14
2
3
3
12
3
7
3
1
2
6
1
1
2
1
1
1
1
1
1
1
3380
9158
929
489
425
167
29
18
137
44
5
12
31
1
2
1
1
1
2
3
1
1
7
2
1
1
4
2
1
1
1
13584
788
196
107
11
1
79
20
2
5
27
1
2
12
3
6
1
1
2
2
2
1
1
1
1
1
9769
2767
27
325
940
558
56
21
1
102
4
61
9
81
5
2
8
24
5
7
19
19
14
1
15
1
2
1
1
2
1
3
2
1
1
1
1
6843
4261
2348
319
133
74
3
376
175
96
89
72
8
17
8
3
2
5
2
1
2
1
3
1
1
2
2
2
2
1
1
1
1
1
1
3352
962
4031
2810
288
1525
1504
28
96
128
58
1
2
28
10
6
1
6
5
1
1
1
2
2
1
1
1
1
1
1
1
1
1
3912
7065
212
3225
204
77
1
55
13
16
9
6
14
2
1
3
10
7
2
2
3
1
2
1
1
1
2
5
1
1
1
1
1
408
7617
2867
3012
563
171
62
1
30
8
8
1
1
20
8
2
1
1
26
4
1
1
11
6
9
3
1
2
3
1
1
1
2
1
2
1
14478
22
193
4
29
2
89
1
3
3
2
9
5
2
2
1
2
2
1
2
1
1
1
1
1
8220
4020
2077
379
36
13
57
4
1
3
3
16
1
3
2
4
3
1
3
1
3
2
2
2
1
10746
3503
359
13
52
6
4
65
41
6
1
2
8
18
8
3
5
1
1
1
2
2
5
1
1
1
1
1
3216
281
643
2030
3175
162
4339
69
432
42
229
31
2
28
35
14
15
5
44
26
3
1
3
3
1
1
1
1
4
1
6
1
2
1
1
3
1
1
1
1
1
1
10801
230
2741
35
490
394
60
3
3
13
7
22
1
1
12
2
2
3
1
1
8
1
2
3
1
4
1
2
1
4
1
1
1
1
1
1
2
9767
986
3137
304
500
14
11
17
8
9
10
20
12
9
13
3
6
6
1
4
1
2
3
1
1
1
1
1
1
1
2
2
1
1
1
849
572
263
3156
741
3166
5420
96
16
61
121
17
17
7
15
59
20
10
59
86
15
24
2
7
2
1
6
2
12
13
1
2
3
1
1
2
1
2
2
1
1
1
1
2
1
6125
2800
4063
971
27
682
97
18
16
2
13
7
6
3
1
6
2
2
8
1
5
1
1
2809
120
3710
4003
64
3033
159
29
117
255
47
131
151
116
9
10
4
25
1
4
5
2
4
2
4
5
3
1
2
8
1
3
4
3
1
1
1
1
8
1
3328
6576
3560
350
517
398
14
15
5
10
16
8
3
1
6
11
2
1
1
3
1
1
1
8
2
1
2
1
1
1
2
1
1
1
2
3
1
1
1
10837
3201
666
62
5
4
1
7
2
10
16
13
3
1
2
1
1
1
3
2
1
2
2
3
1
1
2
1
1
1
2
1
1
11633
3128
2
3
3
1
8
3
18
1
10
4
3
3
7
2
2
5
4
1
5
1
1
1
2
2
1
2
1
119
2829
3096
3430
4171
257
704
22
79
14
13
1
3
8
6
4
8
35
6
20
4
1
1
2
5
3
1
1
4
1
1
3
2
1
1
1
14583
16
77
98
4
25
23
6
1
1
1
2
3
2
3
1
3
1
1
1
1
2
1
1
145
886
2505
2348
3224
3307
772
1231
7
270
1
7
31
35
15
2
6
16
5
1
3
7
6
1
2
2
1
1
3
2
5
1
1
2
1
1
1
1
2
10918
3659
140
3
33
1
1
8
14
28
9
6
5
5
4
2
3
5
4
2
3
1
1
1
1
3370
2834
4147
2998
808
527
89
3
16
1
1
10
3
6
2
2
1
2
3
9
4
1
12
2
1
1
1
1
1
1
6052
2985
2661
262
668
599
484
96
261
188
2
149
284
75
11
7
11
16
1
2
13
1
2
1
3
1
1
1
7
1
2
5
1
1
1
1
1
656
10210
2791
116
742
131
11
3
140
3
3
1
1
1
3
6
4
3
3
1
2
1
1
4
1
1
1
2
1
1
1
1
1
1
1
2
3
1
1
1
5646
2897
1702
1133
2955
345
42
22
51
5
1
5
1
13
1
1
1
1
6
2
1
1
1
3
1
4
1
4
4
2
2
1
2
11130
3508
37
41
28
59
2
6
1
1
1
1
4
3
2
1
4
7
1
1
3
2
2
1
3
1
1
1
1
1
3
2089
4420
6087
837
464
659
23
18
125
3
73
2
20
4
3
3
2
4
1
1
2
1
1
4
1
1
1
3
1
2
1
1
316
2588
2260
7
2941
4304
1780
28
61
1
252
63
181
4
7
2
4
5
1
4
1
1
5
6
1
1
6
5
2
2
2
1
3
3
1
1
1
1
1
1
1
1
1
937
2946
6611
3391
324
4
101
2
4
159
61
55
64
96
30
9
8
1
17
2
1
2
7
1
8
1
2
2
1
1
2
2
1
1
1
1
1
2813
2800
861
2583
593
3995
239
517
184
12
20
17
17
83
23
10
63
2
5
2
2
2
1
1
1
1
2
1
1
3
1
1
1
1917
1057
1821
2419
6360
74
28
65
506
227
74
116
7
2
139
9
5
1
1
1
10
1
1
4
3
1
1
1
1
1
1
1
1
1
4008
3727
2803
18
3640
38
152
34
108
4
88
23
27
3
6
25
16
8
1
39
2
16
8
1
10
18
4
7
1
4
2
3
1
1
4
3
1
1
1
1
7157
2291
1305
618
2084
870
4
29
44
21
25
101
212
4
29
12
9
1
20
1
1
1
1
1
4
2
1
1
1
1
1
1
1
1
1
1
7417
6570
68
1
69
30
525
41
6
69
4
4
1
14
8
7
1
2
1
1
1
3
3
1
1
1
1
3
2
1
1
2413
7681
2831
803
202
259
14
206
354
21
2
6
1
1
1
9
10
3
2
1
2
3
1
3
16
1
2
4
1
2
1
1
1655
1944
10628
426
117
7
23
1
1
1
26
1
2
2
3
3
1
3
1
1
1
1
1
1
1
1
1
1
1
1
1
3514
6559
553
3118
281
237
9
258
99
94
23
24
2
36
1
12
1
1
1
2
7
1
1
3
3
1
1
1
2
3
4
1
1
2
1
7526
6726
412
55
40
26
2
6
12
3
9
6
5
9
4
1
5
1
1
1
1
4
1
1
4959
7046
2636
4
2
15
14
85
19
5
8
1
29
5
6
4
2
4
1
1
2
2
3
2
1
1
3387
2938
7475
579
1
105
92
33
130
15
6
17
1
1
11
9
3
3
6
3
3
1
1
2
2
2
1
7
4
1
1
2
1
1
4
1
2
2
1
1
1
1
2168
8648
1145
1946
479
268
4
1
9
2
4
82
7
12
1
3
5
13
8
6
10
1
6
2
3
1
2
1
2
4
2
2
2
1
2
1
1
1
1
1
5962
4153
3637
157
410
71
82
156
3
85
27
41
25
8
15
1
3
1
1
2
1
1
1
1
1
2
1
1
3
3
1
1
3594
4128
3649
3085
27
211
101
19
2
1
4
15
1
2
3
6
3
1
2
2
1
4042
3389
2372
607
3885
59
178
226
8
7
1
10
6
30
12
1
1
1
1
1
5
1
1
2
2
1
1
2
1
1
1
1
1
9900
956
740
2377
400
2
223
67
1
35
56
36
16
4
1
3
2
2
8
2
2
4
2
1
4
1
4
1
1
1
1
1
1
1
1
4491
6627
2260
889
54
153
274
19
2
9
17
6
8
1
1
1
24
2
2
1
4
1
1
1
1
3
1
1
1
1
1
3203
11378
128
7
1
48
23
15
4
5
4
1
2
4
1
3
6
1
1
5
2
1
1
2
2
1
1
2
1
2
1
1
4657
2759
23
5953
927
105
214
64
1
22
3
33
7
12
6
21
20
4
1
1
3
3
2
1
1
4
1
1
1
1
1
1
2
1
1
4077
3392
3475
3431
169
66
41
7
24
30
24
3
6
39
18
17
2
5
1
4
11
2
4
1
2
1
1
2
1
1
3194
5481
4286
1266
461
34
11
9
3
6
10
40
10
1
20
4
1
2
3
2
2
1
1
3
2
1
1
1
1
6953
2820
3638
465
620
62
59
33
132
4
6
23
4
9
1
2
4
4
2
1
4
2
1
1
1
1
1
1
1
1
1
3666
2940
2101
3318
1276
108
590
359
154
43
95
45
11
4
27
2
1
7
5
43
2
7
3
13
1
1
8
3
3
4
3
1
4
2
3
1
2
1
5198
2540
116
311
3023
13
51
2982
143
118
12
84
27
106
10
7
1
2
13
4
4
8
15
22
1
5
1
2
4
2
3
1
1
1
1
1
6
3
1
1
2
1
2
1
2
1
1
2
1
815
8665
321
2013
1912
262
760
27
32
9
2
1
2
1
2
3
4
14
1
3
1
1
1
4
1
14361
63
148
7
187
2
2
31
22
6
3
2
2
2
2
1
1
1
2
1
1
4
1
1
1
1
1
1
7208
4101
3199
140
10
55
58
7
3
15
6
3
22
5
3
1
8
1
3
1
1
1
1
3
1
1
10455
4110
112
20
1
75
9
1
5
25
7
2
14
1
2
4
1
1
1
2
1
1
1
1
1
2
1
1
13527
985
74
1
35
34
46
21
35
28
13
1
5
9
9
3
1
1
1
5
1
2
2
1
1
7
1
4
1
1
2
6102
4564
3864
116
21
16
59
10
43
17
2
1
3
1
16
2
2
6
1
1
2
1
1
1
2
1
1
1
4
1980
6034
809
370
3166
980
1243
23
23
29
65
21
23
17
1
14
2
12
7
1
2
9
6
1
4
1
3
1
1
1
1
1
2
2573
7126
4781
28
85
41
4
21
52
1
13
31
1
36
14
1
3
1
1
1
1
2
1
12
2
1
2
1
1
3
4
4
1
2
1
1
2
1
1
10556
4189
21
12
18
15
2
2
3
4
3
3
1
1
1
2
2
1
1
1
4
2
2
3
1
1
2
1
1
1
1
940
3950
3585
3641
1779
243
260
215
3
104
10
4
11
2
2
7
6
14
1
9
4
1
7
7
3
1
2
5
2
2
9
2
5
2
4
2
2
1
1
1
1
3
1
1
1
1
3682
3900
2536
4048
425
12
7
15
1
11
101
1
2
73
5
1
2
2
2
2
1
1
3
2
2
1
3
1
3
1
4
3
2
1
1
7616
3570
443
2657
35
352
25
84
2
4
7
22
1
1
3
3
3
5
5
1
1
2
2
3
2
1
1
1
1
1
1
1
1
520
3798
7136
2546
193
195
304
2
4
1
23
20
13
17
5
5
2
1
4
17
9
8
9
3
1
1
1
1
1
1
1
5
1
1
2
3
1
1
1
2365
3115
3367
1065
4522
101
42
106
35
1
4
2
53
9
2
11
31
2
3
2
1
4
2
4
1
1
1
1
3
1
4090
7293
626
2644
6
22
74
27
23
9
11
11
1
2
1
5
1
2
3
2
1
1
1
1
2629
2493
5502
98
1567
1960
243
55
77
84
13
21
14
6
36
2
16
5
1
1
6
3
2
6
8
1
1
1
1
1
1
1
1
1
3025
4198
7461
31
32
14
12
1
2
2
5
6
5
14
1
2
2
2
17
1
1
1
1
2
1
3
3
1
1
3
3
1
1
1
1
1619
3770
8978
289
61
2
20
6
11
15
1
46
6
3
2
1
6
4
2
2
1
1
1
4
1
1
1
1
1
1
12522
1339
138
291
17
147
303
46
6
6
2
17
2
8
1
3
2
3
1
1
1
1
6642
4379
2993
156
27
362
108
4
48
32
11
7
8
3
23
1
5
5
7
1
1
4
1
1
5
1
1
1
2
4
1
3
3
1
3
1
1
1
14751
10
8
13
4
1
10
6
5
15
3
7
1
1
9
1
1
1
2
2
2
1
1
1
1
491
2943
3863
3604
268
2663
121
289
2
163
70
12
76
20
191
28
2
1
2
20
1
1
1
1
7
3
1
6
1
1
1
2
1
1
3510
6394
4040
600
13
70
60
7
12
7
1
1
8
4
22
20
25
2
3
3
4
8
19
6
3
1
1
3
2
1
2
1
1
1
1
1
7341
4281
2996
5
100
6
3
58
9
21
20
1
1
1
1
1
1
2
1
1
2
3
1
1
10313
4072
187
65
2
9
21
64
33
30
10
7
4
3
3
4
2
1
4
8
6
1
3
1
1
1
1
1
7039
7142
62
240
93
82
7
79
12
9
21
21
2
10
4
1
1
3
9
7
2
3
1
2
4
1
2056
1869
1927
899
3883
2672
804
85
8
35
124
155
67
144
37
13
2
3
2
1
30
4
18
1
4
4
1
2
1
1
2
1
1
1
6694
3595
4077
2
43
176
101
13
2
2
44
11
8
3
8
5
4
15
6
3
6
1
2
1
1
1
3
3
2
1
2
4
1
1
2
1
1
1
4
2
1
1
1
1
1
8154
2671
3853
15
105
3
1
2
20
4
1
1
4
5
1
4
1
2
2
1
2
2
1
1
1
7539
1673
1287
3611
201
455
23
26
4
1
12
7
4
1
1
3
1
1
3
2
2
6763
3031
3294
1291
209
19
67
101
17
1
4
9
3
4
1
1
2
2
3
3
1
2
9
1
2
2
2
1
1
1
1
1
1
1
1
1
1
1
1
1
4250
8881
1272
159
118
40
8
65
6
4
6
8
15
3
1
1
2
4
1
5
1
1
2
1
2
1
9697
36
1178
3561
7
8
316
12
4
3
2
16
2
1
2
1
2
2
1
1
1
2
1
1
2908
3533
98
1337
3297
3059
301
84
184
26
2
3
2
1
3
5
1
2
1
3
2
1
1
1
1
1
3484
2578
1014
2328
287
3038
247
400
832
333
93
25
48
2
58
6
6
1
6
1
20
1
6
6
2
5
1
7
1
3
3
1
7
1
1
1
1
2
1
3226
2714
7314
846
190
131
107
118
16
49
21
62
24
6
3
1
1
3
1
1
6
2
2
1
1
1
2
1
1
1
1
1
1
1
1
3646
10932
51
2
122
19
21
1
8
9
4
1
4
2
16
3
2
1
2
3
1
2
1
1
1
2
3407
1459
9450
86
1
27
182
22
55
3
85
18
3
5
13
1
1
1
1
6
1
4
5
2
5
1
2
2
1
1
2
1
1
1
1
1
3600
8186
2484
94
193
34
3
45
105
8
53
4
4
6
1
1
8
4
2
2
2
2
1
1
2
1
4
1
1
3
1
1
347
4052
2750
3593
3172
202
68
122
5
100
290
44
44
6
28
5
7
2
2
6
3
2
4
1
1
1
7621
3309
120
322
459
2496
242
1
49
16
101
28
17
3
30
3
12
5
4
2
5
1
1
1
1
1
1
1
1
3
1
464
3928
3775
158
2837
3292
13
39
5
140
75
38
13
16
3
3
4
7
6
1
1
3
1
1
4
1
1
2
1
2
4
2
2
1
2
1
1
1
1
1
1
1
1
2
1
1
3629
6510
498
3633
10
54
10
8
188
31
1
4
135
4
34
29
25
1
14
1
3
3
6
3
2
4
1
1
3
4
1
2
3
1
1
8195
5648
212
62
151
9
488
7
17
1
1
5
1
3
7
2
2
18
2
3
5
2
1
3
1
3
1
1
1
1
1
1
1
1
5918
3448
393
947
2559
321
23
579
206
18
345
7
8
8
20
1
17
11
9
1
2
4
1
2
1
2
1
1
1
1
1
1
5732
4099
1962
938
1375
290
37
14
365
2
9
1
10
1
6
1
2
1
1
1
1
1
1
1
1
2
2
1
2463
2407
3240
4703
278
1632
16
22
13
3
7
2
20
10
1
3
6
1
1
1
12
1
1
2
3
1
1
1
1
1
1
1
1
1
9806
3374
1131
151
45
40
4
15
47
1
83
40
14
29
2
1
22
13
1
1
2
1
8
6
3
2
2
2
2
2
1
3
1
1
1
4991
6852
2716
88
4
75
36
2
1
45
8
2
1
6
2
1
1
5
7
1
5
1
1
1
1
1
1
1
1
5734
1778
3217
27
3502
23
210
22
26
149
2
52
3
11
20
7
10
1
10
2
8
5
2
2
2
1
6
1
2
4
3
2
1
1
1
1
2
1
2
1
1
1
1
10631
1888
338
130
1445
65
73
8
61
8
12
40
95
1
1
1
6
6
1
2
2
5
3
4
5
2
1
3
2
3
3
1
5
3
2
1
4586
5913
4180
9
45
15
51
13
7
3
1
5
2
1
1
1
4
2
3
1
1
1
3
1
3
1
1
1
2
3026
723
3803
583
3535
2386
744
1
8
1
5
5
2
2
8
3
1
1
6
1
1
1
1
2
4
1
1
1
1
10538
3494
593
3
31
98
30
1
1
7
22
6
6
5
6
2
1
2
2
1
1
1
1
1
2
1
1
9730
1000
1173
2553
11
177
1
10
42
27
3
63
6
6
2
1
15
6
3
4
7
7
2
2
1
1
2
1
1
5894
148
3337
27
3518
583
135
725
79
1
187
64
37
47
3
6
3
3
4
10
3
9
2
5
2
2
2
1
5
2
1
1
1
1
1
2
1
1
1
1
1
1
2062
6581
3982
19
840
392
926
7
5
1
2
1
4
4
7
6
1
6
1
3
1
1
1
1
1
1
1
8110
5752
698
6
83
124
20
9
8
4
9
12
2
3
2
1
1
1
1
1
3
2
1
1
1
2
4349
4547
5790
1
1
5
72
1
7
8
17
4
6
2
1
2
2
5
4
9
2
4
1
1
5
1
3
2
1
2
1
1
13562
670
65
229
88
5
44
82
14
7
11
2
14
9
7
16
3
7
3
1
2
1
1
1
1
1
1
2
1
1
1
1
1
1
1
1
6503
3479
1658
2695
437
4
18
16
6
2
2
7
6
2
1
2
1
2
4
2
2
2
2
1
1
1
1
186
10546
3597
52
139
149
50
39
21
15
12
4
3
13
2
11
1
1
4
5
2
1
1
1
1
1
8063
4012
1334
1069
19
90
49
23
117
3
17
10
1
4
7
18
1
4
1
1
2
1
1
1
1
1
3
2
1
1
3639
7069
124
3465
152
242
5
6
2
30
2
25
1
15
14
2
3
1
7
1
11
5
2
2
2
2
2
1
2
5
4
4
6
1
2
1
1763
669
3240
2572
2687
3408
128
239
11
57
8
4
2
9
3
8
1
3
1
2
1
1
6
7
2
4
2
1
2
1
3
6
2
1
1
1
1
2967
183
6103
1891
1820
376
15
101
559
30
499
1
19
144
59
1
3
21
9
8
5
1
8
1
2
6
11
3
1
2
1
1
1
1
3
1
3165
2603
3495
1734
2313
112
547
405
86
127
206
12
1
3
12
4
5
5
8
1
3
1
1
1
2
2
1
1
1
1446
7539
2097
168
1798
871
200
391
162
43
21
5
1
8
6
2
16
3
4
10
16
13
3
2
2
3
1
5
2
1
8
1
2
1
1
1
1
1
1
1
7438
6095
159
795
8
24
94
8
8
74
71
3
1
3
2
8
10
6
1
20
1
7
6
1
1
3
1
1
1
1
1
1
1
1
1
1
12089
849
1684
141
25
7
25
13
1
1
1
1
3
1
2
3
4
2
1
1
1
1
1
13552
1
335
918
23
2
5
1
1
1
6
1
2
1
2
1
1
1
1
1
1
3970
6981
3492
61
107
42
2
29
8
116
4
1
3
7
1
2
1
4
2
5
3
1
2
1
4
1
1
1
1
1
1
1
1
3743
6476
144
2683
107
697
447
197
105
67
7
26
2
46
6
28
29
3
2
13
11
1
1
3
2
1
1
2
1
1
1
1
1
1
1
3518
3509
3605
100
2891
622
209
25
72
146
35
76
1
1
8
5
7
10
3
1
1
4
1
1
1
1
1
1
1
1
4331
2632
2885
1405
3021
154
7
71
164
17
12
15
51
4
14
11
1
3
6
3
5
1
2
5
2
13
4
4
3
1
2
2
2
1
1
1
1
4220
2288
3437
2893
834
888
55
56
44
9
6
2
25
43
3
4
5
18
1
2
4
1
4
3
1
3
1
1
1
2
1
1
1
3778
3144
247
4657
1883
600
275
131
95
1
8
1
16
9
2
1
1
3
1
1
1
1
1
2933
6137
197
2188
143
513
45
1638
854
7
13
77
37
1
1
2
1
1
7
35
3
4
2
1
1
1
2
1
2
1
1
1
2
1
1
2
1
8329
2049
63
254
3286
439
3
74
122
3
45
28
1
58
1
22
3
4
3
14
4
7
13
3
5
10
7
1
3
1
1
1
2696
2930
4214
891
3309
42
28
136
335
15
77
44
3
4
11
17
50
7
6
1
2
11
15
2
1
3
2
1
1
1
1
1
10111
4157
23
41
77
18
282
67
1
37
9
1
1
4
1
2
2
1
2
4
1
1
1
1
1
3
1
1
1
2
1
1
1
4154
6265
378
3335
186
46
67
124
140
54
6
12
41
9
21
3
3
1
1
1
1
3
1
2
1
1
1
6647
3086
3225
1052
70
4
378
19
29
238
18
27
2
3
10
13
9
1
7
1
1
1
1
4
2
1
1
1
3
1
1
1
3309
7595
3503
2
36
49
173
79
28
2
1
19
1
10
1
10
8
5
2
1
2
8
2
1
1
1
3
1
1
1
1
1
3757
1446
3542
2420
2587
415
56
11
152
24
163
162
2
55
4
27
6
1
4
1
1
1
4
2
4
1
2
1
1
1
2
1
1
8075
1208
4025
1101
140
17
54
93
21
61
4
4
5
4
8
1
1
7
5
1
2
5
5
1
3
1
1
1
1
1
1
4239
3240
3656
2533
154
10
225
316
313
25
17
16
38
4
1
8
7
1
1
2
11
5
2
6
2
2
7
3
3
1
1
1
1
1
2
1
1
1
6406
2537
3206
1501
947
9
11
131
7
2
21
33
2
5
3
3
3
1
11
1
5
1
1
2
1
1
1
3
1
1
6391
2620
3577
707
199
792
84
3
152
49
182
2
42
7
9
1
6
1
1
2
2
8
3
3
1
1
1
2
1
1
3
1
1
1
1
3
13119
148
291
991
106
67
11
34
27
16
5
8
14
2
3
1
1
1
2
2
1
1
2
1
1269
2448
3604
2797
4068
147
129
183
109
21
41
4
1
1
3
2
2
4
1
2
2
1
2
1
1
2
1
2
1
1
1
1
1
1
1
1
1
2799
10043
587
642
418
24
256
13
11
3
1
16
1
3
2
9
2
6
1
4
2
4
1
2
1
2
2
1
1
3850
6963
2002
117
584
316
402
65
224
143
6
8
19
6
19
2
52
16
3
17
6
2
1
7
8
6
2
2
3
2
2
1
1
284
3210
3367
3202
3174
237
623
14
7
175
115
72
70
63
12
1
68
14
58
4
15
1
4
4
10
1
4
25
3
2
1
3
1
1
2
3
1
1
1
1
1
1
1
3928
10191
502
5
106
10
9
64
1
1
1
1
1
8
1
1
2
6
3
1
1
1
3
3
2
2
1
1
1
5746
760
2648
4170
1011
3
155
28
17
103
118
1
3
5
19
3
18
10
4
5
4
1
1
1
1
2
7
2
3
2
1
1
1
1
1
1
4704
4766
2850
1827
466
65
65
25
3
10
10
8
1
2
14
4
3
8
1
1
2
1
1
1
4
4
1
1
2
2
1
1
1
1
1
2631
3926
6632
153
190
1079
1
13
79
79
9
19
3
10
4
5
8
1
3
1
3
1
1
1
1
1
1
1
1
4227
232
6949
3043
296
5
36
1
8
1
13
8
6
2
5
1
2
1
3
2
1
1
3
1
3
2
1
1
1
2
6700
2759
3731
17
8
37
1524
3
3
5
5
8
11
1
10
1
5
2
4
5
2
4
1
1
3
1
1
1
2
1
1
2491
9581
2252
76
59
309
1
35
2
9
15
1
3
2
3
1
1
1
1
2
3
1
1
1
1
2
1
1
1
2292
7368
4926
2
155
43
4
12
7
2
1
5
3
5
2
8
4
1
2
1
1
1
1
5
2
2
1
1
3143
6900
3982
318
23
72
84
48
121
15
44
3
24
7
1
23
1
3
3
11
5
4
3
1
2
2
2
2
4
1
1
1
1
1
1
6758
1087
2531
3836
398
158
30
5
2
1
1
1
1
4
1
2
5
1
3
2
2
4
3
1
2
1
3
2
1
1
1
3
1
1
1
1
1
1
7251
276
722
463
5486
152
79
101
164
17
14
43
19
11
1
1
7
17
6
3
1
4
2
2
4
1
1
1
1
1
3
1
1
1
13195
1505
57
29
1
2
4
9
5
7
8
6
1
1
4
3
4
6
1
2
1
2
1
1
1
1
10059
1978
932
587
560
4
432
10
30
102
91
3
2
21
13
2
4
2
3
1
1
2
1
4
2
5
1
1
1
1
1
1
4113
3973
2543
3195
390
38
63
240
6
134
10
15
6
2
3
21
4
3
9
3
9
2
6
29
2
2
21
2
2
1
2
1
2
1
1
1
1
1
1991
11462
569
627
78
13
10
29
3
1
6
1
19
2
6
1
1
12
2
3
2
2
1
1
2
2
2
1
2
1
1
1
1
1
1
6320
3295
3194
578
849
76
395
2
37
15
44
5
8
11
4
3
3
3
3
2
5
1
1
1
1
1
2656
8021
2
3231
849
36
4
2
12
1
1
1
10
3
1
7
5
1
2
3
2
1
2
1
1
1
1
2963
6263
4361
578
205
27
35
1
215
4
99
5
3
29
19
4
8
3
3
5
5
2
1
2
2
1
3
1
1
1
1
3
1
1
1
1
3238
10668
752
28
60
8
26
4
2
2
2
36
6
1
1
1
7
4
3
2
2
2
1
1
3190
1914
3225
2494
1531
960
8
267
709
2
343
7
34
24
4
23
24
5
7
2
13
7
34
1
1
3
2
4
1
4
3
1
4
3
1
1
1
7052
3780
2190
1096
102
133
41
37
137
2
18
55
68
25
6
22
14
19
8
3
7
2
14
4
1
1
1
2
1
3
2
2
2
2
1
1
1
1
1
996
10772
2589
55
123
66
58
48
50
14
4
2
30
9
9
2
1
2
3
2
1
1
6
1
1
1
2
1
1
1
2
1
2
1
4127
10231
45
320
2
89
13
3
6
1
2
1
1
1
1
1
2
1
1
4
1
2
1
1
13403
741
14
55
123
1
137
69
150
98
26
1
1
4
2
1
4
6
8
1
1
4
1
1
1
1
1
1
1
2302
6491
4192
425
683
384
189
13
51
31
15
4
4
47
2
4
2
4
3
1
1
1
2
1
1
1
1
1
1
831
1304
6896
2095
2408
338
164
317
90
38
62
47
91
18
59
36
9
21
2
3
1
1
3
1
1
1
1
1
3
2
2
2
1
3
2
1
1
1
1152
6624
3717
2415
478
195
45
51
60
52
3
5
1
5
6
23
1
3
1
2
1
3
1
1
1
1
1
2
2
2
1
1
1
7187
3605
83
3312
258
123
170
33
27
4
15
7
1
4
11
7
1
3
1
1
1
2
1
2744
3460
3083
1237
2635
149
360
163
40
586
205
60
30
26
1
3
15
1
10
2
13
1
10
3
1
6
1
3
1
4
2
2
2953
6795
31
3492
900
36
34
67
56
58
19
178
43
18
35
30
2
18
2
1
22
11
6
3
2
3
8
2
4
5
2
1
1
1
1
2
1
1
3
2
1
1
3
1
1
1
3103
3477
2917
4239
786
13
1
119
24
4
47
11
6
1
68
6
6
2
4
4
1
2
1
2
1
3
1
1
2
1
1
1
1
1
9862
3447
1064
131
245
3
1
8
26
11
1
8
1
1
1
1
2
1
4
1
5
5
3
2
5
2
1
2
1
2
1
1
2
1
2
1
1
1
3638
3464
3644
3024
13
65
6
321
39
127
168
83
5
158
22
30
9
1
2
1
1
1
8
1
2
4
3
1
1
2
1
1
1
1
6
1
1
1
3080
3420
3388
2845
1259
283
335
188
6
1
10
1
1
1
13
2
4
2
7
1
3
3
1
1
1
1
2570
2781
4012
3151
630
769
116
173
84
1
56
5
1
68
317
10
3
41
8
8
1
5
1
10
4
1
1
2
3
2
4
1
1
1
3
3
1
1
1
1
2
1
1
1
1
9803
4663
21
16
110
52
35
18
8
3
13
7
34
3
1
3
8
2
7
9
7
2
4
2
1
2
1
1
1
3
1
1
2
1
1
3
1
1
1
1
1
1
1
1
2879
3448
3346
2143
643
296
63
869
152
23
374
245
15
16
49
23
194
34
2
17
1
3
1
2
2
8
1
2
2
1
1
1
1
345
3534
2826
2578
2872
25
602
1397
240
273
7
44
4
6
39
3
11
14
9
1
2
1
3
1
4
2
2
1
1
1
1
3
1
1
1
1
1
7043
2705
3535
891
417
27
87
11
28
5
8
30
3
16
1
1
6
16
2
1
1
2
8
3
1
3
1
1
1
1
1
1
10030
551
2784
177
533
68
476
24
27
3
56
26
11
6
3
4
2
6
16
4
4
12
18
2
2
2
1
2
1
2
1
1
1
1
5162
1521
3048
3704
882
56
151
81
18
70
1
1
75
7
18
2
6
6
3
6
4
2
4
4
7
1
3
2
1
2
1
1
1
1
1
1
1
1
1
4025
7493
1511
32
231
718
225
420
13
107
1
25
18
2
5
3
4
4
2
2
1
2
1
2
1
2
1
2
1
2
1
1044
13296
94
108
141
85
17
3
14
2
5
5
2
1
10
8
2
5
1
1
3
2
1
1
2
1
2
1
3492
4175
7050
10
73
2
7
4
12
7
5
1
5
1
2
2
1
1
1
3
1
1
1
7280
3796
3055
112
206
59
213
5
21
2
8
12
20
9
2
3
26
3
1
3
3
2
5
2
1
2
1
1
1
1
1
1
6867
192
4322
2847
245
86
1
30
13
152
21
23
14
1
6
10
5
3
5
2
1
5
1
1
1
1
1
1
2874
2166
5472
3299
193
8
651
64
1
4
1
38
10
30
2
13
1
3
2
3
1
2
2
1
4
1
1
1
1
1
2
2
1
1
1
3462
152
3584
2285
116
4586
307
107
67
66
4
27
33
1
34
1
1
3
2
1
2
1
2
1
1
1
3
3
1
1
1
1
10523
2594
220
623
466
187
99
54
28
18
6
3
3
2
13
1
5
3
1
1
1
2
2
1
1
3912
3308
592
3001
598
542
148
2522
44
3
87
18
29
11
16
3
3
3
2
5
1
1
1
1
1
1
1
1
1
1
3073
5537
2156
3202
703
11
2
40
32
4
9
1
14
8
1
5
1
1
6
3
2
1
2
1
9
3
2
5
1
2
1
3
1
4
2
1
2
2
1
1
1
1
3391
4109
2165
2441
772
1164
127
162
48
153
13
223
14
8
4
13
5
14
1
1
3
1
3
4
4
1
3
1
2
1
2
1
1
1
1
4283
2509
3563
3283
214
39
14
158
137
275
2
97
30
70
9
24
25
3
8
4
36
5
7
10
4
2
2
9
5
1
2
6
2
1
6
5
1
1
2
1
1
1
3290
3915
192
2913
2954
985
11
214
135
10
59
38
46
32
3
3
3
3
2
25
4
1
2
1
3
2
2
1
1
1
2
1
3
837
6620
528
2427
3086
670
362
157
7
10
69
23
2
17
6
1
1
8
1
1
2
1
1
1
1
2
8
3
1
1
1
1
1
10878
3102
436
279
19
8
7
20
27
15
27
10
6
11
4
2
1
1
1
1
1
1
10846
51
726
2937
69
142
5
2
4
7
1
3
2
13
2
1
2
16
2
2
1
3
5
2
1
1
3
2
1
1
1
1
1
1
3550
3449
2830
4016
578
34
223
8
54
5
27
12
4
1
1
5
9
3
13
2
2
5
4
2
1
2
4
1
2
2
2
1
1
1
1
1
1
2791
3363
1833
3803
1313
512
539
497
3
9
45
9
24
57
13
2
1
1
1
1
11
6
2
2
1
1
4
3
1
1
1
1
2
1
1
1
1
9633
4120
151
593
159
86
13
11
10
2
1
28
1
1
1
10
3
2
2
3
1
1
2
5
5
1
1
1
1
3
3
1
1
1
7666
6987
107
1
7
5
11
1
9
4
4
2
13
1
5
2
5
3
2
3
1
3
2
1
2
2
1
1
2
1
1
1
1
4593
1845
4385
899
54
2719
13
37
95
1
88
9
10
48
3
22
4
7
3
3
3
1
7
2
1
1
1
1
1
1
1793
3951
942
3238
711
2739
191
173
354
560
7
70
10
2
18
7
1
36
2
1
4
2
3
15
6
1
3
2
1
1
2
1
2
1
1
1
1
1
1
1
1
2053
3031
3856
668
3859
898
181
102
65
11
3
7
5
2
32
1
4
21
6
7
17
3
3
3
1
5
1
2
1
7
1
1
2962
10883
617
137
114
1
1
19
28
23
17
1
2
1
1
7
10
16
1
1
1
4
1
1
2
1
1
1
1
1
1
14633
53
52
8
4
35
19
8
14
1
3
1
1
2
2
2
2
5
2
2
1
1
2
2
1
1
6232
3723
281
750
1286
2221
37
14
2
28
32
62
6
15
3
44
11
33
26
7
26
2
1
3
1
4
1
1
2
1
2
435
3814
636
7065
2813
18
2
2
22
12
1
2
2
1
2
2
3
1
4
3
3
2
2
3
1
1
1
1
1
1
1
11408
2991
23
5
82
36
70
23
28
27
7
1
69
10
1
2
5
23
8
5
3
2
1
7
2
6
3
1
2
1
2
1
1
1
4016
2423
693
4217
2981
19
303
131
23
4
1
4
1
2
1
12
4
1
6
3
1
2
1
1
2
2
1
1
1
898
8264
3393
1017
649
93
419
12
19
1
20
10
1
5
1
2
6
1
6
3
8
2
6
1
2
1
1
3
2
1
4
1
1
2
1
1
3223
9983
1001
233
37
65
107
14
92
25
13
4
13
12
3
1
1
1
4
2
3
4
1
1
1
2
2
1
2
1
2
2
1
6721
3081
845
1
3877
74
81
47
43
8
5
3
3
7
17
8
10
3
1
3
1
2
3
1
1
1
1
2
1
1
1
4
6733
871
3764
2
582
2305
519
1
2
23
3
6
2
28
4
1
1
2
1
1
1
1
1
1
1
1
375
3637
6535
3442
12
487
65
163
28
35
35
4
2
1
5
7
8
6
2
1
2
1
1
1
1
1
2366
4097
3407
1656
250
154
745
253
1022
85
591
87
6
33
5
1
1
44
2
5
5
3
6
4
3
5
1
1
3
2
6
3
1
2
1
1
1333
2876
2889
37
3231
3909
171
269
19
3
10
1
10
1
4
1
40
4
7
7
6
2
1
6
1
2
2
2
2
1
1
1
3
1
1
1
1
1
14665
2
4
22
12
2
24
19
12
2
41
6
16
1
10
1
1
3
1
2
1
1
1
2
1
1
2
1
1
3428
3491
2654
3794
188
1002
137
56
24
30
2
1
14
7
4
2
3
3
4
2
1
1
3
2
2
1
1
2562
6405
3739
1693
110
4
117
15
18
55
6
53
20
13
19
6
1
2
1
3
1
1
1
1
1
1
2
1
2
1
1
1
1
3301
7022
4439
6
8
17
6
12
4
3
7
1
3
2
6
3
2
2
5
1
1
1
1
1
1
1
1
4605
1859
2883
4059
112
798
263
25
2
107
31
40
2
6
1
14
11
1
1
15
1
1
2
2
3
1
2
1
7
1
1
2002
3313
5644
1616
1737
286
59
150
14
2
4
1
1
2
3
1
1
2
1
6
1
5
1
1
1
1
1
1
3133
3212
1054
1610
1042
976
3
1201
1984
375
13
49
31
76
2
4
1
14
7
17
6
3
8
1
10
1
2
6
1
1
1
1
2
4
1
2
1
1
1
10707
3325
403
67
2
9
68
19
33
53
61
6
22
34
2
2
4
1
4
1
9
2
3
5
1
1
5
1
1
2
1
1
1
1
6814
3394
2175
142
1327
17
13
164
101
159
140
248
12
23
58
23
14
1
11
6
3
1
1
1
1
2
1
1
1
1
1
1
4918
5580
3923
70
279
13
27
1
1
4
1
7
14
1
3
2
1
3
3
1
1
1
1
1
1
3407
4678
2679
3782
43
46
84
34
1
17
5
11
10
8
2
17
15
2
1
1
2
3
1
2
1
2
1
1
1
4158
2815
5364
1877
32
71
4
140
254
7
20
28
2
26
19
9
8
1
1
2
3
2
1
1
1
1
4
1
1
1
1
1
1
7819
6049
87
106
25
174
159
309
3
15
12
27
1
4
9
11
6
2
2
1
6
2
1
2
2
1
5
7
1
2
1
1
1
1
2
1
3775
6766
3221
834
52
6
6
126
4
2
3
2
14
1
1
1
2
5
1
1
3
10
6
4
1
1
2
1
1
1
2
1
1
4342
2677
200
3986
5
2995
211
59
39
94
26
45
118
2
2
2
4
1
2
17
1
2
6
4
5
1
2
2
2
1
1
1
1
1
2308
1546
6788
2070
1042
215
129
180
6
26
182
21
107
41
7
2
5
45
27
64
4
1
2
3
1
2
7
6
2
7
1
3
1
1
1
1
1
1
1
7280
2345
1125
1
3405
401
5
11
107
18
6
15
42
18
1
18
5
13
1
3
1
1
5
1
2
6
1
4
2
1
3
2
1
2
2
1
1
1
7083
4121
3008
218
110
4
13
160
7
2
5
4
22
1
41
1
12
2
5
4
3
1
7
5
2
4
1
3
1
1
1
1
1
1
1
1
4739
2341
1472
3262
1765
224
208
21
347
313
1
16
9
21
3
8
4
9
1
19
1
7
1
32
2
1
2
1
11
2
1
2
2
1
1
1
1
1
1
1
1
1
3207
2969
4162
67
3075
199
648
177
71
177
4
15
6
8
1
21
8
10
1
4
2
2
1
11
2
2
3
1
1
1
1
3581
8966
4
621
518
1060
1
11
39
4
7
2
10
5
2
1
3
1
1
2
2
5
1
1
1
1
1
3
1
1
1
6065
6
3451
1497
99
3285
56
157
154
2
7
16
4
10
2
5
2
2
1
2
5
4
3
3
3
1
5
2
1
2
2
1
1
1
416
2816
2357
3842
858
428
526
2574
598
24
127
31
30
2
17
72
24
31
44
2
1
9
1
1
1
3
1
3
1
1
1
2
1
3
4
2
1
1
1
6120
7102
110
207
661
36
310
23
221
2
1
12
1
2
1
6
6
4
2
1
6
4
1
2
3
1
1
6
4
1
1754
7859
495
450
3226
46
131
568
9
135
76
3
9
13
18
20
4
1
5
11
3
2
3
1
1
4
2
1
2
1
1
1
1
1
1762
2230
8698
102
1448
411
140
53
1
2
1
1
1
1
2
1
1
1
1
6472
3352
4316
192
234
51
11
16
52
88
11
7
4
1
2
19
1
12
1
2
1
3
1
4
1
1
1
1
3669
6871
1903
13
57
1632
310
33
143
56
4
57
7
36
2
19
1
5
2
7
7
1
2
3
3
1
1
2
1
1
1
1
2
1
2
1
3250
7038
3761
445
52
66
24
42
42
47
1
7
1
3
8
3
1
8
21
10
1
6
3
3
3
4
1
1
2
1
1
1
13257
1182
72
23
88
16
19
64
23
23
2
23
22
10
1
1
2
4
3
1
1
2
1
1
1
3
7
1
1
1
1
1
6357
2960
2557
770
298
833
407
133
291
27
164
10
1
3
5
13
13
4
1
1
1
2
2
2
1
1
7973
5778
661
98
8
87
135
22
5
18
31
10
2
1
1
2
7
7
1
4
2
1
1
1
1
3360
3863
5714
1057
355
143
228
7
25
1
1
45
4
3
1
1
1
12
3
3
1
1
6
1
1
1
1
2
5
1
1
3
3
1
1
1
2351
3614
3699
4393
121
192
13
382
2
15
9
10
4
3
1
2
1
3
11
1
2
1
5
3
3
3
1
2
1
1
2
1
1
2
1
1
3676
4496
3527
2807
278
3
15
1
4
6
1
7
6
3
2
1
2
1
2
1
4
6
1
2
1
1
1
1
1
2547
7070
625
3342
668
326
30
86
119
12
4
6
1
4
1
4
1
3
3
1
1
1
1
1
8656
2932
111
2364
1
364
29
169
70
1
42
1
12
27
36
10
6
2
2
1
2
9
2
1
2
4
1
8058
1839
2838
1311
161
567
23
12
9
8
1
4
1
6
2
1
1
1
1
1
1
1
4
1
1
1
1
1
1
3257
1172
1310
8427
100
114
272
9
16
25
60
5
18
9
10
3
15
3
1
3
4
2
5
3
1
1
2
2
2
2
1
1
1
1
6164
2860
667
3882
181
102
50
422
36
205
11
74
95
30
7
1
15
6
13
2
15
1
1
1
1
1
1
2
2
1
2
2
1
1
1
1
2386
7096
394
854
3302
110
119
76
215
46
2
110
7
1
19
2
4
1
17
28
16
1
6
1
1
1
2
4
3
2
4
14
1
1
1
2
1
1
1
1
1
1
1
1
588
6216
3175
1790
2795
37
17
112
9
22
14
3
19
13
19
4
1
1
1
1
1
2
2
2
1
1
1
1
1
1
1
1
1
1
1
1
1
796
2565
10315
49
666
57
47
47
19
36
194
24
6
8
5
3
1
1
1
1
2
2
1
1
1
1
1
2
1
1
1
1
1
6458
6700
200
1118
8
218
95
14
1
15
6
1
1
1
6
4
1
1
1
1
1
3
3
6377
3102
2924
878
695
242
323
5
23
3
107
14
3
30
11
15
6
35
1
35
7
5
5
1
1
3
1
2
1
1
1
3869
3481
36
1
818
2076
2741
130
962
182
284
76
5
15
26
44
7
1
2
11
13
7
13
10
2
3
5
4
4
4
2
1
7
2
2
1
2
1
1
1
2
1
1
1
4708
10033
6
36
1
14
4
6
8
1
4
7
1
1
1
4
4
2
1
3
1
1
1
1
1
1
1
1
1
2
1
10723
3877
38
67
7
2
1
37
12
3
10
15
2
2
4
24
8
3
4
1
1
3
1
1
4
2
2
1
1
1
13569
971
20
32
111
40
55
2
9
1
3
3
5
2
8
11
1
7
1
2
2
1
1
3829
9646
221
500
442
15
56
43
12
2
2
1
3
3
6
1
1
2
6
6
17
1
1
3
5
14
2
5
2
1
4
1
1
1
1
1
957
1822
3601
4264
2950
824
4
251
70
9
3
5
36
3
3
10
2
2
5
1
1
3
5
8
1
3
1
3
2
1
2
1
1
1
1
1
3185
3439
3736
1275
2005
469
57
5
242
10
1
15
260
61
3
5
15
1
8
10
1
1
13
13
3
1
4
1
1
1
1
1
2
2
1
1
1
1
2
1
1
1
1
5862
2787
273
436
4220
195
67
546
217
35
20
59
9
56
3
2
3
14
1
1
2
1
5
1
6
2
2
4
1
8
1
1
1
6
1
1
1
2
1
2
1
1
6650
2593
172
2255
861
98
155
804
254
522
115
15
79
122
6
1
60
5
2
3
1
16
14
2
1
1
17
6
2
1
1
2
1
4
1
3
4
1
1
1
1
1
1
1
1
5419
6793
149
425
714
161
626
18
221
59
85
11
5
22
5
12
2
2
9
6
1
46
10
1
3
10
1
5
1
3
6
2
10
3
4
1
2
1
1
2
4347
1797
3545
4387
149
90
288
82
10
8
21
21
17
24
4
1
1
3
7
2
2
2
1
3
6
9
2
5
2
7
1
1
4
1
1
2
1
1
1
1
8969
4104
1151
163
243
43
48
81
5
3
4
3
1
6
1
2
3
3
2
7
2
1
2
1
1
1
1
1
1
2
1
1
5823
2603
4213
1011
520
207
20
176
6
34
59
25
50
31
1
37
2
4
3
2
3
1
1
1
3
3
2
1
3
1
1
1
3
1
2
1
1
1
6544
3906
3155
566
236
322
3
56
16
1
4
10
2
1
8
2
1
7
3
2
1
1
2
2
1
1
1
2
1
3390
4068
2186
3291
945
730
17
2
36
24
35
54
3
1
3
4
8
3
3
3
3
17
1
1
1
2
1
5
1
1
2
2
1
1
3
2
1
1
1
1
1
1
1
7674
4341
878
1680
2
63
121
8
7
21
9
1
14
1
3
1
2
3
2
3
3
2
1
1
2
2
1
1
1
1
2
1
2
1
1
1
10
7641
3608
2903
487
27
120
2
2
13
2
2
3
2
1
1
1
1
1
1
9
3
1
2
2
2
1
3
1
1
1
2
1
3149
1326
1994
1891
4646
220
689
761
84
5
5
10
1
46
12
2
2
2
1
2
3
2
1
1
1
1
6109
3760
3715
740
34
1
36
4
299
34
31
48
3
5
2
3
2
2
4
2
2
4
2
1
2
2
1
4
1
1
1
1
1
3250
8018
399
2641
258
36
131
1
65
1
1
8
1
2
2
3
2
2
1
8
1
6
3
2
2
4
1
5
1
1
1
2985
4713
596
1634
2620
1493
419
71
186
14
11
4
1
2
9
4
18
1
8
3
1
5
4
5
13
16
2
2
1
1
10
2
2
1
348
208
2903
6364
3196
718
84
6
749
15
132
12
48
29
1
3
1
3
9
2
1
7
1
2
1
1
2
4
2
1
1
1
1
1
5209
3855
1878
3772
4
2
45
50
3
7
5
8
1
1
1
2
1
1
1
1
1
3
1
1
2
1
1
3308
2469
5491
864
2503
68
1
40
34
10
10
2
8
4
1
9
2
3
1
2
2
5
5
1
2
1
1
1
1
1
2
1
1
1
1
1
4219
3216
1125
3151
2418
105
52
55
90
150
50
70
31
16
2
27
9
3
11
9
5
1
2
5
3
2
3
3
3
4
1
2
1
1
1
2
1
1
2
2
1
1
1
2036
5
4711
6106
843
70
523
49
217
25
1
110
3
4
21
40
2
1
2
5
4
5
1
6
5
21
17
3
1
1
4
1
1
1
1
2
1
1
3
1
1
1
1
3001
3848
7083
157
33
454
137
3
15
2
2
1
1
20
51
17
1
1
1
4
1
4
1
1
1
4
1
1
3
2
1
1
1
1
1
1
2691
3176
2416
851
666
296
140
976
1782
85
620
189
416
141
10
1
69
110
15
3
126
5
5
2
2
26
2
3
3
4
5
5
2
2
2
1
1
1
2
1
1
1
1
1
8332
2952
3277
92
37
48
42
14
1
6
8
2
1
3
1
2
2
2
8
1
1
2
5
1
1
3
1
2
5
1
1
1
1
1
4361
10321
10
1
24
31
17
4
7
9
22
1
3
1
2
3
8
1
2
6
1
5
1
1
2
5
1
1
1
1
1
1
1
1
1529
1693
2161
3299
2362
3239
396
20
4
2
10
1
48
2
6
1
4
12
7
6
2
4
5
4
6
1
11
2
1
1
1
2
1
4
1
1
1
1
1
1
2
1
1
6826
2273
4663
883
5
45
57
18
3
24
1
2
3
2
2
5
4
10
3
2
10
4
5
1
1
2
1
1
1
6639
3608
3737
436
44
93
1
123
1
43
22
5
13
3
3
16
3
3
9
5
6
3
4
5
4
1
3
1
1
2
5
3
1
1
3
3
1
1
1
1
11272
2632
772
92
7
2
3
2
16
14
10
1
2
4
2
2
2
1
1
1
4
1
2
3
2
1
1
1
1
1
1
1
8328
6185
2
7
47
146
69
9
2
1
6
8
6
10
2
3
2
5
1
1
1
1
2
1
2
1
1
1
1
2
1
1
1
1
11555
300
2484
19
194
70
7
127
38
4
2
1
20
1
3
1
3
1
1
4
1
5
4
1
1
2
1
2
1
1
1
2
3223
715
275
4120
6101
18
248
4
42
78
6
2
6
4
1
1
2
3
1
1
2
1
1
1
1
3401
3139
7129
488
432
29
27
43
9
31
24
1
11
11
2
6
9
1
1
14
9
1
16
1
6
2
2
4
1
2
1
3
1
3044
3007
4369
448
3674
53
119
1
83
1
2
12
15
2
5
2
3
1
1
5
2
2
1
1
1
2
1
8294
339
1342
1815
1945
77
477
48
174
159
65
40
6
3
27
2
3
4
13
5
1
7
3
2
1
1
1
2
1
314
7300
2524
4552
125
5
10
1
6
2
1
6
1
2
1
2
1
1
2
1
8111
2777
4
1655
530
979
388
71
93
148
2
24
43
2
3
3
7
4
1
1
2
2
1
1
1
3
1
14539
89
70
10
12
34
8
7
3
14
15
2
17
1
10
13
2
1
1
2
1
2
2
1
1
391
2571
6105
4017
101
280
783
94
106
2
2
183
11
66
6
4
10
23
1
37
25
2
4
2
1
4
6
2
1
2
4
1
2
1
2
1
2
1
1
6678
3969
163
3531
249
4
3
24
12
121
41
17
1
2
11
3
4
3
3
2
2
6
2
1
1
1
1
1
1
452
13263
368
63
2
36
419
17
5
11
114
3
43
4
1
11
12
1
1
8
2
1
1
3
2
1
1
1
1
1
1
1
1
1
2
1
1
1
9571
3520
6
880
692
91
1
18
17
8
12
10
6
1
5
1
1
2
1
2
1
1
1
2
2
1
2
1
1
4594
6093
3288
63
30
18
142
410
30
98
1
3
5
3
4
3
6
8
3
11
9
4
4
3
3
4
1
2
2
2
1
1
1
1
3
1
1
1
3055
7137
328
2851
560
3
258
64
474
1
25
4
3
4
3
18
3
14
5
1
5
5
1
3
3
4
6
4
2
1
4
1
1
2
2
1
1
6528
7186
383
151
28
291
140
10
3
9
5
30
12
3
3
19
8
6
3
19
2
1
3
1
1
1
1
2
2
2
1
1
1
1
4902
3137
3307
2432
170
441
6
15
165
133
38
3
2
54
3
18
4
11
2
6
2
1
1
2
1
1
5344
1213
4975
208
1769
537
3
492
89
87
17
33
54
1
2
4
5
5
1
3
4
2
1
1
2
1
1
1
1
1
3063
3090
6567
729
818
311
3
2
107
1
33
19
48
15
3
3
1
16
1
1
1
1
3
3
2
4
1
1
2
1
3
1
1
1
1
7980
2875
3415
49
381
64
15
20
3
2
2
10
2
11
2
1
4
2
3
2
2
1
1
2
3
1
1
1
1
1
3036
3552
4889
113
1680
132
2
157
810
171
119
81
46
7
23
3
2
5
1
3
1
3
2
1
1
3
2
1
2
2
1
1
2
1
1
1
10867
2855
701
173
99
8
12
22
15
4
3
13
17
17
27
5
1
1
2
3
4
1
3
1
1
1
1
6844
14
3829
3500
407
32
33
50
37
81
1
5
2
9
1
1
1
2
1
1
1
1
1
1
1
1
6986
66
7687
36
5
3
27
8
12
8
1
1
3
4
3
2
1
2
2
4934
7543
1661
51
528
21
1
35
2
14
4
2
4
1
1
3
1
5
2
4
2
6
1
2
1
1
5
2
1
2
5
2
2
1
4
1
1
1
7165
3301
3599
191
19
360
19
7
32
5
91
21
2
6
3
2
11
3
3
4
2
1
1
2
1
1
1
1
1
1
1
7972
1159
2702
1959
659
248
44
11
16
21
12
17
1
2
7
3
3
2
2
3
1
1
1
3
1
1
1
1
1
1
1
1
14163
228
78
44
109
18
17
5
43
56
3
3
5
9
1
1
25
4
18
1
5
5
1
1
1
2
3
3
2
1
1
1
7775
760
3054
923
954
325
585
329
24
37
5
3
36
4
13
4
10
4
1
3
1
2
1
1
1
1
1
309
4769
1436
1827
1945
3045
415
553
118
106
75
57
50
76
2
1
5
1
9
10
2
2
1
5
4
4
4
5
1
1
7
2
1
3
3
1
1
1
158
282
3449
5145
1749
2307
159
451
426
551
88
24
4
5
3
4
13
5
18
2
2
2
1
1
1
1
1
1
1
1
2
2111
3390
2596
4186
1110
864
26
27
54
321
3
37
11
30
22
13
3
1
10
1
1
6
5
3
1
1
4
2
3
1
1
1
3
1
2
1
2
1
1
1
7081
3027
2354
1270
738
169
93
3
49
20
1
1
1
8
10
1
3
1
2
3
3
2
1
5
4
1
1
1
2
1
1
3964
1610
2184
2853
203
3484
9
275
2
51
22
3
3
61
3
55
2
20
9
10
2
4
7
2
3
2
2
2
1
2
1
1
1
1
1
1
1
59
2393
3863
4558
2270
373
197
144
926
1
3
2
20
6
9
2
9
2
5
1
1
2
2
1
1
2
1
1
2
1
6872
3070
4770
11
15
1
4
5
9
1
17
5
12
3
2
11
3
2
10
6
3
2
4
2
2
3
3
3
1
1
1
1
1
1
11030
1337
2062
189
6
2
6
71
14
36
22
1
5
34
1
11
1
8
1
6
2
2
1
1
2
1
1
1
1
1
1
14570
19
47
85
13
74
4
3
18
7
2
2
1
1
1
3
1
1
1
1
1
1
1
2782
4165
6955
426
85
2
2
6
196
142
46
3
5
4
2
2
1
2
2
4
5
6
3
1
1
2
2
1
2
1
1
14367
228
2
4
48
141
1
26
2
1
14
3
2
2
1
1
1
1
2
1
1
1
1
1
1
1
1
1
1
2835
6899
4038
314
647
46
5
1
3
23
10
1
3
4
1
1
1
1
8
3
3
2
1
1
1
2
1
1
1
13860
512
326
80
3
2
14
4
2
2
3
6
9
1
4
1
2
13
1
1
1
1
1
2
1
1
2
1
1
367
6767
2648
2617
352
959
50
849
34
10
1
5
2
17
19
18
4
45
12
4
2
12
8
1
8
7
1
3
5
8
1
1
2
1
3
2
1
2
1
1
3
1
1
1
1
3704
175
861
3137
2770
239
2246
665
754
20
39
3
22
71
56
12
48
2
5
2
2
3
1
1
2
1
4
1
1
2
2
1
1
1
1
1
1
3224
7426
2328
102
1230
271
62
75
7
54
4
11
21
14
6
10
1
1
1
2
1
1
1
1
1
1
1
694
2837
4397
26
2385
428
2707
263
269
151
202
195
84
12
70
62
13
21
7
4
6
8
1
1
2
5
1
1
2
2
1
3480
3280
7781
103
46
23
67
13
1
5
3
4
4
2
3
5
1
6
1
5
2
1
1
8
4
3
1
1
2
1
267
2854
850
2603
2681
96
2705
547
806
99
7
592
111
481
10
7
8
5
8
35
22
9
1
2
2
5
14
7
2
6
6
3
1
1
2
1
1
3089
1054
7336
225
758
1722
239
255
29
27
11
14
20
20
1
18
1
4
3
1
5
3
5
2
4
1
2
1
2
1
2
1
1
3231
11343
77
41
16
17
2
8
24
31
3
1
2
5
3
4
4
17
2
1
1
2
2
1
1
3
4
1
2
1
1
1
1
2
1
1
3026
2079
4048
43
2949
2069
52
216
40
65
47
12
73
15
16
63
1
3
10
8
1
5
1
1
1
6
1
1
1
1
1
1
1
2932
1536
1101
52
1974
4709
1956
16
155
19
194
104
20
1
29
21
1
8
3
1
3
1
3
3
1
3
1
1
1
1
1
1
1
1
1
1
1
3120
1354
7722
1809
6
548
113
19
62
11
13
30
2
16
9
4
3
1
1
1
1
4
1
1
1
1
2
1
1
8800
3005
947
26
342
1109
399
94
7
1
3
8
4
4
5
9
17
26
3
2
11
6
9
1
3
3
2
2
2
1
1
1
1
1
1
1
3001
10174
49
1087
192
140
16
17
6
36
3
5
5
8
1
65
1
6
4
5
5
1
10
1
2
2
2
1
1
2
1
2
1
1
1
1
1
1
6755
322
6758
920
9
23
6
3
1
4
1
26
1
3
1
1
6
1
1
2
4
2
1
1
3
2
4186
758
20
5560
3676
266
208
12
56
17
5
18
1
10
1
15
9
8
2
1
2
7
1
1
4
2
4
3
1
1
1
1
3122
11431
62
56
75
34
10
11
3
7
1
1
6
2
6
5
1
2
5
1
1
1
1
2
3
1
1
1
1
1
1
1
1
9462
2581
100
2596
35
7
3
15
5
2
2
2
5
13
3
7
2
1
3
1
1
1
3
2
1
1
1
1
1
2442
8551
2695
602
72
269
5
10
3
80
25
39
1
13
7
8
11
2
1
10
1
1
5
1
1
1
1
2991
2220
1478
3028
2742
1022
674
13
287
63
224
33
3
14
8
3
2
7
13
18
1
1
1
1
1
1
1
1
1
1
1
2
1
6449
3598
3967
360
87
91
125
8
10
3
46
47
8
1
17
2
1
2
1
2
8
4
1
2
1
1
1
2
1
3
2
1
1
1
1
1
1
9006
3276
347
561
802
346
161
98
44
29
121
33
2
14
1
3
3
1
1
3
1
2
1
1
1512
7546
3336
56
203
127
1225
195
346
137
2
12
37
1
22
6
9
13
24
6
2
2
1
3
3
1
1
4
4
2
3
1
2
1
2
2
1
3
1
1
1
1
11675
2453
430
102
27
118
1
13
12
2
1
2
2
2
2
2
2
1
1
1
2
5
1
3246
4212
4282
2909
129
5
2
1
13
10
1
5
2
2
6
1
3
2
2
1
3
1
3
2
1
1
1
1
1
2
1
1
1
2
1
1
9288
2579
26
317
1368
1
989
15
44
10
93
3
3
13
2
2
8
29
8
7
3
5
2
3
4
5
2
9
4
5
1
1
1
1
1
1
2
1
1
2409
3813
3437
2968
103
902
217
353
140
29
1
191
80
11
6
24
9
7
50
20
6
28
22
3
1
2
3
7
2
1
2
2
4
1
1
1
1
6117
3526
2085
1291
1270
147
63
12
42
19
98
3
66
5
15
6
14
2
6
20
9
8
4
3
6
3
4
2
2
1
1
1
1
2
1
1
1
482
3901
5729
3167
1
379
390
710
1
1
21
17
10
4
2
13
4
4
6
3
3
1
4
1
2
1
3046
4313
38
4625
2617
27
6
32
7
2
35
36
21
4
1
11
6
7
3
2
1
2
1
4
2
1
1
1
1
1
1
1
1
5923
8321
59
53
254
57
41
3
79
1
1
16
3
3
8
1
3
1
3
7
4
1
3
2
1
1
1
1
1
1
2
1
1
4467
1574
1791
3687
1177
36
8
1306
143
121
5
124
132
49
42
77
17
9
3
2
24
4
3
8
12
3
2
1
8
1
1
1
1
1
4
3
1
2
1
2
1
1
1
1
6051
2571
195
4287
362
1030
232
11
15
20
5
7
1
24
22
10
5
3
1
1
2
1
1
14051
76
77
558
1
3
2
53
1
12
1
6
3
1
1
1
1
1
1
1
2
1
1
1
1
5062
3472
2692
3524
25
44
3
1
2
10
1
7
1
1
2
2
2
3
1
1
1
14348
23
137
99
16
3
78
7
3
14
4
42
1
7
26
1
1
1
4
24
5
2
2
1
2
1
1
1
1
1
1
3523
3816
3387
2986
328
16
9
178
222
206
11
20
69
1
21
1
1
1
6
6
26
2
2
1
2
1
1
5
1
1
1
1
1
1
2
1
3319
2890
52
3698
3775
276
234
297
128
6
5
28
1
3
96
13
9
4
1
2
3
3
1
3
1
2
2
1
1
1
1
1
2271
1595
7347
3534
49
18
5
12
5
6
2
3
5
1
1
1
1
1
2866
10248
1449
133
1
11
55
12
1
3
11
11
7
3
3
12
15
4
2
1
3
1
2
1
1
1
2612
2107
3398
4135
11
1071
26
316
955
85
16
6
24
1
10
6
4
20
5
1
2
18
2
1
3
10
1
1
2
1
2
1
1
1
1
1
10192
2712
312
91
559
9
800
93
3
11
18
7
1
1
4
26
2
5
2
1
1
1
1
1
1
2
1
523
3604
3139
2811
3719
34
11
7
579
138
117
103
7
15
16
13
2
1
2
1
4
1
1
1
1
1
1
1
2
1
1
7934
675
3172
2316
666
11
5
32
2
6
2
14
4
2
2
1
1
1
2
2
2
2
1
1
1
6382
3128
4083
1056
116
10
5
30
8
5
3
2
2
1
1
1
2
2
1
2
1
2
1
1
1
1
1
1
2
1
2
1
1
1
4714
2914
3609
15
329
2068
574
225
211
34
39
32
43
16
2
1
1
2
2
2
2
5
1
4
4
1
1
1
2
1
1
1
2859
8871
2838
208
9
5
2
1
2
3
1
4
5
8
5
1
1
4
14
3
1
1
3
4
2
1
1
14537
172
12
1
59
9
11
6
18
1
1
1
2
2
6
1
1
6
2
4
1
1
2
1
1174
5548
5404
2597
6
62
3
1
13
3
1
2
6
2
2
3
3
1
1
5
1
1
1
1
1
1
1
3
2
1
2
2
1
1
1
6017
3707
2733
225
986
368
583
39
31
65
2
5
35
9
12
2
2
4
3
7
1
10
1
2
4
1
1
1
1
6308
4295
3972
40
39
11
21
3
6
13
18
3
11
7
4
20
14
1
30
1
4
16
1
1
2
1
1
3
2
2
1
1
1
1
1
1
1
4228
577
2438
2259
4728
58
229
4
44
1
53
3
52
5
50
23
2
6
2
18
2
13
18
2
16
6
2
4
4
3
2
1
1
1
1
1
14302
164
108
66
147
2
15
2
2
9
2
2
1
3
12
2
5
1
1
1
1
1
2
2
2
1
1
13236
182
166
229
69
650
79
16
19
58
5
8
52
21
10
7
5
1
2
5
1
4
6
1
1
10
3
2
6
2
1
13754
853
45
1
164
1
1
3
1
5
1
2
1
8
1
7
1
1
1
1
1
1
1
1
1
8465
3190
656
508
674
521
229
13
252
96
39
19
2
24
13
84
1
16
4
17
3
1
3
14
1
1
2
2
1
1
1
1
2
1
9028
3014
845
1286
462
24
29
72
30
17
3
2
4
5
3
4
3
1
1
2
2
3
1
2
6
2
2
1
1
1
1
3982
1586
2885
1770
4206
116
24
21
53
124
5
16
5
4
2
6
4
8
2
4
2
7
3
3
3
3
2
1
1
3
1
1
1
1
1
1
7684
6438
222
141
180
8
1
30
2
5
46
1
49
1
8
5
1
3
4
1
2
7
3
2
1
2
2
1
2
2
1
1
1
7076
3810
638
2608
21
151
402
21
6
1
6
1
21
15
2
43
1
2
7
2
4
1
3
1
2
3
1
2
2
1
1
1
1
9619
3761
289
723
163
15
4
88
115
3
14
21
1
3
1
7
4
6
4
2
2
1
2
2
1
2
1
1
1
1
13372
226
194
607
179
50
11
29
19
117
3
2
5
7
9
8
1
3
2
4
1
3
1
2
1
1
5364
1414
3131
3373
559
143
261
316
6
6
178
6
24
1
3
2
14
3
1
3
2
6
1
1
1
2
16
1
3
1
1
2
1
1
1
1
1
2
1
1
1
1
1
2735
3249
3569
1143
2967
657
229
36
96
10
40
29
2
3
14
1
2
20
32
3
3
1
2
2
1
1
2
1
3
1
1
1
1
53
13845
404
315
141
11
6
52
5
1
1
2
3
3
2
8
4
1
5540
1312
3884
3696
169
30
83
48
24
7
14
2
14
5
2
1
4
1
1
2
1
6
2
2
2
1
1
2
1
7274
1927
821
3368
593
232
228
13
60
82
7
47
96
12
15
7
2
18
8
2
4
4
8
2
7
1
1
1
1
2
1
2
1
3
2
1
1
1
1
1
3241
2712
4871
3055
138
23
14
114
254
42
121
47
3
99
46
2
8
2
1
14
14
2
4
6
6
2
1
1
1
7
1
1
1
1
1
1
10586
4115
8
98
11
17
2
2
6
2
2
1
1
1
2
1
1
1
525
2784
4415
2654
3443
712
22
31
6
2
74
14
48
53
6
11
4
1
21
1
5
4
1
1
4
1
5
2
1
1
2
1
1
1
4419
2373
3565
3705
212
17
302
55
58
65
27
8
9
2
7
6
8
2
3
2
1
1
2
1
2
1
1
1
1
1
3210
6474
3440
182
134
127
657
239
3
83
106
8
31
1
26
52
5
9
2
21
1
15
1
10
1
2
3
1
1
1
2
5
1
1
1
1
2923
3185
5021
570
2088
328
420
50
13
23
163
2
14
12
5
1
1
8
3
3
1
1
2
1
1
2
1
1
4
2
2
2
2
1
1
3375
3401
2955
5057
1
5
1
5
17
12
2
1
13
1
1
3
1
1
2
1
1
1
3361
1268
2404
3149
4133
44
29
78
5
176
8
40
40
41
4
10
1
4
5
19
7
3
1
1
4
2
1
5
1
1
1
1
5
1
1
1
1
1
3142
7754
2974
705
228
8
28
1
3
1
4
1
1
1
4
1
1
6920
3851
121
3332
247
67
56
12
168
32
1
10
8
1
7
1
3
2
3
3
1
2
1
3
1
2
1
1
3688
3400
3288
2766
842
371
277
49
104
19
1
5
3
2
3
7
8
3
1
1
1
3
1
1
2
1
2
2
1
2
1
1
1
2245
3212
3940
5269
55
56
11
14
2
2
4
13
2
1
5
1
2
2
2
1
3
6
1
2
1
2
2
1
3520
10151
228
280
413
51
38
11
1
1
3
85
35
4
2
1
2
5
3
1
2
2
1
5
2
1
2
2
1
1
1
1
1
7680
3547
3046
36
390
2
15
8
6
24
1
43
17
11
8
1
2
1
1
1
2
1
1
5
2
1
1
2
1
1
10895
1133
2700
1
7
18
19
14
3
9
2
2
19
6
1
2
3
4
1
6
1
1
1
1
2
2
3
1
6672
90
7544
239
2
164
10
3
33
34
5
13
5
7
5
3
4
2
9
1
2
1
2
3
1
1
2
3315
4116
2694
3182
1057
260
92
29
1
1
26
15
4
16
6
25
1
1
7
5
1
1
1
1
9622
2242
2473
133
5
185
41
99
1
2
13
2
3
3
12
1
1
1
5
2
3
1
2
1
1
1
1
1
3168
3076
3670
265
2987
141
884
5
206
2
7
210
10
79
66
17
13
2
5
4
3
7
2
4
3
8
1
1
2
3
1
1
1
1
1
1
3993
3069
543
497
2807
112
3294
176
230
46
1
1
29
1
6
3
3
1
4
2
1
5
15
2
5
2
2
1
1
2
1
1
1
3363
5892
4199
95
826
5
202
49
3
9
35
1
58
30
7
12
5
10
6
10
6
5
3
1
1
3
5
3
2
4
1
2
1
1
1
1
4011
6574
1813
1627
552
173
10
4
61
1
2
1
3
1
5
9
1
1
1
1
2
1
1
1
1
4467
6472
3337
106
308
39
26
11
4
17
12
3
3
9
10
6
3
3
3
2
2
1
1
3
8
1
684
10265
21
2606
144
13
300
643
10
75
2
14
10
2
3
29
2
5
1
17
1
1
3
1
1
1
1
1
1
2595
11735
331
57
10
83
16
3
7
1
4
3
2
1
1
1
1
1
1
1
1
1
1
3208
3616
3777
54
2
2732
483
346
12
31
392
86
14
6
16
54
6
1
2
1
1
1
1
2
1
1
1
1
1
3
1
2
1
1
2597
2940
863
1000
2210
3130
1077
689
1
36
5
79
54
8
40
65
11
4
5
3
4
2
4
2
1
1
2
1
1
4
2
1
1
1
1
2
2
2
1
1
1
1
1
1
9905
1613
450
2786
4
10
1
2
8
18
1
6
3
1
4
8
6
1
5
1
1
9
1
3
2
1
1
1
1
1
1
1
1
4362
3720
395
123
2907
2721
111
394
3
51
3
2
26
9
2
1
1
3
3
4
1
4
2
3
4
2
575
7666
2818
1840
570
601
572
98
8
9
22
10
1
1
8
21
2
1
2
3
3
3
1
1
1
7
4
2
1
1
2
1
1
1
4235
2652
738
1733
2616
2354
1
286
5
14
11
30
59
2
64
2
11
2
17
2
1
1
2
1
1
1
2
3
1
3
1
1
1
1
1
1
1
3963
2653
2406
882
2548
82
712
345
113
292
316
3
1
413
1
10
17
32
6
2
9
14
10
3
1
4
3
2
1
1
1
1
4
1
1
2
1
1
1194
10065
2712
469
146
32
9
86
22
24
5
1
4
2
23
3
2
4
3
10
2
7
4
6
1
2
1
1
4
2
3
1
1
1
1
1
2
1
3800
2655
4721
3031
302
2
69
74
10
35
6
24
17
2
10
8
41
1
1
13
2
1
2
1
6
2
5
1
1
1
1
2
1
1
1
1
2
1
1
1
1
9556
980
4242
19
4
15
4
7
2
1
1
2
1
1
4
5
1
1
1
2
1
1
1
1
2
1
1
811
1694
1174
3330
2772
1397
1033
1977
10
195
180
131
1
1
33
17
1
30
5
6
19
7
4
4
1
4
9
2
1
3
1
1
1
1
1
567
2708
3788
3758
1188
220
2271
130
7
8
95
6
12
4
6
13
11
4
1
2
1
4
2
5
4
10
4
1
3
2
1
2
2
1
2
1
2
1
1
3
1
1
1
1
1
1
2399
3681
4871
2397
172
775
85
224
60
11
50
41
26
26
6
2
1
6
1
2
1
7
2
2
2
1
4
1
1
7935
3835
2074
257
378
78
83
5
74
1
39
11
13
50
1
3
3
1
2
2
3
1
1
1
1
2
2
1
1114
4331
3130
2776
2543
22
281
150
136
92
76
85
48
1
13
1
5
1
11
3
12
9
8
1
2
1
1
1
1
1
1
3586
3792
2117
706
3647
753
47
47
34
1
7
45
7
2
8
1
1
2
3
8
4
5
2
1
1
3
3
1
1
1
2
3
3
2
2
1
2
2
1
1
1
1
6939
954
3439
2
2976
98
256
6
14
92
12
15
6
1
2
6
1
18
1
1
3
1
2
1
3
1
2
2
1
1
1
1010
4338
5286
3780
8
302
8
2
14
10
16
25
31
1
5
3
4
1
3
1
1
3
1
2
1
1
4159
3564
6255
47
280
200
209
24
21
17
4
1
28
2
5
1
2
1
5
7
2
9
1
2
1
1
2
2
2
1
1
1
8058
2734
265
2499
192
281
6
60
56
92
63
387
8
84
5
4
14
1
2
1
12
8
2
1
3
1
1
1
2
1
2
1
1
2
1
3
1
1
1
942
1981
7068
4352
113
57
56
121
38
37
4
4
14
23
4
1
1
11
2
2
1
3
5
2
1
1
2
2
1
2
2
1
1
1
1
3780
10923
10
64
2
8
13
2
1
4
8
1
3
7
1
1
5
1
1
1
1
1
3
1
4
3
2
2
1
1
1
1
2488
3200
25
2504
5009
830
244
67
11
160
120
141
1
4
1
6
16
1
3
1
4
1
1
1
6
3
2
2
1
1
1
1
1
1601
6104
2619
3075
552
336
346
2
8
135
2
4
1
13
1
11
10
1
2
6
1
1
4
2
2
1
1
1
2
2
1
1
1
3
2
1
1
1
3981
6739
741
2505
496
205
44
31
14
1
8
12
6
4
1
4
1
1
9
3
3
17
2
13
2
1
2
1
3
3
1
1
1
1
6180
947
7541
1
87
2
7
38
8
16
6
4
1
2
1
6
1
2
1
1
1
1
1
1
1
9314
660
3789
39
76
542
23
1
1
38
16
12
47
54
73
39
9
73
2
1
4
2
1
2
1
2
1
1
7
1
1
4
2
4
1
2
2
2
2
1
1
1
1
1
1
1414
10217
1836
28
683
209
10
175
168
54
16
17
3
1
3
1
1
4
1
2
1
3
3
2
1
3
1
6915
7530
5
13
269
18
44
3
11
1
3
12
7
1
3
3
2
1
2
1
4
3
1
1
1
2
1
13376
141
343
95
13
34
554
79
98
36
45
3
10
9
2
3
6
3
1
1
1
1
1
1
1
7003
6941
11
71
582
14
83
9
49
6
8
22
5
4
4
3
8
4
1
4
1
1
1
5
1
4
2
2
1
2
1
2
1
1
8963
2783
2890
66
69
2
4
12
16
11
9
1
2
6
2
6
4
2
1
2
1
1
1
1
1
1
3929
5881
1902
862
884
419
437
6
148
197
5
31
34
46
20
22
4
2
3
3
2
1
4
1
1
3
3
1
4
1
1
11055
1612
1832
47
125
52
14
15
10
2
1
7
35
1
2
2
5
2
3
1
3
4
5
2
1
1
1
2
1
1
1
1
1
1
1
1
1
1
2
3
6912
3099
343
2995
742
203
342
88
22
4
11
15
14
8
15
4
1
1
3
2
1
3
1
9
7
4
1
1
1
1
2
1
1
2217
11224
1184
23
77
1
18
2
32
21
4
8
6
5
6
3
8
3
3
4
1
1
1
1
1
1
1
1
3332
3205
453
1255
2291
3151
417
558
9
30
35
20
10
1
16
28
11
8
1
3
3
1
1
4
1
1
1
1
1
2
2
1
1
1
1
1
5838
2917
1828
594
3630
6
1
2
6
1
5
2
5
2
2
1
4
2
1
1
1
2
2
2
1
1
5495
1767
3345
148
3609
325
16
68
4
8
38
2
4
2
6
3
1
3
1
1
1
1
2
1
1
2
1
1
1
5193
5448
2429
98
1103
315
34
110
2
9
3
4
30
16
13
2
5
2
1
3
4
5
9
1
1
5
1
1
1
2
1
2
1
2
1
4605
7548
2233
350
12
25
3
20
1
1
12
2
1
4
5
1
8
1
4
4
3
1
4
1
1
1
2
1
1
1
1
3466
973
4848
672
1758
1369
1102
195
45
89
43
141
29
6
26
21
5
1
24
1
3
9
1
10
7
1
1
2
1
1
3
1
1
2
3328
2110
3397
3609
15
223
612
1248
39
11
70
108
2
34
15
2
3
1
3
1
4
6
1
2
3
1
2
1
1
1
1
2
1
2840
3741
7862
80
2
90
33
80
90
1
3
1
1
1
4
1
9
1
1
1
1
1
2
1
3
2
3
1
1
4715
6747
2469
63
156
323
16
279
17
1
3
6
3
12
4
8
3
8
1
2
3
1
2
1
2
1
3
2
3
1
1
1
3492
3318
2382
333
2166
2142
44
12
282
29
276
244
12
25
3
26
15
2
4
14
11
1
2
1
8
1
3
2
1
1
1
2
1
1
6981
6050
1491
5
117
62
4
34
15
15
1
1
6
1
6
27
16
1
6
1
4
4
2
2
1
1
1
1
1
2131
3395
688
1102
1707
2994
1751
347
11
282
204
65
23
7
18
83
6
1
6
2
1
1
4
1
6
1
3
2
2
2
3
1
2
1
1
1
1
1
8076
3416
2493
247
106
27
92
50
201
20
19
2
24
1
23
7
6
4
3
4
6
10
5
1
4
2
1
1
1
1
2
1
1
2962
3196
3559
3914
428
206
103
196
122
49
8
10
1
10
23
1
20
12
1
1
1
6
1
2
2
5
5
3
1
2
2
1
1
1
1
1
4534
3612
3052
3140
264
6
202
9
5
1
11
5
1
1
2
1
2
1
1
3
3
1
3509
1209
3863
2550
3205
202
126
2
78
13
3
1
31
4
14
5
2
10
2
2
3
2
1
1
1
2
2
6
2
2
1
1
1
1
3280
3043
3441
966
195
2761
973
56
4
17
17
13
7
39
1
4
1
1
17
2
1
1
1
1
2
2
2
1
2
5
1
56
10558
3026
373
712
21
28
40
13
3
2
1
1
4
3
1
3
1
1
2
4
1
1
1
1
8164
577
3672
1656
269
12
15
3
222
5
61
69
12
2
8
20
12
1
22
26
1
5
2
2
1
1
5
2
1
1
1
2
1
1
1
1
1
5848
2349
405
2750
806
38
342
936
771
326
133
1
43
26
36
8
10
3
6
2
1
3
1
6
1
2
1
1
1
1
10039
3037
1462
4
8
177
21
46
1
1
3
1
1
1
11
5
1
9
1
1
2
5
6
1
3
1
1
1
2
1
1
1
1
1
4287
2518
2152
32
4156
1361
250
10
26
2
4
5
25
1
8
2
1
1
3
4
1
1
1
1
2
1
1
1
1388
4502
4122
2390
2198
26
69
1
13
31
68
1
2
7
6
1
2
6
2
1
1
3
2
4
1
3
1
1
1
1
1
1
1
3473
3140
3868
3187
1
337
87
159
41
219
1
47
5
2
104
42
3
2
21
7
34
7
15
19
1
6
1
1
2
4
4
1
1
2
1
1
2
2
2
1
1
1
1
1
2219
9939
873
857
142
226
486
8
1
8
13
3
2
33
5
16
7
4
1
4
1
1
2
1
1
1
1
2
3630
2933
2162
1495
2702
204
684
62
48
195
469
37
65
45
1
12
1
11
42
12
7
1
1
5
1
1
4
6
7
1
3
3
1
1
2
1
1
1
3052
3757
2464
4184
761
349
36
97
78
18
14
4
8
1
1
4
1
4
1
3
1
2
1
2
1
1
2
1
1
2
1
1
1
1
1
1
6271
2644
901
3201
622
111
873
57
1
10
58
14
34
13
5
2
2
13
5
1
2
1
1
1
3
1
1
1
1
1
1
1
1
1
1
1
6329
2464
3691
53
1045
786
140
22
191
3
28
35
11
4
8
1
1
1
3
2
4
1
10
1
2
1
2
1
3
1
1
1
2
1
1
1
1
2
1
1
1
2559
3528
2724
4515
461
373
373
6
133
77
17
4
50
2
2
1
4
5
1
2
1
3
3
1
2
1
1
5
1
1
1
5940
7817
42
547
408
41
11
4
2
1
1
4
3
7
1
2
2
3
2
2
1
1
3
1
1
1
1
1
2
1
1
1
1
1
14271
276
11
40
8
184
13
2
5
1
5
1
2
4
2
1
1
2
2
2
1
1
1
1
1
6
3
1
1
2
2
1
1
1
1
10232
67
2958
1309
15
5
122
7
16
20
6
5
7
50
2
2
1
1
7
2
1
8
1
1
1
1
1
3
1
2
1
1
1
7254
4475
351
12
2641
14
33
9
3
2
5
12
15
6
4
1
1
1
1
1
2
3
1
2
1
1
1
1
1
1
1
1
14397
294
40
7
31
31
1
4
1
7
2
2
1
5
1
1
4
2
2
2
1
1
4
5
1
1
2
2
1
1
2
1
590
7000
6753
275
140
4
24
30
3
4
2
4
5
1
2
6
2
3
1
1
5
1
1
2938
8353
46
186
2338
597
101
39
58
5
1
11
50
60
15
2
24
7
3
9
1
2
1
6
1
1
2
14707
4
8
58
4
5
6
28
2
2
7
1
3
6
2
2
2
1
1
1
1
2
1
2
1
3876
5362
4876
6
381
5
13
15
211
29
7
5
24
3
3
6
2
14
1
1
5
2
2
1
2
1
2
1
1
2785
4301
3355
3860
308
51
49
25
12
8
17
4
1
26
8
8
1
6
1
4
1
8
2
1
2
3
2
2
1
1
1
1
1
1
7506
574
3
246
2614
3235
13
124
6
152
143
4
101
7
3
5
5
1
53
3
7
2
2
2
9
3
1
1
4
2
5
4
4
3
1
2
2
1
1
2
1
14397
108
128
11
3
33
20
6
33
5
10
16
4
2
7
21
16
3
4
2
2
1
13
2
2
1
1
1
2
1
1
1
12129
2535
33
11
21
40
19
9
10
11
10
5
1
4
1
1
3
1
1
2
6
1
1
1
1
3243
7171
3126
316
63
407
59
271
8
2
17
86
7
3
1
1
9
13
12
2
9
3
8
7
2
2
3
1
1
1
1
1
1
7779
2189
4161
112
107
231
3
90
4
105
7
2
1
16
7
1
1
1
3
11
5
1
2
5
2
1
1
2
1
1
1
1
1
1
1
14402
9
244
23
45
1
72
15
3
2
1
14
1
9
1
4
1
2
2
3
1
1
1
589
600
11047
2021
371
1
172
7
8
4
9
2
1
1
4
1
2
1
2
1
2
1
1
1
1
1
3
2
1
3744
2417
4259
3818
396
76
4
35
10
14
19
3
14
2
2
1
12
3
2
1
4
1
5
2
1
1
2
2
1
1
1
1
1
1
1
1730
3073
760
428
229
4794
2
2295
716
622
68
41
1
2
7
4
7
21
10
4
2
4
2
2
1
2
3
1
2
2
1
1
7
1
2
1
3
1
1
1
1
1
1
10691
614
3366
31
11
35
5
2
2
17
8
3
6
9
4
5
3
1
4
9
5
10
1
1
2
1
1
2
2
1
1
1
1
1
1
10453
3099
48
805
249
49
75
4
1
4
2
1
3
24
2
6
1
2
4
2
2
3
1
1
2
1
1
1
1
2
2
1
1
1
1
1
1
3370
274
325
3322
3172
3195
783
201
78
79
13
1
14
1
12
2
4
2
2
1
1
1
2
1
1
6916
5783
1522
214
47
12
245
19
1
1
42
4
1
13
4
5
4
3
4
2
1
1
1
1
2
1
1
1
3
1
1
1
2240
8348
1213
2621
97
30
11
44
24
80
18
37
32
4
5
12
2
2
1
2
1
6
3
1
1
1
4
3
1
2
1
1
1
2
3
1
1
1
9979
3609
570
129
444
21
35
4
3
28
8
3
1
1
1
1
1
4
5
1
3
2
1
1
1
1
14513
8
16
127
46
8
67
8
7
2
2
8
1
4
4
8
2
2
2
1
1
1
1
2
2
1
1
2
1
2
1
1
1
1
1
1
1
3061
3543
1717
2115
1542
899
680
26
612
269
27
49
84
117
3
3
59
3
3
4
7
5
7
2
4
1
1
1
1
4
1
1
1
1
1
1
1
1
3989
3061
2493
4336
702
14
134
33
1
23
3
1
11
2
1
8
9
2
9
5
3
3
1
2
2
1
1
1
1
1
1
1
1
1
6349
155
3993
3031
768
186
260
27
9
3
2
8
1
2
1
3
1
10
7
4
8
2
1
1
3
1
5
1
2
1
1
1
3
1
1
1
1
1
1
1
1382
2114
5089
3185
1388
949
444
96
10
10
56
14
35
1
19
3
1
4
1
1
4
1
13
1
1
2
10
3
9
2
1
1
2
1
1
1
1
1
3836
4452
2223
3427
451
7
333
16
30
1
1
5
5
17
1
3
2
1
1
10
1
4
2
3
2
1
1
1
2
1
3
3
2
1
1
1
1
1
1
2
1
2862
3124
3571
119
3959
186
438
259
115
64
6
59
2
34
13
17
9
1
2
5
1
1
2
2
1
1
1
1
1
1
2620
11052
20
262
124
178
89
45
47
54
20
142
12
43
8
69
3
2
9
4
2
3
2
1
2
5
4
13
4
2
7
4
2
2
1
8151
725
2205
1932
80
1361
104
6
3
11
9
110
56
24
5
2
10
3
4
3
19
11
4
5
1
2
1
2
1
1
1
1
1
1
1
1
495
4174
2866
2442
3380
439
318
91
49
179
85
192
7
3
7
8
4
3
4
35
3
5
13
1
2
27
3
3
2
2
2
1
2
2
1
3
1
2
1
11375
3360
8
6
3
67
9
1
4
2
3
1
2
1
1
1
1
1
2
3
1
1
1
1
1
1
4197
3348
4582
2196
87
72
130
5
6
43
19
43
42
14
2
2
24
7
2
1
3
6
2
2
1
4
1
1
1
2
1
2
1
1
1
1
1
1
1
2
13455
80
80
470
412
67
13
12
3
204
9
1
10
1
5
2
9
1
3
2
1
1
1
3
5
3
1
1
1
1
4067
3353
7079
18
15
21
47
34
180
13
17
2
2
2
1
2
1
2
1
14645
38
29
26
81
7
14
3
1
3
3
2
1
1
1
1
1
5836
3219
645
458
3110
529
429
8
51
172
3
38
178
3
20
71
2
33
9
1
3
5
1
8
3
8
2
2
3
2
2
1
1
1
6961
3647
3722
1
173
82
81
21
2
67
47
3
2
2
11
1
2
3
10
3
1
3
3
1
3
3
2
6721
4751
2716
252
123
14
6
8
34
81
7
18
8
43
7
7
5
12
4
1
21
1
1
2
3
1
1
1
2
1
1
1
1
1
1
4847
3442
3736
225
437
820
721
382
2
108
41
3
27
38
13
3
3
2
2
1
1
1
2
2489
2082
4257
3965
107
273
378
604
279
1
137
8
7
128
44
3
26
7
7
5
2
11
2
18
4
1
1
1
1
1
1
1
2
1
1
1
1
7486
2404
2974
183
442
961
122
48
30
42
22
1
65
4
15
1
5
1
2
11
1
1
1
1
3
7
2
1
2
2
1
5
1
1
1
3
2
1
1
1
117
3959
6518
3331
488
179
133
62
3
4
1
25
3
2
5
3
2
2
1
3
4
2
2
1
1
2
2
1
1
7266
4433
2036
659
118
143
39
61
11
62
11
1
1
1
4
2
1
1
3
1
1
1
1
1965
938
7959
2469
1003
300
119
40
19
2
5
2
12
3
7
1
1
1
1
1
1
1
1
2
1
1
1
1
11409
3308
95
1
5
4
3
6
1
1
2
1
1
1
2
2
5
1
1
1
1
1
1
1
1
1
1
5925
4947
3106
332
369
48
6
3
6
13
1
2
3
1
2
13
8
4
9
8
2
6
4
24
1
4
1
1
4
1
1
2
58
9376
4371
716
110
17
16
120
9
2
6
1
13
8
10
6
4
2
1
2
1
1
3
2
1
1
3443
6
3356
7144
137
562
53
51
34
19
14
5
2
2
4
1
1
7
2
1
2
1
1
2
3
1
1
1
1
6933
6444
114
229
38
818
53
105
1
70
6
6
3
2
2
7
1
3
1
6
3
2
2
1
1
4
1
1
12699
1999
16
7
9
9
18
3
2
47
7
1
3
2
1
1
5
1
6
1
3
3
4
3
1
2
1
1
1
1
7869
2547
3155
118
350
118
179
357
94
1
12
10
9
5
1
7
3
4
3
4
1
2
2
1
2
1
1
1
8872
2628
3096
41
157
18
11
2
1
4
6
2
2
2
1
1
2
5
1
1
1
1
1
1
3549
523
4675
2279
1145
2384
61
15
2
35
73
13
27
1
38
1
4
1
6
3
1
2
3
1
1
4
1
4
1
2
2
7066
3596
282
594
3069
106
3
1
18
11
20
5
4
25
6
1
3
11
1
8
1
1
3
3
1
2
3
1
1
2
1
1
2
1
1
1
1
1
4654
2552
3982
2596
626
143
19
21
137
2
17
7
3
2
24
4
13
11
11
4
3
3
1
2
1
1
2
1
1
1
2
1
1
1
1
1
2
1
1
1
1
3410
3291
2752
788
1456
89
1990
313
603
5
24
18
16
9
13
7
4
10
33
12
1
3
3
2
1
1
1
1
1
943
291
6248
2512
2865
1037
132
119
502
43
40
12
2
24
1
3
7
26
10
2
1
9
8
2
4
1
1
1
1
2
1
3
1
1
1
1
1906
2187
3585
479
4197
2165
23
207
5
20
14
16
1
3
2
15
12
2
3
2
2
1
1
1
1
1
1
2
1
1
1
479
6962
2510
2936
512
827
197
26
163
65
8
6
78
4
3
27
5
1
17
7
2
2
1
4
5
1
1
1
3
1
1
1
1
2928
2633
774
6497
21
443
214
379
791
6
9
1
29
29
1
5
15
2
1
14
3
18
1
1
3
5
3
3
1
2
1
3
2
2
2
4
1
1
2
1
1
1
1
3
13890
607
9
104
30
11
31
27
10
16
4
11
7
65
3
1
8
2
2
1
5
1
1
1
3
1
2
2
1
1
14622
7
29
31
27
61
8
3
1
32
3
2
6
7
2
1
3
2
1
2
1
1
1
1
1
1
1
10042
4521
55
138
5
42
3
6
11
9
2
2
1
2
3
2
3
2
1
3
2
1
1
7010
6611
611
270
12
148
10
15
5
84
4
47
3
4
2
1
1
2
2
1
3
3
1
1
2
1
1
1
1
14312
318
8
138
7
1
12
3
30
8
2
3
2
3
1
3
2
1
1
1
1
44
4302
3093
3076
355
331
163
3157
22
194
4
4
13
20
1
2
1
1
5
2
6
8
1
1
3
8
5
3
9
3
1
2
1
2
1
2
3
1
1
2
1
1
1
1
2262
3279
6552
1651
81
884
40
16
6
2
8
5
12
6
30
2
1
1
2
2
2
1
2
3
2
2
1
1
1
6574
2080
4313
1279
53
146
21
12
84
83
9
9
59
1
15
12
41
19
8
1
2
2
6
7
1
5
1
1
2
1
1
1
2
1
3
1
1
5732
8086
591
334
1
2
17
5
50
8
2
1
2
1
1
1
6
1
1
1
4
1
6
1
1
1
8215
5566
31
560
129
36
12
106
17
60
15
3
2
11
13
15
2
14
13
2
3
3
7
1
1
2
2
2
1
1
2
5
1
2
1
1
6740
3034
3
2397
1245
581
429
221
16
3
1
132
6
3
13
14
4
3
1
3
2
1
1
1
2
1
35
3689
4657
6199
68
129
12
19
1
1
1
1
6
13
4
2
4
4
3
1
1
1
1
2
1
1
1
10197
3332
802
280
53
19
51
14
10
14
7
41
3
2
5
2
6
1
6
2
4
2
1
1
1
1
6956
3352
3775
340
58
125
43
2
3
13
58
6
62
16
18
2
3
2
4
1
1
1
1
2
4
1
2
2
1
1
1
1
1007
6572
2779
9
3073
591
71
189
145
65
14
97
76
38
35
24
1
11
9
2
14
2
1
1
1
4
1
1
2
2
1
5
2
2
1
3
1
1
1
1
1
1
6345
5
7356
407
266
83
153
65
32
23
1
2
10
40
19
6
7
2
1
2
3
2
2
5
2
3
1
4
3
2
2
2
1
10923
11
3160
365
142
151
22
2
13
2
1
1
3
4
4
1
12
2
1
2
3
4
1
2
2
1
1
5
1
2
2
6
1
2
1
1
14241
283
171
15
60
23
1
2
21
20
1
2
1
1
2
5
2
1
1
1
1
1
1
585
2494
2622
3849
3197
1182
414
368
1
9
42
27
1
1
4
8
4
18
4
2
8
3
1
2
1
1
1
1
2
1
1
1
2
3084
1852
3919
1033
3007
122
106
6
582
628
1
13
361
62
8
9
1
4
12
3
8
4
3
1
2
1
4
6
1
1
1
2
2
2
1
2
1
1
1
6798
78
384
3045
220
4024
28
45
22
29
82
7
2
2
3
5
2
9
4
2
3
3
1
30
10
2
3
1
1
1
2
1
3
2
1
1
1
6047
5064
3358
138
136
3
2
61
2
1
8
1
8
2
4
3
1
1
1
1
1
2
4
3
1
1
2
1
4075
2088
3917
3029
683
479
291
92
2
17
32
20
17
5
1
46
9
2
8
12
1
1
5
2
15
1
2
1
1
2
1
6878
2448
3329
1462
373
7
98
97
12
30
6
13
33
13
3
1
1
5
4
10
1
8
3
4
1
1
6
3
1
1
1
1
1
1
1
1764
8327
1141
2406
853
26
2
112
27
48
55
7
1
5
1
1
4
8
1
22
3
3
3
7
1
1
2
1
1
6
1
1
1
1
2
1
1
2
1
1
1
1
1
1
1
1
6685
2108
834
1368
2708
517
1
477
15
1
8
84
2
18
5
3
4
9
1
3
1
1
1
1
2
7095
2225
3266
451
83
691
646
366
11
1
1
3
1
1
1
1
4
3
1
1
1
1
1
1
1
2425
77
4306
469
4905
1985
19
10
1
230
7
34
56
3
151
29
44
8
4
1
7
29
5
4
2
8
4
3
1
1
4
3
2
2
1
1
4
1
4
1
2
1
1
1
1
3613
3829
2192
9
494
3097
25
1318
77
42
3
71
1
1
2
29
1
1
8
2
5
11
1
2
1
3
2
1
1
1
3
2
2
2
1
1
1
1
1
2369
3526
3891
158
3941
597
131
38
51
78
37
9
6
1
1
4
2
1
1
2
3
2
2
1
1
3
1
4661
4361
2849
159
2498
232
1
4
17
36
1
12
2
1
4
1
1
3
4
2
1
1
1
1
1
1
1
1
3710
4621
5991
143
6
202
8
87
33
2
14
1
1
7
4
2
1
2
3
1
2
1
6
1
1
1
1
1
1
1
1
1
7047
3397
3141
578
452
40
13
9
71
1
11
6
3
3
8
1
12
10
8
2
2
7
4
2
1
2
1
2
2
5
3
1
1
2
2
1
2
1
1
1
1
4373
2087
1044
3593
284
3225
4
2
28
61
1
13
8
4
4
41
1
24
29
1
3
6
2
1
1
1
2
3
1
2
3
2
1
2
3902
2974
3221
3940
503
16
123
19
13
51
1
1
2
4
15
1
7
1
5
1
8
1
8
1
1
2
2
1
3
3
6
3
1
2
1
1
3
2
2
1
1
1
1
1
1
2929
6489
4414
484
306
15
38
3
5
46
19
10
3
46
25
6
2
3
3
2
2
2
1
1
1
1
1
14248
15
478
29
3
3
2
36
10
2
2
1
9
1
1
4
4
2
1
2
1
1
1
1
710
4345
2579
3576
2727
396
217
195
5
37
3
1
12
3
3
6
2
4
1
2
6
3
1
4
1
7
1
1
2
2
1
1
2
1
3099
10267
71
743
251
155
42
39
20
30
3
32
20
2
3
1
2
7
2
11
1
9
1
16
1
5
9
1
3
1
1
1
1
1
1
1
1
1
1
1
13153
956
104
23
174
128
32
8
101
67
48
31
3
3
1
4
1
1
6
1
1
1
1
1
1
2
2
2
1
10450
3071
662
168
297
45
11
8
59
30
28
7
1
1
2
1
1
3
3
2
3
1
1
1
1
7042
4236
386
2582
78
387
2
59
7
11
1
5
33
2
4
4
5
2
2
1
1
3
1
1
1
1
624
2726
7054
224
3076
732
307
7
8
15
8
16
7
1
3
3
6
5
1
5
1
7
7
1
2
1
1
1
2
1
1
1
1
1
1
8560
6084
8
2
12
14
101
1
6
1
1
14
8
2
2
3
3
8
1
3
2
7
8
1
1
1
1
1
1
13251
175
441
480
233
41
60
48
6
66
3
2
11
7
5
1
6
4
6
1
3
2
1
1
1
1
1
2920
2787
2647
727
3083
1661
209
311
23
139
134
82
42
14
6
2
1
1
1
11
22
3
1
1
3
7
1
3
1
2
1
1
1
2
1
2
1
1
1
1
7572
7054
56
13
15
104
2
11
7
1
3
2
3
6
1
1
1
2
1
1
1
14596
29
133
1
16
37
19
2
3
7
5
3
1
1
1
2
1
171
5445
1552
2812
2485
1104
553
202
150
160
57
1
2
60
3
8
12
12
3
2
18
11
12
1
2
1
2
2
2
1
1
1
2
1
1
1
2
1
1
2338
7
3650
812
3324
705
3060
283
19
52
25
369
15
4
110
1
1
1
12
3
13
14
7
3
3
9
1
3
3
2
1
1
1
1
1
1
1
1
14592
9
4
72
30
30
30
4
3
1
13
1
1
32
1
11
4
1
3
1
1
1
3
4
2
2
1
3863
3241
2740
3863
801
174
3
14
16
27
6
20
3
1
1
11
3
2
29
1
9
1
3
5
1
5
4
1
4
2
1
1
1
1450
2240
6475
2798
21
1062
12
233
196
1
114
8
10
131
27
24
16
1
2
5
1
1
2
3
2
3
5
1
1
1
2
1
2
2
1
1
1
1
2533
4971
2521
2107
924
1449
118
45
3
38
4
23
1
1
1
19
9
2
7
4
5
19
3
3
1
2
3
14
9
1
2
1
3
1
1
1
1
4
1
1
1
3437
3489
522
1294
3322
2191
144
122
20
187
8
81
17
1
1
1
1
6
1
2
1
2
1
3
1
1
1
5557
7966
569
208
1
348
53
2
18
18
1
6
4
2
36
13
2
2
3
2
6
1
1
1
4
2
11
4
5
2
1
1
1
1
2
1
1
1
6867
3706
3306
375
331
5
32
96
4
35
4
1
16
1
2
7
5
9
11
14
2
2
11
1
2
3
1
1
1
2
1
1
2
7210
7
815
17
3338
371
2861
35
78
6
24
30
9
1
11
2
10
3
1
4
3
3
1
1
2
2
2
3
1
1
1
1
1
1
1
45
159
4519
2184
4292
2312
515
360
63
249
1
5
20
66
4
36
1
1
2
2
2
1
2
1
1
1
3
1
2
1
1
1
1
1
1
1
3695
4112
3212
3019
47
26
154
17
285
13
70
4
2
21
39
4
9
7
3
3
19
6
58
6
3
1
1
1
1
1
1
1
1
2
6
4
1
1
1
4238
2516
917
2319
2576
354
908
348
8
45
39
286
83
1
21
2
80
8
7
2
5
24
2
1
12
5
11
1
1
1
2
2
2
2
1
2
1
5
1
1
3
1
1
1
1
1
1
1
4
1
1
1
3176
3232
4403
2685
2
948
270
30
1
12
5
5
33
7
6
2
1
3
4
2
6
6
1
1
1
2
2
1
3
1
2
1
1
1
1
6702
2734
3185
1571
27
60
2
183
1
147
11
87
108
4
7
5
2
1
6
2
2
1
1
1
1
1
1
1
1
1
1
6117
3618
207
758
1386
500
1427
563
15
58
15
103
9
7
12
3
11
5
3
8
7
15
2
2
2
2
1
1
7758
3808
32
2961
21
92
34
4
10
3
37
6
12
2
2
3
2
2
2
22
5
3
2
7
6
7
1
1
1
2
1
1
3
1
1
1
1
4509
2210
2675
2754
80
523
1550
66
216
140
1
15
49
5
18
2
2
2
6
3
3
2
12
1
2
3
4
1
1
1
1
3987
6344
2962
168
1250
29
5
11
18
4
13
6
2
2
13
1
4
3
4
2
4
2
3
3
6
1
1
1
1
2
1
1
1
1
1
9580
3382
28
3
100
49
751
609
151
22
8
28
36
52
28
3
1
3
2
2
1
3
1
1
1
2
2
1
1
1
1
1
1
1
1
3889
10018
663
38
17
28
6
113
6
9
39
2
16
1
1
2
1
4
1
1
1
1
2987
8279
2262
586
149
346
155
15
46
9
1
1
4
1
2
1
1
1
3
2
2
1
2
1
7848
3088
3221
42
172
290
142
11
1
10
8
6
1
7
3
1
2
1
1
1
1
2524
856
3180
1851
1752
1971
812
305
1244
61
184
63
2
1
15
1
2
15
1
2
1
1
1
2
2
1
2
2
1
1
1
960
3632
5938
3377
71
319
305
3
142
3
6
16
4
1
6
33
1
13
10
3
1
1
1
2
2
2
1
2
1
1
3563
3194
127
410
2906
104
4033
215
7
143
7
2
72
32
2
1
3
2
1
1
6
4
1
1
1
1
1
1
1
1
1
1
2
1
1
1
1
1
1
1
1
1
1
9517
3883
267
3
463
538
48
26
18
3
3
2
5
4
15
1
24
9
9
4
1
1
3
2
4
1
1
1
1
527
9377
3727
923
4
49
33
120
46
8
3
7
5
1
3
4
1
2
4
2
1
1
1
2
1
1
1
1
1
1
10471
3978
13
310
52
3
2
3
1
1
1
4
2
5
1
2
1
1
1
1
1
1
1
1
899
13686
99
46
32
4
48
9
1
1
7
2
2
1
1
1
3
2
1
2
5
3
2
3546
2705
1690
3567
782
596
505
1317
21
52
9
7
10
5
5
3
2
6
5
1
12
3
1
2
1
2
1
1
2135
4967
7203
303
106
27
10
12
46
14
2
5
3
3
2
3
3
1
2
2
2
2
1
1
1
1
4735
3468
3363
3101
3
8
117
11
8
1
4
1
1
5
14
3
1
2
4
2
1
1
1
1
1
8199
3100
198
2726
326
65
28
98
13
2
25
4
6
2
18
7
8
7
1
2
1
2
1
5
1
1
1
1
1
2
1
2
1
1
1
9291
4389
1008
16
2
10
3
6
16
12
12
12
11
2
9
25
3
2
2
1
3
9
1
1
2
1
1
1
1
1
1
1
1
1
8323
1819
447
3333
363
175
237
45
5
3
7
1
5
51
2
1
3
2
1
2
4
2
6
2
1
2
2
1
1
1
1
4
1
1
2
1
4285
3260
2507
1020
3292
168
170
7
31
20
25
1
1
2
7
8
2
4
9
1
3
2
5
7
1
3
5
1
2
3
1
1
1
1
1
541
14031
74
110
9
41
12
1
1
3
3
2
3
1
1
1
2
7
2
2
2
1
1
1
1
1
2
1
7020
7358
157
80
149
8
42
11
8
1
2
2
2
6
2
1
1
1
1
1
1
1
1
1
11
8809
2926
2165
77
15
245
204
169
159
2
16
9
7
12
1
5
2
2
2
2
2
6
1
3
1
2
1
1
10120
67
630
2807
141
394
38
317
191
91
2
2
5
8
1
4
1
1
1
1
10
1
1
4
4
1
6
2
2
2
1
1
1354
4386
2526
344
3397
1462
472
757
33
1
49
9
29
4
12
1
1
1
4
1
2
1
2
1
1
1
1
1
1
1
1
1
4092
3733
2606
4037
284
36
2
11
5
11
2
2
3
3
1
1
9
3
1
3
2
1
1
2
1
1
1
2
1
7069
3097
898
3472
69
2
170
17
14
2
4
2
1
5
9
4
1
1
3
1
3
5
1
3
1
1
1
1
1408
1971
3455
3119
916
1490
1894
274
144
29
59
30
2
2
3
8
2
4
5
1
9
13
1
2
3
1
2
3
3
1
1
1
1
176
1958
8695
3608
225
71
5
14
25
1
2
24
16
1
7
1
10
2
1
2
1
3
1
1
2
1
1
1
1
1
3391
8158
2238
173
455
121
13
12
3
1
26
170
7
17
1
7
11
10
3
2
2
1
5
3
1
2
4
3
1
4
1
2
1
1
1
1
3
1
1
7934
6676
79
92
3
1
1
22
1
1
11
1
2
2
2
3
2
3
2
3
1
1
3
1
1
1
2
1
2
1
1
1
7150
6493
266
28
125
580
54
8
68
3
10
3
1
20
16
15
1
1
2
1
2
1
2
2
1
1
1
1
1
2870
3297
39
5200
1925
501
434
329
3
17
80
4
10
18
7
11
14
30
19
5
3
2
3
12
7
2
1
2
2
1
1
1
1
1
1
3
1
2642
3900
6899
113
987
67
151
26
20
3
7
1
7
2
2
1
3
1
2
4
1
2
2
1
3
1
2
2
1
1
1
1
1
7660
3047
2924
109
936
73
30
1
10
3
3
1
31
1
10
1
2
1
1
1
1
1
3
1
1
1
1
1
1
1
13707
473
1
604
9
29
4
2
1
7
2
5
2
5
1
1
2
1
1
12842
1349
291
17
11
155
18
115
4
10
4
13
1
1
2
6
5
1
2
4
1
2
2
1
3599
6734
4378
50
13
1
1
22
4
7
2
2
7
2
6
2
1
1
3
1
1
4
6
1
2
1
1
2
1
1
1
7153
2962
3685
2
653
72
70
13
80
1
21
24
10
26
23
38
3
1
1
4
3
2
1
1
1
1
2
1
1
1
1
101
5518
8037
240
307
134
67
27
88
99
126
17
33
19
1
5
8
2
1
1
1
1
1
5
1
1
1
2
2
2
1
3
1
1
1
1
1
14636
29
21
64
9
1
26
7
21
1
9
3
2
1
5
2
1
1
1
1
2
1
1
1
2
4
1
1
1
1
1
6399
2594
1857
855
1947
591
165
74
217
16
8
39
22
1
3
1
6
1
2
5
8
4
2
13
1
4
7
2
1
1
2
1
2
1
1
1
1
1
1
14313
44
23
10
6
358
32
30
3
14
1
4
4
2
2
4
1
2
2
1
1
7718
3611
2949
118
184
38
114
19
13
10
19
16
2
10
9
1
3
2
7
1
3
3
1
1
1
1
1
2
11114
3229
28
386
38
2
2
9
3
3
2
9
1
3
1
1
1
1
1
3
1
1
1
1
4
1
2
1
2
1
1
1
1
1
1
10775
3154
200
215
264
82
25
22
3
5
22
23
3
21
2
7
1
1
4
5
3
7
2
1
1
2
1
1
2
1
1
1
11575
3038
168
2
5
5
3
10
2
3
2
3
22
4
1
2
2
2
1
2
1
2
1
1
705
7759
6089
51
5
111
7
2
10
44
1
3
4
1
7
2
35
1
7
2
1
4
1
1
1
1
1
1
10594
3761
22
134
38
191
50
10
4
8
1
1
3
1
5
6
9
2
3
5
5
1
1
1
1
3277
6674
2578
82
248
1497
155
257
10
1
9
1
2
7
8
2
6
1
16
5
1
1
5
2
3
1
1
1
2
2
1
1
14725
2
1
60
2
20
7
6
2
1
6
8
5
1
1
1
3
2
1
1
1
1
4286
5780
392
2397
873
416
218
335
61
3
1
12
16
3
12
5
2
1
4
1
7
8
3
1
1
1
2
1
3
1
2
1
4
1
1
1
1
3730
7809
238
722
155
2011
14
55
32
3
5
2
2
8
4
15
5
2
2
8
8
4
1
6
1
3
1
2
1
1
4
1
1
1
3660
3376
2790
2970
1140
25
201
192
256
96
86
4
3
8
15
2
2
1
2
1
3
2
1
1
3
7
1
1
1
1
1
1
2
2
3722
2353
8143
155
340
4
5
20
40
9
10
2
7
2
20
2
4
1
1
1
2
1
2
1
1
2
1
2
1
1
1
1
3233
994
5942
887
2848
369
159
73
265
8
1
1
31
8
1
3
4
3
1
2
2
2
1
1
1
1
3
2
3
1
1
3
1
1
1
373
3275
6701
259
2901
394
52
138
225
254
127
35
51
5
30
4
1
4
2
5
9
1
1
2
2
1
1
1
1
1
1
699
9296
583
100
2450
878
110
346
34
121
26
77
42
3
30
8
1
2
7
21
3
1
1
2
3
4
1
2
1
1
1
1
1
1
3991
807
2674
2671
332
2780
936
337
4
37
1
170
5
2
39
3
2
11
13
3
2
7
5
5
1
1
2
2
1
2
1
1
2
1
1
2
2
1
1646
988
3620
4707
2500
1025
85
9
105
12
4
19
3
5
20
27
5
7
3
13
1
3
4
8
5
2
9
1
6
3
2
2
1
1
1
1
1
1
1
1
7369
2424
2284
967
393
1075
73
100
30
4
30
24
16
1
3
17
1
2
1
1
3
3
1
2
5
3
1
5
4
1
1
3
2
1
1
3
1
1
1
10046
2162
369
474
1319
97
131
91
28
85
2
1
1
2
4
9
1
6
1
1
1
1
5
7
1
2
1
1
1
1
1
2
1
1
1
14333
166
24
55
119
6
2
3
10
7
1
5
9
5
9
14
25
9
4
34
2
2
1
2
3
1
2
1
1
2
4222
378
6694
3031
422
47
6
13
1
4
1
8
1
11
3
4
3
1
1
1
1
1
2
1
3934
5039
2588
3029
124
4
12
16
4
6
3
6
36
3
8
7
4
5
2
7
1
1
2
4
1
3
1
2
1
1
1
1
1
4398
201
7018
2999
18
27
28
96
11
4
15
12
4
1
5
6
2
3
1
3
1
1
1
1
1
5934
1959
3361
639
2395
3
192
105
20
47
47
76
31
11
1
1
7
2
9
1
1
3
1
1
2
3
3
1
1
13904
53
27
265
1
4
112
34
131
261
3
1
20
2
3
8
7
2
1
2
1
1
1
2
3
1
1
1
2
1
1
1
6511
3570
694
3208
27
599
1
7
105
44
10
1
3
3
7
20
15
9
1
1
1
2
5
1
3
1
1
1
2
1
1
1
1
4240
1487
3979
2580
2173
12
137
98
4
42
31
3
2
1
2
6
2
2
2
13
4
2
5
5
1
4
1
5
2
4
1
1
1
2
1
2
3951
1283
3174
217
2985
73
2589
173
148
16
122
4
16
7
2
27
1
12
5
1
6
13
3
5
11
2
1
2
1
1
1
1
1
1
1
1
114
416
10035
345
681
2448
225
14
57
255
3
121
33
18
1
1
7
10
8
17
26
2
1
1
2
1
1
1
1
3
1
2
1
1
1
1
1
1
3751
4939
2992
1918
788
280
43
27
5
2
3
44
8
16
1
3
3
8
4
8
1
1
2
4
1
2
1
1
1
2720
3007
1760
453
3411
3379
2
67
1
1
2
2
4
3
4
1
2
1
2
1
2
2
9
7
2
2
1
1
1
1
1
1
1
3
10784
2317
271
726
541
94
4
16
5
6
13
6
19
1
12
1
1
1
5
2
7
9
1
1
1
2
1
1
2
1
1
1
1
2
1
3089
2162
2728
1000
1514
3454
314
54
90
209
9
5
151
10
18
1
17
3
9
3
1
6
1
3
1
2
1
1
1
108
2533
1907
6015
2919
914
80
132
33
59
4
23
5
6
7
25
4
2
9
26
6
2
1
7
1
1
2
8
3
3
1
2
1
1
1
1
4
1
63
3176
10691
320
47
425
49
3
29
1
4
20
2
3
2
5
1
1
5
1
2
3
1
1
1
1
11695
2960
10
3
66
73
6
9
1
4
8
4
1
1
2
2
2
1
1
1
5
1
1
10633
2697
409
366
278
10
1
213
17
80
104
8
3
3
5
2
1
2
3
1
2
7
1
1
1
1
1
2
1
2
1
1
14318
23
164
121
31
40
18
1
123
2
3
1
2
4
2
1
1
1
1
6961
460
447
3569
2097
1054
3
14
142
38
2
2
10
2
1
15
9
4
1
2
2
7
2
1
2
1
1
1
1
1
1
1
1
1
1
2618
11862
10
9
165
62
15
18
1
1
14
3
10
19
1
20
5
2
3
1
5
1
2
2
2
4
1
1
10140
3206
398
1
661
61
4
32
32
14
3
43
4
45
103
37
13
16
1
5
2
5
1
1
10
6
2
3
3
1
2
1
1
7927
124
6296
1
99
35
161
18
13
61
90
12
1
1
6
2
1
1
1
1
1
1
1
1
1
1
3359
10085
3
855
250
1
15
158
87
5
1
8
4
2
4
1
2
2
3
3
1
1
2
2
1
1
1
2853
3885
890
3041
2706
472
709
74
10
69
57
3
14
3
15
5
3
1
2
3
1
1
1
1
3
4
1
5
1
2
1
1
2
11
1
1
1
1
1
1
1
2844
5359
1266
440
595
1596
1769
30
642
121
1
4
39
86
18
3
1
2
14
1
3
2
2
1
4
2
2
1
1
1
2
2
1
2
1914
7918
2875
783
145
3
19
1044
1
29
4
35
37
6
1
1
4
1
6
6
2
1
7
4
2
1
1
3
2
1
1
8472
2913
2889
23
220
186
67
4
6
5
3
6
1
8
8
3
4
12
4
2
1
2
2
4
1
1
1
4
2
1
1
1
2645
4052
2324
4117
1300
38
64
152
4
15
42
20
2
2
8
1
12
17
1
1
1
12
1
9
3
1
3
2
1
1
3
1
1
1
2876
7839
2916
4
214
714
146
22
5
7
40
1
23
14
2
11
5
4
1
2
2
1
3
1
1
1
1
1
10669
3384
502
120
80
3
6
3
31
2
14
20
5
1
1
2
3
1
2
2
1
2
1
1
1
887
7855
5525
384
4
23
5
21
2
7
2
27
62
1
1
2
1
5
3
6
7
3
1
1
1
2
1
3
3
1
1
1
2
1
1
1
1
2
1
3269
1913
4138
2594
1544
92
344
405
298
1
174
6
19
6
19
1
1
4
3
3
1
2
4
1
1
3
2
2
2
1
2
1
1
3682
8410
1945
129
142
139
14
35
129
64
5
3
64
9
9
22
1
21
7
1
1
1
3
1
4
1
1
7
3
2
1
1
6641
3628
3852
404
31
16
83
16
19
2
32
69
3
24
11
3
3
2
3
2
2
1
1
2
2
2
2
1
5881
4736
3486
51
63
406
89
20
43
1
2
9
12
4
1
1
7
4
8
1
2
3
1
4
1
4
1
3
3
1
2
2
1
1
1
1
1
795
7007
3818
2884
67
7
3
77
45
39
1
22
45
2
12
4
1
1
1
1
1
4
1
1
1
3
1
2
3
1
1
1
1
1
1
1
1
6092
4417
2109
1011
54
892
51
114
3
1
45
20
8
7
17
2
3
1
1
1
1
1
1
1
1
1
2
3534
11250
11
4
13
2
8
5
1
3
1
6
4
1
2
1
4
1
1
1
1
2
1
7229
7274
12
175
16
64
14
7
11
18
7
1
3
1
2
2
3
1
2
3
1
2
1
1
1
4
1
1
4039
2198
3476
934
2015
1327
158
19
435
6
6
54
84
7
16
3
15
12
1
12
5
7
1
2
4
4
3
3
2
2
1
1
1
1
1
1
1
3973
6724
500
308
2148
319
21
137
18
17
35
108
292
37
14
5
116
2
29
2
3
2
2
3
2
3
3
2
2
1
3
1
5
4
1
4
2
1
1
4
1
1
1
4253
9484
585
191
55
45
5
97
80
7
1
5
15
8
5
1
2
2
2
2
1
1
3
1
1
1
2
1
1
7874
6645
177
61
2
21
8
18
11
1
8
1
4
8
1
1
6
1
2
3
2
1
1
3349
5788
5099
293
79
3
22
5
2
17
8
7
1
64
7
22
53
2
9
4
2
1
2
2
1
2
3
1
3
1
1
1
2
1
9681
2735
620
246
550
115
593
10
84
23
4
45
2
15
82
6
1
5
1
12
11
2
2
3
2
1
1
1
1
1
1
1
6655
3895
554
1975
299
476
717
178
13
13
2
22
2
5
1
3
13
5
2
4
2
2
1
3
2
1
3
1
1
1
2
1
1
1
1
3183
2958
2716
4012
255
1436
7
106
54
67
5
3
7
5
1
1
9
1
1
5
4
1
1
1
3
2
1
1
1
1
1
2
1
2
2
1
14388
35
59
153
96
28
4
24
1
2
37
2
2
13
3
3
1
1
1
1
1
1
1
6695
3096
3790
13
174
22
511
320
63
26
32
13
35
15
1
10
4
5
4
2
1
1
1
1
4
3
1
2
1
2
1
1
1
1
1
1
1
1
1
2788
3526
3428
464
3335
272
118
123
17
149
472
26
69
15
7
7
1
1
2
11
2
2
1
2
1
2
1
1
4
2
1
3
2
1
1
4584
3019
634
2442
2564
466
722
128
64
64
13
1
3
13
3
16
1
5
16
40
22
1
1
10
3
3
1
1
1
3
1
6
1
2
1
1
1
3342
4577
6
6567
63
90
22
9
17
78
1
20
6
6
8
1
3
10
3
6
5
3
3
1
2
3
1
1
2
1
1735
2865
3996
3539
814
394
1005
297
42
57
5
22
19
6
4
1
4
5
7
4
4
6
2
1
1
1
1
2
6
3
1
1
1
2
1
1
1
1
2332
3863
3532
2543
1236
865
52
7
13
81
106
131
2
2
12
2
17
8
1
3
3
5
6
6
3
1
2
2
5
2
2
1
2
1
1
1
2
2
1
1
3140
347
5081
6110
1
7
54
21
3
49
4
5
6
1
4
2
1
1
4
5
2
5
1
2
1
6593
3803
12
2527
567
407
158
554
195
6
1
1
2
5
1
1
1
3
2
1
3
6
1
1
1
2
1
1
1
2383
3898
2721
3548
415
500
360
754
112
62
6
10
25
2
4
8
12
1
6
1
1
8
2
2
2
2
1
2
1
2
1
1
1
1
1
1
7352
5946
11
191
943
75
44
71
33
2
2
24
96
11
13
1
3
5
4
1
5
5
1
1
1
2
1
1
1
4
1
1
1
1
2
1
3138
2426
2714
3274
845
1023
82
244
196
308
170
81
64
54
19
124
4
49
2
1
4
2
3
11
4
1
1
2
1
2
1
1
1
1
2
1
1
2576
11078
732
147
173
17
1
62
2
9
2
9
1
16
13
1
1
6
3
1
4
1
1
1
12437
1765
28
224
19
49
5
31
31
39
126
8
45
4
8
2
1
5
2
1
2
7
1
2
1
1
1
1
3
2
1
1
1
1
1
1
8335
3237
2733
8
169
126
49
104
9
5
23
17
1
3
5
8
3
1
3
1
4
1
1
2
1
2
5
1
3090
10973
35
112
513
3
5
64
13
1
3
5
2
16
1
6
3
2
1
2
1
1
1
1
1
1
1
2843
3112
5694
1126
655
608
114
193
287
9
32
22
84
14
5
12
4
1
10
2
4
5
2
4
1
3
1
3
1
1
2
1
1
1
3468
10150
510
3
78
230
26
174
27
6
50
76
6
3
15
4
1
10
2
1
1
4
2
1
1
1
1
1
2
1
1
1
8221
95
2913
2836
513
15
36
1
11
107
42
7
5
17
6
6
2
1
1
4
5
3
1
2
1
1
1
2
1
1
14267
51
32
6
264
3
1
20
126
1
16
11
37
5
5
2
2
1
1
1
1
1
1
1
1
6902
3265
2576
546
819
380
122
41
19
51
54
8
6
25
4
5
5
3
3
3
2
2
2
2
2
2
2
3
1
1
1
13370
1328
9
8
18
58
3
9
8
14
1
7
1
1
1
1
1
9
1
1
2
1
1
1
2
1
7470
3608
2808
603
129
7
41
7
4
41
2
4
17
6
1
21
17
1
12
13
1
5
2
1
1
1
11
3
4
2
1
1
6
1
1
1
1
1
1
14485
181
7
73
20
1
3
4
7
20
25
2
1
1
2
3
8
1
1
3
1
2
2
1
1
1
1
181
11748
2637
3
84
16
102
1
34
16
4
1
3
1
4
1
1
7
5
1
1
1
1
2
1
1
13998
373
141
26
187
41
7
1
14
27
1
4
1
1
3
10
1
2
1
1
1
1
2
1
1
1
3
2
1
1
1
1
1
7058
3383
3257
188
483
3
246
52
87
3
33
5
28
1
7
2
3
5
1
2
2
1
1
2
1
1
1
1
14271
239
236
10
3
4
40
21
3
3
1
4
4
2
1
4
3
3
1
1
1
1
1
4314
2906
4267
2754
25
91
19
71
185
16
3
5
63
13
1
48
1
9
31
1
1
4
3
1
2
4
6
1
3
2
1
2
1
1
1
1
3907
6626
123
1327
2503
141
25
5
2
19
49
32
25
14
4
30
1
5
3
1
1
3
1
1
1
1
1
1
1
1
1
1
1
7648
2961
3131
32
183
700
2
8
65
2
14
3
19
2
36
8
1
15
5
1
2
10
1
1
2
2
1
1
1
5611
4993
2165
767
662
40
9
253
126
26
37
45
2
21
17
23
23
5
10
3
3
7
1
1
1
1
3
1
1
4412
6915
2484
564
185
134
69
41
17
1
3
11
1
1
3
2
1
3
1
2
4
1
2
7135
2523
3762
165
252
267
28
137
12
316
74
1
52
38
11
5
3
14
10
27
1
3
1
2
1
1
1
4
1
2
2
1
1
1
1
1
1
7252
2644
1073
2372
40
286
158
67
349
292
99
90
48
8
5
22
11
3
6
6
10
1
2
4
3
2
1
1
2
8367
6279
23
2
35
4
2
4
28
18
16
31
2
4
6
4
8
10
1
1
4
1
1
1
1
1
1
1
1
4455
4287
2084
400
2751
476
140
81
6
2
27
55
2
28
5
4
7
2
5
10
1
16
1
1
1
1
1
1
1
1
1
1
1
1
1
7407
3532
4
3156
57
1
528
15
2
91
3
24
1
1
3
1
1
1
13
1
1
4
2
1
1
2
1
1
1
1
7785
5682
83
128
433
619
14
21
18
10
23
1
2
1
2
4
4
4
5
2
1
3
1
3
2
1
2
1
1
1
11953
1709
814
98
102
110
11
7
21
10
5
2
1
2
3
1
1
1
2
1
1
1
1
4116
2131
4414
2672
227
828
39
167
92
10
38
46
15
11
1
1
9
5
3
1
2
2
4
3
1
4
2
1
3
1
1
3
1
1
1
1
2428
1482
6483
975
2621
62
430
121
144
13
15
4
13
4
2
19
18
1
1
7
3
3
2
1
1
1
2
1
4479
2985
847
2114
1050
1100
436
1411
22
80
191
51
4
2
7
2
22
17
4
7
1
1
1
2
1
1
1
4
2
1
2
1
1
1
1
1
1
1
1
1
2231
1316
3076
2694
4016
450
505
246
61
60
68
1
100
3
5
2
2
3
3
1
3
1
1
1
1
2
2
1
2
16
6116
2695
3313
1031
295
822
81
222
95
7
42
5
5
23
13
4
10
4
1
5
35
1
2
4
2
1
2
1
3
1
13921
45
101
1
302
41
9
220
68
3
3
3
8
69
3
7
3
2
5
29
1
1
1
2
1
1
2
3
1
1
2652
3499
1995
3669
170
121
66
122
1542
152
14
53
72
442
1
205
2
3
1
1
10
1
2
12
5
12
2
1
1
1
5
2
1
3
1
1
3
1
1
1
2
1
1
2
1
1
1
10433
3676
370
5
13
66
9
124
1
94
15
7
1
1
2
2
1
3
2
1
2
1
6
1
1
4
2
1
2
3
1
1
1
1
1
1
1
1
3249
5644
3838
556
959
535
24
6
1
21
3
2
4
4
1
2
2
3
1
1
1
14580
47
14
3
52
6
40
14
5
6
12
7
1
12
2
5
1
1
2
1
2
8
2
2
1
5
2
7
3
3
2
1
3
1
1
2
1
7109
1026
247
2404
1975
1102
52
552
252
11
2
18
17
39
8
3
2
5
1
9
1
1
4
6
1
6
1
2
1
6593
7559
158
58
47
69
44
253
1
1
7
1
8
11
1
12
4
1
2
2
1
3
1
1
4
1
1
1
2
1
1
2
1
1
1
2
1
13066
393
1084
83
141
4
29
20
1
1
2
5
1
3
1
1
1
5
5
4
1
1
1
1
1
1
1
3382
2917
8076
58
41
158
108
1
11
3
4
7
2
3
11
2
5
12
26
4
1
1
4
2
5
2
1
1
2
1
2
1
1
1
1
3211
2690
4296
3614
194
368
85
5
343
28
2
3
2
2
1
1
2
4
2
1
1
1
1
5735
6531
1702
61
337
101
197
15
76
52
3
6
15
3
3
1
2
1
2
1
1
5
1
3
1
1
1
2966
3744
7031
232
1
552
34
2
204
1
6
3
1
10
5
1
12
5
6
17
3
1
1
9
1
1
2
2
1
1
1
1
103
2531
5408
3410
2988
174
52
5
2
83
15
1
17
1
5
11
3
6
3
1
4
4
2
1
6
1
1
2
4
6
1
2
1
1
1
1
228
3787
3010
3012
2186
1490
6
23
549
90
45
256
53
50
3
6
6
28
1
1
5
1
1
2
1
2
3
1
2
2
1
1
1
1
1
1
1
4483
9841
205
28
162
4
4
19
3
14
13
1
8
5
5
17
8
5
12
1
4
3
2
1
2
1
2
1
1
1
1
14299
426
30
22
2
12
6
2
4
10
8
10
2
2
2
2
3
1
3
1
1
1
1
2
1
2
1
1
9999
2738
400
1086
437
2
2
78
18
2
14
3
13
2
3
31
1
5
3
1
5
4
1
1
1
1
2
1
1
1
1
3822
2337
3623
3577
388
983
64
3
1
25
1
6
4
6
2
1
1
3
3
1
3
1
1
1
14386
116
69
4
120
9
108
1
3
1
2
1
2
4
2
4
3
2
3
2
4
2
2
3
1
1
1
1
3509
9764
526
630
218
25
7
59
59
19
1
13
2
4
1
2
1
1
1
1
2
1
2
1
3
1
1
1
1
1
3239
2919
8069
155
165
1
17
56
80
23
24
1
8
5
15
1
8
15
11
2
25
1
2
2
1
1
1
2
1
1
1
2
1
1
1
277
6650
2975
2673
1503
693
1
42
4
4
1
2
3
1
6
1
2
1
3
4
1
2
3
1
1
1
1
1
3158
3074
8077
151
317
4
2
6
2
3
3
1
11
13
2
2
1
1
1
3
1
2
1
1
1
2
1
4
1
1
4
1
1
1
1
2
5813
930
4092
624
338
2630
251
3
19
84
3
1
18
4
14
7
2
4
1
1
2
1
1
1
1
1
2
1
3
1
1
1
1
1
2250
10894
166
1250
70
45
12
83
11
1
6
2
1
16
8
7
1
9
8
2
3
1
1
2
1
1
1
1
1
1
1
1
469
14219
78
17
19
4
3
6
5
12
6
3
2
2
4
1
1
1
1
1
1
1
1
