5530
186
7
15
418
176
184
48
51
4
8
1
71
25
3
21
1
1
2
3
1
1
1
2
1
1
2
1
1
1
1
1
2
2
2
2
1
1
1
1
1
5970
360
9
609
51
29
242
3
1
3
3
2
2
10
4
1
1
5
1
3
4
1
4
2
2
2
106
17
2
5
38
5
2
8
4
2
2
7
1
4
1
1
1
1
1
2
1
1
6355
914
356
13
14
83
11
21
7
5
5
2
2
18
1
5
1
3
1
2
1
2
1
1
1
1
1
1
1
867
3250
62
3
1
1
5
9
2
2
11
1
1
1
1
1
2
2
3
3
3
1
2
1
2
2
2
1
1
1
1
255
193
18
25
30
29
71
2
4
4
1
6
5
6
1
3
4
13
1
1
8
6
1
1
7
7
3
2
1
1
1
1
3044
1336
1140
78
30
1
41
19
1
1
18
5
9
12
2
5
6
1
2
5
1
1
1
1
1
1
1
1
4436
2671
159
185
294
28
221
107
38
53
3
15
10
5
1
3
3
11
11
6
4
7
7
1
2
1
1
2
1
2
1
1
1
1
6133
1427
3
54
1
5
3
7
33
99
7
11
7
3
5
1
1
4
1
1
2
1
1
1
1
1
1
1
2
1
1
95
133
5
4
68
67
15
11
12
9
5
6
3
5
2
3
1
1
1
1
2
1
1
1
1
927
3271
3276
511
11
1
3
98
28
3
7
33
9
3
3
2
1
2
2
1
1
1
2
1
1
1
3
1
2
2
2
1
1
1
1
2929
1
101
1
2
12
4
8
3
2
2
1
9
1
2
2
1
1
1026
2908
1548
776
758
7
261
3
1
1
16
2
4
4
7
3
7
2
4
2
1
1
3
2
6
1
1
1
1
1
2689
691
3541
3305
14
337
23
82
48
5
21
5
5
1
1
1
9
1
2
4
3
8
3
8
4
1
1
1
1
1
1
1
1
1
1
73
5
3
84
38
1
2
1
3
9
4
3
1
3
4
1
2
1
1
1
1
1
1
6563
4
51
74
195
28
15
21
2
29
13
11
17
1
7
1
1
12
2
2
4
1
1
3
2
2
1
1
1
2
1
3737
800
3115
230
12
471
5
1
1
8
10
2
4
1
2
9
9
3
1
1
5
2
2
1
1
2
1
1
2
1
2809
321
359
101
181
25
27
3
121
1
7
1
7
6
2
8
1
6
2
3
2
1
2
5
3
3
1
1
1
1
1
1
2924
3272
3224
663
402
152
72
329
26
105
32
7
220
36
1
41
1
2
1
2
3
1
4
2
2
2
5
4
1
1
1
4338
2724
539
101
8
7
20
1
9
3
4
3
2
1
1
4
1
1
2
2
1
2
2
1
1
1
1846
194
1151
264
10
49
302
14
2
22
13
1
4
1
6
1
1
2
4
2
2
1
5
4
2
1
2560
2150
619
740
2020
344
868
639
162
29
2
48
5
58
2
1
11
16
44
13
1
3
8
10
1
4
2
1
1
3
1
2
1
1
1
1
2
1
1
6893
94
40
8
62
3
7
2
4
2
1
1
3
4
1
1
2848
801
527
413
109
13
9
10
11
21
11
3
2
5
6
1
1
3
1
2
1
2
1
2
2
1
3
1
1
1
1
1
1
1894
131
2
5
6
5
10
1
11
3
2
4
1
2
1
1
1
1
1
1
1
1
1
1
1
1
1
8
52
1
4
1
8
3
11
3
1
2
2
8
2
1
1
1
1
2516
2719
3480
149
2018
41
17
13
1
5
1
7
3
3
2
2
2
1
10
2
1
1
1
2
1
1
1
2
2
1
1
3686
3422
69
2
1
9
35
1
1
7
1
8
2
7
4
1
2
3
2
1
1
2
2
1
1
3761
231
174
622
627
26
217
10
5
82
11
2
21
2
3
1
2
4
1
2
5
2
1
1
1
1
1
4331
34
51
16
2
84
79
19
168
4
13
1
9
2
3
3
1
2
2
5
2
2
3
1
1
2
1
2
1
1
1
1
53
1307
1
1228
2159
317
25
22
23
5
4
1
1
2
1
1
4
2
2
5
1
1
1
1
4402
3181
10
123
30
98
385
303
1
1
1
1
2
1
3
2
2
3
4
3
1
1
1
1
1
1
3177
180
2196
571
21
391
274
97
59
63
20
13
11
5
7
5
1
1
21
2
9
5
1
4
1
1
1
1
1
1
1
2
1
3395
1062
211
8
2794
948
229
5
31
64
11
2
8
6
1
9
7
5
1
1
1
1
1
1
2
2
3
2
1
1
1
6470
78
8
234
31
33
5
36
54
3
2
2
4
4
3
2
1
1
2
1
1
1
3623
2788
645
2452
616
3
388
13
3
19
94
11
10
5
5
2
8
3
4
6
2
2
2
1
1
3
3
2
1
1
2
1
1
1
1
1
1
3116
2747
1046
596
382
6
13
12
12
1
12
1
1
4
2
2
2
1
2
4
5
5
5
3
4
1
1
1
1
1
1
1
1
1
1
1914
382
641
295
40
3
5
3
1
6
1
2
1
1
1
1
1
1
1
4614
260
921
34
2988
60
10
4
4
7
32
3
5
2
1
2
3
1
6
4
5
1
1
1
1
1
1
1
1
1
2629
695
2713
1139
1667
117
13
1
18
3
4
1
2
12
1
2
1
1
1
2
1
2
1
1
3364
3577
745
373
202
78
3
1
8
4
19
6
1
2
3
1
1
1
2
2
1
2
1
3
1
1
1
1
1
2505
974
31
223
35
219
2
2
2
22
2
1
6
5
3
1
3
2
2
2
6
2
1
1
1
2
1
1
1
3470
2161
1138
314
333
495
6
76
337
9
153
9
7
3
2
10
2
7
3
2
4
2
1
3
1
3569
1865
475
2
1
1
10
4
9
7
3
6
6
6
5
1
6
2
6
1
3
3
1
1
1
1
1
2
1
1
6477
932
63
18
62
1
41
2
28
1
13
4
26
1
4
13
2
3
1
1
1
1
1
6189
262
441
712
161
28
27
204
1
3
13
11
5
14
31
1
6
6
3
3
1
1
2
1
3
1
1
1
1
4208
3267
50
46
37
32
57
1
2
11
3
1
2
1
1
7
1
2
1
2
1
1
1
1
1
1
5015
2550
1841
94
111
8
47
17
1
12
14
14
2
1
2
2
1
11
1
2
1
3
1
1
2
1
1
1
1
1
3331
3377
735
3037
325
2
23
45
9
3
3
3
2
10
1
3
1
1
1
2
1
1
1
3445
134
148
437
37
7
9
27
9
3
7
1
7
5
3
1
2
3
1
1
1
1
1
1
1
2
1
1
1
1
3374
2617
3377
120
281
228
284
102
181
70
13
14
3
1
3
17
17
3
11
2
2
1
4
1
1
3
1
2
2
1
3
1
3
1
2
1
1
1
1
1
1
1
1
1
4894
58
569
235
76
59
87
48
296
57
20
254
8
13
2
4
4
3
3
1
8
22
2
4
5
2
1
1
1
1
2
17
87
33
184
25
69
13
4
2
5
8
2
1
4
3
3
1
3
4
2
1
1
1
1
1
1
1
1
1
1
3107
441
6
249
11
5
18
12
4
1
5
1
4
1
1
2
3
1
2
1
1
2
2944
3653
37
296
37
107
5
3
11
204
30
19
72
3
9
8
7
6
3
2
3
2
3
7
1
2
1
1
5
8
1
1
3
1
1
1
3161
3429
2715
701
623
89
6
13
2
3
80
47
8
2
2
2
3
27
2
2
2
5
3
4
1
3
3
1
1
3
1
1
1
1
1
2
1
130
159
70
12
28
15
5
21
1
9
13
4
2
1
1
2
1
9
1
2
2
1
1
2
1
1
1
1
2348
4677
21
1
37
9
32
2
1
2
2
5
2
2
2
1
1
1
1
3152
3990
18
6
53
5
18
22
30
3
12
3
7
4
1
1
1
4
1
1
2
1
1
4355
161
2833
4
4
4
5
9
2
1
1
1
3
3
6
1
1
1
1
1
1
2
1
1
1
1
107
312
144
3
7
37
1
7
1
7
1
3
1
2
1
2
1
1
3073
3550
463
3106
482
55
295
9
28
14
89
4
4
6
3
1
3
4
1
1
545
2576
3891
3162
308
16
40
127
57
5
8
9
2
3
13
5
21
11
1
5
2
1
1
2
1
1
1
1
3313
538
670
496
417
97
48
9
16
6
9
5
4
4
3
1
1
1
1
1
2
1
2
1
1
1
1
2
1
1
1
2814
142
99
23
102
13
4
1
8
1
2
3
6
4
4
2
2
2
1
2
2
1
2
1
1
1
1
2
1
1
1
2
4474
3060
8
34
81
32
8
6
13
3
24
18
2
2
4
4
5
6
4
2
2
2
1
1
2
1
1
1
1
1
2395
1214
76
1173
381
230
239
28
7
56
45
5
6
1
1
1
30
6
3
18
2
2
7
3
1
2
4
2
1
2
2
1
3
1
1
2
2
1
4671
3539
6
104
245
26
24
5
9
3
41
22
25
5
6
1
2
1
1
2
1
1
1
1
290
57
52
63
232
43
1
26
12
5
8
8
66
22
3
3
1
8
5
18
4
4
3
1
1
2
1
1
2
2
5
3
1
1
1
1
1
2553
462
2819
3055
124
548
156
4
57
461
48
155
127
3
12
114
9
6
13
2
5
5
11
1
1
1
3
1
2
1
2
1
2
1
1
6703
167
13
80
1
218
6
5
20
4
4
1
1
8
1
3
1
3
1
1
3
2
2
1
1
2
880
2426
2094
1092
11
3594
1
4
3
3
12
1
3
4
9
2
1
1
1
1
1
1
1
1
2
2
1
1
1
1
1
1
1
2892
3699
873
589
206
44
1
212
12
2
9
16
2
19
1
2
5
4
1
1
1
1
1
1
1
2
1
1
1
1
1
4091
2859
80
404
185
4
6
12
38
3
5
2
28
5
2
1
4
2
2
3
1
1
1
1
2
1
1
2858
1208
630
559
1
47
1
8
3
1
28
5
4
21
6
3
3
2
2
2
2
1
5
2
2
3
1
2
1
1
1
1
1
1
3867
6
399
108
15
2
57
8
17
23
7
7
2
13
1
2
2
7
1
1
1
1
2
1
2
9
98
113
5
53
43
13
1
13
3
1
3
1
4
1
1
2
1
1
2
1
1
1
3505
970
78
464
28
1
9
7
1
4
17
5
3
1
3
5
2
9
1
1
1
1
2
1
1
2
1
1
3577
446
162
56
1
18
3
25
28
6
4
3
4
1
1
1
1
2
1
1
2
1
1
1
1
2479
2791
204
125
83
12
153
315
141
15
10
29
9
87
1
1
3
2
2
2
7
1
1
1
2
1
3
1
1
1
1
5123
2471
32
3
6
1
3
8
1
1
4
3
1
12
3
4
1
4
1
1
1
1
1
1
1
1
4335
639
44
6
36
482
3
47
2
8
13
23
7
2
3
5
2
4
3
2
1
2
2
10
1
6
3
1
1
1
2
1
1
1
1
1
1
3053
293
1
215
75
70
5
3
5
42
1
7
17
3
3
5
3
1
5
9
1
5
4
4
2
1
3
1
1
1
1
1
332
1
10
3
10
38
2
6
4
4
1
1
17
2
2
4
1
4
2
1
1
1
2
1
1
1
1
1
5808
685
7
21
16
3
16
2
4
1
1
2
1
5
3
2
1
4
1
2
3
1
3876
3088
961
45
511
1
7
1
46
77
9
1
1
1
1
1
5
2
1
1
2
1
1
1
3491
3703
819
312
44
10
6
141
1
1
1
29
53
19
19
1
1
3
1
1
1
1
1
2
1
1
1
10
2
13
54
22
1
12
10
6
2
3
2
7
2
4
1
2
5
1
1
2
1
1
1
1
1
1
1
1
291
3637
3438
5
124
14
41
4
25
60
5
4
58
2
3
10
5
11
23
12
4
2
2
4
1
2
1
2
1
1
1
1
1
1
2
639
2542
1973
826
1193
803
1608
238
48
179
1
96
12
20
14
20
7
3
40
4
3
7
2
1
6
3
4
1
2
1
6
1
1
1
2
6
1
1
1
1
4
1
1
2964
3489
2491
1377
42
22
200
207
134
77
95
26
6
60
72
3
11
2
3
6
1
1
10
6
5
4
2
2
1
1
1
1
1
6738
34
2
21
183
10
31
59
1
1
6
6
1
3
2
3
1
3
3
2
2
2
1
2
1
1
1
1
2603
120
529
2918
2354
523
548
567
193
89
392
7
5
35
15
4
16
1
1
1
3
3
3
1
1
1
1
1
1
1
5877
173
504
465
516
14
252
91
23
11
11
26
2
1
2
7
3
2
1
2
1
1
1
1
1
1036
5937
73
167
540
15
35
86
37
4
9
6
2
16
1
1
1
2
1
1
3
2
4
1
1
1
1
1
129
339
1
28
56
5
1
4
12
24
20
20
13
1
2
1
4
2
1
1
2
2
3
1
1143
1562
3071
211
1
57
9
12
28
5
6
3
7
1
2
3
3
1
1
2
1
2
2
1
2
1
6573
1046
21
16
3
6
13
3
5
1
4
1
1
2
1
1
3
2
1
1
4417
3383
70
2
17
8
1
1
2
1
1
4
1
2
7
1
1
1
2132
740
842
60
81
55
64
30
24
48
24
4
2
1
4
7
2
3
1
2
1
3
2
3
1
1
1
1
2
2
803
3750
1904
724
88
101
8
23
1
1
8
4
4
11
18
2
3
6
9
2
1
1
2
2
2
3
6
5
1
3
2
1
1
2
1
1
1
1
3854
3727
57
34
732
8
9
4
23
16
28
4
9
4
3
22
2
7
3
1
1
2
5
1
1
1
1
1
1
2
1
2
1
1
3040
3822
61
1368
14
38
484
557
327
53
12
32
58
48
2
14
24
2
2
2
3
2
2
1
1
5
2
2
4
2
1
1
3
475
31
10
10
15
2
1
4
5
1
1
1
1
5
1
1
1
1
1
3
1
3461
723
25
2
54
4
1
7
7
4
8
4
2
2
1
2
6
1
3
1
4
1
1
2
1
2
1
1
1
1
2474
3803
1
63
2
37
18
19
4
3
15
3
1
4
1
13
1
1
2
1
2
3
2
3
1
4
1
1
1
1
1
1
2
2419
92
4394
622
2337
100
6
92
2
4
56
8
3
12
1
2
2
1
10
2
2
1
3
1
1
3410
2567
15
840
1351
2
274
146
1
8
16
20
1
2
5
8
1
1
2
2
1
4
1
1
2
3
2
1
1
1
1
1
1
1
1
1
1
1
1
1
3487
3525
119
660
2535
520
193
18
5
2
8
1
1
4
2
2
1
1
1
1
1
1
157
4501
3118
113
45
38
1
1
3
10
26
15
2
1
4
1
1
3
1
3
1
1
1
1
1
1
2
1
1
732
2562
3394
143
3706
60
101
39
98
9
46
15
7
1
23
3
1
2
1
6
4
4
3
4
6
3
4
1
3
1
6
3
1
1
1
1
3550
46
35
38
64
2
25
19
3
1
4
1
1
3
3
6
3
2
1
1
1
1
465
3388
2413
3396
403
162
117
24
2
14
2
6
10
3
1
2
21
3
1
1
4
10
3
1
1
2
1
1
4
1
1
2
2
3286
4054
204
47
248
4
27
118
37
13
2
1
1
21
4
8
3
1
1
4
2
1
1
3
1
1
1
1
2
1
1
3612
4280
22
6
82
8
18
15
3
7
3
22
5
3
4
1
2
2
2
2
1
2
2
1
7
2
1
1
1
2
1
6552
6
3
16
10
10
1
3
3
5
1
7
3
1
2
3
1
1
1
4
1
1
2
1
2944
2545
3067
303
970
113
2
25
191
22
14
10
8
25
1
9
2
12
1
1
6
2
1
1
1
1
1
2
1
1
2
1
1
1
1
2602
3051
1530
531
2437
321
621
10
72
17
43
15
3
24
15
86
7
2
2
9
3
1
12
1
1
1
1
3
4
1
1
1
1
1
1
1
2160
3493
550
253
177
2
14
22
13
2
1
8
1
1
5
3
1
5
1
4
1
1
2
1
2
1
1
1
1
1
1
1
4732
2985
232
118
192
79
26
142
17
4
193
12
25
4
9
1
5
5
4
1
8
1
1
1
1
514
2995
477
2182
274
39
5
77
208
7
6
6
4
2
5
6
2
4
6
3
5
1
1
6
1
1
2
2
1
1
4319
244
66
2166
226
497
21
37
21
75
13
37
2
3
3
5
1
3
5
13
3
3
5
1
4
3
3
1
3
2
1
3
2
2
1
1
1
3360
694
1803
1
11
43
9
4
1
2
1
1
2
2
1
1
1
1
1
1
1
6
3
1
3
1
3
1
1
1
2144
142
257
1020
2114
270
13
677
23
665
4
63
119
8
90
15
52
19
7
1
4
11
10
3
2
21
3
8
1
2
4
3
2
3
1
1
1
1
2
3365
2
808
4604
85
26
73
98
18
1
27
3
7
4
1
2
10
11
2
1
1
1
3
13
1
2
5
3
2
1
2
3084
151
94
2483
1190
1908
652
4
20
248
17
4
7
79
1
10
7
16
1
2
4
2
9
1
1
2
4
1
2
1
1
1
4
2
1
2
1
49
3196
2766
55
13
3
38
61
3
48
12
55
1
1
14
4
10
11
1
4
2
1
1
1
1
1
1
1
3941
1581
2524
36
57
4
14
29
10
4
13
19
3
9
2
23
4
1
2
3
7
1
1
1
3901
1029
2427
1249
37
136
29
76
70
38
2
18
13
1
2
49
11
3
15
1
1
2
5
1
1
2
1
1
8
1
2
2
2
2
1
817
1330
59
3
49
30
73
2
3
11
3
2
7
3
4
1
1
2
1
7
3
1
2
1
1
1
1
3944
3594
133
19
24
9
8
5
2
1
4
3
2
1
1
1
1
1
1
2
1
1
1
744
83
20
35
3
6
2
31
5
18
15
5
3
2
1
2
1
2
1
2
2
1
1
1
1
1
1
4168
2540
111
870
504
118
4
16
9
2
3
12
3
3
1
2
4
1
1
2
4
1
2
1
1
1
1
1
1
1
4344
2807
182
18
1
1
20
2
1
9
1
1
4
2
3
5
5
1
2
1
1
2
1
1
2217
4599
231
974
68
129
416
110
23
15
4
4
10
7
3
16
6
27
3
1
1
1
3
4
1
1
3
1
2
1
5
1
2
1
4
2
1
3
1
3534
3206
301
350
113
73
74
182
5
11
19
20
4
6
8
3
3
2
1
1
3
4
1
2
1
3
3
2
1
1860
2948
116
6
123
2
5
10
1
4
6
6
23
1
15
2
1
3
5
1
2
1
1
1
1
2
2
1
1
2531
6
3023
4067
279
1
34
9
15
93
85
1
7
3
1
10
10
3
1
2
1
1
1
2
1
1
1
1
3600
1024
729
1798
52
32
127
28
16
2
1
1
1
10
1
8
5
1
2
1
1
1
1
3557
219
9
52
2
8
21
1
7
22
1
14
2
2
1
8
1
1
1
2
1
1
1
1
3079
4185
3021
21
2
75
1
46
13
1
16
31
2
1
1
15
16
2
3
1
1
1
1
5
2
1
2
1
1
1
1
1
1
4224
3145
465
123
161
7
13
3
3
1
3
2
6
5
2
2
3
1
1
1
1
2
1
1
1
3256
1048
3086
3168
304
4
29
124
6
141
1
4
1
3
14
4
3
1
3
5
2
1
1
2
1
1
2
1
1
1
2
5
1
2
3
1
264
94
10
64
19
1
15
3
2
6
1
3
2
1
2
1
1
1
1
2
1
6391
43
12
4
19
21
17
7
28
3
3
4
1
1
1
1
1
3
1
1
1
1
1
1
3648
281
2532
34
27
15
4
1
9
2
5
7
2
1
1
1
1
1
1
2
1
1
2
1
1
2762
2438
897
957
90
2758
448
570
9
38
6
2
2
8
1
6
3
1
4
1
1
2
1
2
1
1
2
3
1
1
5224
3420
81
38
67
5
64
23
58
9
5
1
15
29
2
2
1
2
1
1
1
1
2
3041
8
367
2
5
3
2
6
1
3
6
6
2
2
1
1
8
2
1
2563
794
20
12
69
10
19
9
1
1
1
1
1
1
1
1
1
1
3008
2230
2
275
18
267
1
20
11
15
7
1
1
1
3
2
2
1
3
1
1
1
1
1
1
1
893
3764
980
1420
3459
28
1
4
71
84
16
8
8
14
2
2
1
1
3
1
2
1
2
1
2
2
3417
157
4
52
32
2
3
6
8
2
3
3
3
3
2
2
1
2
2
3
2
1
1
172
32
15
19
319
36
8
48
38
4
10
27
7
1
4
2
1
1
1
1
4
1
3
2
1
1
1
1
3068
1443
2191
156
1901
1115
384
58
140
28
45
1
5
12
1
3
1
3
4
1
4
7
3
2
7
3
3
3
1
6
2
1
1
2
1
1
1
1
2
1
3520
2719
338
1
3585
761
7
7
15
2
12
1
4
1
3
1
1
1
1
1
1
1
1
2399
2416
586
201
4136
4
4
4
14
13
17
2
12
4
5
3
2
4
1
2
1
1
2
3
2
1
1
3020
2388
118
2216
1258
76
12
188
113
18
16
27
16
16
8
12
47
128
2
1
4
2
2
1
1
2
2
1
2
1
2
2
1
2
1
1
1
1
1
1
2
1
2480
3353
127
610
65
251
408
560
2
1
20
21
1
2
2
8
11
3
1
4
1
1
2
2
1
5
3
1
1
1
1
2
3807
3261
285
60
753
39
85
1
4
2
1
37
1
10
1
6
1
1
5
1
7
4
1
1
3
2
1
1
793
103
10
1
4
9
1
9
5
1
1
2
1
1
1
1
5
2
1
1
1
1
1
1
1
4036
2802
2644
331
25
10
7
34
23
9
2
2
2
2
1
7
5
1
2
1
1
1
2453
3954
7
461
2
58
1
10
2
12
4
1
14
1
1
4
2
1
1
1
2
1
2
1
1
1
1
1
1
3929
2372
724
725
1
973
698
2
3
1
12
2
26
14
1
2
1
1
1
2
3
1
1
1
1
1
3
2
1
3
1
1
2
1
1
1
5847
210
21
29
250
571
8
2
1
4
2
1
15
4
1
1
2
1
1
1
3
2
1
1
2
3
1
1
1
1
2
1
4917
74
10
29
26
42
3
1
1
3
20
1
2
2
6
6
2
1
1
3
2
1
2
1
1
1
1
1
1
1
1142
140
2
9
65
5
2
38
3
2
2
1
3
1
1
1
1
1
2
1
5
1
1
2
1
3
1
1
3758
2751
207
430
795
3
178
6
42
64
14
19
20
2
11
1
2
8
1
1
2
5
5
1
2
2
1
1
2331
1264
3402
43
3385
430
41
7
4
34
30
8
11
6
10
3
7
1
3
32
16
1
25
8
2
1
1
7
2
4
2
5
3
1
1
1
1
1
1
1
3608
951
48
27
19
40
54
3
10
7
2
4
6
2
1
8
1
3
1
4
1
1
1
2
3
1
1
1
771
2730
447
14
9
1
8
2
50
3
4
3
1
13
4
6
23
6
3
1
5
2
12
3
3
1
1
1
1
2
1
1
4
1
3
1
1
435
1026
711
27
15
16
27
3
2
6
1
3
3
1
4
1
2
2
8
6
2
2
1
2
1
1
1
3724
2493
3455
1025
5
45
58
35
1
8
1
3
19
33
19
4
5
1
3
1
8
3
1
7
4
3
1
1
1
1
1
3555
2881
597
285
354
134
25
7
3
5
1
4
6
4
6
4
1
1
1
1
2
1
1
1
1
1
4142
3781
124
13
1
47
98
43
41
8
3
11
13
15
3
3
1
1
2
1
1
2
1
1
1
1
2459
2861
3398
1260
738
171
8
11
64
38
27
4
16
18
78
26
2
9
2
4
2
11
1
4
3
3
1
1
1
2
2
1
2
1
1
1
2
1
1
3132
3882
2419
12
78
102
4
5
248
110
278
11
2
16
46
23
15
6
3
5
8
4
3
3
3
1
2
1
1
1
1
1
1
1
1
1
1
629
1341
2574
405
68
50
3
12
21
38
10
3
6
1
1
1
4
1
3
8
2
3
1
1
1
4
3
1
1
1
1
1
1421
2308
55
5
4
1
1
2
7
1
1
3
3
2
3
2
1
1
1
1
1
3
2592
4662
630
34
55
22
5
2
2
9
9
1
3
11
1
1
1
3
2
2
3
1
1
1
1
631
6481
153
148
214
23
22
17
2
8
3
8
21
1
1
3
1
3
1
1
1
747
109
74
46
7
14
4
12
2
2
1
2
2
2
8
9
3
2
6
3
1
2
5
1
4
1
1
1
1
1
3955
11
2654
853
133
498
9
1
46
23
18
5
3
26
1
2
2
5
1
1
2
2
3
1
1
1
2
1
4
1
1
1
2216
1540
2122
1426
1
172
100
57
5
17
56
27
49
34
7
3
5
1
3
1
2
1
2
1
1
1
1170
2603
2612
2640
83
206
193
153
114
236
72
10
2
14
2
3
3
12
3
7
3
1
2
6
1
1
2
1
1
1
1
1
1
1
4311
930
187
29
137
44
5
12
31
1
2
1
1
1
2
3
1
1
7
2
1
1
4
2
1
1
1
871
107
11
1
20
2
5
27
1
2
12
3
6
1
3
1
2
2
1
1
1
1
1
2776
27
941
561
56
22
1
102
4
143
9
5
2
8
24
5
7
19
19
14
1
15
1
2
1
1
2
1
3
2
1
1
1
1
4274
2352
320
133
74
3
468
175
97
72
8
17
8
3
2
5
2
1
2
1
3
1
1
2
2
2
2
1
1
1
1
1
3359
963
2817
290
1507
28
96
130
58
1
2
28
10
6
1
6
5
1
1
1
2
2
1
1
1
1
1
1
1
1
7092
212
206
77
1
56
13
16
6
14
2
1
3
13
2
3
1
2
1
2
5
1
1
1
1
1
408
2876
3019
564
171
62
1
30
8
1
1
20
8
2
1
26
4
1
1
11
6
9
3
1
2
3
1
1
1
2
1
2
1
22
194
4
29
3
1
3
2
9
5
2
2
2
2
1
2
1
1
1
1
1
4025
380
36
13
57
4
1
3
3
16
1
3
2
4
3
1
3
1
2
2
2
1
359
13
52
6
4
65
6
1
2
8
18
8
3
5
1
1
1
2
5
1
1
1
1
1
3226
285
645
2032
3180
162
69
433
42
229
31
2
28
35
14
15
44
26
3
1
3
1
1
1
1
4
1
6
1
2
1
1
3
1
1
1
1
1
1
233
2745
35
887
60
3
3
13
7
23
1
1
12
2
2
3
1
1
8
2
3
1
4
1
2
1
1
1
1
1
1
2
1298
3172
501
14
11
17
8
10
20
12
9
3
6
6
1
4
1
3
1
1
1
1
1
1
1
2
2
1
1
1
851
576
263
3162
743
3178
96
16
181
61
17
17
7
15
59
20
10
86
15
24
2
7
2
1
6
12
13
1
2
3
1
1
2
1
2
2
1
1
1
1
2
1
2813
5042
28
683
97
18
2
13
7
6
3
1
6
2
2
8
1
5
1
1
2819
120
3744
64
3040
159
118
255
179
152
116
10
4
26
1
4
5
2
2
4
5
3
1
2
8
1
3
4
3
1
1
1
1
8
1
3333
3573
353
522
401
14
15
5
10
16
8
3
6
11
2
1
1
3
1
1
1
8
2
1
1
1
1
1
2
3
1
1
1
3273
667
5
4
4
7
2
16
13
3
1
2
1
1
3
2
1
2
3
1
1
2
1
1
2
1
1
3145
3
1
8
3
1
10
4
3
7
2
2
5
4
1
1
2
2
1
1
119
3103
3099
3443
705
22
80
14
13
1
3
6
4
8
35
6
20
4
1
1
2
5
3
1
1
4
1
1
3
2
1
1
1
16
77
98
4
25
23
6
1
1
1
2
3
2
3
1
1
3
1
1
1
1
1
1
146
889
2354
3229
773
1234
16
7
270
1
7
31
35
2
6
16
5
1
3
7
6
1
2
2
1
1
3
2
5
1
1
2
1
1
1
1
2
3666
141
3
33
1
1
8
14
28
9
6
5
4
2
3
5
4
2
3
1
1
1
1
3380
2932
3003
810
533
3
16
1
1
10
3
6
2
2
1
3
9
4
1
12
2
1
1
1
1
1
1
2992
2671
264
669
601
487
96
261
189
2
150
284
75
11
7
11
16
1
2
13
1
2
1
3
1
1
7
1
2
5
1
1
1
1
1
656
2795
116
747
132
11
3
144
3
3
1
1
1
3
6
4
3
3
1
2
1
1
4
1
1
2
1
1
1
1
1
1
2
1
1
1
1135
2961
349
42
22
51
5
1
5
1
13
1
1
1
1
6
2
1
1
1
1
4
1
4
4
2
2
1
2
3515
37
41
28
59
2
6
1
1
1
1
4
3
2
1
4
7
1
1
3
2
2
1
3
1
1
1
1
1
3
2096
4433
838
465
23
18
3
73
2
20
3
3
2
4
1
1
2
1
1
4
1
1
1
3
1
2
1
1
316
2605
2266
7
2948
1782
28
61
1
252
63
181
4
7
3
4
1
4
1
1
5
6
1
1
6
5
2
1
2
2
1
3
3
1
1
1
1
1
1
1
1
1
942
2953
3404
324
4
101
2
4
161
61
56
64
96
30
9
8
1
17
2
1
7
1
8
1
2
2
1
1
2
2
1
1
1
2830
2809
864
2589
599
303
517
186
12
20
17
17
83
23
10
2
2
2
1
1
1
1
2
1
1
1
1921
1066
1823
2422
74
28
75
507
228
75
116
2
139
5
1
1
1
1
1
4
3
1
1
1
1
2
1
1
1
1
3777
2827
18
3648
38
152
34
109
4
88
23
3
6
25
8
1
39
2
16
8
1
10
19
4
1
4
2
3
1
1
3
1
1
1
2295
1308
618
2089
870
4
29
44
21
25
101
212
4
29
12
9
1
1
1
1
1
1
4
2
1
1
1
1
1
1
1
1
1
69
1
69
6
69
4
4
1
14
8
7
1
2
1
1
1
3
3
1
1
1
1
3
2
1
1
2419
2836
803
557
260
14
206
21
2
6
1
1
1
9
10
3
2
1
2
3
1
3
16
1
2
4
1
2
1
1
3606
431
120
7
23
1
1
26
1
2
2
3
1
3
1
1
1
1
1
1
1
1
1
1
1
3522
554
3128
308
238
9
259
99
94
24
36
1
12
1
1
1
2
7
1
3
3
1
1
1
2
3
4
1
1
2
6742
412
55
40
26
2
6
12
3
9
6
5
9
4
1
5
1
1
1
1
4
1
1
5002
2637
4
2
14
85
19
5
8
1
29
6
4
2
1
1
2
2
3
2
1
1
3395
2954
579
1
105
100
33
130
15
6
17
1
1
11
3
3
6
3
3
1
1
2
2
2
4
1
1
2
1
1
4
1
2
1
2
1
1
1
1
2657
1146
1950
271
1
2
4
82
7
12
1
3
5
8
6
10
1
6
2
3
1
2
2
4
2
2
2
1
2
1
1
1
1
4249
3644
158
411
71
156
3
85
27
41
25
8
15
1
3
1
1
2
1
1
1
2
1
1
3
3
2
1
3603
3660
3090
27
211
101
19
3
1
4
15
1
2
3
6
3
1
2
2
1
4009
2376
3895
59
406
8
7
1
10
6
30
12
1
1
1
1
1
5
1
1
2
2
1
1
2
1
1
1
1
1
3347
741
402
2
223
67
1
35
57
36
16
4
1
3
2
2
8
2
2
4
2
1
4
1
4
1
1
1
1
1
1
6642
54
164
275
19
2
17
6
8
1
1
1
2
2
1
4
1
1
1
3
1
1
1
1
3210
128
7
1
48
23
15
4
5
4
2
4
1
3
6
1
1
5
2
1
1
2
2
1
1
2
1
2
1
1
4663
2766
23
928
106
216
1
23
3
33
7
12
6
21
20
4
1
1
3
3
2
1
1
4
1
1
1
1
1
2
1
1
3400
3483
3449
169
66
41
7
24
30
24
3
39
19
17
2
5
1
4
11
2
1
2
1
1
2
1
1
5495
1268
461
11
9
3
6
10
40
10
1
20
4
1
2
3
2
2
1
1
4
2
1
1
1
1
2832
3643
1093
62
59
33
132
4
6
23
9
1
2
4
2
1
4
2
1
1
1
1
1
1
1
2949
2109
3327
1281
108
592
406
154
43
95
4
27
2
1
7
43
2
7
3
13
1
1
8
3
3
4
3
1
4
2
3
1
2
1
2546
116
311
3038
13
52
2994
143
118
12
85
27
121
10
7
1
2
4
15
22
1
5
1
2
5
3
1
1
1
1
1
6
3
1
1
1
2
1
2
1
1
2
1
817
321
2018
1920
262
763
27
32
2
1
2
1
2
3
4
14
1
3
1
1
4
1
63
148
7
187
2
2
31
22
6
3
2
2
2
2
1
1
1
2
1
1
4
1
1
1
1
1
1
4115
3214
140
10
55
58
7
15
6
22
5
3
1
8
1
3
1
1
1
1
3
1
1
4121
112
20
1
76
9
1
5
25
7
2
14
1
2
4
1
1
1
2
1
1
1
1
1
1
2
1
1
987
74
1
35
34
46
21
35
28
13
1
5
17
9
3
1
1
1
5
1
2
2
1
1
1
4
1
1
2
4579
3897
116
76
10
43
17
2
1
3
1
16
2
2
6
1
1
2
1
1
1
2
1
1
4
1983
812
3170
1249
23
23
29
65
21
23
17
1
14
2
12
1
2
6
1
4
1
3
1
1
1
1
1
2
2575
4797
28
86
41
4
21
52
1
13
31
1
36
14
1
3
1
1
1
1
2
1
12
2
1
2
1
1
3
4
4
1
2
1
1
2
1
1
4199
21
12
15
2
2
3
4
3
3
1
1
1
2
2
1
1
1
4
2
2
3
1
1
2
1
1
1
1
3957
3701
1781
244
260
215
3
10
4
11
2
2
7
6
14
1
9
4
1
7
7
3
1
2
5
2
2
9
2
5
2
4
2
2
1
1
1
1
3
1
1
1
1
3688
3913
2571
438
7
1
101
1
2
73
5
1
2
2
2
3
2
1
1
3
1
3
1
3
1
4
3
1
1
3580
2661
35
353
25
84
2
4
7
22
1
1
3
3
3
5
5
1
1
2
2
3
2
1
1
1
1
1
1
1
1
521
3804
2555
389
304
2
4
1
23
20
13
17
5
2
1
4
17
9
8
9
3
1
1
1
1
1
1
1
5
1
1
2
3
1
1
1
2370
3133
3371
1067
104
42
106
35
1
4
2
53
9
2
11
31
2
3
2
1
4
2
4
1
1
1
1
1
4101
628
6
74
27
23
9
11
11
1
2
1
5
1
2
3
2
1
1
2637
2500
428
1568
1966
55
78
13
21
14
6
36
2
5
1
1
6
3
2
6
8
1
1
1
1
1
1
1
1
3030
4212
31
32
12
1
2
2
5
6
5
1
14
1
2
2
2
17
1
1
1
1
2
1
3
3
1
1
3
3
1
1
1
1
289
61
2
20
6
11
15
1
6
3
2
1
6
4
2
2
1
1
1
4
1
1
1
1
1
1
17
147
304
6
6
2
17
8
1
3
2
3
1
1
1
1
4392
2998
157
27
362
108
4
48
32
11
7
9
3
23
1
5
5
7
1
1
4
1
1
5
1
1
1
2
4
1
3
3
1
3
1
1
1
10
8
13
4
1
10
6
5
15
7
1
9
1
1
2
2
2
1
1
1
491
3264
3622
298
2668
289
2
163
70
12
76
20
2
1
2
20
1
1
1
1
6
1
1
1
2
1
1
3544
4048
602
13
70
60
7
12
7
1
1
8
4
20
25
2
3
3
4
8
19
6
3
1
1
3
2
1
2
1
1
1
1
1
4304
3023
5
100
3
58
9
1
1
1
1
1
1
2
1
1
2
1
1
4079
187
65
2
9
21
64
33
31
10
8
4
3
3
4
2
1
4
8
6
1
1
1
1
1
1
7061
62
262
93
83
7
79
12
9
21
2
10
4
1
1
3
9
2
3
1
2
4
1
2061
1910
1931
902
2675
806
85
8
35
124
156
67
146
13
2
3
2
1
30
4
18
1
4
4
1
2
1
1
2
1
1
1
3605
4085
2
43
177
101
13
2
44
11
8
3
8
5
4
15
6
3
6
1
2
1
1
1
3
3
2
1
1
2
4
1
2
1
1
4
2
1
1
1
1
1
2680
3861
15
107
3
1
2
20
4
1
1
5
1
5
1
2
2
1
1
2
2
1
1
1
201
23
26
4
12
7
4
1
1
3
1
1
2
3040
3306
1294
209
19
67
101
17
1
4
9
3
4
1
2
3
3
1
9
1
2
2
2
1
1
1
1
1
1
1
1
1
1
1
4261
160
40
8
6
4
6
8
15
3
1
1
2
4
1
5
1
1
2
1
2
1
36
1179
3572
7
8
317
12
4
3
16
2
1
2
1
2
2
1
1
1
2
1
2912
98
1342
3308
3067
301
85
184
26
2
3
2
1
3
5
1
2
1
3
2
1
1
1
1
2585
1017
2336
288
3045
249
401
835
334
93
25
48
2
59
6
6
1
6
1
20
1
6
6
2
5
1
7
1
3
3
1
7
1
1
1
2
1
3283
2716
852
190
132
107
118
16
21
62
24
3
1
1
3
1
1
6
2
2
1
1
1
2
1
1
1
1
1
1
1
3653
2
123
19
21
1
8
9
4
1
4
2
16
3
2
1
2
3
1
2
1
1
1
2
3415
1519
86
1
27
183
22
3
85
18
3
13
1
1
1
1
6
1
4
5
2
5
1
2
2
1
1
2
1
1
1
1
1
3616
2492
94
196
34
4
46
105
8
4
4
6
1
1
8
4
2
2
2
1
1
2
1
4
1
1
3
1
347
4358
2754
202
5
101
44
44
6
28
5
7
2
2
6
1
3
2
4
1
1
1
3323
445
459
2501
242
1
49
16
101
28
17
3
30
3
12
5
4
2
5
1
1
1
1
1
1
1
3
1
464
158
2840
3305
39
5
140
75
38
13
3
3
7
6
1
1
3
1
1
4
1
1
2
1
2
4
2
2
1
2
1
1
1
1
1
1
1
1
1
3641
500
3639
10
10
8
189
31
1
4
136
4
34
29
25
1
14
1
3
3
6
3
2
1
1
3
4
1
2
3
1
1
5665
212
62
151
9
492
7
17
1
1
5
1
3
7
2
2
18
2
3
5
2
1
3
1
3
1
1
1
1
1
1
1
1
3787
395
949
2565
23
580
206
18
345
7
8
8
20
1
17
11
9
1
2
4
1
2
1
2
1
1
1
1
1
1
5048
1965
1380
291
37
14
366
2
9
1
10
1
6
1
1
2
1
1
1
1
1
1
1
1
2
2
1
2413
3245
278
1639
16
22
13
3
7
2
20
10
1
3
6
1
1
1
12
1
1
2
3
1
1
1
1
1
1
1
1
1
3396
1135
45
40
4
15
47
1
83
40
14
29
2
1
22
1
1
2
8
6
3
2
2
2
2
2
1
3
1
1
1
5004
2756
88
4
76
2
1
45
8
2
1
6
2
1
2
1
5
7
1
5
1
1
1
1
1
1
1
3228
3507
23
22
26
149
2
52
3
20
10
10
2
8
5
2
2
2
1
6
1
2
4
3
2
1
1
1
1
2
1
1
1
1
1
1890
339
1591
69
73
8
61
12
40
95
1
1
7
6
6
1
2
2
5
3
4
5
2
1
2
3
3
1
3
2
1
4600
4192
9
45
15
51
13
7
3
1
5
2
1
1
1
1
4
2
3
1
1
1
3
1
3
1
1
1
2
3031
726
589
3555
2389
744
1
8
1
5
5
2
2
8
3
1
1
1
1
1
2
1
1
1
1
3500
594
3
31
98
30
1
1
7
22
6
6
5
6
2
1
2
2
1
1
1
1
1
2
1
1002
1177
2554
11
178
1
10
42
27
3
63
6
6
1
15
6
3
4
7
2
2
1
1
2
1
1
148
3345
27
3526
587
135
726
1
187
64
37
47
3
6
3
3
4
11
3
9
2
5
2
2
2
1
5
2
1
1
1
1
1
2
1
1
1
1
1
2064
3999
842
392
928
7
5
1
2
1
4
4
8
6
1
1
3
1
1
1
1
1
1
1
5778
699
6
83
20
9
8
4
9
12
3
2
1
1
1
1
1
3
2
1
1
2
5804
1
1
5
73
1
7
8
17
4
6
2
1
2
2
5
4
9
2
4
1
1
4
2
1
2
1
1
672
65
229
88
5
83
14
7
11
2
14
9
7
16
3
7
3
1
2
1
1
1
1
1
1
2
1
1
1
1
1
1
1
1
3488
1664
2707
437
4
18
16
6
2
2
7
6
2
1
2
1
2
4
2
2
1
1
1
186
3606
53
139
150
50
21
15
12
4
3
13
2
11
1
1
4
5
2
1
1
1
1
1
1335
19
90
49
141
3
17
10
1
4
7
18
1
4
1
1
2
1
1
1
1
1
2
1
1
3648
124
3480
152
244
5
2
30
2
25
15
14
2
3
1
7
1
11
5
2
2
2
2
2
1
2
5
4
4
6
1
2
1
1769
3247
3247
2699
128
242
11
57
8
4
2
9
3
8
1
3
1
2
1
1
6
7
2
4
1
2
1
3
6
2
1
184
6219
376
15
560
30
1
19
145
59
1
3
21
9
8
1
8
1
2
6
11
3
1
2
1
1
1
1
3
1
3173
2699
1735
2318
112
549
406
127
207
12
1
3
12
4
5
5
8
1
3
1
1
1
2
2
1
1
1
2102
169
1798
873
201
393
163
43
21
5
8
6
2
16
3
4
10
16
13
3
2
2
3
1
5
2
1
8
1
2
1
1
1
1
1
1
6120
161
8
24
94
8
8
74
71
3
1
2
8
10
6
1
20
1
7
6
1
2
1
3
1
1
1
1
1
1
1
1
1
849
1686
142
25
7
29
13
1
1
1
1
1
2
3
4
2
1
1
1
1
1
1
336
23
5
1
1
1
6
1
2
1
2
1
1
1
1
1
1
3977
3505
61
107
42
8
29
8
117
4
1
3
7
1
2
1
4
2
3
1
2
4
1
1
1
1
1
1
1
1
3799
3566
108
447
198
105
67
7
26
2
6
29
3
2
13
11
1
1
3
2
1
1
2
1
1
1
1
1
3560
4142
248
209
72
35
76
1
1
8
7
10
3
1
1
4
1
1
1
1
1
1
1
1
2643
2891
1407
154
7
71
165
17
12
15
51
4
14
11
1
3
6
3
5
1
2
5
2
13
4
3
1
2
2
2
1
1
1
1
2291
3486
2898
837
891
67
56
44
6
2
25
3
4
5
18
2
4
1
4
3
1
4
1
1
1
2
1
1
1
248
1889
697
275
131
1
1
2
1
1
3
1
1
1
1
1
2939
198
2227
552
45
1644
855
7
13
77
1
1
2
1
1
7
3
4
2
1
1
1
2
2
1
1
1
2
1
1
2
1
63
254
441
3
75
122
3
45
28
1
58
1
30
3
4
3
14
4
7
13
3
5
10
1
3
1
1
1
3067
2941
893
3316
44
136
15
77
44
3
4
17
58
6
1
2
11
15
2
1
3
2
1
1
1
1
1
4218
23
77
18
282
67
1
37
9
1
1
4
1
2
2
1
2
4
1
1
1
1
1
3
1
1
1
2
1
1
1
4168
379
3345
186
46
71
124
141
54
6
12
41
9
21
3
1
1
1
3
1
2
1
1
1
3096
3247
1056
70
4
378
20
29
238
21
27
2
3
10
9
1
7
1
1
4
2
1
1
1
3
1
1
1
3316
2
36
49
173
29
2
1
19
1
10
1
10
8
5
2
1
2
9
2
1
1
1
3
1
1
1
1
1
1451
3561
2428
2594
415
56
153
24
164
163
2
56
4
27
6
1
4
1
1
1
4
3
1
4
1
2
1
1
1
2
1
1
1214
4036
1107
140
17
54
93
21
61
4
4
5
4
8
1
1
7
5
1
2
5
5
1
3
1
1
1
1
1
3249
3666
2540
469
10
225
317
25
17
16
38
4
1
8
7
1
1
2
11
2
6
2
2
7
3
3
1
1
1
1
1
1
1
2544
3214
1504
955
9
11
131
7
21
33
5
3
3
3
1
11
1
1
1
2
1
1
1
3
1
1
2621
3589
202
793
84
3
49
2
44
9
1
1
2
2
8
3
3
1
1
1
2
1
1
3
1
1
1
3
148
295
992
121
68
11
34
27
16
5
9
3
1
1
1
1
1
2
1
1273
2454
3611
2987
147
129
110
21
41
4
1
1
3
2
2
4
1
2
2
1
2
1
1
2
1
2
1
1
1
1
1
1
1
1
1
2809
587
1061
24
257
13
11
3
1
16
1
3
2
9
2
6
1
4
1
2
1
2
2
2
1
1
5868
117
585
323
402
66
225
144
6
8
19
19
2
52
16
3
17
6
2
1
7
8
6
2
2
3
2
2
1
1
285
3221
3372
3262
237
624
14
7
120
70
64
12
1
68
58
4
15
1
10
1
4
25
2
1
3
1
1
2
3
1
1
1
1
1
1
1
3945
5
106
10
9
64
1
1
1
1
1
8
1
1
2
6
3
1
1
1
3
3
2
1
1
762
1011
3
28
17
103
121
1
3
5
19
3
18
10
4
9
4
1
1
1
1
7
2
2
1
1
1
1
1
1
4713
2859
1831
469
65
25
3
10
10
8
1
2
14
4
3
7
8
1
1
1
1
1
4
1
1
2
2
1
1
1
1
1
2642
3931
155
190
1
13
80
79
10
19
3
10
5
1
3
1
3
1
1
1
1
1
1
1
1
4234
529
3049
5
37
1
8
1
13
8
6
5
1
2
1
3
2
1
1
3
1
3
2
1
1
1
1
2
5273
17
8
37
3
3
5
8
11
1
10
1
5
2
4
5
2
1
1
3
1
1
1
2
1
1
2491
2569
76
59
1
35
2
9
15
1
3
2
1
1
1
3
1
1
1
1
2
1
1
1
7238
2
5
155
43
12
7
2
1
5
3
5
2
4
1
2
1
1
1
1
5
2
2
1
1
3153
3998
392
24
84
121
15
44
3
24
7
1
23
1
3
3
11
5
4
3
1
2
2
2
2
4
1
1
1
1
1
1089
2537
3844
398
159
30
5
2
1
1
1
1
4
1
5
1
3
2
2
4
3
4
1
2
1
2
1
1
1
3
1
1
1
1
1
276
726
466
5505
152
102
164
17
14
43
19
11
1
1
7
17
7
3
1
4
2
2
4
1
1
1
1
1
3
1
1
1
1507
57
29
1
2
4
9
5
7
8
6
1
1
4
3
4
1
2
1
2
1
1
1
1
933
588
561
4
434
10
30
103
93
3
2
21
13
2
4
2
3
1
1
2
1
4
2
5
1
1
1
1
1
4128
2551
390
38
63
240
6
134
10
15
6
2
3
26
3
9
3
9
6
29
2
21
2
2
1
2
1
2
1
1
1
1
1997
651
630
13
10
29
3
1
6
1
19
2
6
1
1
12
2
3
2
2
1
1
2
2
1
2
1
1
1
1
1
1
3935
3201
852
76
396
37
15
5
8
11
4
3
3
3
2
1
1
1
1
2665
2
850
36
4
2
12
1
1
1
10
3
1
7
5
1
2
3
1
2
1
1
1
1
2973
4372
579
206
27
35
1
216
4
99
5
3
29
20
4
8
3
3
5
5
2
1
2
2
1
3
1
1
1
1
3
1
1
1
3241
753
28
60
8
26
4
3
2
2
2
36
6
1
1
1
4
3
2
2
1
3232
1918
2510
1532
961
8
268
710
2
370
34
4
23
24
5
7
2
13
7
1
1
3
2
4
1
4
3
1
4
3
1
1
1
3797
2197
1101
102
133
41
37
139
2
87
25
6
22
14
19
3
7
2
14
4
1
1
1
2
1
3
2
2
2
2
1
1
1
1
1106
2594
123
66
50
14
4
2
30
9
9
2
1
2
3
2
1
1
1
1
1
2
1
1
1
2
1
2
1
4140
45
321
2
13
3
6
1
2
1
2
1
1
2
1
1
4
1
2
1
1
742
14
56
124
138
69
150
99
26
1
1
4
2
1
9
4
1
6
1
1
4
1
1
1
1
1
1
1
1
6503
425
384
190
13
51
31
15
4
4
47
2
4
2
4
3
1
1
1
2
1
1
1
1
1
1
833
3785
2422
338
164
91
38
62
47
91
18
36
9
21
2
3
1
1
3
1
1
1
1
1
3
2
2
2
1
3
2
1
1
1
1154
6203
481
195
52
60
3
5
1
5
6
23
1
3
1
2
1
3
1
1
1
1
1
2
2
2
1
1
1
3615
83
3319
258
33
27
4
15
7
1
4
11
7
1
3
1
1
2
1
2753
3088
1238
2645
149
362
163
40
588
205
60
30
26
1
3
15
1
10
2
13
1
10
3
1
6
1
3
1
4
2
2
1
2957
3506
904
36
34
68
56
58
19
179
43
18
35
30
2
18
2
1
22
11
6
3
2
3
8
2
4
5
2
1
1
1
1
2
1
1
3
2
1
1
3
1
1
1
3108
3492
2924
787
13
1
119
24
4
11
6
1
69
6
6
2
4
4
1
2
1
2
1
3
1
1
2
2
1
1
1
3454
1070
131
246
3
1
8
26
11
1
8
1
1
1
2
1
4
1
5
5
3
2
5
2
1
2
1
2
1
1
2
1
2
1
1
1
3646
3031
13
65
6
322
39
127
168
83
5
158
22
30
1
2
1
1
1
8
1
2
4
3
1
1
2
1
1
1
1
6
1
1
1
3087
3407
2852
1261
283
337
188
6
1
10
1
1
1
13
2
4
2
1
3
1
1
1
1
2577
2788
3217
631
769
116
173
1
5
1
68
318
10
3
41
8
8
1
5
1
4
1
1
2
3
2
4
1
1
1
3
3
1
1
1
1
2
1
1
1
1
4673
21
16
111
52
35
18
8
3
13
7
34
3
1
3
8
2
7
9
7
2
4
2
1
2
1
1
1
3
1
1
2
1
1
3
1
1
1
1
1
1
2882
3356
643
298
63
874
152
23
620
15
16
49
23
194
34
2
17
3
1
2
2
8
1
2
1
1
1
1
346
2888
3185
2917
1401
240
7
44
4
6
14
9
1
2
1
3
1
4
2
2
1
1
1
1
1
1
1
1
2711
3544
898
417
27
87
11
28
5
8
30
3
16
1
1
6
16
2
1
8
3
1
3
1
1
1
1
1
1
2805
178
68
24
3
56
26
11
6
3
2
6
4
4
18
2
2
2
1
2
1
2
1
1
1
1
3054
3713
886
56
151
81
18
70
1
75
7
18
1
2
6
6
3
6
4
2
4
4
7
1
3
2
1
2
1
1
1
1
1
1
1
1
1
4032
32
231
225
420
13
1
25
18
2
3
4
4
2
2
1
2
2
1
2
1
2
1
2
1
1045
94
108
141
86
17
3
14
2
5
5
2
1
10
8
2
5
1
3
2
1
1
1
2
1
3504
4185
10
73
2
7
4
12
7
6
1
5
1
2
2
1
1
1
3
1
1
1
3810
3067
112
206
60
215
21
2
8
12
20
9
2
3
26
3
1
3
3
2
5
1
2
1
1
1
1
1
1
193
2848
245
86
1
30
13
152
21
23
14
1
6
10
5
3
5
2
1
5
1
1
1
1
2170
3304
194
8
653
1
4
1
38
10
30
2
13
1
3
2
3
1
2
2
1
4
1
1
1
1
1
2
2
1
1
1
3778
270
3592
107
67
66
4
27
33
1
34
1
1
3
2
1
2
1
2
1
3
3
1
1
1
1
2599
625
187
99
28
6
3
3
13
1
5
3
1
1
1
2
2
1
1
4462
594
599
149
2527
44
3
87
18
29
11
17
3
3
3
2
5
2
1
1
1
1
1
1
1
1
1
3080
2163
3208
11
2
40
32
4
9
1
18
8
1
5
1
1
6
3
2
1
2
1
9
3
2
5
1
2
1
1
4
2
1
2
2
1
1
1
1
4175
2170
2447
127
162
48
153
5
13
223
14
8
4
13
5
14
1
1
3
1
3
4
1
3
1
2
1
2
1
1
1
1
2515
3584
3288
214
39
14
158
148
275
2
97
30
70
9
24
25
3
4
36
5
7
4
2
2
9
5
1
2
6
2
1
6
5
1
1
2
1
1
1
3295
193
986
11
214
135
10
59
39
47
3
3
3
3
2
25
4
1
4
1
3
2
2
1
1
1
2
3
841
3618
2433
672
366
157
7
10
69
2
17
6
1
1
8
1
2
1
1
1
2
8
3
1
1
1
1
1
3108
437
279
19
8
7
20
27
15
27
10
6
11
4
2
1
1
1
1
1
1
51
729
2946
69
143
5
2
4
7
1
3
2
13
2
1
2
16
2
2
1
3
5
2
1
1
3
1
1
1
1
1
1
3562
3459
2834
580
8
54
5
27
12
4
1
1
5
9
3
13
2
5
4
2
1
2
4
1
2
2
2
1
1
1
1
1
2797
3370
1838
1318
512
542
497
3
9
45
24
57
13
2
1
1
1
11
6
2
1
1
1
4
3
1
1
1
1
2
1
1
1
1
151
593
159
87
13
11
10
2
1
28
1
1
1
10
3
2
3
1
1
2
5
5
1
1
1
1
3
1
1
1
7028
107
1
7
5
1
10
6
4
2
1
5
2
3
2
3
1
1
3
2
2
1
1
2
1
1
1
1
1
1847
4399
902
54
2725
13
37
95
1
88
9
10
50
3
22
4
7
3
3
3
1
7
2
1
1
1
1
1
1
1797
942
3249
713
2745
191
173
354
566
9
70
10
2
18
7
1
36
2
1
4
2
3
15
6
1
3
2
1
1
2
1
2
1
1
1
1
1
1
1
2956
3041
669
3889
182
110
65
11
3
5
2
1
4
21
6
3
3
1
5
1
2
1
7
1
1
2971
619
137
114
1
1
28
23
17
1
2
1
1
10
16
1
1
1
4
1
1
2
1
1
1
1
1
53
52
8
4
35
19
8
14
1
3
1
2
2
2
2
5
2
2
1
1
2
2
1
1
5994
281
751
1288
37
2
28
6
15
3
44
11
26
7
26
2
1
1
4
1
1
2
1
2
1
436
636
18
2
2
1
2
2
2
2
3
1
4
4
2
2
3
1
1
1
1
1
1
1
2993
23
5
82
36
70
23
28
27
7
1
69
1
2
5
23
8
5
3
2
1
7
2
6
3
1
2
1
2
1
1
1
4033
2427
3683
19
304
131
23
4
4
1
2
1
12
1
6
3
1
2
1
1
2
1
1
1
1551
3407
1028
93
422
12
19
1
20
1
1
2
6
1
15
3
2
6
1
2
1
3
2
1
4
1
1
2
1
3323
1006
233
37
65
107
14
25
13
4
13
12
1
1
1
4
2
3
4
1
1
1
2
2
1
2
1
2
2
1
847
1
3885
74
81
47
43
8
5
3
3
7
17
8
11
3
1
3
1
2
3
1
1
1
1
2
1
1
1
4
875
6667
2
521
1
23
3
6
2
28
4
1
1
2
1
1
1
1
1
1
3831
3643
12
487
65
163
28
35
35
4
1
5
7
10
6
2
1
1
2
1
1
2374
3416
1660
251
155
747
254
1024
85
594
87
6
33
5
1
1
45
2
5
5
3
6
4
3
5
1
1
3
2
6
3
1
2
1
1
1509
37
3246
3914
269
19
3
10
1
10
2
4
1
40
4
7
7
6
2
1
6
1
2
2
2
2
1
1
1
1
1
1
1
1
2
4
22
12
2
24
12
2
41
6
16
1
10
1
3
1
2
1
1
1
2
1
1
2
1
1
3439
3688
2661
1006
137
56
24
30
2
1
14
7
4
2
1
3
3
4
2
1
1
3
2
1
1
4266
3860
4
117
15
18
55
6
53
20
13
19
6
2
1
1
1
2
1
1
1
2
1
2
1
1
1
3313
4463
6
8
6
12
4
3
7
1
3
2
6
3
2
5
1
1
1
1
1
1
1
1
2891
4070
113
804
263
25
2
107
31
40
2
6
1
14
11
1
1
15
1
2
2
3
1
2
7
1
1
2005
3321
3359
286
59
151
14
2
4
1
1
2
3
1
1
2
1
6
5
1
1
1
1
1
1
3216
1056
2816
1046
979
3
395
13
49
76
2
4
1
14
7
6
3
8
1
10
1
2
6
1
1
1
2
4
1
2
1
1
1
3342
403
67
2
10
68
19
33
61
6
22
34
2
2
1
4
1
9
2
3
1
1
5
1
2
1
1
1
1
3648
2178
143
1331
17
13
166
159
248
12
23
58
23
14
1
11
6
3
1
1
1
1
2
1
1
1
1
1
4927
4004
284
13
28
1
1
4
1
7
14
1
3
2
1
3
3
1
1
1
1
1
3415
2686
3801
43
46
84
34
1
17
5
10
8
2
17
15
2
1
1
2
3
1
2
1
2
1
1
1
4203
2821
32
71
4
140
254
7
28
2
26
19
8
1
2
3
1
2
1
1
1
4
1
1
1
1
1
1
1
1
6064
127
106
25
174
159
310
3
15
12
1
4
9
6
2
2
2
6
2
1
2
2
1
5
7
1
2
1
1
1
1
2
1
3783
3229
852
52
6
126
4
2
3
2
14
1
1
2
5
1
2
6
4
1
1
1
1
1
2
1
1
2682
202
4117
3002
272
39
94
26
45
2
2
2
4
1
2
17
1
2
6
4
5
1
2
2
2
1
1
1
2313
1552
2074
1044
129
181
6
26
182
21
107
41
7
2
5
45
8
27
64
4
1
2
3
1
2
7
2
1
3
1
1
1
1
1
1
1
2352
1127
1
3413
413
5
11
108
18
15
43
18
1
18
5
13
1
3
1
1
5
1
2
6
1
4
2
1
3
2
1
2
2
1
1
1
7137
218
110
4
13
161
8
2
5
4
22
1
1
12
1
2
5
4
3
1
7
5
2
4
1
3
1
1
1
1
1
1
1
1
2351
1472
3274
224
208
348
314
1
16
9
21
8
4
9
1
19
1
7
1
2
1
2
11
2
1
2
2
1
1
1
1
1
1
1
1
3213
2975
68
3084
199
650
178
72
178
4
15
6
19
1
21
8
1
4
2
2
1
11
2
2
3
1
1
1
1
4675
4
621
519
1
39
4
7
2
10
5
2
1
3
1
1
2
5
1
1
1
1
1
3
1
1
6
3460
1499
99
3292
56
157
2
11
16
4
10
2
5
2
2
1
3
5
4
3
3
1
5
2
1
2
2
1
1
1
418
2824
2359
859
430
529
2577
606
24
127
32
30
2
17
72
24
31
44
2
1
9
1
1
4
1
3
1
3
1
1
1
2
1
4
2
1
1
1
6140
110
207
37
314
23
221
2
1
12
1
2
1
6
6
4
2
1
6
4
1
3
1
1
6
4
1
1758
3727
450
46
131
568
9
135
76
4
9
13
18
20
4
1
5
11
3
2
3
1
1
4
2
1
2
1
1
1
1
1
2175
2232
102
1452
141
53
2
1
1
1
1
2
1
1
1
1
3359
4333
193
234
51
11
16
52
88
11
7
1
19
1
12
1
2
1
3
1
4
1
1
1
1
3680
1906
13
57
1634
346
143
56
4
57
7
36
2
19
1
5
2
7
7
1
2
3
3
1
1
2
1
1
1
1
2
1
2
1
3767
447
100
66
42
42
1
7
1
3
8
3
8
22
10
1
6
3
3
3
4
1
1
2
1
1
72
23
88
17
19
64
23
23
2
23
22
10
1
1
2
4
3
1
1
1
1
1
3
7
1
1
1
1
1
2968
2564
770
299
834
407
134
27
164
10
1
3
5
13
13
4
1
1
2
2
2
1
1
662
99
8
88
135
22
5
18
31
10
2
1
1
2
7
7
1
4
2
1
1
1
1
3368
3893
1462
143
228
25
1
1
4
3
1
1
1
3
3
1
1
6
1
1
1
1
2
5
1
1
3
3
1
1
1
2357
3620
3714
121
192
13
385
2
15
9
10
4
3
1
2
1
3
11
1
2
5
3
3
1
2
1
1
2
1
1
2
1
1
3691
2813
278
3
1
4
6
1
7
3
2
1
2
1
2
1
4
6
1
2
1
1
1
1
1
2555
625
3362
671
328
30
122
4
6
1
4
1
4
1
3
3
1
1
1
1
1
2940
111
2745
1
29
169
70
42
1
13
27
36
10
2
2
1
2
9
2
1
2
4
1
1847
2845
1314
161
569
23
2
12
9
9
1
4
1
6
2
1
1
1
1
1
1
1
4
1
1
1
1
1
3272
1176
1312
100
140
275
16
60
5
18
9
10
3
15
3
1
3
4
2
5
3
1
1
2
2
2
2
1
1
1
2863
668
3889
182
103
50
422
36
205
11
74
95
30
7
1
15
13
2
1
1
1
1
1
1
2
2
1
2
2
1
1
1
1
2393
395
856
3312
111
119
77
215
46
2
110
7
1
19
2
4
1
17
28
16
1
7
1
1
1
2
4
3
2
14
1
1
1
2
1
1
1
1
1
1
1
1
588
4979
2804
37
17
112
9
22
14
3
19
13
19
4
1
1
1
1
1
2
2
2
1
1
1
1
1
1
1
1
1
1
1
1
837
2570
49
667
57
47
47
21
24
6
8
5
3
1
1
1
2
1
1
1
1
2
1
1
1
1
6470
200
8
219
14
1
15
6
1
1
1
6
4
1
1
1
1
1
3
3
3993
2931
696
323
5
23
4
107
14
3
30
11
15
6
35
1
35
7
5
5
1
3
1
2
1
1
1
3489
36
1
2899
2753
130
965
183
285
76
5
15
26
44
7
1
2
11
13
7
13
10
2
3
5
4
4
4
2
1
7
2
2
1
1
1
1
2
1
1
1
4722
6
36
1
14
4
6
8
1
4
7
1
1
1
4
4
2
1
3
1
1
1
1
1
1
1
1
1
2
1
3904
38
68
7
2
1
37
12
3
10
2
4
8
3
4
1
1
3
1
1
4
2
2
1
1
1
975
20
32
112
40
55
2
9
1
3
5
2
11
1
7
1
2
2
1
3855
221
500
15
56
43
2
2
1
3
3
6
1
1
2
6
6
17
1
1
3
5
2
5
2
1
4
1
1
1
1
1
959
1828
3613
2956
825
4
252
70
9
5
5
36
3
3
10
2
5
1
1
3
5
8
1
3
1
3
2
1
2
1
1
1
1
3192
3709
1278
2009
470
57
5
243
10
1
15
61
3
5
15
1
8
10
1
1
13
13
3
1
4
1
1
1
1
1
2
2
1
1
1
1
2
1
1
1
1
2793
274
436
4237
549
68
217
35
20
59
9
56
3
2
3
14
1
3
2
1
5
1
6
2
2
4
1
8
1
1
1
1
6
1
1
1
2
1
2
1
2719
172
2260
867
98
155
867
254
522
115
15
79
6
1
5
2
3
1
16
2
1
1
17
6
1
1
2
1
4
1
3
4
1
1
1
1
1
2
1
1
5432
427
161
629
18
222
59
85
11
5
22
5
12
2
2
10
6
1
46
10
1
3
10
1
5
1
3
7
2
10
3
4
1
2
1
1
1
2
4380
4405
150
91
288
82
10
8
21
21
24
4
1
3
7
2
2
2
1
3
6
9
2
5
2
7
1
1
1
1
2
1
1
1
1
4116
1160
163
243
43
48
81
3
4
3
6
1
2
3
3
2
7
2
1
2
1
1
1
1
1
1
2
1
1
2614
4228
1018
521
207
20
176
6
34
59
25
50
31
1
37
2
4
2
3
1
1
1
3
2
1
3
1
1
1
3
2
1
1
1
3913
568
236
322
3
56
16
1
4
10
2
1
8
2
1
10
3
1
1
2
1
1
2
1
3399
3297
945
786
17
2
36
24
35
3
1
3
4
8
3
3
3
3
17
1
1
1
2
1
5
1
1
2
2
1
3
2
1
1
1
1
1
1
4357
943
1687
2
121
8
7
1
21
9
1
14
1
3
2
3
2
3
2
1
2
2
1
1
1
2
1
1
1
1
10
3618
3027
488
2
2
13
2
2
3
2
1
1
1
1
1
1
9
3
1
2
2
2
1
1
1
1
2
1
3160
1332
1996
1896
220
692
764
95
5
5
1
46
12
2
2
2
1
2
3
2
1
1
1
1
3765
3732
741
37
1
41
4
35
31
48
3
5
2
3
2
2
4
2
4
2
1
2
2
1
1
1
1
1
3390
400
2649
37
1
65
1
1
8
1
2
2
3
2
2
1
9
1
6
3
2
2
4
1
1
1
3177
598
1636
2624
1497
419
14
11
4
1
2
9
13
26
3
1
4
5
13
17
2
2
1
1
10
2
2
1
1102
208
2907
3199
720
85
6
15
132
12
49
29
1
3
1
3
9
3
1
7
1
2
1
1
2
4
2
1
1
1
1
1
3868
1884
3776
4
2
45
50
3
7
5
8
1
1
1
2
1
1
1
1
1
3
1
1
2
1
1
68
1
34
10
10
2
8
1
9
2
3
1
2
2
5
5
1
2
1
1
1
1
1
1
1
1
1
3222
1126
3157
2428
105
55
90
51
70
16
2
27
9
3
11
9
5
1
2
5
3
2
3
3
3
4
1
2
1
1
1
2
1
1
2
2
1
1
1
2041
4727
846
70
523
49
218
25
1
110
3
4
21
40
2
1
2
5
4
5
1
6
5
21
17
1
1
2
4
1
1
2
2
1
1
1
1
1
3006
3860
157
33
456
137
3
17
2
2
1
51
17
1
1
1
4
1
4
1
1
1
1
4
1
3
2
1
1
1
1
1
1
2694
3182
1113
2874
296
140
85
621
142
10
1
112
15
3
126
5
5
2
2
26
2
3
3
4
5
5
2
2
2
1
1
1
2
1
1
1
2969
92
37
48
42
14
6
2
1
3
2
2
2
8
1
1
2
5
1
1
3
1
2
5
1
1
1
1
1
4366
10
1
24
31
17
4
7
9
22
1
3
1
2
3
8
1
2
6
1
5
1
1
2
5
1
1
1
1
1
1
1
1
1536
1698
2167
3309
2363
20
4
2
10
7
1
2
6
1
4
12
7
2
4
5
4
6
1
11
2
1
1
1
2
1
1
1
1
1
1
1
2
1
1
2273
889
5
45
57
18
3
24
1
2
3
2
2
5
4
10
3
2
10
4
1
1
2
1
1
1
1
3617
3746
439
44
93
1
123
43
22
5
13
3
3
16
3
3
9
5
6
3
4
5
4
1
3
1
1
2
5
1
1
3
3
1
1
1
1
2634
774
92
7
2
3
2
16
14
1
2
4
2
2
2
1
1
4
1
2
2
1
1
1
1
1
1
1
1
2
7
47
69
9
2
1
6
8
6
10
2
4
2
1
1
1
1
2
1
2
1
1
1
2
1
1
1
2488
19
7
127
39
4
2
1
20
1
3
1
3
1
1
4
1
5
4
1
1
1
2
1
1
1
2
3236
966
275
4171
18
4
78
6
2
6
4
1
1
2
3
1
1
2
1
1
1
1
3408
3638
432
27
43
9
31
24
1
11
11
2
6
9
1
1
14
9
1
16
1
6
2
2
4
1
1
2
1
3
1
3047
3017
624
3685
1
83
1
2
12
15
2
5
2
3
1
1
5
2
2
1
1
1
2
1
341
3337
1963
77
477
48
164
65
40
6
3
27
2
3
5
1
7
3
2
1
1
1
2
1
314
125
5
10
1
6
2
1
6
1
2
1
2
1
1
2
1
4295
4
1659
390
72
93
148
2
24
43
2
3
3
7
4
1
1
2
2
1
1
1
3
1
90
70
10
13
34
8
7
3
14
15
2
17
1
13
2
1
1
2
1
2
2
1
1
393
6307
102
280
783
94
107
2
2
11
66
6
4
10
23
1
37
25
2
4
2
1
4
6
2
1
2
4
1
2
1
2
1
2
1
1
3979
188
3543
249
4
3
12
121
41
17
1
2
11
3
4
3
3
2
1
2
6
2
1
1
1
1
1
1
454
368
63
2
36
419
17
5
11
3
43
4
1
11
12
1
1
8
2
1
1
3
2
1
1
1
1
1
1
1
1
1
2
1
1
1
3540
881
92
1
18
17
8
12
10
6
2
5
1
1
2
1
2
1
1
1
2
2
1
2
1
1
4612
3293
64
30
19
142
410
30
99
1
3
5
3
4
3
6
8
3
11
9
4
4
3
3
4
1
2
2
2
1
1
1
1
3
1
1
1
3623
3671
3
258
64
4
3
4
3
18
3
14
1
5
5
1
3
3
4
6
4
3
1
4
1
1
2
2
1
1
6571
386
291
140
10
3
9
5
30
12
4
3
8
6
3
19
2
1
3
1
1
1
1
2
2
2
1
1
1
1
3149
3312
2436
170
441
6
15
165
133
38
3
2
54
3
19
4
11
2
6
2
1
1
2
1
1
1215
4990
208
1773
540
3
492
87
17
33
54
1
2
4
5
5
1
3
4
2
1
1
2
1
1
1
1
1
3070
3103
732
818
312
3
2
107
1
33
19
48
15
3
3
1
16
1
1
1
1
3
3
2
4
1
1
2
1
3
1
1
1
1
2883
3420
382
64
15
20
3
2
2
10
2
11
2
1
4
2
3
2
2
1
1
2
3
1
1
1
1
1
1
3047
3559
113
1683
132
3
157
811
171
119
83
47
7
23
3
2
5
1
3
1
3
2
1
1
3
2
2
2
1
2
1
1
1
2888
703
175
99
8
12
22
15
3
14
17
17
5
1
1
2
3
4
1
3
1
1
1
48
3845
3505
408
32
52
37
81
1
5
2
9
1
1
2
1
1
1
1
1
1
5
3
27
8
12
8
1
1
3
4
3
2
1
2
2
4950
1683
51
530
1
35
2
14
4
2
4
1
1
3
1
5
2
4
2
6
1
2
1
1
5
2
1
2
5
2
2
1
4
1
1
1
3308
3609
191
19
363
19
7
32
5
91
21
2
6
3
2
11
3
3
4
2
1
1
1
1
1
1
1
1
1
1162
2628
248
11
16
21
12
17
1
2
7
3
3
2
3
1
1
1
3
1
1
1
1
1
1
1
1
78
44
53
18
17
5
56
9
3
5
1
1
25
4
18
1
5
1
1
1
2
3
3
2
1
1
1
1
763
3059
926
959
326
586
333
24
37
5
3
36
4
13
4
10
4
1
3
1
2
1
1
1
1
1
1440
1831
1948
3064
415
557
118
107
75
57
50
76
2
1
5
1
9
2
1
5
4
4
4
5
1
1
7
2
1
3
3
1
1
1
158
282
3454
2310
159
456
428
553
89
24
4
5
3
4
13
5
18
2
2
2
1
1
1
1
1
1
1
1
2
2114
3401
2609
1113
870
26
27
54
321
3
37
11
30
13
1
10
1
1
5
3
1
1
4
2
3
1
1
1
3
1
2
1
2
1
1
1
3035
2359
1275
739
169
94
3
49
23
1
1
1
8
10
1
3
1
3
2
1
5
4
1
1
1
2
1
1
1615
2190
2859
204
3495
9
275
2
51
22
3
3
61
3
56
2
20
9
10
2
4
7
2
3
2
2
2
1
2
1
1
1
1
1
1
1
2405
3879
2273
373
197
144
930
1
3
20
6
9
2
9
2
1
1
2
2
1
1
2
1
1
3076
4785
11
15
1
4
5
9
1
17
5
12
3
2
11
2
10
6
3
2
4
2
2
3
3
3
1
1
1
1
1
1
1354
189
6
2
6
71
36
22
1
5
35
1
11
1
8
1
6
2
2
1
2
1
1
1
1
1
1
47
85
13
74
4
3
18
7
2
2
1
1
3
1
1
1
1
1
1
1
2789
4181
426
85
2
2
6
196
142
46
3
5
4
2
2
1
2
2
4
5
6
3
1
1
2
2
1
2
1
1
2
4
141
26
2
1
14
3
2
2
1
1
1
2
1
1
1
1
1
1
1
1
1
2840
4049
315
654
46
5
3
23
10
1
4
1
1
1
1
8
3
3
2
1
1
2
1
1
1
512
327
80
3
2
14
2
2
3
6
9
1
4
1
14
2
1
1
1
1
1
2
1
1
2
1
1
367
2652
2627
352
960
50
34
10
1
5
2
17
19
64
4
12
4
2
12
8
8
7
1
3
5
8
1
1
2
1
3
2
1
2
1
1
1
1
1
1
3721
175
865
2775
239
667
781
39
22
71
56
12
48
2
5
2
2
3
1
1
2
1
1
1
2
1
1
1
1
1
1
3248
2331
102
1233
272
62
76
7
54
4
21
6
10
1
1
1
2
2
1
1
1
1
1
1
960
2840
26
2390
628
2715
270
151
202
87
12
71
62
13
21
7
4
6
8
1
2
5
1
1
2
2
1
3489
3285
103
46
23
67
13
1
5
3
4
4
2
3
5
1
6
1
5
2
1
1
8
4
3
1
1
2
1
2858
851
2616
2688
208
549
816
99
7
592
484
10
7
5
35
22
9
1
2
2
5
14
7
2
6
6
3
1
1
2
1
1
3096
1056
225
758
1726
240
255
29
27
11
14
20
26
18
1
4
3
1
3
5
2
4
1
2
1
2
1
2
1
1
3240
77
59
16
2
31
3
1
2
5
3
4
4
17
2
1
1
2
2
1
1
3
1
2
1
1
1
1
1
1
3033
4057
43
2070
52
219
40
65
121
12
15
16
63
1
3
10
8
1
5
1
1
1
6
1
1
1
1
1
1
1
2939
1543
1101
52
1976
1961
16
155
19
196
104
20
1
29
21
1
8
4
1
3
1
3
3
3
1
1
1
1
1
1
1
1
1
1
1
3129
3173
6
550
113
19
62
11
13
30
2
16
9
4
3
1
1
1
1
4
1
1
1
1
2
1
1
3012
949
26
342
1111
400
94
7
1
5
8
4
4
5
9
17
26
3
2
11
6
9
1
3
3
2
2
2
1
1
1
1
1
1
3006
49
1092
192
158
17
6
37
3
5
5
8
1
65
1
6
4
5
5
1
10
1
2
2
2
1
1
2
1
2
1
1
1
1
1
1
6768
322
925
9
23
6
3
1
4
1
26
1
3
1
1
6
1
1
2
4
2
1
3
2
4200
20
3682
267
12
56
17
5
18
1
10
1
15
9
8
2
1
2
7
1
1
4
2
4
3
1
1
1
1
3132
62
56
75
34
10
11
3
7
1
1
6
2
6
5
1
2
5
1
1
1
1
2
3
1
1
1
1
1
1
1
1
2586
100
2604
36
7
3
15
5
2
2
2
5
13
3
7
2
1
3
1
1
1
3
2
1
1
1
1
2448
2701
604
72
269
5
10
3
25
39
1
13
7
8
11
2
1
10
1
1
5
1
1
1
1
3010
2226
1480
3040
676
13
287
224
33
3
14
8
3
2
7
18
1
1
1
1
1
1
1
1
1
1
1
2
1
1
3698
4104
382
91
56
46
1
17
2
1
2
2
8
4
1
2
1
1
1
2
3
2
1
1
1
1
1
4088
348
561
347
161
44
29
122
33
2
14
1
3
3
1
1
3
1
2
1
1
1514
3428
203
130
195
347
137
12
37
1
6
9
13
24
6
2
2
1
3
3
1
1
4
2
3
1
2
1
2
2
1
3
1
1
1
1
2462
430
102
27
1
13
2
1
2
2
2
2
2
2
1
1
2
5
1
1
4231
2918
130
5
2
1
13
1
5
2
2
6
1
3
2
2
1
3
1
3
2
1
1
1
1
2
1
1
1
2
1
1
2582
26
317
1
989
44
10
93
3
3
13
2
2
8
29
8
3
5
2
3
4
5
9
4
5
1
1
1
1
1
1
2
1
1
2414
3446
2974
105
905
219
358
140
29
1
191
80
11
6
24
9
7
50
20
6
28
22
3
1
2
3
7
2
1
2
4
1
1
1
1
3544
2088
1442
1273
63
12
42
19
98
3
66
5
15
6
14
2
6
20
9
8
4
3
6
3
2
2
1
1
1
1
1
1
1
4399
3176
1
380
392
710
1
1
21
10
4
2
13
4
4
6
3
3
1
4
1
2
1
3066
4364
38
2621
27
6
7
2
35
36
21
4
1
7
3
2
1
2
1
4
2
1
1
1
1
1
1
1
1
5940
59
53
255
57
41
3
79
1
1
16
3
3
8
1
3
1
7
4
1
1
4
2
1
1
1
1
1
1
2
1
1
1577
1793
3842
1180
36
8
1311
143
121
5
124
49
42
77
18
9
3
2
24
4
3
8
12
3
2
1
1
1
1
1
4
3
1
2
1
2
1
1
1
1
2578
450
4296
362
1032
11
16
5
7
1
24
22
10
5
3
1
1
2
1
76
77
1
2
53
1
12
1
6
3
1
1
1
1
1
1
2
1
1
1
1
3477
2695
3563
44
3
1
2
10
1
7
1
1
2
2
2
3
1
1
139
99
16
3
78
11
14
4
1
7
26
1
1
1
4
24
5
2
2
1
2
1
1
1
1
1
1
3534
3398
2990
553
16
9
178
206
11
20
1
21
1
1
1
6
7
26
2
2
2
1
1
5
1
1
1
1
1
2
1
6686
52
277
363
298
6
5
28
1
3
96
14
9
4
1
2
3
3
1
3
1
2
2
1
1
1
1
2274
1598
3543
18
6
13
5
6
2
3
5
1
1
1
1
1
2876
1452
134
1
11
55
12
3
12
11
7
3
3
12
15
4
2
1
3
1
2
1
1
1
2622
2109
4149
11
26
317
958
85
16
6
24
1
10
6
4
20
5
1
2
18
2
1
3
10
1
1
2
1
2
1
1
1
1
1
2719
313
93
562
9
801
93
3
11
18
7
1
1
4
26
2
5
2
1
1
1
1
1
2
1
3609
3777
2815
7
139
117
103
7
15
16
13
2
1
2
1
4
1
1
1
1
1
1
2
1
1
690
3181
2321
668
32
2
6
2
14
4
2
2
1
1
1
2
2
2
1
1
1
3136
1058
116
10
5
30
1
5
3
2
2
1
1
1
2
1
2
1
2
1
1
1
1
2
1
2
1
1
3256
3618
15
2301
574
211
34
39
32
43
16
2
1
1
2
2
2
2
5
1
4
4
1
1
1
2
1
1
2842
209
9
5
2
1
2
3
1
4
5
8
5
1
1
4
3
1
3
4
2
1
1
172
12
1
59
9
11
6
18
1
1
1
2
6
1
1
6
2
4
1
2
1
1175
2604
6
62
3
1
13
3
1
2
6
2
2
3
3
1
1
5
1
1
1
1
1
1
1
2
1
2
2
1
1
1
3713
2742
225
991
368
585
39
31
65
2
5
35
9
12
2
2
4
3
7
1
1
10
1
2
4
1
1
1
4013
40
39
21
3
6
13
18
3
11
7
4
20
14
1
30
1
4
1
2
1
1
3
2
2
1
1
1
1
1
1
1
4241
3051
2262
229
4
44
1
53
3
52
5
50
2
6
2
18
18
2
16
6
4
4
2
1
1
1
1
1
167
108
66
148
2
15
2
2
9
2
1
3
12
2
5
1
1
1
1
1
2
2
2
1
183
166
299
650
79
16
19
58
5
8
52
21
10
7
5
1
2
6
1
6
1
1
10
3
2
6
2
1
856
45
1
1
1
3
1
5
1
2
1
8
1
7
1
1
1
1
1
1
1
1
1
3198
659
521
229
252
96
39
19
2
38
84
1
16
4
17
1
3
14
1
1
2
2
1
1
1
1
2
1
3017
847
1288
464
24
29
72
30
17
2
4
5
3
4
3
1
1
2
2
3
1
2
6
2
2
1
1
1
1
1590
1774
4220
24
21
53
125
5
16
5
4
7
4
8
2
2
7
3
3
3
2
1
1
3
1
1
1
1
1
1
1
6674
141
180
8
1
30
2
5
46
1
49
1
8
5
1
5
1
2
7
3
2
1
2
2
1
1
2
2
1
1
3822
640
2611
21
152
21
6
1
6
1
21
15
2
44
1
2
7
2
4
1
3
2
3
1
2
2
1
1
1
3773
294
894
15
89
115
3
14
21
1
3
1
7
6
4
2
1
2
2
1
2
1
1
1
1
226
194
609
179
50
11
30
19
118
3
2
5
7
8
1
3
2
4
1
1
3
2
1
1416
3137
3386
559
143
261
317
6
6
178
24
1
3
2
15
3
1
3
2
6
1
1
1
2
16
1
3
1
1
2
1
1
1
1
1
2
1
1
1
1
1
2739
3257
3586
658
234
36
96
10
40
29
2
3
14
1
2
20
32
3
3
1
1
1
2
1
1
1
1
1
53
721
142
11
6
52
5
1
1
2
3
3
8
4
3896
176
30
83
48
24
7
14
2
14
5
2
1
4
1
1
2
1
2
2
1
1
2
1
1931
822
3377
597
232
311
13
60
7
47
97
12
15
7
2
18
8
2
4
4
8
2
1
1
1
1
2
1
2
1
3
2
1
1
1
1
3246
2765
3075
139
23
14
118
254
42
121
3
99
46
2
1
15
14
2
4
6
6
2
1
1
1
1
7
1
1
1
1
1
4126
8
98
11
17
2
2
6
2
1
2
1
1
1
2
1
1
1243
2788
2660
3453
22
31
6
2
79
14
48
53
6
11
4
1
21
1
1
1
1
5
2
1
1
2
1
1
1
2379
3580
3712
212
17
55
58
65
27
9
7
6
8
2
3
2
1
2
1
2
1
1
1
1
1
3403
3452
134
127
658
240
3
83
8
31
1
26
52
5
9
2
21
15
1
10
1
2
3
1
1
2
5
1
1
1
1
1
2937
3199
571
328
420
50
13
23
163
2
14
12
5
1
1
3
3
1
2
1
1
2
1
1
4
3
2
2
1
1
5067
1
5
1
5
17
2
1
1
1
3
1
1
2
1
1
1
3399
3683
3165
44
78
5
176
8
40
40
41
4
10
4
5
19
7
3
1
1
4
2
1
5
1
1
1
1
5
1
1
1
1
1
3149
2983
708
229
8
28
1
3
1
4
1
1
1
4
1
1
121
3511
67
56
12
1
10
8
1
7
1
3
2
3
3
1
2
1
3
1
2
1
1
3405
2835
845
371
277
104
19
5
3
2
3
8
3
1
1
1
3
1
1
2
1
2
1
2
1
1
1
2251
3221
3954
55
56
11
14
2
2
4
13
2
1
5
1
2
2
2
1
3
3
6
1
2
2
1
3532
280
51
38
13
1
3
35
4
2
1
2
5
3
1
2
1
5
1
2
2
1
1
1
1
1
3095
392
2
15
8
6
24
43
17
11
8
1
1
1
1
2
1
5
2
1
1
2
1
1
1136
2706
1
7
18
19
14
3
9
2
2
19
6
1
2
3
4
1
6
1
1
1
1
2
2
3
1
90
2
164
10
3
33
34
5
13
5
7
5
3
4
2
9
1
2
1
2
3
1
1
2
4130
1057
262
92
1
1
27
15
4
16
6
25
1
1
7
5
1
1
1
1
2248
2477
133
5
185
99
1
13
2
3
3
12
1
1
1
5
2
1
2
1
1
1
1
1
3441
3349
887
5
206
2
7
10
79
66
17
13
2
5
4
7
2
3
8
1
1
1
2
3
1
1
1
1
1
1
3257
544
499
2813
112
3300
230
46
1
1
29
1
6
3
3
1
4
2
1
5
15
2
5
2
2
1
1
2
1
1
1
5913
95
887
5
206
49
3
9
3
30
7
12
5
10
6
5
3
1
1
5
3
2
4
1
2
1
1
1
4022
1824
1633
554
173
10
4
61
1
2
1
3
1
1
5
9
1
1
1
1
2
1
1
1
4484
3343
106
321
39
26
17
12
3
3
9
6
3
3
3
2
2
1
3
8
1
685
21
144
300
645
10
75
2
14
10
2
3
29
2
5
1
17
1
1
1
1
1
1
1
2599
334
57
10
84
16
3
6
7
1
3
2
1
1
1
1
1
1
1
1
1
1
3215
3845
2
484
12
31
394
86
14
6
16
54
6
1
2
1
1
1
2
1
1
1
1
1
3
1
2
1
2601
2945
871
1762
2228
1078
5
79
54
41
11
4
3
4
2
4
2
1
1
2
1
1
4
2
1
1
1
1
2
2
2
1
1
1
1
1
1
1613
451
2793
4
10
1
2
18
1
6
3
1
4
8
6
1
5
1
1
9
1
3
2
1
1
1
1
1
1
1
1
3736
397
123
2913
2725
111
395
55
3
2
26
9
2
1
1
3
4
1
4
2
3
4
2
576
2822
2437
601
573
98
8
22
10
1
8
21
2
1
2
3
3
3
1
1
8
4
2
1
1
2
1
1
1
2659
3383
4097
1
286
5
11
30
59
2
64
2
11
17
1
1
1
2
1
1
1
2
3
1
3
1
1
1
1
1
1
1
2661
2410
884
2557
83
713
346
113
318
3
1
413
1
10
17
32
2
9
14
10
3
1
4
3
2
1
1
1
1
4
1
1
2
1
1
469
147
32
9
86
5
1
2
23
3
2
4
3
10
2
4
6
1
2
1
1
4
2
3
1
1
1
1
2
1
3806
302
2
69
75
10
35
6
24
17
2
10
8
41
1
1
13
2
1
2
1
6
2
5
1
1
1
1
1
1
1
1
2
1
1
1
982
4254
19
4
15
7
2
1
1
2
1
1
4
5
1
1
1
2
1
1
1
1
2
1
1
811
1698
1202
2777
1400
1036
1993
10
195
181
131
1
1
33
17
1
30
5
6
4
4
1
4
1
3
1
1
1
1
1
568
2720
3802
1189
220
2274
130
7
6
13
6
13
11
2
1
4
2
4
10
4
1
3
2
1
2
2
1
2
1
2
1
1
3
1
1
1
1
1
1
3691
2400
172
782
85
224
60
11
50
41
26
26
6
2
1
6
1
2
1
7
2
2
1
4
1
3846
2075
258
378
78
83
5
75
1
39
11
13
50
1
3
3
1
2
2
3
1
1
1
1
2
2
1
1117
3141
2782
2552
22
282
150
138
92
76
85
48
1
13
1
5
1
11
3
12
9
8
1
2
1
1
1
1
1
2121
4369
755
47
47
34
1
7
45
7
2
8
1
1
2
3
8
4
5
1
1
3
3
1
1
1
2
3
3
2
2
1
2
2
1
1
1
1
956
3448
2
2985
99
257
6
14
92
12
15
6
1
2
7
1
18
1
1
3
1
2
1
3
1
2
2
1
1
1
4350
8
303
8
2
14
10
16
25
31
1
3
4
1
3
1
1
3
1
2
1
1
4169
3570
47
282
200
24
21
4
28
2
5
1
2
1
5
7
2
9
1
1
1
2
2
2
1
1
1
2798
266
2506
194
283
6
60
92
63
388
8
85
5
4
14
1
2
1
12
8
2
3
1
1
1
2
1
3
1
1
2
1
3
1
1
1
1986
4360
113
57
56
160
38
4
4
14
23
4
1
1
11
2
2
1
3
5
2
1
1
2
2
1
2
2
1
1
1
3792
10
64
2
13
1
4
8
1
3
7
1
1
5
1
1
1
1
1
3
1
4
3
2
2
1
1
1
1
2494
94
2671
831
244
11
120
141
1
4
1
16
1
3
1
4
1
1
1
6
3
2
2
1
1
1
1
1
1604
3080
553
337
2
8
137
2
4
1
13
1
11
10
2
6
1
4
2
2
1
1
1
2
2
1
1
1
3
2
1
1
1
3991
745
2511
496
206
44
31
14
1
8
12
6
4
1
4
1
1
9
3
3
17
2
13
2
1
2
1
3
3
1
1
1
1
1
87
2
7
8
16
6
4
1
2
1
6
1
2
1
1
1
1
1
1
76
543
23
5
1
1
39
16
12
47
54
74
39
9
73
2
1
4
2
1
2
1
2
1
1
7
1
1
2
4
1
2
2
2
2
1
1
1
1
1
1
1416
1843
28
683
209
11
175
54
16
17
3
1
3
1
1
4
1
2
1
3
3
2
1
3
1
6936
5
13
269
19
44
3
11
1
3
12
7
1
3
3
2
1
2
4
3
1
1
1
2
1
141
343
95
34
556
98
37
45
3
10
9
2
3
6
3
1
1
1
1
1
1
1
6968
11
71
584
14
83
9
49
6
8
22
5
4
3
8
4
1
4
1
1
1
5
1
4
2
2
1
2
1
2
1
1
2789
2895
69
4
12
16
18
9
1
2
6
2
4
2
1
2
1
1
1
1
1
1
3939
1906
864
888
419
440
6
148
198
5
31
34
46
20
22
4
2
3
2
1
4
1
3
3
1
4
1
1
1627
1839
47
125
52
15
10
2
1
7
35
1
2
2
5
1
3
4
5
2
1
1
1
2
1
1
1
1
1
1
1
1
1
2
3
343
2998
833
203
343
22
4
11
15
14
8
16
4
1
1
3
2
1
3
1
9
7
4
1
1
1
1
2
1
1
1186
24
77
1
18
21
4
8
6
5
6
3
8
3
3
4
1
1
1
1
1
1
1
1
3398
4471
453
578
9
35
10
1
11
8
1
3
3
1
1
4
1
1
1
2
1
2
2
1
1
1
1
1
2924
1833
594
3641
6
1
2
6
1
5
2
5
3
2
1
4
2
1
1
1
1
2
2
2
1
1
1768
3618
325
16
68
4
8
38
2
6
3
6
3
1
3
1
1
1
1
2
1
1
1
5238
2440
98
1103
329
110
2
9
3
4
30
17
2
5
2
1
3
4
5
9
1
5
1
1
1
1
2
1
2
1
2
1
4620
2239
12
25
3
1
1
12
2
1
4
5
1
8
1
4
4
4
1
6
1
1
2
1
1
1
1
4153
974
1764
1370
1103
195
45
89
43
141
29
6
26
21
5
1
24
1
3
9
10
7
1
1
2
1
1
1
3
1
1
2
3476
3672
223
616
1250
11
2
34
15
2
3
1
3
1
4
6
2
3
1
2
1
1
1
2
1
6714
2
92
90
1
3
1
1
1
4
1
9
1
1
1
1
1
2
1
3
2
3
1
1
4728
2475
72
156
323
16
280
1
3
6
3
12
4
3
8
1
2
3
2
1
2
1
3
2
3
1
1
1
3327
2386
333
2172
2156
44
12
283
29
276
244
12
25
26
15
2
4
14
11
1
1
8
1
3
2
1
1
1
2
1
1
6063
1496
5
119
62
4
34
15
15
1
1
6
1
6
27
16
1
6
1
4
4
2
2
1
1
1
1
1
2136
689
1104
1711
3018
1755
347
283
207
65
23
7
18
83
6
1
6
2
1
1
4
1
1
3
2
2
2
1
2
1
1
1
1
3424
2746
106
120
50
201
20
19
2
24
1
23
7
6
4
3
4
6
10
5
1
2
1
1
1
1
2
1
1
2968
3203
3568
428
207
104
196
122
49
10
1
1
11
23
1
20
12
1
1
1
6
1
2
2
5
5
3
1
2
2
1
1
1
1
1
3621
3065
3146
264
6
202
9
5
1
11
5
1
1
2
1
2
1
1
3
3
1212
3875
2554
202
126
2
79
13
3
1
46
4
5
2
10
2
2
3
2
1
1
1
2
2
6
1
1
1
1
3071
3681
2766
977
56
4
17
13
7
1
1
4
1
1
17
2
1
1
1
2
2
1
2
5
1
56
3040
375
713
21
28
40
13
4
2
1
1
4
3
1
3
1
1
2
4
1
1
1
1
577
3951
1659
12
15
6
222
5
61
69
2
8
12
1
22
1
5
2
1
1
5
3
1
1
1
1
1
1
1
1
2352
407
807
38
776
326
133
1
43
26
36
8
10
3
6
2
1
3
1
6
1
2
1
1
1
1
3221
4
8
21
46
1
1
3
1
1
1
11
6
1
1
2
5
6
1
3
1
1
1
2
1
1
1
1
1
2522
2154
4200
1366
251
10
26
2
4
5
25
1
8
2
1
1
3
4
1
1
1
1
2
2
1
1
1391
4134
2395
2202
26
69
1
13
31
68
1
2
7
6
1
2
6
2
1
1
3
2
4
1
3
1
1
1
1
1
1
3479
3152
3195
1
338
88
160
41
219
1
47
5
2
104
42
3
21
7
35
7
15
19
1
6
1
1
2
4
4
1
1
2
1
2
2
2
1
1
1
1
1
2219
1018
860
228
488
8
1
8
13
3
2
33
5
16
7
4
1
4
1
1
2
1
1
1
2
2940
2681
1501
2709
204
689
62
49
196
37
65
45
1
12
1
11
12
7
1
5
1
1
4
6
7
1
3
3
1
1
2
1
1
1
3060
3904
2471
763
349
79
18
14
4
8
1
1
4
1
4
1
1
2
1
2
1
1
2
1
1
2
1
1
1
1
1
1
2650
903
3210
624
987
57
1
10
58
14
35
13
5
2
2
13
5
1
2
1
1
1
3
1
1
1
1
1
1
1
1
1
1
1
2470
3753
1050
786
140
22
192
3
28
35
12
4
8
1
1
1
3
2
4
1
10
1
2
1
2
1
1
3
1
1
1
2
1
1
1
1
2
1
1
1
2642
3540
2728
461
373
373
6
135
17
4
50
2
2
1
4
5
1
2
2
3
3
1
2
1
1
5
1
1
1
1
1
6548
409
41
11
4
1
1
4
3
7
1
2
2
3
2
2
1
1
3
1
1
1
1
2
1
1
1
1
1
277
11
40
8
13
3
5
1
5
1
2
4
2
1
1
2
2
2
1
1
1
1
1
6
3
1
1
2
2
1
1
1
1
2965
1314
15
5
124
7
16
20
5
7
50
2
2
1
1
2
1
8
1
1
1
1
1
3
1
2
1
1
1
4486
352
12
2649
14
33
9
3
2
5
12
15
6
4
1
1
1
1
1
2
3
1
2
1
1
1
1
1
1
1
1
301
40
7
31
31
1
4
1
7
2
2
5
1
1
4
2
2
1
1
4
1
1
2
2
1
1
2
1
590
6767
276
140
4
24
30
3
7
2
4
5
1
6
2
3
1
5
1
1
2949
46
187
2340
600
101
39
58
5
1
11
60
15
2
24
7
9
2
1
1
1
2
4
8
58
5
6
28
2
2
7
1
3
6
2
2
2
1
1
1
1
2
2
1
3885
4890
6
381
5
13
15
29
7
5
24
3
3
6
2
14
1
1
5
2
2
1
2
1
2
1
1
2793
3390
4177
74
49
12
8
4
26
8
8
1
6
1
8
2
1
2
3
2
2
2
1
1
1
1
1
629
3
2867
3241
124
7
153
143
4
101
7
3
5
5
1
3
2
2
2
9
3
1
5
4
2
5
4
4
1
2
2
1
1
2
1
108
128
11
3
33
20
33
5
10
16
4
2
7
21
16
3
4
2
2
1
13
1
1
1
2
1
1
1
2542
11
21
45
19
9
10
11
10
5
1
4
1
1
1
1
6
1
1
1
1
3251
3132
317
63
59
8
2
17
86
7
3
1
1
9
13
12
3
9
3
8
7
2
1
1
1
1
1
1
2194
4184
233
112
91
4
7
2
1
1
1
3
11
5
1
2
5
2
1
1
2
1
1
1
1
1
1
9
23
1
72
3
2
1
14
1
9
1
1
2
3
1
1
1
589
601
373
1
173
7
8
4
9
2
1
4
1
2
1
2
1
2
1
1
1
1
3
2
1
3753
2423
4223
15
76
4
35
10
14
19
3
2
2
1
12
3
2
1
4
1
5
2
1
1
2
2
1
1
1
1
1
1
1
1
2493
3084
428
231
2
2299
716
622
68
41
2
7
4
21
10
4
2
4
2
2
1
2
3
2
2
1
1
7
1
2
1
3
1
1
1
1
1
1
616
3386
31
11
35
5
2
17
3
6
9
4
5
3
1
4
5
10
1
1
2
1
1
2
2
1
1
1
1
1
1
3109
48
807
249
49
76
4
1
4
2
1
3
24
2
6
1
2
5
2
2
3
1
1
2
1
1
1
1
2
2
1
1
1
1
1
1
3378
274
3332
3206
783
203
79
80
13
1
14
1
12
2
4
2
1
1
1
2
1
1
5792
1525
214
47
12
245
19
1
42
4
1
13
4
5
4
3
4
1
1
1
1
2
1
1
1
3
1
1
1
2246
1215
2629
98
30
11
44
1
82
24
18
38
32
4
5
12
2
2
1
2
1
6
3
1
1
1
4
3
1
2
1
1
2
3
1
1
3749
570
446
21
35
3
28
8
3
1
1
1
4
5
1
3
2
1
1
1
8
16
127
46
8
67
7
2
2
8
1
4
4
10
2
2
1
1
1
1
2
2
1
1
2
1
2
1
1
1
1
1
1
3066
1720
2120
1547
931
691
27
612
270
49
84
117
3
3
61
3
3
4
7
5
2
4
1
1
1
1
4
1
1
1
1
1
2495
5053
14
135
33
1
23
3
1
11
2
1
8
10
2
9
7
4
3
1
2
2
1
1
1
1
1
1
1
1
155
3999
3223
774
27
9
3
2
8
2
1
3
1
10
7
4
8
2
3
1
5
1
2
1
1
1
3
1
1
1
1
1
1
1
4900
3206
952
444
96
10
10
56
14
1
3
1
1
1
4
1
1
1
10
3
9
2
1
1
2
1
1
1
1
3845
2232
3775
451
7
16
30
1
1
5
5
17
1
3
2
1
10
4
2
3
2
1
1
1
1
3
3
1
1
1
1
1
1
2
1
3704
3970
186
438
259
115
64
6
59
2
34
13
9
1
2
5
1
1
2
2
1
1
1
1
1
1
2630
20
262
125
179
90
45
48
54
20
142
12
43
8
69
3
2
9
4
2
3
2
1
2
5
4
4
2
7
4
2
2
1
726
3575
1933
80
164
6
3
11
9
110
5
2
10
3
3
19
11
4
5
1
2
1
2
1
1
1
1
1
1
1
1
4685
2450
439
331
105
49
179
85
192
3
8
4
4
35
3
5
1
27
3
3
2
2
2
1
2
2
1
3
1
2
1
3367
8
6
3
9
4
2
3
1
2
1
1
1
1
1
2
3
1
1
1
1
1
4206
3356
2206
72
131
5
6
43
19
44
42
14
2
2
24
7
1
3
6
2
2
1
4
1
1
1
2
1
2
1
1
1
1
1
1
1
2
80
81
471
414
67
12
204
9
1
10
1
5
2
9
1
3
2
1
1
1
3
5
3
1
1
1
1
1
4261
3360
18
15
47
34
13
17
2
2
2
1
2
1
2
38
29
26
81
7
15
3
1
3
3
2
1
1
1
1
1
3223
3765
461
530
430
8
51
172
3
38
178
3
20
71
33
9
1
3
5
1
8
3
8
2
2
3
2
2
1
1
1
3659
3726
173
82
82
21
2
47
3
2
2
11
1
2
3
10
3
1
3
3
1
3
3
2
4759
2726
253
124
14
6
9
34
18
8
43
7
5
4
1
21
1
1
2
3
1
1
1
2
1
1
1
1
1
1
3451
4002
438
825
721
384
2
108
41
3
38
13
3
2
2
1
1
2
3968
108
275
388
606
281
1
145
128
44
3
27
7
7
5
2
11
2
18
4
1
1
1
1
1
1
2
1
1
1
1
2408
2984
233
1405
122
30
42
23
1
65
4
15
5
1
2
11
1
1
1
1
3
7
2
1
2
2
1
5
1
1
1
2
1
1
1
3967
3339
490
179
133
62
3
4
1
25
3
2
5
3
2
2
1
3
4
2
2
1
1
2
2
1
2042
118
145
39
61
11
62
11
1
1
1
4
2
1
1
1
1
1
1
1969
3537
1005
300
40
19
2
5
2
12
3
7
1
1
1
1
1
1
1
1
1
1
1
1
3316
95
1
5
4
3
1
1
2
1
1
1
2
2
5
1
1
1
1
1
1
1
1
1
5303
3122
371
6
3
6
13
1
2
3
1
2
13
8
25
8
2
6
4
1
1
1
4
1
1
2
58
721
110
17
16
9
2
6
1
13
8
6
4
2
1
2
1
1
3
2
1
1
3452
6
3366
137
563
55
51
34
19
2
2
4
1
1
7
2
1
2
1
1
2
3
1
1
1
1
6686
114
38
821
53
106
1
70
7
6
3
2
2
7
1
3
1
6
3
2
2
1
1
4
1
1
2000
16
7
9
9
18
3
2
47
7
1
3
2
1
1
5
1
6
1
3
3
4
3
1
2
1
1
1
1
2553
3516
118
118
179
358
94
3
12
10
5
1
7
3
3
4
1
2
2
1
2
1
1
1
2633
3104
41
157
19
11
2
1
4
6
2
2
2
1
1
2
5
1
1
1
1
1
1
3572
524
2287
1149
2389
62
15
2
35
73
27
1
39
1
4
1
6
3
1
2
3
1
1
4
1
4
1
2
2
3605
283
596
3074
106
3
1
18
11
20
5
4
25
4
1
3
11
1
8
1
1
3
1
2
3
1
2
1
2
1
1
1
1
1
2698
3999
626
143
19
21
2
17
7
3
2
24
4
13
11
11
3
3
1
2
1
1
2
1
1
1
2
1
1
1
1
1
2
1
1
1
3299
2779
792
1456
89
1993
313
606
5
25
18
16
9
13
4
10
2
33
1
5
3
2
1
1
1
948
292
2513
2890
1039
132
119
506
43
40
24
1
3
7
26
10
2
9
8
2
4
1
1
1
1
2
1
3
1
1
1
1
1909
2189
3597
480
23
208
5
20
14
16
1
3
2
15
12
2
3
2
2
1
1
1
1
1
1
2
1
1
1
480
2512
2947
512
828
201
26
65
8
6
78
3
27
5
1
17
8
2
1
4
5
1
1
1
3
1
1
1
1
2940
3087
779
21
214
380
6
9
1
29
29
1
5
15
2
1
14
18
1
1
3
5
3
1
2
3
2
2
4
1
1
2
1
1
1
3
610
9
104
30
28
31
27
10
4
7
65
3
1
8
2
2
1
5
1
1
1
3
1
2
2
1
1
7
29
27
61
8
3
1
32
2
6
7
2
2
3
2
1
2
1
1
1
1
1
4530
55
138
5
42
3
11
9
2
3
2
3
2
1
3
2
1
1
6641
612
270
12
148
15
84
4
47
3
4
2
1
1
2
2
1
3
1
2
1
1
1
1
319
8
138
7
1
12
3
30
8
3
2
3
1
3
2
1
1
1
1
44
3099
3116
356
331
163
3160
22
4
13
1
2
1
1
5
2
6
8
1
1
3
8
5
3
9
3
1
2
1
2
1
2
3
1
1
2
1
1
1
2266
3285
81
908
40
6
2
8
5
12
6
2
1
2
2
2
1
2
3
2
1
1
1
2085
4323
1283
147
21
12
84
83
9
9
59
1
15
12
41
19
8
1
2
2
6
7
1
5
1
1
2
1
1
1
2
1
3
1
1
5746
594
335
1
2
17
5
51
8
2
1
2
7
1
1
1
1
1
1
4
1
6
1
1
1
5599
31
560
129
36
12
106
60
15
2
11
13
15
2
14
13
2
3
8
1
1
2
2
2
1
1
2
5
1
2
1
1
3039
3
1249
1014
221
3
1
132
6
3
13
14
4
3
1
3
2
1
1
1
2
35
3699
4670
68
130
12
19
1
1
1
1
6
13
4
2
4
4
3
1
1
1
1
2
1
1
1
4197
280
19
51
14
10
14
7
3
2
5
2
6
1
6
2
4
2
1
1
1
1
3363
3789
340
58
125
44
2
3
13
58
6
62
16
18
2
3
2
4
1
1
1
1
2
4
1
2
1
1
1
1
1011
3375
9
3082
71
217
145
65
14
97
76
39
35
1
11
9
2
1
1
1
4
1
2
2
1
5
2
2
1
3
1
1
1
1
1
1
6362
5
411
332
84
32
23
1
10
40
19
6
7
2
1
2
3
2
5
2
3
1
4
3
2
2
2
11
3163
365
142
151
22
2
13
2
1
1
3
4
4
1
12
2
1
2
3
4
2
2
1
1
5
1
2
6
1
2
1
1
284
171
15
60
23
1
2
21
20
1
2
1
1
2
5
2
1
1
1
1
1
1
587
2499
2626
3205
1188
369
1
9
42
27
1
1
4
8
4
18
4
2
8
3
1
2
1
1
1
1
2
1
1
1
2
3092
2440
1037
3015
122
106
6
630
1
377
1
62
8
9
1
4
12
3
8
4
3
1
2
1
4
6
1
1
1
2
2
2
1
1
1
1
78
386
220
4120
28
45
22
29
7
2
2
3
5
2
9
4
3
3
1
30
10
2
3
1
1
1
2
1
3
2
1
1
1
5085
138
136
3
2
61
1
8
1
8
2
4
3
1
1
1
1
1
2
4
1
1
2
1
2093
3944
3040
685
480
292
92
2
17
33
20
5
1
46
9
2
8
12
1
1
5
2
15
1
1
1
2
1
6895
374
7
12
30
6
13
33
13
3
1
1
5
4
10
1
8
3
1
1
6
3
1
1
1
1
1
1
1
1766
1166
2410
854
26
2
113
27
49
56
7
1
5
1
1
4
1
3
3
3
7
1
2
1
1
6
1
1
1
1
2
1
1
2
1
1
1
1
1
1
1
2117
836
1370
3235
1
480
15
1
9
84
2
18
5
3
4
9
1
3
1
1
1
1
2
2228
3274
451
84
695
648
366
11
1
1
3
1
1
5
4
1
1
1
1
1
1
1
1
2432
77
4326
475
19
10
1
230
7
34
56
151
29
8
4
1
7
29
4
2
8
4
3
1
1
4
3
2
2
1
1
4
1
4
1
2
1
1
1
1
3624
2195
9
1817
3101
25
77
114
3
1
1
2
29
1
1
8
2
5
11
2
1
3
2
1
1
1
3
2
2
2
1
1
1
1
2373
3534
3902
158
598
131
39
51
78
37
6
1
1
4
2
1
1
2
3
2
2
1
1
3
1
4372
2855
159
2506
232
1
4
17
36
1
12
2
1
4
1
1
3
4
2
1
1
1
1
1
1
1
1
4632
143
6
202
8
87
33
2
14
1
1
7
4
2
1
2
3
1
2
1
6
1
1
1
1
1
1
1
1
6571
580
453
40
13
71
1
11
6
3
3
8
1
12
10
8
2
4
2
1
2
1
2
5
3
1
1
2
2
1
2
1
1
1
4387
2092
284
3233
4
2
28
1
14
8
5
41
1
24
30
1
3
6
2
4
1
1
1
2
3
2
2
1
2
3914
2977
3228
505
16
123
19
51
1
1
2
4
15
1
7
1
5
1
11
1
8
1
1
2
2
1
3
3
6
3
1
1
1
3
2
2
1
1
1
1
1
2943
484
307
15
38
3
5
19
3
48
25
6
2
3
3
2
2
1
1
1
1
1
16
481
29
3
3
2
37
10
2
2
1
9
1
1
4
4
2
1
2
1
1
1
1
711
4358
2595
396
217
195
37
3
1
12
4
3
6
2
4
1
6
1
4
1
7
1
2
2
1
1
2
1
3105
72
745
262
155
43
39
20
30
3
32
2
3
1
2
7
2
11
1
9
1
16
1
5
1
3
1
1
1
1
1
1
1
1
1
1
1086
104
23
32
8
101
48
31
3
8
1
1
1
6
1
1
1
1
1
1
2
2
2
1
3077
710
168
297
12
8
28
7
1
2
1
1
3
3
2
3
1
1
1
4248
388
2592
79
390
2
59
8
11
1
5
33
2
4
4
5
2
1
1
3
1
1
1
1
3713
2730
224
307
7
8
15
8
16
7
1
3
3
6
5
1
1
7
7
1
1
1
2
1
1
1
1
1
1
8
2
12
14
101
1
10
1
1
8
2
2
3
8
1
3
2
7
8
1
1
1
1
1
1
176
441
482
233
48
60
48
66
3
2
11
7
5
6
4
6
3
2
1
1
1
1
1
2932
2797
2651
727
1666
210
313
23
139
134
82
43
14
6
2
1
1
1
11
22
3
1
1
3
7
1
3
2
1
1
1
2
1
2
1
1
1
1
7083
56
13
104
2
11
7
1
2
3
6
1
1
2
1
1
1
29
133
1
16
37
19
2
3
7
5
3
1
1
1
1
171
1557
2819
1107
202
160
57
1
2
60
3
8
12
12
3
2
18
11
12
2
2
1
2
2
2
1
1
1
2
1
1
1
2
1
1
7
3660
1183
3347
705
283
19
25
15
4
110
1
1
1
12
3
14
7
3
3
1
3
3
2
1
1
1
1
1
1
1
1
9
4
77
30
30
4
3
1
13
1
1
32
1
11
4
3
1
1
1
3
2
1
3248
3880
803
174
3
14
27
6
20
3
1
11
2
29
1
9
1
3
5
1
5
4
1
4
1
1
1
1452
2460
2916
21
1075
12
233
1
10
131
27
24
1
2
5
1
1
2
3
2
3
5
1
1
1
2
1
2
2
1
1
1
1
2545
2527
3615
928
118
3
38
4
23
1
1
1
19
9
2
7
4
5
19
3
3
1
2
14
9
1
2
1
1
1
1
4
1
1
1
3460
523
1296
3332
2194
145
122
20
187
8
81
1
1
1
6
1
2
2
2
1
3
1
1
1
5574
571
209
1
355
53
2
18
18
1
6
4
2
37
13
2
3
7
1
1
1
4
2
11
2
1
1
1
2
1
1
1
6884
375
331
5
32
96
4
5
1
16
1
3
7
5
9
11
14
2
2
11
1
2
3
1
1
1
2
1
1
2
815
3355
371
2865
35
78
6
24
30
9
1
11
2
10
3
1
4
3
3
1
1
2
2
2
1
1
1
1
1
1
45
159
2190
4372
2834
360
63
249
1
5
20
4
37
1
1
2
2
2
1
2
1
1
1
3
1
2
1
1
1
1
1
1
1
4138
3220
47
26
154
287
13
70
4
2
21
4
9
7
3
3
19
6
58
6
3
1
1
1
1
1
1
1
1
2
6
4
2
1
1
2526
917
2581
354
914
434
8
45
39
287
83
1
21
2
8
7
2
5
24
1
12
5
11
1
1
1
2
2
2
2
1
2
1
5
1
1
3
1
1
1
1
1
1
1
1
1
4132
3245
2691
2
270
30
1
12
2
5
5
33
7
6
2
1
3
4
2
6
6
1
1
2
2
1
3
1
2
1
1
1
1
2803
3195
28
2
183
1
147
11
87
108
4
7
5
2
1
6
2
2
1
1
1
1
1
1
1
1
1
1
1
4193
710
776
1394
1429
58
15
103
10
7
12
3
5
3
8
7
15
2
2
2
2
1
1
3818
2965
21
92
34
4
10
3
37
7
16
2
2
3
2
2
22
5
3
2
7
6
7
1
1
2
1
1
3
1
1
1
1
2215
2684
2764
80
524
1560
66
216
141
2
15
49
5
18
2
2
6
3
2
12
1
2
3
1
1
1
1
4015
2967
168
1251
29
5
30
4
13
6
2
2
13
1
4
3
4
2
4
2
3
3
1
1
1
1
2
1
1
1
1
1
4149
28
3
72
611
152
8
28
36
52
28
3
1
3
2
1
3
1
1
1
2
2
1
1
1
1
1
1
1
1
3900
665
38
131
28
6
6
9
39
2
16
1
1
2
1
1
1
1
1
2999
2265
587
149
348
155
15
46
9
1
1
1
2
1
1
1
3
2
2
2
1
3097
3227
42
172
292
142
11
1
10
8
6
1
7
3
1
2
1
1
1
1
1
1
2530
857
1858
1759
1973
814
306
1245
246
63
1
15
1
2
15
1
2
1
1
1
2
2
1
2
2
1
1
1
964
3385
377
319
3
142
3
6
16
4
1
6
33
1
13
10
3
1
1
1
2
2
2
1
2
1
1
3568
3423
128
413
2988
104
7
145
7
32
2
1
3
2
1
1
6
4
1
1
1
1
1
1
1
1
1
2
1
1
1
1
1
1
1
1
3
463
48
26
3
3
2
5
4
15
1
9
9
4
1
1
3
2
4
1
1
1
1
527
3735
928
4
49
33
47
8
3
7
1
3
4
1
2
4
2
1
1
1
2
1
1
1
1
1
1
3991
13
310
52
3
2
3
1
4
2
5
1
2
1
1
1
1
1
1
1
900
99
46
32
4
48
9
1
1
7
2
2
1
1
1
3
2
1
2
5
3
2
3553
2707
1696
783
601
508
1323
21
52
10
10
11
5
5
3
2
6
5
1
13
3
1
1
1
1
2139
5285
106
27
10
12
46
14
2
5
3
3
2
3
3
1
2
2
2
2
1
1
1
1
3480
3371
3111
3
8
118
11
8
1
4
1
5
14
2
4
2
1
1
1
1
1
3107
198
2730
327
65
28
98
13
2
25
4
6
2
18
7
8
7
1
2
1
2
1
5
1
1
1
1
1
2
1
2
1
1
1
4400
1010
16
2
10
3
6
16
12
12
11
2
9
25
3
2
1
3
9
1
1
2
1
1
1
1
1
1
1
1
1
447
3758
363
45
5
3
7
1
5
51
2
1
3
2
1
2
4
2
6
2
1
2
2
1
1
1
1
4
1
1
4300
3267
2536
168
171
7
31
20
1
1
2
7
8
2
4
9
1
3
2
5
7
1
3
5
1
2
3
1
1
1
1
1
1
186
9
41
1
3
3
2
3
1
1
1
2
7
2
2
2
1
1
1
1
2
7051
158
80
151
8
42
11
1
2
2
2
6
2
1
1
1
1
1
1
1
1
1
1
11
2170
77
15
245
204
169
160
2
16
9
7
12
5
2
2
2
2
2
1
3
1
2
1
1
2810
141
38
318
191
2
2
5
8
1
4
1
1
1
1
10
1
1
4
4
1
6
2
2
2
1
1
1356
2533
344
3408
2222
474
33
1
49
9
29
4
12
1
1
1
4
1
2
1
2
1
1
1
1
1
1
1
1
3744
2609
4081
289
2
11
5
11
2
2
3
3
1
1
9
3
4
2
1
1
2
1
1
1
2
1
3105
4384
69
2
170
17
14
2
4
2
1
5
9
4
1
1
3
1
3
5
1
3
1
1
1
1
2905
2251
3467
928
145
29
60
30
2
2
3
2
4
5
9
13
1
2
3
1
2
3
1
1
1
176
1964
3614
225
71
5
14
25
1
2
16
1
8
1
2
1
2
1
3
1
1
2
1
1
1
1
1
3857
2245
175
122
13
12
3
1
26
170
7
17
1
7
11
10
5
2
2
1
5
3
1
2
4
3
4
1
2
1
1
1
3
1
1
6695
79
3
1
1
22
1
1
11
1
2
2
3
2
3
2
3
1
1
3
1
2
1
2
1
2
1
1
1
6518
266
28
126
581
54
8
68
3
10
3
1
20
16
15
1
1
2
1
2
1
2
2
1
1
1
1
2879
3303
40
1934
501
434
347
3
80
4
10
18
7
11
14
30
19
5
3
12
7
2
1
1
2
2
1
1
1
1
1
3
1
2651
3974
114
989
151
26
20
3
7
1
7
2
2
1
3
1
2
4
1
2
1
3
1
2
2
1
1
1
1
1
3054
2929
109
938
73
30
1
3
3
1
32
1
10
1
2
1
1
1
1
1
3
1
1
1
1
1
1
1
604
9
29
4
2
1
7
2
5
2
5
1
1
2
1
1
1351
291
17
11
156
18
115
4
10
4
13
1
1
2
6
5
1
2
2
1
3625
4389
74
1
4
7
2
2
7
2
2
1
3
1
1
4
6
1
2
1
1
2
1
1
1
2965
3696
2
656
70
13
80
1
21
24
10
26
23
38
3
1
1
4
3
2
1
1
1
1
1
2
1
1
1
1
101
5536
240
308
135
67
27
88
99
126
17
33
19
1
5
8
2
1
1
1
1
1
5
1
2
2
2
1
3
1
1
1
1
1
29
9
1
26
7
1
3
2
1
5
2
1
1
1
1
2
1
1
2
4
1
1
1
1
1860
1968
594
165
74
218
8
40
22
1
3
1
6
1
5
8
4
2
13
4
7
1
1
1
1
2
1
1
1
1
1
44
23
10
6
358
32
30
3
14
4
4
2
2
4
2
2
1
3624
2958
118
184
38
114
19
13
10
19
16
2
10
9
1
3
2
7
1
3
3
1
1
1
1
2
3233
28
386
38
2
2
9
3
3
2
9
1
3
1
1
1
1
1
3
1
1
1
1
4
1
2
1
2
1
1
1
1
1
1
3365
224
265
82
25
22
3
5
23
3
21
2
1
4
3
7
2
1
1
2
1
1
2
1
1
1
3042
169
2
5
5
3
10
2
3
2
3
22
4
1
2
2
2
1
2
1
2
1
1
1
708
51
5
111
7
2
44
1
4
1
7
2
35
1
7
2
1
1
1
1
1
1
1
22
134
38
192
10
4
8
1
3
1
5
6
9
2
3
5
1
1
1
1
2582
1502
84
249
155
257
10
17
1
9
1
2
7
8
2
6
1
5
1
1
5
2
3
1
1
1
2
2
1
1
2
1
2
20
7
2
1
6
8
5
1
1
1
3
2
1
1
1
1
4292
394
2416
1095
418
61
3
1
12
3
12
5
2
1
1
8
3
1
1
1
2
1
3
1
2
1
4
1
1
1
4462
239
155
2014
14
55
32
3
5
2
2
8
4
15
2
2
8
8
4
1
6
1
3
1
2
1
1
4
1
1
3574
2796
2980
1147
25
458
96
87
4
4
8
15
2
2
1
2
1
3
2
1
1
3
7
1
1
1
1
1
1
2
2
1
3730
2356
155
340
5
20
40
9
10
2
7
2
20
2
1
1
1
2
1
2
1
1
2
1
2
1
1
1
1
3246
997
893
2853
370
160
74
265
8
1
1
31
8
1
3
4
3
1
2
2
1
1
1
1
3
2
1
3
1
1
1
373
3279
291
2906
396
53
145
227
254
127
35
52
4
1
4
2
5
9
2
1
2
2
1
1
1
1
1
1
699
584
100
2455
880
110
374
121
77
42
3
30
8
1
2
7
21
3
1
1
2
3
4
1
1
1
1
1
1
808
2681
2686
344
2825
937
351
4
37
1
170
5
2
3
2
2
7
5
5
1
1
2
2
1
3
1
1
2
1
1
2
2
1
1652
4729
2505
1025
85
9
12
4
19
3
20
5
7
3
13
1
3
4
8
5
2
9
2
6
3
2
2
1
1
1
1
1
1
2287
394
1076
79
30
4
30
24
16
1
3
17
1
1
1
3
3
1
2
5
3
1
5
1
1
3
2
1
3
1
1
1
2166
370
1797
97
29
85
1
1
2
4
9
1
6
1
1
1
1
5
7
1
2
1
1
1
1
1
2
1
1
1
167
24
55
119
6
2
3
10
7
5
9
5
9
9
4
34
2
2
1
3
1
3
1
1
2
4235
427
3038
422
6
14
1
4
1
8
1
11
3
4
3
1
1
1
1
1
1
2
1
3950
2600
3038
124
4
12
16
6
3
6
36
3
8
7
4
5
2
7
2
1
3
1
2
1
1
1
1
1
4408
201
3008
19
27
28
11
4
15
12
4
1
5
6
2
3
1
3
1
1
1
1
1
1960
3371
643
2593
3
105
20
47
48
77
31
11
1
7
2
9
1
1
3
1
1
2
3
3
1
1
1
53
265
1
4
112
34
132
261
3
1
20
2
3
8
7
2
1
2
1
1
1
2
1
1
1
2
1
1
1
3579
745
3214
27
600
1
7
105
10
3
3
7
20
15
15
1
1
1
2
1
3
1
1
2
1
1
1
1
3989
2586
2313
12
98
4
42
6
2
1
2
6
2
2
2
13
4
2
5
5
1
4
1
5
2
4
1
1
1
2
1
3887
3183
217
3001
73
173
148
16
122
4
16
7
2
27
1
12
1
13
3
5
11
2
1
2
1
1
1
1
1
1
115
416
346
940
2451
225
14
57
3
121
33
18
1
1
7
10
8
17
26
2
1
1
2
1
2
1
3
1
2
1
1
1
1
1
1
3788
2997
1920
791
280
44
5
2
3
44
8
16
3
3
8
4
8
1
1
2
4
1
2
1
1
1
2723
3014
1770
455
2
67
1
2
2
4
3
4
1
2
1
2
2
2
9
7
2
2
1
1
1
1
1
1
1
3
2321
272
728
542
94
4
16
5
6
13
6
19
1
12
1
1
1
5
2
7
9
1
1
1
2
1
1
2
1
1
1
1
2
1
3687
2736
1004
314
54
90
209
9
5
151
10
18
1
18
3
9
3
6
1
2
1
1
1
109
2545
1910
2935
916
80
132
33
59
4
23
5
6
7
4
2
9
26
2
1
7
1
2
3
3
1
2
1
1
1
1
4
1
63
3182
47
427
49
3
29
1
4
20
2
3
2
1
1
5
1
2
3
1
1
1
2968
10
3
66
73
6
9
1
4
8
4
1
1
2
2
1
1
1
5
1
1
2703
411
366
283
10
1
213
17
80
104
8
3
3
5
2
1
2
3
1
2
7
1
1
1
1
1
2
1
1
1
23
165
31
40
18
1
123
2
3
1
2
4
2
1
1
1
1
460
447
4634
2113
3
14
143
38
2
2
10
2
1
15
4
1
2
2
7
2
1
2
1
1
1
1
1
1
1
1
1
1
2641
10
9
165
62
16
18
1
1
14
3
10
19
1
5
2
3
1
5
1
2
2
2
4
1
1
3217
399
1
661
61
4
32
32
14
3
54
45
103
37
13
16
1
5
2
5
1
1
6
2
3
3
1
2
1
1
124
6410
1
161
18
13
61
92
12
1
1
6
2
1
1
1
1
1
1
1
1
1
3378
3
262
15
158
88
1
4
2
4
1
2
2
3
1
1
2
2
1
1
3754
3045
2716
472
74
10
69
57
3
3
15
5
3
3
1
1
1
3
2
4
1
5
1
2
1
1
11
1
1
1
1
1
1
1
2852
1267
441
597
1602
1771
30
648
126
1
39
86
18
3
1
2
14
1
3
2
1
4
2
2
1
1
2
2
1
2
1918
2904
784
145
3
1047
29
4
35
37
6
1
1
4
1
6
6
2
1
7
4
2
1
1
3
2
1
2907
23
223
186
67
4
6
5
3
6
1
8
3
4
2
1
2
2
4
1
1
4
1
2
1
1
1
38
64
152
4
15
42
20
2
2
8
1
12
17
1
1
1
12
1
9
3
1
3
2
1
1
3
1
1
1
2884
2926
4
715
146
22
5
7
40
1
23
14
2
11
5
4
1
2
2
1
3
1
1
1
1
1
3397
504
120
80
3
6
3
32
2
14
20
5
1
1
2
3
1
2
2
1
2
2
1
1
5539
386
4
24
5
21
2
7
2
27
1
1
2
1
5
3
6
7
3
1
1
2
1
3
3
1
1
2
1
1
1
1
2
1
1918
4149
99
345
406
298
1
174
6
19
20
1
1
4
3
3
1
2
4
1
1
3
2
2
2
1
1
1
5642
129
143
139
14
36
129
65
5
64
9
9
22
1
21
7
1
1
1
3
1
4
1
7
3
2
1
1
3635
3882
404
31
16
83
19
2
34
3
24
11
3
3
2
3
2
2
1
1
2
1
6306
51
63
89
20
43
1
2
12
4
1
1
7
4
8
1
2
3
1
4
1
4
1
3
3
1
2
1
1
1
1
1
796
3839
2888
7
3
77
45
39
1
22
49
2
12
1
1
1
1
1
4
1
1
1
1
2
3
1
1
1
1
1
1
1
4433
2115
1015
54
892
51
114
4
1
47
20
8
7
17
2
1
1
1
1
1
1
1
1
2
11
4
13
2
8
5
1
3
1
6
4
1
2
1
4
1
1
1
1
2
1
12
175
64
7
11
18
7
1
3
1
2
2
3
1
2
3
1
2
1
1
1
4
1
1
2201
3487
937
2019
1330
161
19
435
6
6
54
7
16
3
15
12
1
12
5
7
1
2
4
4
3
2
2
1
1
1
1
1
1
1
3987
554
309
2153
319
21
137
17
35
108
292
5
116
2
29
2
3
2
2
3
2
3
3
2
1
3
1
5
4
1
4
2
1
1
4
1
1
1
4264
603
191
55
45
5
80
7
1
5
8
5
1
2
2
2
2
1
1
1
1
1
2
1
1
6664
61
2
21
8
11
1
8
1
4
8
1
1
6
1
3
2
1
1
3357
5116
293
82
3
22
5
2
17
8
8
64
7
22
53
2
9
2
1
2
1
3
1
3
1
1
1
2
1
2735
626
246
557
115
595
10
84
23
45
2
15
6
1
5
1
12
11
2
3
2
1
1
1
1
1
1
1
1
4081
555
1980
300
476
722
13
13
2
22
2
5
1
3
13
5
2
4
2
2
1
3
2
1
3
1
1
1
2
1
1
1
3295
2966
2722
310
1441
7
68
5
3
7
5
1
1
9
1
1
7
4
1
1
1
3
2
1
1
1
1
1
2
2
2
1
59
154
96
28
5
24
1
2
37
2
2
13
3
3
1
1
1
1
1
1
1
3103
3806
13
175
22
511
321
63
26
32
13
35
15
1
10
4
5
4
2
1
1
1
4
3
1
2
1
2
1
1
1
1
1
1
1
27
2795
3434
465
3410
272
123
17
150
491
7
7
1
1
2
11
2
2
1
3
1
2
1
1
4
2
1
3
2
1
1
3030
830
2450
2578
467
723
64
13
1
3
3
16
1
5
16
40
22
1
1
3
3
1
1
1
1
3
1
6
1
2
1
1
4590
6
63
95
22
10
17
85
1
20
6
6
8
1
3
10
3
5
3
3
1
2
1
1
2
1
2870
4011
817
395
1008
297
42
57
5
22
19
6
4
1
4
5
7
4
4
6
2
1
1
1
1
2
6
3
1
1
1
2
1
1
1
1
2339
3554
2549
1237
871
52
7
81
106
131
2
2
12
2
17
8
1
3
3
5
6
6
3
3
1
2
2
2
1
2
1
1
1
2
2
1
1
3146
5446
1
7
54
21
3
49
4
5
6
1
4
2
1
1
4
5
2
5
1
2
1
3811
12
2531
729
407
196
6
1
1
2
1
1
1
3
1
3
6
1
1
1
2
1
1
1
2726
3560
416
502
360
770
112
62
6
10
25
2
4
8
1
6
1
1
8
2
2
2
2
1
1
2
1
1
1
1
1
5963
11
191
989
75
71
33
2
24
97
11
13
1
3
5
4
1
5
5
1
1
1
2
1
1
1
4
1
1
1
1
2
1
2441
2722
3281
848
1023
82
197
308
171
81
64
54
19
125
49
2
1
4
3
3
11
4
1
1
2
1
2
1
1
1
1
2
1
1
2580
742
148
173
17
1
62
2
2
9
1
16
13
1
1
1
6
3
4
1
1
1
1769
28
225
19
49
5
31
31
39
126
8
45
4
8
2
5
2
1
2
7
1
2
1
1
1
2
3
2
1
1
1
1
1
2866
8
169
105
49
9
5
23
17
1
3
5
8
3
1
3
1
4
1
1
2
1
2
5
1
3096
35
112
3
5
64
13
1
3
5
2
16
1
6
3
2
1
2
1
1
1
1
1
1
2849
3125
1134
660
611
114
193
287
32
22
84
14
5
12
4
1
10
6
5
2
4
1
1
3
1
2
1
1
1
3473
510
3
78
231
26
175
27
6
50
76
6
3
15
4
1
10
2
1
1
4
2
1
1
1
2
1
1
1
97
2921
2842
514
15
36
1
11
107
42
7
5
17
6
6
2
1
1
4
5
3
1
2
1
1
1
2
1
51
32
6
1
20
126
16
11
37
5
5
2
2
1
1
1
1
1
1
1
1
4097
2586
927
122
41
19
51
54
8
6
25
5
5
3
3
3
2
2
2
2
2
3
1
1
1
1331
8
58
3
9
8
14
1
7
1
1
1
1
1
9
1
1
2
1
1
1
2
1
3632
2817
606
130
7
41
7
4
41
2
4
6
1
21
17
1
12
13
1
5
2
1
1
1
11
3
4
1
1
6
1
1
1
1
1
1
182
7
20
1
3
7
20
26
2
1
2
3
8
1
1
3
1
2
2
1
1
1
1
181
16
102
1
34
16
4
1
3
1
4
1
1
7
5
1
1
1
1
1
1
141
26
41
7
1
14
27
1
4
1
1
3
10
2
1
1
1
1
2
1
1
1
2
1
1
1
1
1
3388
485
3
246
52
87
3
33
5
28
1
7
2
3
5
1
2
2
1
1
2
1
1
1
1
239
236
10
3
4
40
21
3
3
1
4
4
4
3
3
1
1
1
1
1
4355
2908
91
19
71
185
5
64
13
1
48
1
9
31
1
1
4
3
1
4
6
1
1
3
2
1
2
1
1
1
1
3919
124
1329
2510
143
45
5
2
32
25
14
4
30
1
5
3
1
1
3
1
1
1
1
1
1
1
1
1
1
1
3144
32
184
701
2
8
66
2
14
3
19
2
8
1
15
5
1
2
10
1
1
2
2
1
1
1
5008
2169
769
663
40
9
255
126
26
37
45
2
27
17
23
23
10
3
3
7
1
1
1
1
3
1
4424
700
69
41
17
1
3
11
1
1
3
2
1
3
2
4
1
2
2529
3769
240
570
267
29
138
12
1
52
38
11
5
3
14
10
27
1
3
1
2
1
1
1
4
1
2
2
1
1
1
1
1
2652
1075
2380
41
286
159
67
351
293
99
91
48
8
5
22
3
6
6
10
1
2
4
3
2
1
1
2
6297
23
2
35
4
2
4
29
18
16
31
2
4
6
4
8
10
1
1
4
1
1
1
1
1
1
1
1
4468
2089
411
477
140
81
6
2
27
55
2
28
5
4
7
2
1
16
1
1
1
1
1
1
1
1
1
1
1
1
1
3537
4
3163
71
1
528
15
2
91
3
24
1
1
3
1
1
1
1
1
4
2
1
1
2
1
1
1
1
6131
83
129
621
14
21
18
10
23
1
2
1
2
4
4
4
6
2
1
3
1
3
2
1
2
1
1
1
818
98
102
111
11
7
21
10
5
2
1
2
3
1
1
1
2
1
1
1
1
1
4165
2137
2768
229
829
40
167
10
46
16
11
1
1
9
5
3
1
2
2
4
3
1
4
2
1
3
1
1
3
1
1
1
1
2434
1485
979
2646
62
431
121
144
13
15
4
13
4
2
19
1
1
7
3
3
2
1
1
1
2
1
2994
848
2120
1051
1103
437
1414
22
80
191
51
4
2
7
2
22
17
4
7
1
1
1
2
1
1
1
4
2
1
2
1
1
1
1
1
1
1
1
1
2236
1319
3088
2695
450
508
316
61
60
1
100
3
6
2
2
3
3
1
3
1
1
1
3
1
2
1
2
2719
3360
1032
296
1046
81
95
7
5
5
23
13
4
10
4
1
5
35
1
2
4
2
1
2
1
3
1
149
1
302
41
9
68
3
3
8
70
3
7
3
2
5
1
1
1
2
1
1
2
1
1
2660
3505
3549
171
121
66
122
152
14
83
443
1
205
2
3
1
1
1
2
12
5
12
2
1
1
1
5
2
1
3
1
1
3
1
1
1
2
1
1
2
1
1
1
3684
371
5
13
9
124
1
94
15
7
1
1
2
2
1
3
2
1
2
1
6
1
1
4
2
1
2
3
1
1
1
1
1
1
1
1
3255
3844
557
964
537
28
6
1
21
3
2
4
4
2
2
1
1
1
1
47
14
3
53
6
40
5
6
12
8
1
2
5
1
2
2
8
2
2
1
5
2
7
3
3
2
1
3
1
1
2
1
1027
248
3509
1986
52
553
255
2
18
17
40
8
3
5
1
9
1
4
6
1
6
1
2
6619
158
58
47
69
44
253
1
1
7
1
8
11
1
12
2
2
1
3
1
1
4
1
1
1
2
1
1
2
1
1
1
2
1
394
1173
141
4
29
20
1
1
2
5
1
3
1
1
1
5
5
4
1
1
1
1
1
1
3390
2958
58
41
159
108
1
11
3
4
7
2
3
11
2
5
12
4
1
1
4
2
1
1
2
1
2
1
1
1
1
3220
2699
3979
194
369
86
28
2
3
2
2
1
1
4
2
1
1
1
1
5745
1807
62
337
15
76
52
3
6
15
3
3
1
2
1
2
1
1
5
1
3
1
1
1
2979
3756
232
1
2
204
1
6
3
1
10
5
3
12
5
6
17
3
1
1
9
1
1
2
1
1
1
103
5954
174
52
5
2
83
15
1
17
1
5
11
3
6
3
1
4
4
2
1
6
1
1
2
4
6
1
2
1
1
1
1
228
3016
3044
2192
1494
6
549
90
45
257
104
3
6
6
28
1
1
5
1
1
2
1
2
3
1
2
2
1
1
1
1
1
1
1
4498
28
171
4
4
19
3
14
13
1
8
5
17
5
12
1
4
3
2
1
2
1
2
1
1
1
1
426
22
2
12
3
6
2
4
10
8
2
2
2
3
1
3
1
1
1
1
2
1
2
1
1
2743
401
1090
440
2
2
78
18
2
14
3
13
2
3
31
1
5
3
1
5
4
1
1
1
1
2
1
1
1
1
2343
3631
3589
389
983
64
3
1
25
1
6
4
2
1
1
3
3
1
3
1
1
1
116
69
4
122
9
108
1
3
1
2
1
2
4
2
3
3
2
4
2
2
3
1
1
1
1
526
218
25
7
59
59
1
13
2
6
1
1
1
2
1
2
1
3
1
1
1
1
1
6194
158
165
1
17
82
81
23
24
1
8
5
15
1
8
15
2
1
2
2
1
1
1
1
2
1
1
1
3264
2680
1504
693
42
4
1
3
1
6
1
1
3
4
1
2
3
1
1
1
1
3165
151
317
4
2
6
2
3
3
1
11
13
2
2
1
1
1
3
1
2
1
1
1
1
4
1
1
4
1
1
1
1
2
1558
4125
341
2633
3
84
3
1
18
4
16
7
2
4
1
1
2
1
1
1
1
2
1
3
1
1
1
167
70
46
12
83
11
1
6
2
1
17
8
7
1
8
2
3
1
1
2
1
1
1
1
1
1
1
1
1
470
78
17
19
4
3
6
5
12
3
2
2
4
1
1
1
1
1
1
