5585
8578
7
15
419
186
48
51
5
1
72
3
21
1
2
3
1
1
1
2
1
1
1
2
2
2
2
1
1
1
1
1
8004
6027
611
297
29
3
1
3
3
2
2
10
4
1
5
3
4
1
4
2
2
14803
107
17
2
5
41
5
2
8
4
2
2
7
1
4
1
1
1
1
2
1
1
14008
926
13
14
11
7
2
2
18
1
1
3
1
2
1
2
1
1
1
1
1
1
14957
3
1
5
9
2
2
11
4
1
2
3
3
3
1
2
1
2
2
1
1
1
1
14557
256
18
37
71
2
4
4
1
5
6
3
13
1
1
8
6
1
1
7
7
3
2
1
1
1
1
3068
10378
1345
79
30
1
41
1
1
18
5
9
12
1
2
5
6
1
2
5
1
1
1
1
1
1
1
1
14424
160
28
221
107
3
15
5
12
1
3
3
6
4
7
7
1
2
1
2
3
1
1
1
14860
3
54
1
5
3
7
33
7
11
7
3
5
1
1
4
1
2
1
1
1
1
1
1
2
1
1
14788
95
5
4
67
11
12
9
6
3
5
2
3
1
1
1
2
1
1
1
1
14920
11
3
3
3
7
33
9
3
2
3
2
1
2
1
1
1
1
3
2
2
2
1
1
12018
2967
1
1
2
4
3
2
3
1
9
1
2
2
1
1
7611
1307
2926
2318
781
7
3
1
1
16
2
4
8
3
7
2
4
2
1
1
2
7
1
1
1
1
4452
3411
3568
3346
31
84
48
22
5
5
1
1
9
3
8
3
8
4
1
1
1
1
1
1
1
1
1
14814
73
5
3
84
1
2
1
3
9
4
3
3
4
1
2
1
1
1
1
1
1
14757
4
51
74
28
15
2
29
13
11
17
1
1
4
1
3
2
1
1
1
2
8199
6750
12
5
1
1
8
2
4
1
2
9
9
3
6
1
2
1
1
1
11469
2839
323
101
184
25
27
3
1
1
9
6
2
8
1
3
3
1
2
3
3
1
1
1
1
3379
2949
7332
405
152
73
333
247
74
7
36
4
2
1
2
4
2
2
2
5
4
1
1
1
14974
8
7
3
4
3
2
1
1
4
1
1
2
2
1
2
1
1
12590
1855
221
267
49
14
2
1
4
6
1
2
2
1
2
1
2573
5441
2169
824
744
2041
347
647
49
5
58
2
1
11
16
45
13
1
3
3
10
1
2
1
3
1
1
1
1
2
2
14823
94
8
64
3
7
2
4
2
1
1
3
4
1
1
12042
2876
13
9
11
21
11
3
2
5
1
1
3
1
2
1
2
2
2
1
3
1
1
1
1
1
1
1902
13077
2
5
5
1
11
3
2
1
1
1
2
1
1
1
1
1
14961
8
1
4
1
8
3
11
3
2
2
9
2
1
1
1
4630
6271
4077
13
1
5
3
2
1
2
1
1
2
1
1
1
2
2
1
1
7167
7707
69
2
1
9
35
1
7
1
7
1
2
1
1
2
2
1
1
1
14428
236
174
26
10
5
88
11
21
2
3
1
2
4
1
2
1
1
1
1
10161
4624
34
51
16
2
84
5
9
3
4
1
2
5
2
2
3
1
1
2
2
1
1
1
1
14574
53
324
22
23
1
2
1
1
4
2
2
5
1
1
1
1
11257
3207
10
31
487
1
1
1
1
1
3
2
2
3
4
3
1
1
1
1
10496
3780
180
21
391
63
13
11
5
7
5
1
21
2
9
5
1
1
1
1
1
2
1
6449
4380
3874
214
16
5
31
1
11
2
8
7
1
5
1
1
1
1
1
2
3
2
1
1
14632
8
235
31
5
36
54
4
2
2
4
2
1
1
1
3657
7039
3109
635
3
391
3
19
97
11
10
5
5
8
3
6
2
2
1
1
3
2
1
1
1
1
1
1
13874
1051
6
13
12
12
1
12
1
2
2
2
2
5
5
5
3
4
1
1
1
1
1
1
12004
1921
393
645
2
40
3
3
1
1
2
1
1
1
11563
264
34
3009
61
10
4
7
32
3
1
4
2
1
6
4
5
1
1
1
1
1
1
1
1
6630
2641
2728
2833
118
13
1
18
3
4
1
2
12
1
2
1
1
1
1
2
1
2
1
1
7001
3398
3602
957
4
1
8
4
19
6
2
1
1
1
2
1
2
1
3
1
1
1
1
11976
2524
226
35
222
2
2
2
1
6
5
3
1
2
2
2
1
1
2
1
1
1
6572
3587
3983
495
6
339
9
9
3
2
2
7
2
1
1
14953
1
1
10
4
9
7
3
6
1
6
1
1
3
3
1
1
1
1
1
2
1
1
6549
7299
941
63
18
64
41
2
13
4
1
13
2
1
3
1
1
1
1
6437
7984
263
28
205
3
13
11
5
14
31
1
7
3
1
1
2
1
3
1
2
1
1
7225
4253
3289
51
47
37
32
57
1
3
2
1
1
7
1
2
1
2
1
1
1
1
1
1
14855
96
8
17
1
12
3
1
2
2
11
1
2
1
2
1
1
1
1
7403
4518
3069
2
9
3
3
2
1
3
1
1
1
1
1
10841
3481
135
439
37
7
27
9
3
7
1
7
5
3
1
2
3
1
1
1
1
1
1
1
1
1
1
4174
7448
2919
124
200
73
13
14
3
1
4
3
11
2
2
1
1
1
1
2
2
1
3
1
3
1
2
1
1
1
1
1
1
1
1
8282
6120
76
59
87
298
20
13
2
5
3
3
2
8
22
2
4
5
2
1
1
1
2
14666
17
34
186
69
13
2
8
2
1
4
3
1
3
2
1
1
1
1
1
1
1
3132
11133
446
250
7
18
12
2
1
5
1
3
2
3
1
1
1
7781
3062
3676
37
150
5
3
11
206
30
3
8
7
7
3
2
3
1
3
1
5
8
1
1
1
1
1
1
7439
2736
4677
7
2
3
81
8
2
2
3
27
6
2
2
5
4
1
3
1
1
1
1
1
1
1
1
14702
161
71
12
21
1
9
13
4
1
1
9
1
2
2
1
1
2
1
1
1
1
14962
1
32
2
1
2
2
6
2
2
2
1
1
1
1
10842
4016
18
77
5
30
3
3
7
4
1
1
1
4
1
1
2
1
1
11959
167
2858
4
4
1
1
1
3
3
1
6
1
1
1
1
1
2
1
1
1
14702
147
145
7
7
1
1
1
2
1
2
1
1
11371
3140
55
298
9
28
90
4
4
6
3
1
3
4
1
1
8172
556
2597
3204
308
16
40
57
5
9
2
3
5
21
11
1
5
2
1
1
1
1
13843
540
525
49
9
16
6
10
4
3
1
1
1
1
1
2
1
1
1
2
1
11964
2983
23
4
1
8
1
2
3
6
4
2
2
1
2
2
1
2
1
1
1
1
1
2
4533
10260
8
34
82
33
8
13
3
18
2
2
4
4
5
2
2
1
1
1
1
1
2415
9271
1234
76
1181
382
239
28
7
56
46
6
1
1
31
6
3
2
7
3
1
2
4
2
1
2
2
1
3
1
2
2
4710
6217
3568
6
104
246
27
24
5
9
41
22
26
5
1
1
2
1
1
1
1
14065
374
52
63
255
43
1
27
12
5
9
67
3
1
8
5
4
3
1
2
1
2
1
2
5
3
1
1
1
1
2566
468
8006
3249
551
4
58
48
3
12
6
13
2
5
11
1
1
3
1
2
1
2
1
2
1
1
14689
171
94
1
6
5
20
4
1
1
8
1
3
1
3
1
3
2
2
1
1
898
5681
4774
11
3616
1
4
4
3
1
3
4
2
1
1
1
1
1
1
2
2
1
1
1
1
1
1
6563
2905
3946
878
596
44
1
12
9
17
2
19
1
2
5
4
1
1
2
1
1
1
1
2
1
1
1
1
7218
7604
80
4
14
38
3
5
2
28
5
2
1
2
2
3
1
1
1
2
1
1
14874
1
47
1
3
1
28
5
21
6
3
2
2
2
2
5
2
2
3
1
2
1
1
1
1
1
14530
402
15
2
8
23
15
7
2
1
2
2
1
1
1
3
1
2
14666
9
100
113
53
43
13
1
3
1
3
1
4
1
2
1
1
1
1
1
14915
28
1
9
7
1
4
17
5
1
3
5
2
9
1
1
1
2
1
1
2
1
1
10632
3810
450
57
1
18
3
25
6
3
4
1
1
1
2
1
1
1
1
8493
5929
125
227
12
153
15
10
31
9
1
3
2
2
1
1
2
1
1
5182
9760
32
1
8
1
3
12
3
4
1
4
1
1
1
1
1
1
1
9263
4382
1133
44
6
36
3
47
2
8
13
23
7
2
3
5
3
2
1
1
2
2
11
1
6
3
1
1
1
2
1
1
1
1
11419
3083
299
1
80
71
5
3
5
1
18
3
1
5
1
5
4
4
2
2
1
3
1
1
14570
333
1
10
3
10
38
2
4
4
1
17
2
2
4
2
1
4
2
1
1
1
2
1
1
1
8424
5855
696
20
4
1
1
2
1
3
2
1
4
1
2
1
11237
3116
514
7
1
46
77
9
1
1
1
2
1
1
2
1
1
3774
7427
3731
44
10
1
22
1
1
1
1
1
2
1
1
14923
2
13
23
1
12
10
2
3
2
2
4
1
2
5
1
1
2
2
1
1
1
1
1
1
1
291
10896
3531
127
25
60
5
4
2
5
10
5
23
12
4
2
3
2
1
2
1
1
1
1
1
1
2
746
7687
2555
1206
2618
49
1
12
20
14
20
7
40
6
3
7
1
3
1
2
1
6
1
1
2
6
1
1
1
2979
3653
3631
2783
1389
201
134
78
95
26
3
11
2
3
2
10
5
4
2
2
1
1
1
1
1
14905
2
1
10
59
1
1
6
6
1
3
2
3
1
3
3
2
2
1
2
1
1
1
1
2619
11572
570
193
7
5
35
1
1
1
3
3
2
1
1
1
1
1
1
13879
268
518
14
252
23
11
11
26
1
2
7
2
2
1
1
14333
73
541
37
4
9
2
1
1
1
2
1
3
2
4
1
1
1
1
14873
1
56
5
1
4
24
20
13
1
2
1
4
2
1
1
2
2
3
1
1
1150
10415
3097
213
1
62
10
12
29
5
7
1
3
1
1
2
1
2
2
1
2
1
14939
21
16
1
6
13
3
5
1
4
1
1
2
1
3
1
14982
17
8
1
1
2
1
1
1
2
1
1
13920
743
60
82
56
30
24
49
24
2
1
4
7
2
1
1
3
2
1
1
1
2
2
14816
101
8
2
1
1
8
4
4
11
18
2
3
9
2
1
1
2
2
2
3
5
3
2
1
1
2
1
1
1
3890
7178
3752
57
35
8
12
4
23
28
9
2
3
1
1
5
1
1
1
1
2
2
1
1
7259
7422
62
53
13
32
58
48
2
15
24
2
2
4
2
5
2
2
4
2
1
1
3
14921
31
10
10
15
2
1
4
6
1
1
1
1
5
1
1
1
1
1
3
1
14148
730
25
56
4
1
7
7
4
3
8
4
2
6
1
3
1
1
1
2
2
1
1
8505
2499
3833
1
65
2
37
19
15
3
1
4
1
13
1
1
2
1
2
3
2
2
3
1
1
1
2527
4492
5401
2364
100
6
92
2
4
8
3
2
10
2
1
3
1
14932
16
2
1
8
16
1
2
8
2
2
1
4
1
1
2
3
2
1
1
1
1
1
1
1
1
1
1
1
1
1
1
3837
7466
3562
119
18
2
1
4
2
2
1
1
1
1
1
6887
159
7743
114
38
3
10
26
15
1
4
1
1
3
1
3
1
1
1
1
1
1
2
1
736
7944
2577
3626
39
9
15
7
1
23
3
1
6
4
3
3
4
1
3
1
6
3
2
1
14901
46
2
25
19
4
1
1
3
2
3
6
2
1
1
1
470
4475
3821
2430
3421
163
117
24
2
14
2
6
12
1
2
21
3
1
4
11
3
1
1
2
1
4
1
1
2
2
14584
206
4
27
120
37
13
2
1
1
4
1
1
4
2
1
1
3
1
1
1
2
1
10507
4313
22
82
8
15
3
7
3
22
5
4
2
2
2
2
1
2
2
1
7
1
1
1
2
1
14947
6
3
16
10
4
1
3
5
1
7
2
3
1
1
4
1
2
1
2992
4950
2594
3113
307
980
2
15
10
8
1
9
2
12
1
1
6
2
1
1
1
1
1
1
1
1
2
1
1
1
2621
8746
2457
329
623
10
44
15
3
24
15
86
7
2
2
9
1
12
1
1
3
4
1
1
1
10408
4086
258
181
14
22
13
2
8
1
1
5
1
5
1
1
1
2
1
2
1
1
1
1
1
14313
232
195
26
18
4
195
4
9
5
4
1
8
1
1
1
1
12714
2200
39
5
7
6
4
5
6
2
4
6
3
5
1
6
1
1
1
1
1
7298
4359
249
68
2180
226
503
21
37
13
2
3
5
3
5
13
4
3
5
1
4
6
1
3
1
3
1
1
14932
1
43
9
4
1
1
2
2
1
1
1
1
6
3
1
3
1
3
1
1
4218
7172
3348
23
4
8
92
16
54
7
4
11
10
3
2
21
3
1
2
4
3
2
3
1
1
1
1
2
1
3404
5755
2
827
4746
160
26
18
1
27
3
7
4
1
2
10
11
2
1
1
1
4
1
2
2
7578
4931
169
2016
250
17
4
7
8
1
4
2
9
1
1
2
4
1
2
1
1
1
4
1
2
1
14794
50
13
3
61
3
48
1
1
14
4
10
1
4
1
2
1
1
1
1
1
1
1
1
6520
6725
1633
4
14
29
10
4
14
19
9
2
23
3
7
1
1
9805
3481
1256
37
136
106
70
2
13
2
49
11
3
15
1
1
2
5
1
2
1
1
8
1
2
2
2
2
1
831
12594
1335
59
49
30
74
2
3
11
3
2
7
3
1
1
2
1
3
1
2
1
1
1
1
4112
3623
7200
19
24
9
8
5
2
1
4
2
1
1
1
1
1
1
1
2
14881
20
35
3
6
2
31
5
15
5
3
1
1
2
1
2
2
1
1
1
6875
6690
1384
4
16
9
2
3
12
3
3
1
2
4
1
2
1
1
1
1
1
1
1
14772
182
1
1
21
2
1
10
1
1
4
2
3
5
6
1
1
1
2
1
13638
980
151
110
23
15
4
4
10
7
3
6
27
3
1
1
3
4
1
1
3
1
2
5
1
2
5
2
1
3
1
7031
3559
3233
302
352
113
73
74
194
5
11
19
20
4
3
3
2
1
1
4
1
2
1
3
3
2
1
1
11824
2982
6
123
2
5
10
1
4
6
23
1
15
2
1
1
2
1
1
1
1
2
2
1
1
14921
6
1
36
9
15
1
3
1
10
3
1
2
1
1
1
2
1
1
1
1
3626
1033
8256
1814
53
32
127
28
16
2
1
1
10
1
8
5
1
2
1
1
11051
3809
9
52
2
8
21
7
23
1
14
2
1
8
2
1
1
2
1
1
1
1
10389
4419
2
75
1
46
2
31
2
1
1
15
16
2
1
1
5
2
1
1
1
1
1
1
1
4274
6947
3172
465
124
3
3
1
3
2
6
5
2
3
1
1
1
1
2
1
1
4749
3284
3108
3370
308
4
126
6
1
4
1
3
14
4
3
1
3
5
1
1
2
1
1
2
1
1
1
2
5
1
2
3
14917
10
64
1
15
2
1
2
1
1
1
2
1
14871
43
12
4
19
21
28
3
4
1
1
1
1
1
3
1
1
1
1
1
6245
8392
281
34
28
4
9
2
5
7
1
1
1
1
2
1
1
2
1
2780
2449
3926
912
1003
544
2775
573
9
6
2
2
8
6
3
1
4
1
1
2
1
2
1
2
3
1
1
5943
5286
3465
81
40
67
5
64
23
5
1
29
2
1
2
1
1
2
14970
8
2
5
3
2
6
1
6
6
2
2
1
1
2
1
14913
69
2
19
9
1
1
1
1
1
1
9380
3050
2244
269
1
20
11
15
7
1
1
1
3
2
2
2
3
1
1
1
1
1
1
894
12519
1435
28
1
4
73
16
8
8
14
2
2
1
1
3
1
1
2
1
2
2
14886
4
52
32
2
3
6
8
2
3
3
3
3
2
2
1
2
3
1
14489
32
15
20
322
29
38
38
4
7
1
9
2
1
1
1
2
1
1
2
1
1
1
4549
2200
157
1914
4779
1138
140
28
45
5
1
3
1
3
4
1
4
7
2
7
7
3
3
1
6
2
1
1
1
1
1
1
2
6628
7580
1
765
7
7
2
12
1
4
1
3
1
1
1
1
1
1
1
5109
2417
2455
588
219
4180
4
4
13
4
5
3
2
4
2
1
2
3
2
1
10867
2233
1263
77
189
114
18
16
17
8
12
129
47
2
4
2
3
1
2
2
1
1
1
2
1
1
1
1
2
1
12947
698
615
256
410
1
20
21
1
2
8
11
3
4
1
1
2
2
1
5
3
1
1
1
1
2
6722
7171
286
758
1
2
1
38
1
10
1
1
1
5
7
4
1
1
3
2
1
1
14066
796
104
10
4
9
1
9
5
1
1
2
1
1
2
1
1
1
1
1
1
4064
10881
25
10
7
9
2
2
7
5
1
2
1
1
1
14485
7
467
1
10
12
4
1
14
1
1
1
2
1
1
2
1
2
1
1
1
1
1
11840
2382
734
3
2
13
2
14
2
1
1
1
3
1
1
1
1
4
2
1
3
1
2
1
1
1
6467
7987
213
21
33
262
2
1
4
2
1
4
1
1
1
1
3
2
1
1
2
3
1
1
1
1
1
9810
4966
74
10
29
27
50
3
1
3
20
1
2
6
2
1
1
2
1
2
1
1
1
1
1
1
1
14734
140
2
65
5
2
38
3
2
2
1
3
1
1
1
1
1
3
5
1
1
1
3
1
1
3787
2780
6614
209
687
801
3
6
42
14
19
20
2
11
1
8
1
1
2
5
1
2
1
1
2390
3819
1271
3477
524
3422
7
4
5
6
10
3
7
1
16
25
8
2
1
1
2
4
2
5
3
1
1
1
10221
4624
19
40
54
4
10
7
2
4
3
1
9
4
1
4
1
1
1
2
3
1
1
1
13702
1233
9
1
2
3
4
1
13
4
6
1
6
2
12
3
3
1
1
1
2
1
1
4
1
1
14228
720
15
17
3
6
1
3
3
1
4
2
8
2
2
2
1
8509
6261
5
45
79
36
1
8
1
3
37
4
5
1
3
3
1
7
4
1
1
1
1
1
7503
3587
3506
354
25
7
3
5
1
4
6
1
4
4
1
1
1
2
1
1
1
4216
3904
6639
125
1
98
8
3
15
1
2
1
1
1
1
1
1
3951
3809
2884
4162
8
11
75
27
4
18
26
2
4
2
11
1
4
3
3
1
1
1
2
2
1
2
1
1
1
7675
4013
2720
12
78
4
5
248
110
11
2
16
46
23
15
6
3
8
4
3
3
1
2
1
1
1
1
1
1
1
1
1
1
631
3938
10253
68
51
3
39
3
1
1
4
3
8
2
1
1
4
3
1
1
1
1
11229
1431
2321
5
4
1
1
2
7
3
3
2
3
2
1
1
1
1
6905
3249
4711
35
55
22
5
2
2
2
9
3
11
1
3
2
1
635
6695
7252
148
214
27
17
2
9
3
8
1
1
3
1
1
1
14941
7
4
13
2
2
1
2
2
3
8
9
3
2
3
1
6
1
4
1
1
1
1
7370
4848
11
2702
9
46
5
3
1
2
2
1
1
2
2
3
1
1
1
4
1
1
1
7600
7197
1
116
5
27
49
7
3
1
3
1
2
1
2
1
1
1
1177
10610
2631
202
154
116
72
10
2
14
2
3
12
1
2
1
1
2
1
1
1
1
1
1
13868
938
30
137
5
12
2
1
1
1
2
1
1
7
2
1
4
2
1
1
1
14951
13
1
20
2
2
13
6
1
3
1
1
1
1
1
1
11181
3086
27
561
56
1
4
8
5
7
19
19
14
1
15
1
2
1
1
2
1
3
1
1
1
7074
4647
2837
147
176
98
8
3
5
2
1
2
1
3
1
1
2
2
2
2
1
1
1
1
3682
8267
2845
156
1
2
28
10
6
1
6
1
1
2
2
1
1
1
1
1
1
1
1
14598
212
77
1
58
13
16
2
1
17
2
3
1
2
2
2
5
1
1
1
1
1
1
3894
7780
3039
171
62
1
1
1
9
2
1
27
1
1
6
9
3
1
3
1
1
1
2
1
14965
22
4
3
1
9
2
2
2
1
2
1
1
1
1
1
10482
4053
384
58
1
3
3
16
3
4
3
1
2
2
2
1
14470
361
13
52
4
65
1
2
19
8
3
5
1
1
1
2
5
1
1
1
1
1
3724
288
647
2072
3208
163
4405
69
42
308
2
28
14
15
3
2
3
1
1
1
4
1
6
1
2
1
3
1
1
1
1
11249
3656
35
3
3
13
7
1
1
12
2
2
3
1
1
8
2
3
1
4
1
2
1
1
1
1
1
1
2
14919
14
11
17
8
10
12
3
6
1
4
1
3
1
1
1
1
2
1
1
1
855
579
350
3403
6405
3209
97
16
20
7
15
24
2
7
2
1
6
1
2
3
1
1
1
2
1
2
1
1
1
1
2
6199
8047
28
684
18
2
7
6
1
6
2
2
8
1
5
1
1
2842
4487
4063
3066
121
256
116
10
4
4
5
3
2
4
5
2
8
1
3
4
1
1
1
1
8
3367
6668
3594
359
526
404
14
15
5
10
8
4
6
11
2
1
1
3
1
1
8
1
1
1
1
1
2
1
1
1
11655
3293
5
4
4
2
1
16
13
3
2
1
1
3
2
1
2
1
1
2
1
1
1
1
1
1
14972
3
1
8
3
1
10
4
2
2
5
4
1
1
1
120
10466
4303
14
13
3
6
4
35
7
20
4
1
1
5
3
1
4
1
3
2
1
1
14850
16
98
4
23
6
1
1
1
2
3
2
3
1
1
3
1
1
1
163
4965
5889
2366
1262
308
1
7
2
6
5
1
3
7
6
1
2
2
1
1
3
2
5
1
1
2
1
1
1
1
2
11080
3701
142
33
1
1
8
14
9
5
4
3
5
4
2
3
1
1
1
3961
2956
4201
3854
3
1
10
3
2
2
1
3
9
4
2
1
1
1
1
1
1
6895
6374
705
262
202
151
285
75
11
2
12
16
2
1
1
3
1
1
7
1
2
5
1
1
1
1
659
14299
11
3
3
1
1
1
3
6
4
3
3
2
2
1
4
1
1
2
1
1
1
1
1
1
1
1
10360
1151
3044
351
42
22
5
1
5
1
13
1
1
1
1
1
1
1
4
1
4
2
2
1
2
11298
3550
41
28
59
2
1
1
1
1
3
2
1
4
7
1
1
3
2
1
3
1
1
1
1
1
3
2110
12782
3
73
20
3
3
2
4
1
2
1
1
4
1
1
3
1
2
1
317
7900
7
4381
1802
61
1
252
64
181
4
4
1
1
1
5
6
1
6
5
2
2
2
1
3
1
1
1
1
1
1
1
1
3928
10454
105
2
4
163
126
56
97
30
9
8
1
17
1
7
1
1
2
1
1
2
1
1
7421
3020
908
2912
610
14
20
18
84
2
2
1
1
2
1
1
1
1944
3512
1835
7028
32
310
76
117
2
139
5
1
1
1
1
1
4
3
1
1
1
1
1
1
7749
3805
2848
18
38
172
34
109
4
88
23
3
25
8
1
39
2
16
8
1
10
1
4
2
3
1
4
1
1
12669
2097
4
29
46
21
25
101
4
1
1
1
1
1
1
1
4
2
1
1
1
1
1
1
1
1
1
14816
69
8
70
4
1
14
8
7
2
1
1
1
1
3
3
1
1
1
1
3
1
1
2651
8647
2854
809
2
6
1
1
1
9
3
10
4
1
2
3
1
3
1
4
1
2
1
1
3775
10768
435
23
1
1
2
2
3
1
1
1
1
1
1
1
1
3886
6879
559
3163
259
138
94
12
1
1
1
2
7
1
3
1
1
2
3
4
1
14903
55
2
6
12
3
1
6
1
5
9
4
5
1
1
1
1
1
1
14872
4
2
86
19
5
8
1
6
4
1
1
2
2
3
1
1
11588
2998
1
105
100
33
130
1
1
11
3
3
8
3
3
1
1
2
2
5
1
1
2
1
1
4
1
2
1
2
1
1
1
2673
10839
1164
275
1
2
4
7
12
1
3
10
1
6
2
3
1
4
2
2
1
2
1
1
1
14836
85
29
26
8
15
1
3
1
2
1
1
1
1
3
3
2
14877
102
3
1
4
15
1
2
3
1
3
1
2
2
1
4089
4107
2391
3918
426
8
7
1
41
6
1
1
1
1
1
5
1
1
2
2
1
2
1
1
1
1
1
10418
3429
975
2
67
36
58
4
1
3
2
8
2
1
2
1
1
4
1
1
1
1
14634
54
276
19
2
6
8
1
2
2
2
1
4
1
3
1
1
1
3228
11536
152
7
51
4
5
4
4
3
6
1
5
2
1
2
2
1
1
1
1
1
14806
107
1
23
3
33
7
20
1
1
3
3
2
1
1
1
1
1
2
1
4140
3420
3562
3479
170
66
41
24
30
24
3
19
17
1
2
11
2
1
1
2
1
1
1
14935
9
4
6
10
40
1
1
3
2
1
1
2
1
1
1
7049
2852
3679
1167
60
33
132
6
23
1
2
2
1
4
2
1
1
1
1
1
7895
2968
3367
108
408
43
139
4
27
1
9
3
7
3
13
3
3
4
3
1
4
2
3
14384
117
13
155
121
12
27
122
8
1
4
22
1
1
2
5
1
1
1
1
1
6
3
1
1
1
2
1
1
1
1
12733
1933
263
28
32
1
1
2
3
4
14
1
1
1
1
14671
63
7
190
2
2
31
22
6
2
2
2
2
1
2
2
1
1
4
1
1
1
1
1
14698
151
10
55
59
16
6
3
5
3
1
3
1
1
1
3
1
1
14834
112
20
1
9
7
2
14
1
3
4
1
1
2
1
1
1
1
1
2
13746
995
74
1
34
48
21
36
13
1
5
18
9
3
1
1
1
5
1
2
1
1
1
14992
2
1
3
1
2
2
6
1
1
1
1
1
2
1
1
4
11703
3197
23
30
23
17
1
2
1
6
1
4
1
1
1
1
2
9872
4882
28
86
4
21
52
1
13
1
14
1
3
1
1
1
2
1
12
2
1
2
1
1
3
4
2
1
1
2
1
1
14957
21
2
2
3
4
3
1
1
2
2
1
1
4
2
2
3
1
1
2
1
1
1
10422
3732
512
217
10
4
11
2
2
7
6
14
1
9
4
1
7
7
3
1
2
5
2
2
9
2
5
2
4
2
2
1
1
1
3
1
1
1
3725
10626
444
7
1
102
1
2
74
5
2
2
3
2
1
1
3
4
1
1
3
1
4
2
1
8152
3609
3052
35
25
86
4
22
1
1
6
3
3
3
1
1
3
2
2
1
1
1
1
1
1
1
7763
4138
2568
396
2
4
23
20
13
22
5
2
1
17
9
8
9
1
1
1
1
5
1
2
3
1
1
1
2423
12362
108
1
4
53
9
2
11
31
3
1
4
2
1
1
1
1
10792
4141
6
28
23
12
1
2
1
5
1
3
2
1
2658
4107
8086
55
13
21
14
36
1
1
6
3
2
8
1
1
1
1
1
1
1
3062
4280
7567
31
1
2
2
5
5
1
14
1
2
2
2
17
1
1
1
1
2
3
3
1
1
1
3
3
1
1
1
14589
291
61
2
20
6
15
1
6
3
2
1
6
4
2
2
1
1
1
1
1
1
1
14962
17
2
17
8
1
3
2
3
1
1
1
11553
3026
157
27
109
48
32
11
7
9
4
7
5
1
1
4
1
1
1
1
1
2
4
1
3
1
1
14939
10
13
4
1
10
6
15
9
1
1
1
2
2
2
1
1
497
3290
7197
3668
165
70
76
20
2
2
2
20
1
1
1
1
1
1
2
1
3671
11240
7
12
7
1
1
8
4
20
2
3
4
8
19
1
1
3
1
2
1
1
1
14883
6
101
3
9
1
1
1
1
1
1
2
1
1
1
2
2
1
14810
65
2
9
21
33
32
2
10
4
3
3
4
2
1
4
8
1
1
1
1
1
14904
62
8
12
4
1
1
3
9
2
3
1
1
2
4
1
6853
2972
3933
883
87
8
35
157
14
2
2
1
30
4
18
1
4
4
1
2
2
2
1
1
1
11160
3745
2
13
2
11
8
8
5
4
15
6
3
6
2
1
3
3
2
1
1
1
2
1
1
4
2
1
1
1
1
1
1
8271
6587
108
3
2
20
4
1
5
5
2
2
1
1
2
2
1
1
14755
202
26
4
12
7
4
1
3
1
1
2
11505
3072
209
19
69
103
1
9
4
1
2
1
9
1
2
2
1
1
1
1
1
1
1
1
1
14760
160
40
6
4
8
15
3
1
1
2
4
1
5
1
1
2
1
2
1
13464
1510
8
4
3
16
2
1
2
2
1
1
1
2
1
2926
6671
98
1357
3342
301
86
187
26
2
3
1
5
1
2
3
2
1
1
1
1
1
9982
2604
1026
288
868
95
25
2
59
6
6
1
6
1
1
6
6
2
5
1
7
1
3
3
1
8
1
1
2
1
10968
2758
861
310
16
21
62
1
1
3
1
1
2
2
1
1
1
2
1
1
1
1
1
1
14793
2
140
19
21
8
9
4
1
4
2
2
1
2
3
1
2
1
1
2
5098
9583
86
1
183
18
3
13
2
1
1
1
4
5
2
5
1
2
2
1
1
2
1
1
1
12108
2555
199
4
105
8
4
6
1
8
2
4
2
2
2
1
1
1
1
3
1
348
7386
7035
5
101
44
45
6
28
5
2
2
6
3
1
1
14458
465
1
16
17
3
31
3
5
4
5
1
1
1
1
1
1
3
1
468
14086
239
5
140
38
3
7
1
1
3
1
1
4
1
1
2
2
4
2
1
1
1
1
1
1
1
1
1
14358
501
10
31
1
4
4
34
25
1
14
3
3
6
3
3
1
1
3
4
1
2
3
1
1
8325
6414
62
155
8
17
1
1
5
1
3
2
2
3
5
2
3
1
1
1
2
1
1
1
1
5977
4237
951
2595
23
581
206
366
17
8
8
20
1
11
1
2
4
1
2
1
2
1
1
1
1
13547
1384
37
15
2
1
10
1
8
1
2
1
1
1
1
1
1
1
2
1
10521
2719
1660
22
13
3
7
2
21
10
3
6
1
1
1
12
1
2
3
1
1
2
1
1
1
1
1
1
10109
3423
1272
46
41
15
47
1
2
1
24
1
1
2
8
6
3
2
2
2
2
2
3
1
1
1
5048
9879
4
2
1
46
2
1
6
2
1
1
5
7
1
5
1
1
1
1
1
1
1
7866
3249
3531
23
22
26
151
2
54
4
20
10
10
2
8
5
2
2
2
1
6
2
4
3
2
1
1
1
1
2
1
1
1
1
1
10833
4020
71
8
12
40
1
6
6
2
5
3
2
3
3
2
1
4684
5967
4244
16
55
13
7
3
1
5
2
1
1
4
2
3
1
1
1
3
1
1
2
6644
735
7011
591
1
1
5
5
2
2
8
3
1
1
1
2
1
1
1
1
1
10687
3519
595
3
33
100
31
1
1
23
6
6
2
1
2
2
1
1
1
2
1
14652
11
178
1
43
27
3
64
6
1
15
3
4
7
2
1
13111
149
27
600
733
1
188
65
37
47
3
6
3
3
4
11
3
2
5
2
2
2
1
5
1
1
1
1
1
1
1
1
2075
12049
848
7
5
1
4
4
8
6
1
1
3
1
1
1
1
1
1
8332
5909
706
20
9
8
9
12
3
2
1
1
1
1
1
1
2
9006
5855
1
1
5
73
1
7
8
17
4
2
1
2
2
5
4
9
2
4
1
4
2
1
1
14084
673
89
5
83
15
7
14
9
16
3
7
2
1
1
1
1
1
1
1
1
1
1
1
6571
3521
4430
438
4
17
6
2
7
6
1
2
1
2
4
2
2
1
1
11074
3635
76
140
50
3
13
2
11
1
4
5
1
1
1
1
14640
165
92
49
3
17
10
1
4
7
18
1
1
2
1
1
1
1
2
1
1
11005
3506
169
246
5
2
2
25
3
6
7
1
11
5
2
2
2
2
2
5
6
1
2
1
2240
3270
3274
2718
3442
8
4
2
9
3
8
1
3
1
2
1
1
6
7
2
1
2
1
3
6
2
1
14896
15
30
1
19
1
3
21
8
1
2
11
3
1
2
1
1
1
1
3756
2721
3758
1747
2339
112
410
130
1
3
12
6
5
8
1
3
1
1
2
1
1
11074
2559
1083
165
21
5
9
6
16
3
4
10
16
13
3
2
2
3
1
5
2
1
8
1
2
1
1
1
1
8327
6361
8
34
94
9
75
71
3
1
8
6
1
1
6
1
2
3
1
1
1
1
1
1
1
12270
859
1692
144
7
31
1
1
1
1
1
2
4
2
1
1
14636
1
338
23
5
1
1
1
1
2
1
2
1
1
1
1
1
1
4015
7177
3734
42
8
4
1
3
7
1
1
7
3
1
2
4
1
1
1
1
1
1
1
1
3833
7104
3594
200
105
69
7
26
2
6
29
3
2
13
15
1
1
2
1
2
1
1
1
8042
6559
209
72
35
76
1
1
8
3
1
1
4
1
1
1
1
1
1
10544
2666
1419
157
7
71
17
12
15
51
4
14
3
3
1
2
5
14
3
1
2
2
2
1
1
1
8062
6741
68
56
44
6
2
3
4
5
2
4
1
4
3
1
4
1
1
1
2
1
1
1
14171
705
131
1
1
1
3
1
1
1
1
1
4035
6346
2245
556
45
1654
7
13
81
1
1
2
1
1
8
3
4
1
1
1
2
3
1
1
1
1
2
1
14262
443
3
75
3
45
28
1
59
1
31
3
4
3
14
9
14
5
10
1
1
1
1
1
3099
7205
4346
141
15
81
44
3
59
1
3
15
2
2
1
1
10210
4271
23
77
18
283
67
1
37
1
1
4
1
2
2
1
4
1
1
1
1
3
1
1
1
2
1
1
1
7746
6903
46
71
143
54
12
9
21
3
1
1
3
1
2
1
1
6719
3148
3509
1068
73
4
382
51
27
2
11
1
7
1
1
4
2
1
1
3
1
1
1
14878
49
29
1
19
1
10
1
10
8
1
2
2
1
1
1
1
1
1
1
3965
1462
6366
2448
502
56
158
2
4
32
1
1
1
1
4
3
1
2
1
1
3
2
1
1
10756
4073
17
93
21
4
4
5
4
8
1
1
6
7
1
5
5
1
3
1
1
1
11048
3274
10
225
322
25
17
16
38
4
1
7
1
1
2
2
6
2
2
7
3
1
1
1
1
1
12386
2560
9
7
21
5
3
3
1
11
1
1
2
1
1
1
4
1
7537
2638
3869
798
86
3
49
2
9
1
1
2
2
8
3
1
1
1
1
3
1
1
1
13724
148
1019
69
27
16
5
3
1
1
1
1
1
2
14723
147
110
4
1
1
3
2
2
4
1
2
2
1
2
1
2
1
2
1
1
1
1
1
1
1
2833
12081
24
13
12
17
1
3
2
9
2
6
1
4
1
1
2
2
2
1
1
5934
7067
543
598
323
66
227
164
6
2
52
3
6
2
7
6
2
2
2
3
2
1
3734
6549
3593
240
625
7
71
66
12
1
84
4
10
1
4
1
3
1
1
2
3
1
1
1
1
1
1
14794
5
106
10
9
64
1
1
1
1
1
1
2
6
3
1
1
3
3
2
1
1
1
13787
1021
3
28
109
1
19
3
10
4
10
4
1
1
1
1
7
2
2
1
1
1
1
7150
4884
2893
25
3
3
10
8
1
2
14
4
3
1
1
1
1
4
1
1
2
2
1
1
1
1
2659
4072
7996
158
1
79
19
3
10
5
1
3
1
3
1
1
1
1
1
1
1
1
4267
532
7053
3074
5
37
8
1
8
6
5
1
2
1
3
2
1
1
1
3
2
1
1
1
2
9583
5308
17
8
38
3
5
9
11
1
10
2
4
5
2
1
1
3
1
1
1
2
1
1
12316
2660
1
2
9
15
1
2
1
1
3
1
1
2
1
1
1
7300
7476
2
5
159
45
12
5
6
1
2
1
1
1
1
1
14715
25
166
15
3
24
7
1
23
1
3
3
11
4
3
1
2
2
2
4
1
1
1
11292
3649
30
5
2
1
1
1
4
1
6
1
2
2
3
4
1
2
1
1
1
1
3
1
1
1
1
7924
276
6278
152
102
181
44
20
11
1
1
7
3
1
2
4
1
1
1
1
1
3
1
1
1
13357
1513
57
29
1
4
9
5
7
8
6
1
1
4
3
4
1
2
2
1
1
1
1
12745
983
594
4
434
103
95
3
2
21
13
4
2
3
1
1
2
4
2
1
1
11887
2572
38
245
134
10
6
2
3
26
3
9
3
9
6
29
2
21
2
2
1
2
1
2
1
1
1
2016
12263
666
13
1
7
2
19
6
1
1
2
3
2
2
1
1
2
2
1
2
1
1
1
1
1
14976
5
8
11
4
3
3
3
2
1
1
1
2694
11379
2
854
36
5
2
12
1
1
1
10
3
1
5
2
3
1
2
1
1
1
1
3236
6318
5006
35
1
221
4
100
5
3
29
20
8
3
3
5
2
1
2
3
1
3
1
1
1
3
1
1
1
14959
8
26
4
2
2
6
1
1
1
4
1
2
1
8003
1929
3270
969
8
717
2
34
4
23
24
5
7
1
1
3
4
1
3
1
4
3
1
1
14768
133
37
2
22
14
7
2
14
4
1
1
2
1
2
2
2
2
1
1
1273
11023
2616
50
14
4
2
9
9
2
3
1
1
1
1
1
2
1
1
2
1
1
4169
10459
45
322
2
3
7
1
2
1
2
1
1
1
1
1
13559
746
14
182
138
70
151
101
26
1
1
2
1
4
1
7
1
4
1
1
1
1
1
1
1
1
1
14083
427
384
13
51
31
4
2
4
4
3
1
1
1
2
1
1
1
1
1
1
1
3297
11154
187
110
42
63
51
91
2
3
1
1
3
1
1
1
1
2
2
2
1
1
1
14978
5
5
6
1
3
1
2
3
1
1
1
1
1
2
2
2
1
1
1
14668
259
33
4
15
7
1
4
11
7
1
3
1
1
2
1
2769
6607
1678
2666
746
165
43
208
30
26
1
3
15
1
10
2
13
1
10
3
1
6
2
3
1
4
2
2
3037
7864
3598
36
35
250
58
19
18
30
2
18
2
1
11
3
2
8
2
4
5
2
1
1
1
2
1
1
2
1
1
1
1
11213
3642
84
1
24
4
6
1
6
6
2
4
4
3
2
1
2
1
3
1
1
2
2
1
1
1
10003
4817
132
1
8
26
1
1
1
1
2
1
1
5
5
2
1
2
2
1
1
2
1
1
3894
7808
3058
13
8
158
22
30
2
1
1
2
4
3
1
1
1
1
1
6
1
1
1
9781
3439
1281
285
190
1
10
1
1
1
13
2
4
2
1
3
1
1
1
6762
3951
3276
775
116
1
5
68
10
3
8
8
1
5
1
4
1
2
5
2
1
3
3
1
1
1
1
1
1
1
14761
29
16
111
19
3
13
3
1
3
10
7
9
2
8
2
2
1
1
3
1
1
2
1
1
2
1
1
2
1
1
3840
10864
15
16
49
23
196
2
3
1
2
1
2
1
1
1
1
347
3850
7270
3224
242
7
44
4
9
1
2
1
1
4
2
2
1
1
1
1
1
1
1
1
7213
4057
3571
27
11
28
5
8
30
3
16
1
1
7
16
2
1
8
3
1
3
1
1
1
1
1
1
11861
2827
179
68
25
26
6
3
2
4
4
2
1
3
1
2
1
1
1
1
7717
3113
3755
152
82
70
1
75
18
1
2
6
2
5
4
1
3
2
2
1
1
1
1
1
1
1
4066
9996
32
231
228
420
1
18
3
4
4
2
1
2
2
2
2
1
2
1
1052
13761
141
21
3
2
5
5
2
1
10
8
2
1
1
2
1
7773
7118
73
2
7
4
12
7
6
5
2
2
1
1
3
1
1
7416
3879
3088
114
206
216
36
2
8
20
9
2
3
1
3
3
2
5
1
2
1
1
14935
1
13
22
14
1
6
10
5
3
5
1
1
1
11858
2180
201
8
656
1
4
1
38
30
2
13
1
3
2
1
2
1
4
1
1
1
1
1
2
2
1
1
1
10999
271
3621
67
4
34
1
1
3
2
2
1
2
1
3
3
1
1
1
14067
626
187
99
11
3
13
1
5
1
1
2
1
1
14895
44
3
30
11
17
2
5
2
1
1
1
1
1
1
1
1
1
3125
6310
2187
3222
2
43
32
4
9
18
8
1
5
1
1
8
3
2
1
2
1
9
3
2
5
1
2
1
4
1
2
1
1
1
12294
2480
177
5
14
8
4
13
5
1
1
3
1
3
1
2
2
1
1
1
1
4351
2540
3639
3588
285
39
263
159
2
30
9
24
3
4
37
7
4
2
2
9
1
2
1
6
5
1
2
1
1
1
3316
10238
997
11
218
140
10
59
3
3
3
2
4
1
4
2
3
2
1
1
14511
371
8
10
69
17
6
1
1
1
2
1
1
1
2
8
3
1
1
1
1
1
11024
3887
9
19
8
20
15
10
6
11
4
2
1
1
1
14754
52
144
5
2
4
7
1
3
2
1
2
17
2
2
1
6
2
1
1
3
1
1
1
1
1
1
3594
6351
4339
581
8
55
5
28
4
1
5
9
13
2
5
4
2
1
2
2
2
2
1
1
1
2816
4457
1853
3963
1326
515
3
9
24
14
2
1
1
11
6
2
1
1
1
4
1
1
2
1
1
1
1
14118
153
603
87
13
10
2
1
1
10
4
2
3
1
1
2
1
1
1
1
1
1
1
14864
108
1
7
8
1
4
2
1
5
2
1
3
2
2
1
2
1
1
1
1
4655
1854
7192
943
54
13
95
1
112
9
10
50
3
4
7
3
1
7
1
1
1
1
1
1808
4040
948
6217
719
264
7
355
577
9
11
2
18
7
1
3
15
1
2
1
1
2
1
2
1
1
1
1
1
1
1
2990
3063
4064
669
3926
182
65
11
5
2
4
21
3
1
5
1
1
2
1
1
1
14956
1
17
1
3
1
1
10
16
1
1
4
1
2
1
1
1
14862
52
8
4
35
19
14
1
2
2
2
2
6
2
2
2
2
1
14841
38
2
29
6
15
3
11
26
7
26
1
1
4
1
1
2
1
2
1
436
14549
2
2
2
2
2
3
4
4
2
3
1
1
1
1
1
1
1
11793
3016
23
5
37
70
7
1
2
5
23
8
5
3
1
2
6
3
1
2
2
1
1
1
7796
6855
19
304
4
4
1
2
1
12
1
6
3
1
2
1
1
2
1
1
1
1558
13260
94
12
19
1
21
1
1
2
6
1
15
3
2
6
1
2
1
3
2
1
4
1
1
3597
10136
1011
176
25
13
4
13
12
1
1
1
4
2
3
4
1
1
1
2
2
1
2
1
2
1
1
14003
855
82
43
8
3
3
3
1
3
2
3
2
1
1
2
1
1
1
13527
1420
1
23
4
2
28
4
1
2
1
2
1
1
1
3956
3873
6613
12
490
35
4
1
5
7
10
6
1
1
2
1
1
9842
4087
749
257
6
34
1
1
2
5
5
3
6
4
6
1
3
3
1
1
1
1522
5821
37
3282
3964
271
19
3
10
1
40
4
7
9
6
2
6
1
2
2
2
1
1
1
1
1
1
1
14930
2
4
24
13
2
6
16
1
10
1
1
2
1
1
1
2
1
10052
4795
138
2
1
7
4
1
3
3
2
1
1
3
1
1
2
1
4344
6643
3921
4
15
18
55
3
2
1
1
1
2
1
1
1
2
1
1
1
3345
11602
6
8
6
12
4
3
7
1
4
2
7
3
2
1
1
1
1
1
1
11796
2913
114
2
107
31
2
6
1
14
11
1
1
1
2
2
3
1
2
7
1
11566
3354
59
14
2
4
1
2
3
1
1
2
5
1
1
1
1
10581
2913
992
3
401
13
50
2
4
1
14
7
6
3
1
10
1
3
1
1
1
2
4
1
1
1
1
11550
3367
2
10
19
34
2
2
1
4
1
9
2
1
6
1
1
2
1
1
1
1
7210
3931
3561
144
17
72
14
24
14
1
11
6
3
1
1
1
2
1
1
1
1
1
10604
4040
304
13
28
1
1
4
7
3
2
3
3
1
1
1
1
1
3444
4732
6542
43
46
103
34
1
17
5
10
8
2
15
2
1
1
2
3
1
1
2
1
1
1
4312
10435
32
140
7
28
27
19
1
2
3
1
1
1
4
1
1
1
1
1
14650
106
25
176
3
15
12
1
4
2
2
2
2
2
2
7
1
2
1
1
1
1
14920
53
6
4
2
3
2
1
1
5
1
2
6
4
1
1
1
1
2
1
1
7374
204
4261
3030
39
26
45
2
2
2
4
1
2
1
2
6
4
5
1
2
1
1
1
1
1
2322
11303
1052
129
6
21
7
5
45
8
27
65
2
2
3
2
7
1
3
1
1
1
1
1
1
1
1
10911
3538
1
421
5
18
18
15
43
1
5
13
3
5
1
2
1
4
2
1
3
2
1
2
1
1
7200
7388
218
110
4
13
8
2
5
22
1
1
1
4
5
4
3
1
7
5
2
4
1
3
1
1
1
1
1
1
10460
3879
226
350
1
16
9
21
8
9
1
1
7
1
2
1
2
11
2
2
2
1
1
1
1
1
1
1
14661
73
179
4
16
6
20
1
21
8
1
4
2
11
2
2
3
1
1
1
1
4716
9629
4
621
1
4
7
2
10
5
1
1
2
5
1
1
1
1
1
3
1
1
7992
6
3491
99
3375
2
11
4
10
2
5
2
2
1
5
1
2
1
2
2
1
1
1
2790
3282
7111
860
531
24
127
32
31
2
17
72
25
31
44
2
1
10
1
1
4
1
3
1
1
1
2
1
4
2
1
1
1
1
14411
208
315
23
2
1
12
1
2
1
6
6
4
1
1
6
4
1
3
2
1
6
1
1773
7956
4464
450
131
9
135
4
13
18
20
4
2
1
5
11
3
2
1
1
4
2
1
2
1
1
1
1
1
1
3710
2398
8801
102
1
1
2
1
1
1
6652
7749
195
311
16
52
11
7
1
12
1
2
1
1
4
1
1
1
5368
7009
1974
13
57
350
146
4
10
36
19
1
5
2
7
2
3
1
1
2
1
1
1
1
2
1
1
10456
4296
100
67
42
2
9
1
3
8
12
1
6
3
3
3
4
1
1
14776
137
18
24
2
23
10
1
1
2
4
3
1
1
1
1
1
7
1
1
1
1
1
10160
3718
773
302
27
12
3
13
1
1
1
2
2
2
1
14018
674
101
8
136
5
18
31
10
2
1
1
2
1
4
2
1
1
1
1
3397
11581
2
5
3
1
1
3
3
1
1
1
1
1
1
2
5
1
3
3
1
1
2376
3651
3748
4444
122
194
13
386
2
15
9
10
4
3
1
2
2
3
11
1
5
3
3
1
2
1
1
2
1
1
1
3724
8430
2829
1
6
7
2
2
1
2
2
6
1
1
1
1
1
1
3247
7239
627
3393
332
31
122
4
6
1
4
4
3
1
1
1
1
1
8880
5742
112
1
30
169
42
1
13
10
1
9
2
1
4
1
10182
2871
1905
2
12
9
9
1
4
6
2
1
1
1
1
4
1
1
1
1
1
2
3299
11106
102
141
278
16
5
18
10
3
15
3
1
3
5
3
1
1
2
2
2
1
1
6288
3280
672
4498
103
36
11
74
7
1
15
13
2
1
1
1
1
1
1
2
1
1
2
2
1
1
1
1
3360
7286
398
3363
121
215
48
2
112
7
1
2
4
1
17
28
16
1
7
1
1
2
3
14
1
2
1
1
1
1
1
593
6446
5034
2824
17
22
15
3
19
19
4
1
1
1
1
2
2
2
1
1
1
1
1
1
1
1
1
1
1
1
842
14072
59
25
5
1
3
1
1
2
1
1
2
1
1
1
14731
8
220
14
1
15
6
1
1
1
6
4
1
1
1
1
3
3
10024
4804
5
5
108
30
11
6
7
5
5
1
3
1
2
1
4935
3520
36
1
2955
2766
419
230
85
5
1
2
11
5
7
2
3
5
4
4
2
1
7
2
2
1
1
1
2
1
1
1
4755
10175
6
36
1
4
6
8
1
1
1
1
4
4
1
3
1
1
1
1
1
1
1
1
2
1
10878
3945
46
68
2
37
12
3
2
4
8
3
1
1
3
2
2
1
13776
1048
20
32
112
2
9
1
3
2
1
7
1
3
1
14674
223
15
44
2
3
6
1
1
6
17
1
3
5
2
5
2
4
1
1
1
1
8947
1841
2972
830
4
252
76
9
5
5
36
3
10
2
5
1
1
3
5
1
3
1
2
2
1
1
8997
3809
1300
471
302
5
10
1
61
3
5
1
8
1
1
13
13
3
1
1
1
1
1
2
1
1
1
1
1
1
1
6793
2910
274
438
4297
221
20
9
2
14
1
3
1
5
1
2
2
7
8
1
1
1
1
1
1
2
1
1
7013
2739
172
2275
997
99
157
877
524
15
80
6
1
2
3
1
16
1
1
18
1
2
1
4
1
3
1
1
1
1
1
2
1
1
5501
7893
427
635
18
233
60
85
11
70
12
2
2
10
6
1
10
1
3
1
5
1
8
2
10
4
1
2
1
1
2
9016
5390
115
288
108
10
9
21
4
1
3
7
2
2
2
1
3
6
9
2
2
7
1
1
1
1
2
1
1
1
1
9305
4161
1173
163
45
48
81
3
4
3
6
1
2
3
3
2
2
1
2
1
1
1
1
1
1
2
1
1
6356
3694
4290
521
9
34
59
25
1
2
4
2
1
1
3
2
1
3
1
1
1
3
2
1
1
9834
3961
811
322
14
56
1
2
1
8
2
1
1
2
1
1
13086
954
788
18
2
36
24
35
3
1
3
4
8
3
3
3
3
17
1
1
2
3
2
1
5
2
2
1
3
1
1
1
1
12173
971
1693
2
121
8
7
1
15
1
3
3
2
3
2
1
2
2
1
1
1
2
1
1
1
14472
494
2
2
13
2
2
2
1
1
1
1
9
4
1
2
2
1
1
1
1
2
1
3975
1351
6973
2683
5
5
1
12
2
2
1
3
2
1
1
1
6481
3833
3764
744
69
41
4
49
3
5
2
3
4
2
4
1
2
2
1
1
1
1
1
12204
2672
37
1
65
1
1
9
2
2
3
2
1
1
6
2
2
4
1
1
1
6421
5434
2661
423
4
1
2
13
27
3
1
4
5
2
1
1
10
2
2
1
1112
210
10110
3359
85
16
12
49
29
1
3
1
3
3
1
7
1
2
1
2
4
3
1
1
1
1
11108
3818
4
2
51
8
9
1
1
2
1
1
1
1
1
3
1
1
2
1
1
14859
68
1
34
10
10
8
1
9
2
3
1
5
1
1
1
1
1
1
1
11159
3601
100
70
27
9
3
5
1
2
5
3
2
6
3
3
4
1
2
1
1
2
1
1
2
2
1
1
2050
6186
5786
527
333
1
3
4
40
2
1
2
5
4
5
7
1
5
21
17
1
1
2
4
1
1
2
2
1
1
1
1
3162
4082
7178
34
460
3
2
2
1
51
17
1
1
1
1
4
1
1
1
4
3
2
1
1
1
1
1
1
2854
7069
1136
2895
140
623
117
15
3
128
5
5
2
3
3
5
5
2
2
1
1
2
1
1
14937
49
6
2
1
3
2
1
1
2
1
1
1
2
5
1
1
1
1
4431
10458
10
3
24
17
4
9
22
1
1
11
8
1
2
1
5
1
1
2
1
1
1
1
1
1
1549
7847
2184
3340
20
4
2
10
7
1
6
4
12
2
6
5
4
1
1
1
1
3
1
1
1
1
2
1
1
11721
2283
908
5
45
18
3
1
3
5
3
2
10
4
1
1
2
1
1
1
7202
3659
3917
44
99
1
22
3
3
16
3
3
9
5
3
4
4
1
3
1
2
5
1
1
3
1
1
1
1
11510
2659
778
7
3
2
16
14
1
2
4
2
2
2
1
1
4
1
2
1
1
1
1
1
1
1
14961
2
7
9
1
6
10
2
4
2
1
1
1
1
2
1
2
1
1
1
1
1
14893
60
7
4
2
1
20
1
3
3
1
1
4
1
5
4
1
1
2
1
1
2
7461
971
357
6180
18
4
6
3
4
1
1
2
4
1
2
1
1
1
14875
27
9
31
1
11
11
2
6
9
1
1
14
9
1
1
1
4
2
1
1
3154
3039
4417
4353
1
1
2
12
15
2
5
2
3
1
1
2
2
1
1
1
2
1
8980
3789
2142
48
40
3
2
5
1
2
1
1
1
2
1
315
14550
125
10
1
6
1
6
2
1
1
9980
4478
391
72
2
24
43
3
3
7
4
1
1
2
2
1
3
1
14823
106
10
13
9
3
14
2
17
1
13
1
2
1
2
1
505
13073
102
285
787
95
2
2
11
66
6
4
10
1
37
2
4
2
1
6
2
4
1
2
1
2
1
2
1
1
10804
3768
250
3
24
12
123
2
11
4
3
2
1
2
6
1
1
1
14464
370
63
2
17
5
3
43
4
1
11
12
1
1
2
1
1
3
1
1
1
1
1
1
1
1
1
1
2
1
1
14944
1
18
17
8
6
2
5
1
1
2
1
2
1
1
2
2
2
1
1
8641
6174
64
31
30
1
3
5
3
4
3
6
11
9
4
4
3
3
4
1
2
2
2
1
1
1
3
1
1
14889
3
64
1
4
3
4
5
1
5
5
1
3
3
4
6
4
3
1
4
1
1
2
1
14957
10
3
5
12
8
6
3
1
2
1
3
1
1
1
1
1
1
1
5152
3338
3343
2460
170
443
6
15
3
54
3
4
11
2
6
2
1
1
2
1
1
11309
3010
543
3
88
33
1
2
6
5
3
4
2
1
1
2
1
1
1
1
1
13356
741
829
3
2
2
21
15
3
4
1
16
1
1
1
1
3
2
4
1
1
6
2
1
1
8126
3363
3457
15
20
3
2
11
2
1
4
3
2
1
2
1
1
1
1
1
1
3322
10730
816
119
7
3
1
4
3
2
1
1
2
2
1
2
1
1
14755
177
12
14
1
18
17
5
1
1
2
4
4
1
3
1
1
1
14739
48
32
92
81
5
2
9
1
1
2
1
1
1
1
1
1
14951
5
3
27
8
8
1
3
4
3
2
1
2
14921
35
2
4
2
4
1
3
1
2
4
2
6
1
2
1
5
2
1
2
5
2
2
1
4
1
1
1
11082
3339
19
370
19
32
5
91
21
2
6
3
2
11
3
6
2
2
1
1
1
10851
4073
16
21
12
17
1
7
3
3
3
1
1
3
1
1
1
1
1
1
14796
45
18
17
56
9
5
1
1
25
4
18
1
5
1
1
1
2
3
3
2
1
1
1
1
8213
777
3086
928
963
330
587
24
37
5
3
36
4
10
4
1
1
2
1
2
1
1
1
1
5136
3508
1847
3091
418
559
120
108
76
57
50
2
1
5
1
9
2
1
5
4
4
1
1
2
1
3
3
1
1
1
3636
7366
2490
1024
432
24
4
5
3
5
18
2
1
2
1
1
1
1
2
7268
3755
3770
26
27
54
3
37
11
30
13
1
1
5
3
1
3
1
1
1
3
1
1
1
1
11613
2376
746
172
50
23
1
1
1
8
1
3
1
3
2
1
5
4
2
1
2
1
1
7916
6662
9
279
2
22
3
3
61
3
2
20
10
2
4
7
2
2
1
2
1
1
1
1
1
1
4689
2419
4121
2657
154
942
3
20
1
2
2
1
1
2
2
1
1
14940
9
17
5
3
2
10
6
3
4
2
2
3
3
3
1
1
1
1
1
1
14943
7
2
8
1
5
35
1
8
1
2
2
1
1
1
14754
49
85
13
74
4
3
18
2
7
2
2
1
1
1
1
1
2955
4211
7040
428
86
2
2
246
3
5
4
2
2
1
2
2
4
5
6
3
1
2
2
1
2
1
14951
2
4
27
2
1
14
3
2
2
1
1
1
2
1
1
1
1
1
14971
5
3
10
1
4
1
1
1
8
3
3
2
1
2
1
1
14373
516
81
3
2
2
2
3
8
1
1
14
2
1
1
1
1
2
1
1
1
1
1342
10419
2682
354
51
10
1
5
2
20
65
4
4
2
12
8
7
3
5
8
1
1
1
3
1
2
1
1
1
1
1
4457
177
875
5516
2797
242
793
22
69
49
2
2
2
3
1
1
2
1
1
1
1
1
1
1
1
11337
2355
1238
7
54
4
6
10
1
2
1
1
1
1
1039
5310
4453
635
2730
272
151
215
87
62
13
21
7
4
6
2
5
1
2
2
1
3621
3306
7912
46
68
13
5
3
4
5
2
3
1
1
5
2
1
1
8
4
3
1
1
2
8403
2632
3861
7
5
35
22
9
2
5
14
7
2
6
3
1
2
1
1
4482
10150
256
27
11
20
26
18
1
4
3
5
2
4
1
1
1
1
2
1
2
14863
77
16
2
31
1
2
3
4
4
2
1
2
1
3
2
1
1
1
1
3286
9263
172
2085
52
40
65
15
1
3
11
10
2
1
1
1
6
1
1
1
1
8946
3738
52
2009
16
155
21
1
29
21
1
8
1
1
3
3
3
1
1
1
1
1
1
1
1
1
1
11529
3357
6
19
62
2
16
9
4
1
1
1
1
1
4
1
1
2
1
13842
959
26
95
7
1
5
8
4
4
5
9
26
11
1
3
3
2
2
1
1
1
1
1
4168
10650
49
17
3
5
8
1
65
1
6
4
5
5
1
10
1
2
2
4
1
1
2
2
1
1
1
1
1
8113
6832
9
23
6
3
1
4
3
1
1
6
1
3
2
4
2
1
3
4239
6634
20
3715
267
12
56
5
19
10
10
1
2
9
1
1
4
2
5
3
1
1
1
3154
11581
62
56
75
34
11
3
7
1
1
6
5
1
2
5
1
1
2
3
1
1
1
1
1
2
12229
115
2624
7
3
1
5
2
2
5
3
7
2
1
3
1
1
3
1
1
1
1
2460
12149
284
5
3
25
40
1
13
7
11
1
10
1
5
1
1
1
7793
6921
13
224
3
14
8
3
2
7
18
1
1
1
1
1
1
1
1
1
2
1
6608
3735
4143
384
57
46
17
2
1
2
8
1
2
1
1
2
3
2
1
1
1
13689
351
565
351
29
2
14
1
3
2
3
1
3
1
2
1
1525
13408
12
1
6
13
24
6
2
1
3
3
1
2
3
1
2
1
1
1
1
1
12507
2487
1
2
1
2
2
1
2
2
1
2
5
1
1
1
7744
4269
2943
5
3
1
13
1
5
2
2
6
1
3
2
1
3
1
1
1
1
1
2
2
1
2
1
1
10948
3605
27
363
1
10
3
3
13
2
2
8
3
2
3
9
4
5
1
1
1
1
1
1
1
5443
4777
3474
106
245
366
342
29
1
80
6
24
7
52
20
28
3
2
3
1
2
4
1
1
1
6299
3593
2204
1533
1277
12
3
2
5
15
6
14
2
20
9
8
4
3
2
2
1
1
1
1
1
4432
5828
3209
1
384
395
711
1
1
21
4
2
4
4
6
3
3
1
4
1
2
1
3117
9189
2631
6
7
2
35
4
1
7
3
2
2
1
4
1
1
1
1
1
1
1
6061
8461
59
255
41
3
79
1
1
16
3
3
8
1
3
7
4
1
4
1
1
1
1
1
1
1
4516
1815
1799
3914
1189
8
1335
147
5
130
49
43
18
9
3
2
4
3
10
3
2
1
1
1
4
1
2
1
1
1
1
13538
381
1040
11
5
7
1
22
5
3
1
1
2
1
14852
77
1
2
56
1
12
1
6
3
1
1
1
1
2
1
14984
3
1
2
10
1
7
1
1
2
4
1
1
14608
141
100
16
3
78
14
4
1
7
26
1
1
4
5
2
2
1
1
1
1
1
14339
558
9
11
20
1
21
1
1
6
7
26
2
2
1
5
1
1
1
1
1
2
1
14560
285
28
1
3
96
14
9
4
1
3
3
3
1
1
2
1
1
1
1
2287
1617
11058
18
13
2
5
6
2
3
5
1
1
2894
10559
1484
1
11
13
12
3
3
12
15
2
3
1
2
1
1
1
2651
7715
4516
26
16
6
10
6
4
20
1
2
18
2
1
3
10
1
1
2
1
2
1
1
1
1
10320
2739
320
94
564
10
931
11
18
1
2
2
1
1
1
2
1
4288
3655
3817
2834
7
140
117
105
7
16
14
2
1
2
1
4
1
1
1
1
1
1
1
1
11072
701
3224
2
2
4
2
2
1
1
2
2
1
1
1
10589
4237
117
2
10
5
30
5
2
1
1
1
2
1
2
1
2
1
1
1
2
1
2
1
1
4967
3922
3648
15
2317
34
39
32
16
2
1
1
2
2
2
2
5
1
4
1
1
2
1
1
11892
3086
6
1
4
8
5
1
1
4
3
4
2
1
14960
12
2
18
1
1
1
2
6
1
1
6
2
4
1
12343
2624
3
1
13
3
6
2
2
1
1
6
1
1
1
1
1
2
1
2
1
1
1
14859
70
2
5
36
9
12
2
2
4
3
7
1
1
1
2
1
1
10713
4070
40
71
22
3
6
13
3
11
7
4
20
14
1
1
4
2
1
3
2
2
1
1
1
1
1
4275
8020
2274
232
4
44
53
3
52
5
2
2
18
2
16
6
4
2
1
1
1
1
14571
169
68
148
2
15
2
2
9
2
1
3
12
2
1
1
1
1
1
2
2
2
1
13821
205
166
653
79
19
5
9
10
7
5
1
6
6
11
3
2
6
1
2
1
14074
865
45
2
1
1
5
1
1
8
1
7
1
1
1
1
1
1
1
13983
661
235
41
2
38
1
16
17
1
14
1
1
2
1
1
1
2
12276
853
1292
468
24
30
30
2
4
5
3
4
3
1
1
2
3
1
2
6
2
2
1
1
1
1
13098
1781
24
53
16
4
4
8
2
2
7
3
3
3
2
1
1
1
1
1
1
1
1
14553
142
180
8
1
40
2
5
51
1
5
1
5
1
4
2
7
2
1
1
2
2
1
1
7579
3860
643
2630
21
154
21
6
46
6
21
2
1
2
7
2
1
3
2
3
1
2
2
1
1
1
13539
294
901
15
90
115
3
14
23
1
3
6
4
2
2
1
2
1
1
1
13574
226
194
610
180
53
30
118
3
2
5
7
1
3
2
4
1
1
3
1
9616
2141
3155
6
6
24
1
3
2
15
3
1
3
2
6
1
1
1
2
16
1
3
1
2
1
1
1
1
1
1
2783
3414
3620
4190
677
237
10
71
1
2
3
3
1
1
1
1
1
1
1
54
14884
6
52
5
1
2
3
3
8
10677
3977
179
33
84
24
7
2
14
5
2
4
1
2
2
1
1
1
2
7352
1944
831
3426
611
244
312
13
211
7
12
15
7
2
4
4
8
1
1
1
1
2
1
2
1
2
1
1
1
3437
6000
4917
140
23
16
255
121
3
62
2
1
15
3
2
4
6
6
1
2
1
1
14864
8
99
11
17
2
2
6
1
2
1
1
2
1
1
4007
2810
7968
22
31
6
3
14
48
55
6
11
4
22
1
1
1
1
2
1
1
1
1
1
7324
3620
3743
216
55
27
9
7
2
3
2
1
2
1
2
1
1
1
1
3556
10988
243
3
85
11
31
1
26
2
9
22
15
1
10
1
3
1
2
5
1
1
1
2954
3234
7191
580
328
422
50
13
23
165
2
14
15
1
3
3
1
2
1
2
1
4
3
2
2
1
1
9867
5108
1
5
1
5
17
2
1
4
3
2
1
1
3420
7891
3198
45
82
233
9
40
41
4
4
5
19
3
1
4
5
1
1
1
5
1
1
2
1
1
3178
11104
712
8
1
3
4
1
1
1
4
1
11246
122
3552
56
10
8
1
3
2
3
3
1
2
1
3
1
2
1
1
8574
3429
2852
104
19
5
3
3
8
3
1
1
1
1
3
3
1
1
1
2
1
1
1
2284
3308
3978
5324
55
11
14
2
2
4
4
13
2
1
1
2
3
6
1
2
1
3646
11004
280
38
13
1
3
4
2
2
5
3
2
1
5
1
2
2
1
1
1
1
14536
395
1
15
8
6
24
11
8
1
1
1
2
1
2
1
1
2
1
1
11035
3892
1
7
18
20
14
3
2
2
2
3
4
1
6
1
1
1
2
2
1
14746
2
166
10
3
33
5
13
5
7
5
4
2
9
1
2
3
1
1
9322
4159
1065
264
93
1
1
27
15
4
16
7
26
1
1
7
5
1
1
1
1
10207
2266
2491
5
1
13
2
3
13
1
1
1
5
2
2
1
1
1
1
1
3477
7788
3387
6
207
2
7
10
79
17
13
2
4
7
2
3
1
3
1
1
1
4544
3391
3872
3161
1
1
1
6
1
2
1
5
15
2
5
2
2
1
1
2
1
1
14574
96
5
209
49
3
30
12
5
11
6
3
1
1
2
2
4
1
2
1
1
7567
6626
561
185
4
62
2
3
1
1
1
1
1
1
1
1
4530
6874
3474
39
26
17
12
3
3
9
6
3
3
3
2
1
1
3
8
1
14107
21
145
647
10
2
14
10
3
29
2
5
1
17
1
1
1
1
1
2616
11894
339
57
84
3
6
7
3
2
1
1
1
1
1
1
1
3250
7287
4270
2
12
86
14
6
16
55
1
2
1
1
1
2
1
1
1
1
1
3
1
2
1
5296
2966
2245
4372
5
55
41
4
3
4
2
2
1
2
1
4
2
1
1
1
1
2
2
1
1
1
1
1
12113
2851
4
1
2
1
6
3
1
4
1
6
1
1
1
9
3
2
1
1
1
1
1
1
1
1
11237
803
2759
113
55
3
2
26
2
1
4
1
4
2
4
2
1261
7744
2844
3065
8
22
10
8
24
2
1
3
3
1
1
8
4
2
1
1
2
1
1
1
4292
10591
1
5
11
30
59
2
2
1
5
1
4
1
1
1
2
3
1
1
1
1
1
1
7723
2677
2425
1245
719
115
1
1
10
17
32
9
14
10
1
4
2
1
1
1
1
4
1
2
1
1
14195
476
234
32
9
5
1
2
24
3
2
4
2
4
6
1
2
1
1
4
3
1
1
1
1
2
1
3852
10554
303
2
69
75
10
35
6
24
2
42
1
13
2
2
1
6
2
5
1
1
1
1
1
1
1
2
1
1
1
13966
987
19
4
15
8
2
1
1
1
1
4
1
1
1
1
1
2
1
1
812
3715
4218
3508
1414
1045
10
198
1
33
1
30
5
6
4
4
1
4
1
3
1
1
1
1
1
570
7785
3912
2538
131
7
6
13
6
11
2
1
4
2
4
4
1
3
2
2
2
1
2
3
1
1
1
1
1
1
8393
3969
2437
85
11
52
42
6
2
1
7
1
2
1
7
1
1
8105
6077
259
382
85
5
39
50
3
2
2
3
1
1
1
2
1
14335
22
151
138
92
76
85
49
1
3
13
1
5
1
11
13
9
8
1
2
1
1
8235
2135
4451
48
51
1
45
7
8
1
1
3
4
5
1
1
3
3
1
1
1
3
2
1
2
2
1
1
14829
2
6
14
93
12
15
6
1
2
7
18
1
3
1
3
1
2
2
14599
8
303
8
2
14
10
26
31
1
2
4
1
1
1
3
2
1
1
4197
3899
6816
24
21
30
5
1
2
1
5
7
1
1
1
1
2
2
1
1
8626
3210
2521
6
60
63
391
8
86
14
1
2
1
12
2
3
1
2
2
1
1
2
1
1
1
14783
114
57
4
4
14
4
1
11
2
2
1
3
5
2
1
1
2
1
2
2
1
1
3833
11043
10
65
2
13
1
4
8
1
3
7
1
1
1
1
1
1
1
3
1
4
3
2
2
1
1
1
1
1
1
6048
8638
12
120
146
1
4
1
2
16
1
3
4
1
1
2
6
3
2
2
2
1
1
1
1625
9723
3117
340
2
139
4
1
13
1
2
15
10
6
4
2
1
1
3
2
1
1
1
2
1
1
4820
6810
207
3026
44
14
1
8
12
6
4
4
1
1
9
3
3
17
2
13
2
1
2
1
3
1
1
1
1
14881
1
88
2
8
16
4
1
2
1
6
1
2
1
1
1
1
1
14084
77
546
23
5
1
1
72
12
54
39
75
1
2
1
2
1
7
1
2
1
2
2
2
2
1
1
1
1421
13094
28
444
11
3
1
1
2
1
3
3
2
1
3
14617
5
13
274
19
45
12
1
12
1
3
2
1
2
4
3
1
1
1
1
13756
142
350
96
34
562
45
3
10
9
2
3
1
1
1
1
1
1
7111
7620
11
72
14
84
54
6
9
5
4
3
4
1
1
1
1
6
1
2
2
1
1
2
1
1
9138
2808
2920
71
4
12
16
19
9
2
6
4
2
1
2
1
1
1
1
14301
420
149
32
49
20
22
4
2
3
2
1
4
3
3
1
1
1
14808
125
52
2
1
1
2
5
1
3
1
1
2
1
1
1
1
1
1
1
1
1
2
3
10477
345
3024
843
203
22
4
11
15
14
8
16
4
1
1
3
2
1
1
9
7
1
1
1
2
1
1
14947
21
4
8
6
5
3
8
3
3
4
1
1
1
1
1
1
8523
456
5978
9
10
1
11
8
1
3
1
1
4
1
1
1
2
2
1
1
1
1
1
7745
2944
605
3680
1
2
6
1
5
6
3
2
1
4
2
1
1
1
2
2
1
2
1
14612
325
16
8
39
2
3
3
1
1
1
1
1
2
1
1
1
6747
5520
2460
98
110
2
9
4
30
2
6
2
1
3
4
5
1
5
1
1
2
1
2
1
1
14936
12
26
1
1
12
2
1
5
5
8
1
1
1
2
1
1
1
1
9365
982
1773
1382
1111
45
92
141
29
6
26
21
1
24
1
3
7
1
1
2
1
1
1
2
14368
622
2
2
3
1
1
8
2
3
2
1
1
2
14792
2
94
93
1
3
1
1
2
4
1
9
1
1
1
1
1
3
3
3
1
14483
157
323
16
1
6
3
4
3
3
1
3
2
1
1
3
2
3
1
1
1
3520
10433
347
333
12
29
251
27
15
2
14
11
1
1
8
1
3
2
1
1
1
1
2
1
1
7118
6120
1515
5
122
5
34
15
1
1
8
1
6
27
16
7
1
4
4
2
2
1
1
1
1
10944
700
3321
7
18
1
6
2
1
1
4
1
3
2
1
2
1
1
1
1
11167
3728
50
2
1
23
7
6
4
3
4
6
5
1
2
2
1
1
1
2
1
1
2986
6826
4005
429
208
105
201
123
49
10
1
1
11
20
12
1
1
1
6
5
5
3
1
2
2
1
1
1
1
14499
266
6
202
6
9
2
11
5
1
1
1
2
1
2
1
3
8149
3922
2575
205
2
80
13
3
47
2
2
2
3
2
1
1
1
2
2
1
1
1
1
14938
4
17
14
7
1
1
1
2
17
2
1
1
2
2
1
5
1
1
10746
3072
1102
28
40
13
1
1
1
3
1
1
2
4
1
1
1
10078
598
3985
12
6
223
69
2
8
12
1
1
5
2
1
5
3
1
1
1
1
1
1
1
10536
2399
813
38
781
326
1
43
36
9
10
3
6
2
1
1
6
1
2
1
1
1
1
11686
3240
4
8
46
1
1
3
1
1
1
6
1
2
5
1
3
1
1
2
1
1
1
1
8835
2539
3551
10
26
2
5
25
1
8
2
1
1
4
1
1
1
2
2
1
14891
1
13
68
2
7
1
6
1
2
6
2
1
1
3
4
1
3
1
1
1
1
1
389
3497
3207
4060
3309
161
42
220
1
2
42
21
7
15
19
1
6
1
1
2
4
1
2
2
2
1
1
1
1
2230
11196
1031
490
8
8
3
2
33
7
1
1
2
1
1
1
1
2
3667
4739
3396
2972
49
65
46
1
12
1
11
12
7
1
5
1
1
4
6
7
1
3
3
1
1
1
2
1
1
1
12040
2481
351
79
18
14
8
5
1
4
1
2
1
2
1
1
1
1
1
1
2
1
1
1
13887
995
57
1
1
10
14
13
5
2
2
14
2
1
1
1
3
1
1
1
1
1
1
1
1
1
6421
2638
3789
1059
789
22
193
28
36
4
2
1
3
2
4
1
10
2
1
2
1
1
1
1
1
1
1
2
1
1
2661
3951
2758
4566
601
428
6
18
4
2
1
1
2
2
3
3
1
1
1
5
1
1
1
14522
412
42
4
1
1
6
3
7
1
1
2
2
2
2
1
1
1
1
2
1
1
1
1
14614
277
11
40
8
14
3
5
1
5
1
2
4
2
1
2
2
2
1
2
1
1
6
2
3
1
2
2
1
1
1
14869
15
7
16
22
5
7
50
3
2
1
1
1
8
1
1
1
1
1
1
2
1
1
1
7369
7219
358
33
3
2
5
12
4
1
1
1
2
1
1
1
1
1
1
1
1
14924
40
7
1
4
1
7
2
2
5
6
2
2
1
1
4
1
1
2
2
2
1
590
14231
141
4
30
3
1
6
2
3
5
1
1
12525
2355
39
58
1
11
15
9
2
1
1
1
14933
4
8
5
6
28
2
2
7
1
3
6
2
2
1
1
1
1
2
2
1
3922
5633
4926
6
390
5
15
40
33
7
5
3
6
2
14
1
1
2
2
1
2
1
1
7190
7643
75
51
12
8
4
8
1
1
8
2
1
3
2
2
2
1
1
1
1
1
8273
3371
3
2885
124
153
143
4
7
3
5
1
3
2
2
2
9
3
8
4
5
4
2
1
1
14624
108
130
11
33
33
10
4
2
7
21
16
3
4
2
2
1
1
1
1
2
1
1
14890
11
21
45
19
10
5
1
4
1
1
1
6
1
1
1
3276
8276
3246
63
59
8
2
17
7
3
1
1
13
12
3
9
8
7
2
1
1
1
1
1
8096
2208
4226
235
113
93
4
7
2
1
2
1
3
11
1
5
1
1
2
1
1
1
1
1
1
14885
9
23
73
3
2
1
14
1
1
1
3
1
1
14199
605
1
174
8
9
2
1
1
2
2
1
2
1
2
1
1
3
2
1
8116
2446
4283
15
76
4
35
15
3
2
1
2
1
4
1
2
1
1
2
2
1
1
1
1
1
1
2511
8214
3388
2
723
68
41
2
7
4
25
10
4
2
2
1
2
3
1
1
2
1
1
1
1
1
11453
3449
11
35
5
2
17
3
9
4
5
3
1
4
5
1
1
1
1
3
1
1
1
1
1
10694
3145
814
250
49
4
1
4
2
1
3
24
2
2
6
1
2
2
3
1
1
2
1
1
1
1
1
7037
3700
3230
791
205
13
1
15
1
12
4
2
1
1
1
2
1
1
7233
5855
1535
47
246
19
1
42
4
1
13
4
3
4
1
1
1
2
1
1
3
1
2261
12347
98
31
11
44
1
83
24
38
32
4
12
2
2
3
2
1
3
1
1
4
3
1
1
1
2
3
1
1
10106
3775
573
453
21
35
4
29
3
1
1
1
1
4
5
1
2
1
1
1
14833
13
46
8
68
7
2
2
8
1
4
10
2
1
1
1
1
2
1
2
1
1
1
1
1
3783
3714
1728
2135
1558
950
27
618
357
49
3
3
62
3
4
5
2
4
1
1
1
1
1
4
1
1
1
1
14895
33
23
4
1
11
2
1
8
10
10
8
3
2
2
1
1
1
1
1
6713
155
4037
3245
781
27
9
3
2
2
1
3
7
4
8
2
3
5
1
2
1
1
1
1
1
2
1
4930
8526
962
450
96
10
16
1
3
1
1
1
3
9
2
1
1
2
1
1
1
14909
7
16
30
1
5
17
1
3
2
1
4
2
2
1
1
1
1
1
3
3
1
1
1
1
2
1
6074
7865
223
441
261
64
59
2
13
1
2
5
1
1
2
1
1
1
1
2879
11855
126
91
20
12
3
2
4
2
3
2
4
4
7
2
2
12149
2679
11
9
111
5
2
10
3
3
19
4
5
1
2
1
1
1
1
1
4770
6757
2467
439
49
179
85
192
3
4
5
35
3
5
3
3
2
2
2
1
2
2
1
3
1
2
1
14967
8
6
3
9
2
3
1
2
1
1
1
2
1
2
3
1
1
1
1
1
1
4376
3381
4769
2270
92
5
6
43
14
2
2
25
1
3
6
1
2
2
4
1
1
2
2
1
1
1
1
1
1
2
14668
80
13
10
204
1
10
1
5
2
1
3
2
1
2
1
3
5
3
1
1
1
4291
10570
18
15
48
34
13
17
2
2
1
2
1
1
2
1
14822
38
30
26
81
7
3
3
3
2
1
1
1
5910
3308
4371
462
432
8
172
38
181
21
75
9
3
1
8
8
2
2
3
2
1
1
7247
3690
3774
174
83
2
3
2
2
11
1
2
3
10
3
3
3
3
2
6924
4806
2751
256
125
14
34
18
30
43
5
1
1
1
2
1
1
1
1
1
1
1
5664
7914
439
827
2
109
3
38
13
3
2
1
1
2
10053
4008
514
390
1
3
7
5
2
2
18
4
1
1
1
1
1
1
2
1
1
1
10871
3853
123
43
23
1
66
4
1
2
1
1
1
3
7
2
1
2
2
1
5
1
1
1
1
1
6742
4180
3496
492
64
3
4
1
3
2
5
4
2
2
1
3
4
2
2
1
1
2
2
14882
40
61
11
11
1
1
1
4
1
1
1
1
1
1
11051
3568
302
40
19
5
12
3
7
1
1
1
1
1
1
1
1
1
1
1
14996
1
3
1
2
1
1
5
1
1
1
1
1
1
1
1
11399
3144
376
6
13
1
3
1
2
13
8
25
8
2
6
4
1
4
1
1
58
14887
17
16
9
6
1
6
4
2
1
2
1
1
3
2
1
1
3481
146
3390
7292
569
56
35
20
2
2
4
1
1
7
2
2
1
1
3
1
1
1
6863
7026
38
826
54
106
1
70
6
3
2
1
3
1
6
3
2
1
4
1
1
12949
2011
7
9
9
3
2
1
3
2
1
1
5
1
1
3
3
1
2
1
1
1
1
7985
2580
3896
119
118
180
100
12
10
5
1
3
1
1
2
1
1
1
1
1
14934
41
12
1
4
6
2
3
2
1
1
2
5
1
1
1
1
11334
2304
1162
62
15
2
73
27
1
1
4
1
6
3
2
2
3
1
1
4
1
4
1
2
2
7153
3638
285
3700
134
3
1
18
11
20
5
4
4
1
3
11
1
8
3
1
2
1
2
1
2
1
1
1
1
1
1
7338
2721
4028
628
144
19
39
2
7
3
2
24
4
13
11
11
3
3
1
2
1
1
2
1
1
2
1
1
1
1
1
1
1
3457
4225
2795
1467
2003
335
615
5
27
19
13
4
10
33
1
5
2
1
1
956
296
6323
2528
4526
132
119
43
24
1
3
7
26
2
9
8
4
1
1
2
1
3
1
1
1
10578
3625
482
23
208
5
20
14
16
1
3
15
12
2
3
2
1
1
1
1
1
2
1
1
481
8326
2526
2981
522
26
8
79
27
1
17
8
2
1
5
1
1
3
1
1
1
4141
3112
7379
21
214
6
1
29
30
5
15
4
14
18
1
1
5
3
1
2
3
2
4
1
1
1
1
3
14877
9
28
31
27
10
4
3
1
8
2
1
5
1
1
1
3
2
2
1
1
14816
7
29
27
69
8
3
1
32
2
6
1
3
2
2
1
2
1
1
1
1
1
1
1
10298
4577
55
5
42
3
11
9
2
3
2
3
1
3
2
1
1
14134
622
148
85
4
3
4
2
1
1
2
2
1
3
1
2
1
1
1
14508
319
8
141
7
1
12
8
3
2
3
1
2
1
1
1
44
7684
3516
3170
363
165
4
13
1
1
5
2
6
8
1
1
8
3
9
3
1
2
1
2
1
2
1
1
14850
81
40
6
15
8
2
1
2
2
2
1
3
2
1
1
1
11155
2108
1316
149
21
85
9
9
59
15
41
19
8
1
2
2
6
1
1
2
1
1
1
1
3
1
1
13969
598
340
1
2
17
5
51
8
2
1
2
7
1
1
2
1
1
1
6
1
1
14173
564
133
36
15
2
11
13
15
2
14
13
2
3
8
1
1
2
2
1
2
1
2
1
1
9624
3079
3
1262
1027
1
3
1
3
4
1
3
2
1
1
1
2
35
8536
6256
164
1
1
1
1
4
3
4
3
1
1
1
1
2
1
1
1
14641
282
19
14
10
14
7
5
2
6
1
6
2
4
2
1
1
1
7037
3431
3830
366
58
126
2
3
77
6
62
2
3
4
1
1
1
1
4
1
1
1
1019
6879
3468
9
3204
72
146
14
77
40
41
1
11
9
2
1
1
1
1
2
2
1
5
2
2
1
3
1
1
1
1
6828
8078
5
32
23
1
10
6
7
2
1
3
5
2
3
1
4
3
2
2
11277
3180
366
143
2
1
1
3
4
1
12
2
1
2
4
2
2
5
1
2
6
1
14705
173
15
63
23
1
20
2
1
1
2
5
2
1
1
1
1
1
590
3715
7009
3231
386
1
9
27
1
1
4
4
18
4
2
3
1
2
1
1
1
2
1
1
1
2
8230
2456
1113
3058
106
6
1
8
1
4
12
3
3
1
2
1
6
1
1
2
1
1
1
10593
78
4193
28
45
22
7
2
3
2
9
4
3
1
10
2
3
1
1
2
1
3
2
1
1
1
14838
138
3
2
1
8
8
2
4
3
1
1
1
1
1
2
1
2
1
11674
2101
693
388
2
17
33
20
5
1
46
9
8
12
1
2
1
1
1
2
1
7001
7521
377
7
12
6
34
13
1
5
4
10
1
8
3
1
1
6
1
1
1
1
1
1
1
1776
8555
1179
2513
859
26
2
49
7
1
5
1
1
4
1
3
3
3
7
1
1
1
6
1
1
1
3
1
1
1
1
1
1
1
1
7257
2127
839
1398
3280
1
1
84
5
3
4
9
1
3
2
1
1
2
7187
3395
4324
85
1
1
3
1
3
5
5
1
1
1
1
1
1
1
1
14006
77
489
19
11
1
235
7
34
56
32
4
1
4
2
8
4
3
1
1
4
2
1
1
4
1
4
1
2
1
1
1
5603
3880
2213
9
3128
25
108
3
1
1
1
8
5
11
2
1
3
2
1
1
3
3
2
1
1
1
1
2386
3570
3931
159
4045
602
131
51
79
37
7
1
4
2
2
2
3
2
2
1
1
11824
2877
232
1
4
17
36
12
1
4
1
4
1
2
1
1
9828
5002
144
8
1
1
7
2
1
1
2
3
2
1
6
1
1
1
1
1
1
1
1
1
7135
6636
586
455
40
13
71
1
11
6
3
3
12
10
8
2
4
2
1
2
1
2
5
3
1
2
1
1
1
11328
313
3254
28
1
14
8
5
41
1
3
6
2
1
3
2
4
2
2
3949
2999
3256
4000
563
16
124
19
1
1
2
17
1
7
5
1
12
3
8
1
1
2
2
1
3
3
6
3
1
1
3
2
2
1
1
1
2972
11074
537
310
15
38
3
5
19
3
25
2
3
3
2
2
1
1
1
1
1
14957
29
3
5
1
9
1
4
2
1
2
1
1
1
1
947
4600
2613
6370
400
37
3
1
12
3
6
2
4
1
6
1
1
1
2
3
1
1
2
1
3930
10465
72
264
155
43
3
32
3
1
2
1
10
1
1
16
1
5
1
3
1
1
2
1
1
1
1
1
14780
104
33
49
31
9
1
1
1
1
1
1
1
2
2
1
10658
3101
1016
170
12
8
28
7
1
2
1
3
3
2
3
1
1
1
7173
6894
389
79
394
2
60
1
5
2
4
5
3
1
3
1
1
1
3982
2750
7884
308
8
15
13
16
7
1
3
3
6
1
7
8
1
1
1
1
1
1
14846
8
2
14
102
1
10
1
1
2
2
3
8
3
2
7
1
1
1
1
1
1
13942
442
483
61
48
3
2
7
5
6
4
6
3
2
1
1
1
1
3690
5570
3256
1699
211
317
68
134
14
6
2
1
1
1
22
3
1
1
3
7
1
3
1
2
1
1
1
1
14921
57
13
11
7
3
1
1
2
1
1
14781
29
133
1
37
20
2
3
7
3
1
1
173
10341
2839
1117
202
160
57
1
2
61
3
13
3
2
11
12
2
2
1
2
2
1
1
1
2
1
1
1
2
1
1
10216
7
3723
709
285
19
25
1
1
14
3
1
3
3
2
1
1
1
1
1
1
14911
4
30
30
3
1
13
1
1
1
11
4
1
1
3
2
1
11644
3278
3
15
1
11
29
1
9
1
3
5
1
5
5
1
4
1
1
1473
9274
2929
21
1082
12
1
10
137
27
24
1
2
5
1
1
2
3
1
1
1
2
2
2
1
1
1
1
2582
8628
3664
38
4
1
1
1
19
9
2
7
4
5
19
3
3
1
2
9
2
1
2
1
1
1
1
4
1
1
1
3502
9289
1839
146
122
21
81
1
1
6
1
2
2
1
3
1
6258
8124
216
1
356
2
18
1
6
2
13
2
3
1
1
1
4
2
1
1
2
1
1
1
14131
377
350
96
16
1
7
6
11
2
2
11
2
3
1
1
1
11408
3394
35
88
6
24
30
1
2
10
3
1
4
1
1
1
2
2
1
1
1
1
1
4867
7435
2226
364
63
1
4
37
1
1
2
1
2
1
1
1
3
1
2
1
1
1
1
1
11163
3303
30
155
290
13
4
9
3
4
19
6
1
1
1
1
1
1
1
1
6
2
1
1
1
6629
2547
927
3521
356
438
8
45
123
293
1
21
2
8
7
5
25
3
1
13
5
11
1
2
2
2
2
1
2
1
5
1
1
3
1
1
1
1
1
1
4185
3266
7163
2
272
30
1
12
5
5
34
7
2
1
3
2
6
6
1
1
2
2
1
3
1
2
1
1
1
14695
28
2
1
147
11
108
4
7
1
5
1
1
1
1
1
1
1
1
1
8391
4229
744
1432
58
15
104
13
3
5
3
8
7
2
2
1
1
7889
3880
2990
21
95
35
4
10
3
7
16
2
3
2
2
22
3
2
7
6
1
7
1
1
1
3
1
1
1
1
1
4798
9281
86
525
66
142
2
15
49
18
2
6
3
2
12
1
2
3
2
1
1
1
8368
6410
170
4
13
6
2
2
13
1
4
3
5
2
2
3
1
1
1
2
1
1
1
1
1
14188
3
613
153
8
28
3
1
3
2
1
3
1
1
2
2
1
1
1
1
1
1
14098
672
134
28
6
6
9
40
2
3
16
1
1
1
1
3554
10656
589
156
47
1
1
1
2
1
3
2
2
2
1
7954
3127
3290
173
296
142
11
8
1
7
3
1
1
1
1
1
1
5781
2819
1776
1983
817
306
1251
251
1
15
2
1
1
2
1
1
1
2
1
2
2
1
1
14805
147
3
3
6
16
4
1
6
1
13
1
1
1
2
2
2
1
2
1
11796
128
3013
7
7
32
2
1
3
2
1
1
11
1
1
1
1
1
1
1
1
1
1
1
1
1
1
14890
3
48
26
3
3
2
5
4
9
9
4
1
1
3
4
1
1
1
530
10598
3764
4
49
33
8
3
7
1
3
2
4
1
2
2
1
1
1
1
1
1
1
14949
52
2
1
4
2
2
1
1
1
1
1
1
906
13896
101
32
4
48
1
7
2
2
1
1
1
3
2
1
5
3
2
3583
2744
1706
4950
795
604
510
21
53
11
11
5
5
3
1
2
6
3
1
1
1
1
1
2160
5340
7280
106
27
10
12
46
14
2
5
3
3
1
2
2
2
1
1
1
4791
6649
3392
3
8
118
11
8
1
1
4
5
14
3
4
2
1
1
1
1
8490
5951
470
28
13
2
4
6
18
7
8
1
2
1
5
1
1
1
1
3
1
2
1
1
14913
16
2
10
3
16
12
12
2
3
2
1
3
9
1
1
2
1
1
1
1
1
1
1
1
1
1
14599
366
5
3
7
5
2
1
3
2
1
2
2
6
2
1
2
1
1
1
1
4
1
14764
171
20
1
1
7
8
2
4
9
2
5
7
1
2
5
1
2
3
1
1
1
14929
9
41
11
1
3
3
2
3
1
1
2
2
2
2
1
1
1
1
2
14634
160
152
42
11
1
2
6
2
2
1
1
1
1
1
1
11
14237
77
15
247
206
161
2
16
9
12
5
2
2
3
2
2
1
3
1
2
1
1
14641
327
2
2
8
1
1
1
1
1
10
1
4
4
6
2
2
2
1
1
1362
6710
6381
477
49
9
12
1
1
1
4
1
1
2
1
1
1
1
1
1
1
6764
3784
4116
290
2
11
5
11
3
3
1
1
9
3
4
2
1
2
1
1
1
2
1
14713
70
171
17
14
2
2
9
4
1
1
3
5
1
3
1
1
2925
2426
3584
6023
29
2
2
3
2
4
5
1
2
3
1
3
1
1
1
14879
72
5
14
25
5
2
1
2
1
2
1
1
1
1
2
1
1
1
1
12482
2265
12
1
172
7
17
1
7
11
15
2
2
1
5
3
3
4
1
1
1
1
3
1
14946
3
3
1
1
22
1
11
2
2
3
2
3
2
3
1
1
3
1
1
1
2
1
1
1
7266
7266
268
126
55
3
3
1
15
1
1
2
1
2
1
2
2
1
1
1
2900
3368
40
8170
364
3
80
4
10
19
11
14
19
2
1
2
2
1
1
1
1
1
3
1
3669
4022
6991
116
152
24
8
1
7
2
2
1
3
1
2
4
1
3
1
2
2
1
1
1
1
14809
110
30
3
3
3
1
32
1
10
1
2
1
1
1
1
1
3
1
1
1
1
1
14354
607
29
2
1
7
2
5
2
5
1
1
2
13584
1354
11
18
4
10
4
13
1
2
6
5
1
2
2
1
3653
11256
74
1
4
7
2
2
2
1
3
1
1
4
1
1
2
1
1
1
7303
2992
4487
2
70
1
46
10
26
23
38
3
1
1
4
1
1
1
1
1
2
1
1
1
1
121
5592
8149
795
70
88
126
17
33
1
5
8
1
1
1
1
2
2
3
1
1
14947
9
1
27
7
1
2
1
6
2
1
1
2
1
2
4
1
1
1
1
12717
1985
221
8
40
1
3
1
6
1
5
4
2
13
4
1
2
1
1
1
1
14584
10
6
358
30
3
14
2
2
4
2
2
1
7826
3767
3167
139
39
19
13
16
2
10
1
1
3
2
1
3
2
3
1
1
1
1
14974
2
2
9
3
3
2
3
1
1
3
1
1
3
1
1
1
1
2
1
1
1
1
14401
226
266
25
22
3
5
23
3
21
2
1
4
3
7
1
1
1
1
1
1
14953
2
6
3
10
2
3
22
4
2
2
2
2
1
2
1
1
14779
51
5
111
7
2
1
4
1
7
35
1
7
2
1
1
1
1
1
14572
22
134
40
192
10
4
15
3
1
6
10
2
3
1
1
1
1
10302
2610
1785
84
160
10
17
1
9
1
2
8
2
6
1
5
1
1
5
1
1
1
2
2
1
14966
2
1
2
20
1
6
8
5
1
1
1
1
1
1
1
7581
7308
61
1
3
1
12
3
12
2
3
1
1
8
4
1
1
1
1
3
1
2
4
1
1
1
4551
7911
240
157
2039
55
2
2
8
4
15
2
8
4
1
6
1
3
1
2
1
4
1
4859
4064
2813
3007
25
117
87
4
4
8
2
2
3
2
1
1
1
3
7
1
1
1
1
2
2
4266
2388
8285
20
9
2
7
2
20
2
1
1
1
2
1
2
1
2
1
2
1
1
1
3264
1039
7068
2954
645
8
1
1
8
1
3
4
3
1
2
2
1
1
1
3
2
1
3
1
1
376
3309
6819
294
2936
399
286
184
254
129
4
1
4
2
5
9
1
2
1
1
1
1
700
9550
587
995
3014
77
42
3
8
7
21
3
1
2
4
1
1
1
1
4210
813
3088
5904
952
4
1
5
2
3
2
2
7
5
5
1
3
1
1
2
1
1
2
2
1
1662
9660
2524
1058
9
12
4
20
5
3
13
1
4
8
5
2
9
2
6
3
2
1
1
1
1
1
1
14895
30
24
16
1
17
1
1
1
3
3
2
5
3
1
5
1
2
1
3
1
1
1
10401
2185
377
1899
99
29
1
2
1
6
1
1
1
1
6
1
2
1
1
1
1
1
14719
24
91
119
6
3
10
7
5
5
9
4
2
2
1
3
1
3
1
1
2
14962
6
14
1
1
8
1
12
3
3
1
1
1
1
2
1
12149
2619
161
4
12
16
6
3
6
3
8
7
4
7
2
1
3
1
1
2
1
1
1
4428
3241
7246
19
27
4
15
12
4
1
5
6
2
3
1
1
1
1
1
14834
3
105
48
11
1
7
2
1
1
1
2
1
1
14236
53
268
1
4
401
3
1
20
2
8
7
2
1
2
1
1
2
1
1
2
1
11216
3718
27
1
7
3
3
7
20
1
1
1
1
2
1
3
1
1
1
1
1
1
14906
4
43
2
6
2
2
2
13
4
2
5
5
1
4
1
5
2
4
1
1
2
1
11400
3378
149
17
4
17
7
2
1
12
1
13
3
5
2
1
2
1
1
1
1
115
418
10323
347
950
2701
14
58
3
18
1
1
7
10
8
28
2
1
2
1
2
1
2
1
1
1
1
1
14963
5
2
3
16
3
3
8
4
1
1
2
4
1
1
1
2756
3032
1784
459
6877
2
67
1
2
2
3
1
2
1
2
2
9
7
2
1
1
1
1
3
11639
2635
546
94
4
5
6
13
14
19
1
1
1
1
5
10
9
1
1
1
2
1
1
1
2
1
1
1
1
1
6933
6631
1007
56
91
210
9
5
10
18
1
18
3
10
4
6
1
2
1
1
1
111
2600
9151
2964
80
4
23
6
7
31
2
9
2
1
7
1
2
3
3
1
2
1
1
1
4
1
116
3209
11141
47
428
3
30
1
5
21
3
2
1
1
5
1
2
1
1
14969
10
4
9
1
4
4
1
1
1
2
2
1
1
1
5
1
1
11050
3496
10
214
17
81
107
8
3
5
2
1
2
3
1
2
7
1
1
1
1
1
2
1
1
14779
24
31
40
1
125
2
3
1
2
4
2
1
1
1
1
7232
466
7254
3
1
38
2
2
4
1
2
2
2
1
1
1
1
1
1
1
1
1
14668
10
184
62
18
1
1
15
3
10
19
1
5
2
3
1
5
2
2
2
4
14292
399
1
61
4
32
136
48
13
1
5
7
2
5
1
1
2
3
3
1
1
14929
1
61
12
1
1
6
2
1
1
1
1
1
14626
3
264
15
92
4
2
1
2
2
1
2
2
1
1
11600
2817
479
57
3
15
5
3
3
1
1
1
3
2
4
1
5
1
2
11
1
1
1
1
9488
1319
2380
1619
30
127
1
1
18
1
2
14
1
2
1
1
4
2
2
1
1
1
2
1924
8075
3868
3
1063
29
35
1
1
6
2
1
2
1
1
3
2
1
14741
223
6
3
6
1
8
3
4
2
2
2
2
4
2
1
4
2
1
1
14819
38
65
4
15
21
2
2
1
17
1
1
1
13
1
3
3
2
1
1
3
1
1
1
1
14766
4
147
5
42
1
23
2
11
5
1
2
2
1
3
1
1
1
11314
3418
123
81
3
6
3
32
1
2
1
14
5
1
1
3
2
2
1
2
2
1
14564
387
4
5
22
2
2
1
1
2
1
7
3
1
1
1
4
1
1
2
1
1
1
2
1
7694
2036
4177
348
410
307
1
6
20
1
3
1
2
1
1
3
2
2
1
1
1
5698
8560
129
146
141
67
14
129
65
10
9
22
1
7
1
1
4
7
3
2
1
1
10855
3917
31
16
85
19
2
34
3
24
11
3
1
3
2
3
2
2
1
1
2
1
14735
51
63
110
1
2
12
1
7
4
8
1
3
4
1
4
1
3
1
2
1
1
1
1
7709
7214
7
3
1
50
2
12
1
1
1
5
1
1
1
1
2
1
1
1
1
1
1
6324
4521
4058
54
4
1
20
7
19
1
2
1
1
1
1
2
1
14959
11
13
2
5
1
3
1
6
4
2
4
1
1
1
3
1
14705
177
64
7
11
18
7
3
1
2
2
3
1
2
3
1
2
1
1
1
4
1
1
7756
3181
3378
162
436
6
6
16
16
12
1
12
5
1
7
1
2
4
4
3
2
1
2
1
1
1
1
4150
6942
561
312
2169
323
21
17
35
108
297
5
2
29
2
3
2
2
3
2
3
3
2
1
3
1
5
4
1
2
1
1
4
1
1
4305
9736
612
192
45
5
81
9
1
5
8
5
1
2
2
2
1
1
1
2
1
1
8166
6722
61
2
25
8
11
1
4
8
1
1
6
1
1
14415
294
83
3
22
5
2
17
9
64
22
53
2
9
3
1
2
3
1
3
1
1
2
1
9899
3337
630
246
116
597
11
84
45
4
6
1
5
1
13
11
1
3
1
1
1
1
1
1
1
1
6737
4105
559
2022
302
493
744
2
2
5
1
3
13
5
2
2
2
1
3
2
1
3
1
1
1
1
2
1
1
1
3718
2988
2742
4057
1452
9
3
7
8
1
9
1
1
7
1
1
3
1
1
1
1
1
2
2
1
14613
59
284
5
24
1
2
2
14
3
3
1
1
1
1
1
1
1
1
6767
7015
14
178
22
512
321
63
32
35
15
1
10
4
5
4
1
1
4
3
1
2
1
1
1
1
1
1
1
1
6930
3691
3442
273
123
19
495
7
1
1
2
11
2
2
1
2
1
2
4
2
1
3
2
1
7962
3058
2634
468
732
65
13
3
3
16
5
16
22
1
1
10
1
1
1
1
1
2
1
1
14744
182
22
20
6
6
8
1
3
10
5
3
1
2
1
1
2
1
5723
2888
4107
1144
1016
45
5
22
2
6
4
1
4
5
10
4
4
7
2
1
1
1
2
6
3
1
1
1
1
1
3605
3911
6156
959
160
7
132
2
2
12
2
17
8
4
3
5
6
6
3
1
2
2
2
1
2
1
1
2
2
1
1
3172
5562
6174
1
7
21
3
49
4
5
7
1
2
1
1
4
2
1
1
7982
3839
423
2548
199
1
2
1
1
1
4
1
3
6
1
1
1
2
1
1
6363
7975
416
113
62
6
10
25
5
9
1
7
1
1
8
2
2
2
1
1
1
2
1
1
1
1
1
7634
7030
11
110
71
98
11
15
1
3
2
5
1
5
1
5
1
1
2
1
1
1
4
1
1
2
7473
3313
3314
83
313
173
82
54
125
1
50
2
1
3
3
11
4
1
2
1
2
1
1
1
1
1
1
1
3356
11204
148
177
17
1
62
2
2
16
13
1
1
1
6
3
4
1
1
1
1
14604
28
271
5
31
31
8
4
2
5
2
3
2
7
1
2
1
1
2
2
1
1
1
1
1
1
14703
8
171
49
9
5
23
17
1
3
5
3
1
3
1
4
1
1
2
1
2
5
3108
11684
115
5
66
3
5
16
1
6
3
1
1
1
1
1
1
4406
3348
6362
662
114
40
22
14
5
13
4
1
10
2
4
1
1
3
1
2
1
1
1
3590
10584
511
26
175
28
51
6
20
4
1
10
2
1
1
2
1
1
2
1
1
8348
97
2953
2860
515
15
1
11
108
42
7
9
5
17
6
2
1
1
4
5
3
1
2
1
1
2
1
14745
32
6
1
22
128
16
11
37
5
5
2
2
1
1
1
1
1
1
6976
4208
2609
933
123
41
55
34
7
6
5
3
3
3
2
2
2
3
1
1
1
13622
1350
8
3
14
1
1
1
1
1
9
1
1
1
1
1
2
10419
4409
7
41
7
4
41
2
1
21
1
12
13
1
5
2
1
1
11
3
4
1
6
1
1
1
1
1
14774
183
7
1
3
7
26
2
1
2
1
1
3
1
2
1
1
1
1
181
14655
102
1
35
16
4
3
1
2
1
7
5
1
1
1
1
1
14806
141
1
14
27
4
1
1
10
2
1
1
1
2
1
1
1
1
1
1
10768
3907
3
246
3
34
5
28
7
3
5
1
2
1
2
1
1
1
14433
285
236
10
4
21
3
3
1
4
4
4
3
3
1
1
1
1
11632
2934
92
19
71
185
13
6
9
32
4
1
4
3
1
1
3
2
1
1
2
1
1
4136
6794
1469
2526
47
5
2
14
4
1
5
3
1
1
3
2
1
1
1
1
1
11745
3183
32
2
2
14
2
1
15
5
11
1
1
2
1
1
5956
5048
2325
786
668
78
27
45
2
17
23
23
3
3
7
1
1
1
3
1
14916
69
3
11
1
1
2
1
1
3
3
2
4
1
14536
270
138
12
3
11
3
15
10
1
3
1
2
1
1
4
2
2
1
1
1
7409
3762
2792
41
159
352
294
93
49
8
5
22
3
6
10
1
2
4
2
1
1
2
14847
23
2
4
2
4
61
18
16
6
4
8
10
1
1
4
1
1
1
1
1
1
1
14212
414
140
82
6
2
27
55
2
28
6
4
7
2
1
16
1
1
1
2
1
1
1
1
1
1
1
1
1
14443
4
2
530
15
2
1
1
3
1
1
1
1
4
2
1
1
2
1
1
1
7866
6295
130
646
14
10
23
1
1
2
5
4
6
1
3
1
3
1
2
1
1
1
1
14644
99
103
112
11
21
10
5
2
1
3
1
1
1
1
1
1
1
4243
2989
7466
230
41
11
1
5
3
1
2
2
4
3
4
2
1
3
1
1
3
1
1
2905
10735
997
62
121
144
13
14
4
2
1
1
7
3
3
1
1
1
2
1
9689
2158
1115
438
1420
80
51
4
2
7
2
17
4
7
1
1
2
1
1
1
4
2
2
2
1
1
1
1
1
1
1
6325
1329
3118
2711
453
514
318
61
64
2
100
3
6
2
3
1
1
3
1
1
2
3795
6195
3405
299
1056
81
95
7
5
13
4
10
1
5
35
1
2
4
2
2
1
14341
151
304
41
9
69
8
71
3
7
2
5
1
1
1
1
2
1
2676
3545
3647
3976
174
122
123
156
15
84
443
1
3
1
1
2
12
5
1
1
1
5
2
1
3
1
1
3
1
1
1
1
2
1
1
2
1
1
1
14861
5
13
1
94
7
1
2
2
3
2
1
1
6
1
1
4
2
1
3
1
1
1
1
1
1
1
3336
10554
561
542
6
1
3
4
4
2
2
1
1
1
14909
40
6
12
1
2
5
2
2
8
2
2
1
5
2
7
3
1
3
1
1
2
1
9470
1039
4343
53
18
17
40
8
3
5
1
9
4
6
1
1
6851
7739
47
69
253
1
1
7
1
8
1
12
2
2
1
3
1
4
1
1
1
2
1
2
2
1
1
2
1
14821
141
4
29
1
1
5
1
3
1
1
5
1
1
1
1
1
3416
3143
8238
58
114
1
11
3
7
3
2
5
4
1
1
2
1
1
1
2
1
1
1
1
3246
2720
4529
4481
29
2
3
1
1
2
1
1
1
1
14765
63
15
76
52
3
6
15
3
3
1
2
1
2
1
1
5
1
1
1
1
3009
3790
7690
236
1
204
1
6
3
1
10
6
12
5
6
17
3
1
1
9
1
1
2
1
1
1
106
6089
8502
191
52
2
1
17
1
5
11
3
3
1
4
4
2
1
6
1
1
4
6
1
1
1
1
1
3305
8385
2254
552
91
259
105
6
6
29
1
2
5
1
2
1
2
3
1
2
1
1
1
1
1
1
4552
10385
4
4
19
3
15
1
8
5
5
1
4
3
2
1
1
2
1
1
1
14521
429
22
2
6
2
10
8
2
2
3
1
1
1
1
2
1
2
1
1
10131
2837
401
1097
445
2
18
14
3
13
2
3
31
1
3
5
4
1
1
2
1
1
1
1
7490
2368
4646
461
3
1
25
1
6
4
2
1
1
3
1
3
1
1
14735
4
234
9
1
1
3
2
2
4
2
3
3
3
4
2
3
1
1
1
14675
222
25
59
1
13
6
1
1
1
2
1
2
1
3
1
1
1
1
1
14596
159
1
83
82
23
24
8
5
15
1
8
2
1
2
1
1
1
2
2
1
3989
10957
42
4
3
1
6
1
1
3
4
1
3
1
1
1
14805
151
2
6
2
1
11
13
2
1
1
3
1
2
1
1
1
4
1
4
1
1
1
2
12232
2655
3
84
3
1
18
7
4
1
2
1
1
1
2
1
1
1
14657
169
47
12
83
6
2
1
17
8
2
3
1
2
1
1
1
1
1
1
1
1
14881
78
19
4
3
6
5
12
4
1
1
1
1
1
1
