5585
7
15
419
186
48
51
5
1
72
3
21
1
2
3
1
1
1
2
1
1
1
2
2
2
2
1
1
1
1
1
6027
611
297
29
3
1
3
3
2
2
10
4
1
5
3
4
1
4
2
2
107
17
2
5
41
5
2
8
4
2
2
7
1
4
1
1
1
1
2
1
1
926
13
14
11
7
2
2
18
1
1
3
1
2
1
2
1
1
1
1
1
1
3
1
5
9
2
2
11
4
1
2
3
3
3
1
2
1
2
2
1
1
1
1
256
18
37
71
2
4
4
1
5
6
3
13
1
1
8
6
1
1
7
7
3
2
1
1
1
1
3068
1345
79
30
1
41
1
1
18
5
9
12
1
2
5
6
1
2
5
1
1
1
1
1
1
1
1
160
28
221
107
3
15
5
12
1
3
3
6
4
7
7
1
2
1
2
3
1
1
1
3
54
1
5
3
7
33
7
11
7
3
5
1
1
4
1
2
1
1
1
1
1
1
2
1
1
95
5
4
67
11
12
9
6
3
5
2
3
1
1
1
2
1
1
1
1
11
3
3
3
7
33
9
3
2
3
2
1
2
1
1
1
1
3
2
2
2
1
1
2967
1
1
2
4
3
2
3
1
9
1
2
2
1
1
1307
2926
2318
781
7
3
1
1
16
2
4
8
3
7
2
4
2
1
1
2
7
1
1
1
1
3411
3568
3346
31
84
48
22
5
5
1
1
9
3
8
3
8
4
1
1
1
1
1
1
1
1
1
73
5
3
84
1
2
1
3
9
4
3
3
4
1
2
1
1
1
1
1
1
4
51
74
28
15
2
29
13
11
17
1
1
4
1
3
2
1
1
1
2
6750
12
5
1
1
8
2
4
1
2
9
9
3
6
1
2
1
1
1
2839
323
101
184
25
27
3
1
1
9
6
2
8
1
3
3
1
2
3
3
1
1
1
1
3379
2949
405
152
73
333
247
74
7
36
4
2
1
2
4
2
2
2
5
4
1
1
1
8
7
3
4
3
2
1
1
4
1
1
2
2
1
2
1
1
1855
221
267
49
14
2
1
4
6
1
2
2
1
2
1
2573
2169
824
744
2041
347
647
49
5
58
2
1
11
16
45
13
1
3
3
10
1
2
1
3
1
1
1
1
2
2
94
8
64
3
7
2
4
2
1
1
3
4
1
1
2876
13
9
11
21
11
3
2
5
1
1
3
1
2
1
2
2
2
1
3
1
1
1
1
1
1
1902
2
5
5
1
11
3
2
1
1
1
2
1
1
1
1
1
8
1
4
1
8
3
11
3
2
2
9
2
1
1
1
4630
4077
13
1
5
3
2
1
2
1
1
2
1
1
1
2
2
1
1
7167
69
2
1
9
35
1
7
1
7
1
2
1
1
2
2
1
1
1
236
174
26
10
5
88
11
21
2
3
1
2
4
1
2
1
1
1
1
4624
34
51
16
2
84
5
9
3
4
1
2
5
2
2
3
1
1
2
2
1
1
1
1
53
324
22
23
1
2
1
1
4
2
2
5
1
1
1
1
3207
10
31
487
1
1
1
1
1
3
2
2
3
4
3
1
1
1
1
3780
180
21
391
63
13
11
5
7
5
1
21
2
9
5
1
1
1
1
1
2
1
4380
3874
214
16
5
31
1
11
2
8
7
1
5
1
1
1
1
1
2
3
2
1
1
8
235
31
5
36
54
4
2
2
4
2
1
1
1
3657
3109
635
3
391
3
19
97
11
10
5
5
8
3
6
2
2
1
1
3
2
1
1
1
1
1
1
1051
6
13
12
12
1
12
1
2
2
2
2
5
5
5
3
4
1
1
1
1
1
1
1921
393
645
2
40
3
3
1
1
2
1
1
1
264
34
3009
61
10
4
7
32
3
1
4
2
1
6
4
5
1
1
1
1
1
1
1
1
2641
2728
2833
118
13
1
18
3
4
1
2
12
1
2
1
1
1
1
2
1
2
1
1
3398
3602
957
4
1
8
4
19
6
2
1
1
1
2
1
2
1
3
1
1
1
1
2524
226
35
222
2
2
2
1
6
5
3
1
2
2
2
1
1
2
1
1
1
3587
3983
495
6
339
9
9
3
2
2
7
2
1
1
1
1
10
4
9
7
3
6
1
6
1
1
3
3
1
1
1
1
1
2
1
1
6549
941
63
18
64
41
2
13
4
1
13
2
1
3
1
1
1
1
6437
263
28
205
3
13
11
5
14
31
1
7
3
1
1
2
1
3
1
2
1
1
4253
3289
51
47
37
32
57
1
3
2
1
1
7
1
2
1
2
1
1
1
1
1
1
96
8
17
1
12
3
1
2
2
11
1
2
1
2
1
1
1
1
4518
3069
2
9
3
3
2
1
3
1
1
1
1
1
3481
135
439
37
7
27
9
3
7
1
7
5
3
1
2
3
1
1
1
1
1
1
1
1
1
1
4174
2919
124
200
73
13
14
3
1
4
3
11
2
2
1
1
1
1
2
2
1
3
1
3
1
2
1
1
1
1
1
1
1
1
6120
76
59
87
298
20
13
2
5
3
3
2
8
22
2
4
5
2
1
1
1
2
17
34
186
69
13
2
8
2
1
4
3
1
3
2
1
1
1
1
1
1
1
3132
446
250
7
18
12
2
1
5
1
3
2
3
1
1
1
3062
3676
37
150
5
3
11
206
30
3
8
7
7
3
2
3
1
3
1
5
8
1
1
1
1
1
1
2736
4677
7
2
3
81
8
2
2
3
27
6
2
2
5
4
1
3
1
1
1
1
1
1
1
1
161
71
12
21
1
9
13
4
1
1
9
1
2
2
1
1
2
1
1
1
1
1
32
2
1
2
2
6
2
2
2
1
1
1
1
4016
18
77
5
30
3
3
7
4
1
1
1
4
1
1
2
1
1
167
2858
4
4
1
1
1
3
3
1
6
1
1
1
1
1
2
1
1
1
147
145
7
7
1
1
1
2
1
2
1
1
3140
55
298
9
28
90
4
4
6
3
1
3
4
1
1
556
2597
3204
308
16
40
57
5
9
2
3
5
21
11
1
5
2
1
1
1
1
540
525
49
9
16
6
10
4
3
1
1
1
1
1
2
1
1
1
2
1
2983
23
4
1
8
1
2
3
6
4
2
2
1
2
2
1
2
1
1
1
1
1
2
4533
8
34
82
33
8
13
3
18
2
2
4
4
5
2
2
1
1
1
1
1
2415
1234
76
1181
382
239
28
7
56
46
6
1
1
31
6
3
2
7
3
1
2
4
2
1
2
2
1
3
1
2
2
4710
3568
6
104
246
27
24
5
9
41
22
26
5
1
1
2
1
1
1
1
374
52
63
255
43
1
27
12
5
9
67
3
1
8
5
4
3
1
2
1
2
1
2
5
3
1
1
1
1
2566
468
3249
551
4
58
48
3
12
6
13
2
5
11
1
1
3
1
2
1
2
1
2
1
1
171
94
1
6
5
20
4
1
1
8
1
3
1
3
1
3
2
2
1
1
898
4774
11
3616
1
4
4
3
1
3
4
2
1
1
1
1
1
1
2
2
1
1
1
1
1
1
2905
3946
878
596
44
1
12
9
17
2
19
1
2
5
4
1
1
2
1
1
1
1
2
1
1
1
1
7218
80
4
14
38
3
5
2
28
5
2
1
2
2
3
1
1
1
2
1
1
1
47
1
3
1
28
5
21
6
3
2
2
2
2
5
2
2
3
1
2
1
1
1
1
1
402
15
2
8
23
15
7
2
1
2
2
1
1
1
3
1
2
9
100
113
53
43
13
1
3
1
3
1
4
1
2
1
1
1
1
1
28
1
9
7
1
4
17
5
1
3
5
2
9
1
1
1
2
1
1
2
1
1
3810
450
57
1
18
3
25
6
3
4
1
1
1
2
1
1
1
1
5929
125
227
12
153
15
10
31
9
1
3
2
2
1
1
2
1
1
5182
32
1
8
1
3
12
3
4
1
4
1
1
1
1
1
1
1
4382
1133
44
6
36
3
47
2
8
13
23
7
2
3
5
3
2
1
1
2
2
11
1
6
3
1
1
1
2
1
1
1
1
3083
299
1
80
71
5
3
5
1
18
3
1
5
1
5
4
4
2
2
1
3
1
1
333
1
10
3
10
38
2
4
4
1
17
2
2
4
2
1
4
2
1
1
1
2
1
1
1
5855
696
20
4
1
1
2
1
3
2
1
4
1
2
1
3116
514
7
1
46
77
9
1
1
1
2
1
1
2
1
1
3774
3731
44
10
1
22
1
1
1
1
1
2
1
1
2
13
23
1
12
10
2
3
2
2
4
1
2
5
1
1
2
2
1
1
1
1
1
1
1
291
3531
127
25
60
5
4
2
5
10
5
23
12
4
2
3
2
1
2
1
1
1
1
1
1
2
746
2555
1206
2618
49
1
12
20
14
20
7
40
6
3
7
1
3
1
2
1
6
1
1
2
6
1
1
1
2979
3631
2783
1389
201
134
78
95
26
3
11
2
3
2
10
5
4
2
2
1
1
1
1
1
2
1
10
59
1
1
6
6
1
3
2
3
1
3
3
2
2
1
2
1
1
1
1
2619
570
193
7
5
35
1
1
1
3
3
2
1
1
1
1
1
1
268
518
14
252
23
11
11
26
1
2
7
2
2
1
1
73
541
37
4
9
2
1
1
1
2
1
3
2
4
1
1
1
1
1
56
5
1
4
24
20
13
1
2
1
4
2
1
1
2
2
3
1
1
1150
3097
213
1
62
10
12
29
5
7
1
3
1
1
2
1
2
2
1
2
1
21
16
1
6
13
3
5
1
4
1
1
2
1
3
1
17
8
1
1
2
1
1
1
2
1
1
743
60
82
56
30
24
49
24
2
1
4
7
2
1
1
3
2
1
1
1
2
2
101
8
2
1
1
8
4
4
11
18
2
3
9
2
1
1
2
2
2
3
5
3
2
1
1
2
1
1
1
3890
3752
57
35
8
12
4
23
28
9
2
3
1
1
5
1
1
1
1
2
2
1
1
7259
62
53
13
32
58
48
2
15
24
2
2
4
2
5
2
2
4
2
1
1
3
31
10
10
15
2
1
4
6
1
1
1
1
5
1
1
1
1
1
3
1
730
25
56
4
1
7
7
4
3
8
4
2
6
1
3
1
1
1
2
2
1
1
2499
3833
1
65
2
37
19
15
3
1
4
1
13
1
1
2
1
2
3
2
2
3
1
1
1
2527
4492
2364
100
6
92
2
4
8
3
2
10
2
1
3
1
16
2
1
8
16
1
2
8
2
2
1
4
1
1
2
3
2
1
1
1
1
1
1
1
1
1
1
1
1
1
1
3837
3562
119
18
2
1
4
2
2
1
1
1
1
1
6887
159
114
38
3
10
26
15
1
4
1
1
3
1
3
1
1
1
1
1
1
2
1
736
2577
3626
39
9
15
7
1
23
3
1
6
4
3
3
4
1
3
1
6
3
2
1
46
2
25
19
4
1
1
3
2
3
6
2
1
1
1
470
3821
2430
3421
163
117
24
2
14
2
6
12
1
2
21
3
1
4
11
3
1
1
2
1
4
1
1
2
2
206
4
27
120
37
13
2
1
1
4
1
1
4
2
1
1
3
1
1
1
2
1
4313
22
82
8
15
3
7
3
22
5
4
2
2
2
2
1
2
2
1
7
1
1
1
2
1
6
3
16
10
4
1
3
5
1
7
2
3
1
1
4
1
2
1
2992
2594
3113
307
980
2
15
10
8
1
9
2
12
1
1
6
2
1
1
1
1
1
1
1
1
2
1
1
1
2621
2457
329
623
10
44
15
3
24
15
86
7
2
2
9
1
12
1
1
3
4
1
1
1
4086
258
181
14
22
13
2
8
1
1
5
1
5
1
1
1
2
1
2
1
1
1
1
1
232
195
26
18
4
195
4
9
5
4
1
8
1
1
1
1
2200
39
5
7
6
4
5
6
2
4
6
3
5
1
6
1
1
1
1
1
4359
249
68
2180
226
503
21
37
13
2
3
5
3
5
13
4
3
5
1
4
6
1
3
1
3
1
1
1
43
9
4
1
1
2
2
1
1
1
1
6
3
1
3
1
3
1
1
4218
3348
23
4
8
92
16
54
7
4
11
10
3
2
21
3
1
2
4
3
2
3
1
1
1
1
2
1
3404
2
827
4746
160
26
18
1
27
3
7
4
1
2
10
11
2
1
1
1
4
1
2
2
4931
169
2016
250
17
4
7
8
1
4
2
9
1
1
2
4
1
2
1
1
1
4
1
2
1
50
13
3
61
3
48
1
1
14
4
10
1
4
1
2
1
1
1
1
1
1
1
1
6520
1633
4
14
29
10
4
14
19
9
2
23
3
7
1
1
3481
1256
37
136
106
70
2
13
2
49
11
3
15
1
1
2
5
1
2
1
1
8
1
2
2
2
2
1
831
1335
59
49
30
74
2
3
11
3
2
7
3
1
1
2
1
3
1
2
1
1
1
1
4112
3623
19
24
9
8
5
2
1
4
2
1
1
1
1
1
1
1
2
20
35
3
6
2
31
5
15
5
3
1
1
2
1
2
2
1
1
1
6690
1384
4
16
9
2
3
12
3
3
1
2
4
1
2
1
1
1
1
1
1
1
182
1
1
21
2
1
10
1
1
4
2
3
5
6
1
1
1
2
1
980
151
110
23
15
4
4
10
7
3
6
27
3
1
1
3
4
1
1
3
1
2
5
1
2
5
2
1
3
1
3559
3233
302
352
113
73
74
194
5
11
19
20
4
3
3
2
1
1
4
1
2
1
3
3
2
1
1
2982
6
123
2
5
10
1
4
6
23
1
15
2
1
1
2
1
1
1
1
2
2
1
1
6
1
36
9
15
1
3
1
10
3
1
2
1
1
1
2
1
1
1
1
3626
1033
1814
53
32
127
28
16
2
1
1
10
1
8
5
1
2
1
1
3809
9
52
2
8
21
7
23
1
14
2
1
8
2
1
1
2
1
1
1
1
4419
2
75
1
46
2
31
2
1
1
15
16
2
1
1
5
2
1
1
1
1
1
1
1
4274
3172
465
124
3
3
1
3
2
6
5
2
3
1
1
1
1
2
1
1
3284
3108
3370
308
4
126
6
1
4
1
3
14
4
3
1
3
5
1
1
2
1
1
2
1
1
1
2
5
1
2
3
10
64
1
15
2
1
2
1
1
1
2
1
43
12
4
19
21
28
3
4
1
1
1
1
1
3
1
1
1
1
1
6245
281
34
28
4
9
2
5
7
1
1
1
1
2
1
1
2
1
2780
2449
912
1003
544
2775
573
9
6
2
2
8
6
3
1
4
1
1
2
1
2
1
2
3
1
1
5286
3465
81
40
67
5
64
23
5
1
29
2
1
2
1
1
2
8
2
5
3
2
6
1
6
6
2
2
1
1
2
1
69
2
19
9
1
1
1
1
1
1
3050
2244
269
1
20
11
15
7
1
1
1
3
2
2
2
3
1
1
1
1
1
1
894
1435
28
1
4
73
16
8
8
14
2
2
1
1
3
1
1
2
1
2
2
4
52
32
2
3
6
8
2
3
3
3
3
2
2
1
2
3
1
32
15
20
322
29
38
38
4
7
1
9
2
1
1
1
2
1
1
2
1
1
1
4549
2200
157
1914
1138
140
28
45
5
1
3
1
3
4
1
4
7
2
7
7
3
3
1
6
2
1
1
1
1
1
1
2
6628
1
765
7
7
2
12
1
4
1
3
1
1
1
1
1
1
1
2417
2455
588
219
4180
4
4
13
4
5
3
2
4
2
1
2
3
2
1
2233
1263
77
189
114
18
16
17
8
12
129
47
2
4
2
3
1
2
2
1
1
1
2
1
1
1
1
2
1
698
615
256
410
1
20
21
1
2
8
11
3
4
1
1
2
2
1
5
3
1
1
1
1
2
6722
286
758
1
2
1
38
1
10
1
1
1
5
7
4
1
1
3
2
1
1
796
104
10
4
9
1
9
5
1
1
2
1
1
2
1
1
1
1
1
1
4064
25
10
7
9
2
2
7
5
1
2
1
1
1
7
467
1
10
12
4
1
14
1
1
1
2
1
1
2
1
2
1
1
1
1
1
2382
734
3
2
13
2
14
2
1
1
1
3
1
1
1
1
4
2
1
3
1
2
1
1
1
6467
213
21
33
262
2
1
4
2
1
4
1
1
1
1
3
2
1
1
2
3
1
1
1
1
1
4966
74
10
29
27
50
3
1
3
20
1
2
6
2
1
1
2
1
2
1
1
1
1
1
1
1
140
2
65
5
2
38
3
2
2
1
3
1
1
1
1
1
3
5
1
1
1
3
1
1
3787
2780
209
687
801
3
6
42
14
19
20
2
11
1
8
1
1
2
5
1
2
1
1
2390
1271
3477
524
3422
7
4
5
6
10
3
7
1
16
25
8
2
1
1
2
4
2
5
3
1
1
1
4624
19
40
54
4
10
7
2
4
3
1
9
4
1
4
1
1
1
2
3
1
1
1
1233
9
1
2
3
4
1
13
4
6
1
6
2
12
3
3
1
1
1
2
1
1
4
1
1
720
15
17
3
6
1
3
3
1
4
2
8
2
2
2
1
6261
5
45
79
36
1
8
1
3
37
4
5
1
3
3
1
7
4
1
1
1
1
1
3587
3506
354
25
7
3
5
1
4
6
1
4
4
1
1
1
2
1
1
1
4216
3904
125
1
98
8
3
15
1
2
1
1
1
1
1
1
3951
3809
2884
8
11
75
27
4
18
26
2
4
2
11
1
4
3
3
1
1
1
2
2
1
2
1
1
1
4013
2720
12
78
4
5
248
110
11
2
16
46
23
15
6
3
8
4
3
3
1
2
1
1
1
1
1
1
1
1
1
1
631
3938
68
51
3
39
3
1
1
4
3
8
2
1
1
4
3
1
1
1
1
1431
2321
5
4
1
1
2
7
3
3
2
3
2
1
1
1
1
3249
4711
35
55
22
5
2
2
2
9
3
11
1
3
2
1
635
6695
148
214
27
17
2
9
3
8
1
1
3
1
1
1
7
4
13
2
2
1
2
2
3
8
9
3
2
3
1
6
1
4
1
1
1
1
4848
11
2702
9
46
5
3
1
2
2
1
1
2
2
3
1
1
1
4
1
1
1
7197
1
116
5
27
49
7
3
1
3
1
2
1
2
1
1
1
1177
2631
202
154
116
72
10
2
14
2
3
12
1
2
1
1
2
1
1
1
1
1
1
938
30
137
5
12
2
1
1
1
2
1
1
7
2
1
4
2
1
1
1
13
1
20
2
2
13
6
1
3
1
1
1
1
1
1
3086
27
561
56
1
4
8
5
7
19
19
14
1
15
1
2
1
1
2
1
3
1
1
1
4647
2837
147
176
98
8
3
5
2
1
2
1
3
1
1
2
2
2
2
1
1
1
1
3682
2845
156
1
2
28
10
6
1
6
1
1
2
2
1
1
1
1
1
1
1
1
212
77
1
58
13
16
2
1
17
2
3
1
2
2
2
5
1
1
1
1
1
1
3894
3039
171
62
1
1
1
9
2
1
27
1
1
6
9
3
1
3
1
1
1
2
1
22
4
3
1
9
2
2
2
1
2
1
1
1
1
1
4053
384
58
1
3
3
16
3
4
3
1
2
2
2
1
361
13
52
4
65
1
2
19
8
3
5
1
1
1
2
5
1
1
1
1
1
3724
288
647
2072
3208
163
69
42
308
2
28
14
15
3
2
3
1
1
1
4
1
6
1
2
1
3
1
1
1
1
3656
35
3
3
13
7
1
1
12
2
2
3
1
1
8
2
3
1
4
1
2
1
1
1
1
1
1
2
14
11
17
8
10
12
3
6
1
4
1
3
1
1
1
1
2
1
1
1
855
579
350
3403
3209
97
16
20
7
15
24
2
7
2
1
6
1
2
3
1
1
1
2
1
2
1
1
1
1
2
6199
28
684
18
2
7
6
1
6
2
2
8
1
5
1
1
2842
4063
3066
121
256
116
10
4
4
5
3
2
4
5
2
8
1
3
4
1
1
1
1
8
3367
3594
359
526
404
14
15
5
10
8
4
6
11
2
1
1
3
1
1
8
1
1
1
1
1
2
1
1
1
3293
5
4
4
2
1
16
13
3
2
1
1
3
2
1
2
1
1
2
1
1
1
1
1
1
3
1
8
3
1
10
4
2
2
5
4
1
1
1
120
4303
14
13
3
6
4
35
7
20
4
1
1
5
3
1
4
1
3
2
1
1
16
98
4
23
6
1
1
1
2
3
2
3
1
1
3
1
1
1
163
4965
2366
1262
308
1
7
2
6
5
1
3
7
6
1
2
2
1
1
3
2
5
1
1
2
1
1
1
1
2
3701
142
33
1
1
8
14
9
5
4
3
5
4
2
3
1
1
1
3961
2956
3854
3
1
10
3
2
2
1
3
9
4
2
1
1
1
1
1
1
6374
705
262
202
151
285
75
11
2
12
16
2
1
1
3
1
1
7
1
2
5
1
1
1
1
659
11
3
3
1
1
1
3
6
4
3
3
2
2
1
4
1
1
2
1
1
1
1
1
1
1
1
1151
3044
351
42
22
5
1
5
1
13
1
1
1
1
1
1
1
4
1
4
2
2
1
2
3550
41
28
59
2
1
1
1
1
3
2
1
4
7
1
1
3
2
1
3
1
1
1
1
1
3
2110
3
73
20
3
3
2
4
1
2
1
1
4
1
1
3
1
2
1
317
7
4381
1802
61
1
252
64
181
4
4
1
1
1
5
6
1
6
5
2
2
2
1
3
1
1
1
1
1
1
1
1
3928
105
2
4
163
126
56
97
30
9
8
1
17
1
7
1
1
2
1
1
2
1
1
3020
908
2912
610
14
20
18
84
2
2
1
1
2
1
1
1
1944
3512
1835
32
310
76
117
2
139
5
1
1
1
1
1
4
3
1
1
1
1
1
1
3805
2848
18
38
172
34
109
4
88
23
3
25
8
1
39
2
16
8
1
10
1
4
2
3
1
4
1
1
2097
4
29
46
21
25
101
4
1
1
1
1
1
1
1
4
2
1
1
1
1
1
1
1
1
1
69
8
70
4
1
14
8
7
2
1
1
1
1
3
3
1
1
1
1
3
1
1
2651
2854
809
2
6
1
1
1
9
3
10
4
1
2
3
1
3
1
4
1
2
1
1
3775
435
23
1
1
2
2
3
1
1
1
1
1
1
1
1
3886
559
3163
259
138
94
12
1
1
1
2
7
1
3
1
1
2
3
4
1
55
2
6
12
3
1
6
1
5
9
4
5
1
1
1
1
1
1
4
2
86
19
5
8
1
6
4
1
1
2
2
3
1
1
2998
1
105
100
33
130
1
1
11
3
3
8
3
3
1
1
2
2
5
1
1
2
1
1
4
1
2
1
2
1
1
1
2673
1164
275
1
2
4
7
12
1
3
10
1
6
2
3
1
4
2
2
1
2
1
1
1
85
29
26
8
15
1
3
1
2
1
1
1
1
3
3
2
102
3
1
4
15
1
2
3
1
3
1
2
2
1
4089
2391
3918
426
8
7
1
41
6
1
1
1
1
1
5
1
1
2
2
1
2
1
1
1
1
1
3429
975
2
67
36
58
4
1
3
2
8
2
1
2
1
1
4
1
1
1
1
54
276
19
2
6
8
1
2
2
2
1
4
1
3
1
1
1
3228
152
7
51
4
5
4
4
3
6
1
5
2
1
2
2
1
1
1
1
1
107
1
23
3
33
7
20
1
1
3
3
2
1
1
1
1
1
2
1
3420
3562
3479
170
66
41
24
30
24
3
19
17
1
2
11
2
1
1
2
1
1
1
9
4
6
10
40
1
1
3
2
1
1
2
1
1
1
2852
3679
1167
60
33
132
6
23
1
2
2
1
4
2
1
1
1
1
1
2968
3367
108
408
43
139
4
27
1
9
3
7
3
13
3
3
4
3
1
4
2
3
117
13
155
121
12
27
122
8
1
4
22
1
1
2
5
1
1
1
1
1
6
3
1
1
1
2
1
1
1
1
1933
263
28
32
1
1
2
3
4
14
1
1
1
1
63
7
190
2
2
31
22
6
2
2
2
2
1
2
2
1
1
4
1
1
1
1
1
151
10
55
59
16
6
3
5
3
1
3
1
1
1
3
1
1
112
20
1
9
7
2
14
1
3
4
1
1
2
1
1
1
1
1
2
995
74
1
34
48
21
36
13
1
5
18
9
3
1
1
1
5
1
2
1
1
1
2
1
3
1
2
2
6
1
1
1
1
1
2
1
1
4
3197
23
30
23
17
1
2
1
6
1
4
1
1
1
1
2
4882
28
86
4
21
52
1
13
1
14
1
3
1
1
1
2
1
12
2
1
2
1
1
3
4
2
1
1
2
1
1
21
2
2
3
4
3
1
1
2
2
1
1
4
2
2
3
1
1
2
1
1
1
3732
512
217
10
4
11
2
2
7
6
14
1
9
4
1
7
7
3
1
2
5
2
2
9
2
5
2
4
2
2
1
1
1
3
1
1
1
3725
444
7
1
102
1
2
74
5
2
2
3
2
1
1
3
4
1
1
3
1
4
2
1
3609
3052
35
25
86
4
22
1
1
6
3
3
3
1
1
3
2
2
1
1
1
1
1
1
1
4138
2568
396
2
4
23
20
13
22
5
2
1
17
9
8
9
1
1
1
1
5
1
2
3
1
1
1
2423
108
1
4
53
9
2
11
31
3
1
4
2
1
1
1
1
4141
6
28
23
12
1
2
1
5
1
3
2
1
2658
4107
55
13
21
14
36
1
1
6
3
2
8
1
1
1
1
1
1
1
3062
4280
31
1
2
2
5
5
1
14
1
2
2
2
17
1
1
1
1
2
3
3
1
1
1
3
3
1
1
1
291
61
2
20
6
15
1
6
3
2
1
6
4
2
2
1
1
1
1
1
1
1
17
2
17
8
1
3
2
3
1
1
1
3026
157
27
109
48
32
11
7
9
4
7
5
1
1
4
1
1
1
1
1
2
4
1
3
1
1
10
13
4
1
10
6
15
9
1
1
1
2
2
2
1
1
497
3290
3668
165
70
76
20
2
2
2
20
1
1
1
1
1
1
2
1
3671
7
12
7
1
1
8
4
20
2
3
4
8
19
1
1
3
1
2
1
1
1
6
101
3
9
1
1
1
1
1
1
2
1
1
1
2
2
1
65
2
9
21
33
32
2
10
4
3
3
4
2
1
4
8
1
1
1
1
1
62
8
12
4
1
1
3
9
2
3
1
1
2
4
1
2972
3933
883
87
8
35
157
14
2
2
1
30
4
18
1
4
4
1
2
2
2
1
1
1
3745
2
13
2
11
8
8
5
4
15
6
3
6
2
1
3
3
2
1
1
1
2
1
1
4
2
1
1
1
1
1
1
6587
108
3
2
20
4
1
5
5
2
2
1
1
2
2
1
1
202
26
4
12
7
4
1
3
1
1
2
3072
209
19
69
103
1
9
4
1
2
1
9
1
2
2
1
1
1
1
1
1
1
1
1
160
40
6
4
8
15
3
1
1
2
4
1
5
1
1
2
1
2
1
1510
8
4
3
16
2
1
2
2
1
1
1
2
1
2926
98
1357
3342
301
86
187
26
2
3
1
5
1
2
3
2
1
1
1
1
1
2604
1026
288
868
95
25
2
59
6
6
1
6
1
1
6
6
2
5
1
7
1
3
3
1
8
1
1
2
1
2758
861
310
16
21
62
1
1
3
1
1
2
2
1
1
1
2
1
1
1
1
1
1
2
140
19
21
8
9
4
1
4
2
2
1
2
3
1
2
1
1
2
5098
86
1
183
18
3
13
2
1
1
1
4
5
2
5
1
2
2
1
1
2
1
1
1
2555
199
4
105
8
4
6
1
8
2
4
2
2
2
1
1
1
1
3
1
348
7035
5
101
44
45
6
28
5
2
2
6
3
1
1
465
1
16
17
3
31
3
5
4
5
1
1
1
1
1
1
3
1
468
239
5
140
38
3
7
1
1
3
1
1
4
1
1
2
2
4
2
1
1
1
1
1
1
1
1
1
501
10
31
1
4
4
34
25
1
14
3
3
6
3
3
1
1
3
4
1
2
3
1
1
6414
62
155
8
17
1
1
5
1
3
2
2
3
5
2
3
1
1
1
2
1
1
1
1
4237
951
2595
23
581
206
366
17
8
8
20
1
11
1
2
4
1
2
1
2
1
1
1
1
1384
37
15
2
1
10
1
8
1
2
1
1
1
1
1
1
1
2
1
2719
1660
22
13
3
7
2
21
10
3
6
1
1
1
12
1
2
3
1
1
2
1
1
1
1
1
1
3423
1272
46
41
15
47
1
2
1
24
1
1
2
8
6
3
2
2
2
2
2
3
1
1
1
5048
4
2
1
46
2
1
6
2
1
1
5
7
1
5
1
1
1
1
1
1
1
3249
3531
23
22
26
151
2
54
4
20
10
10
2
8
5
2
2
2
1
6
2
4
3
2
1
1
1
1
2
1
1
1
1
1
4020
71
8
12
40
1
6
6
2
5
3
2
3
3
2
1
4684
4244
16
55
13
7
3
1
5
2
1
1
4
2
3
1
1
1
3
1
1
2
6644
735
591
1
1
5
5
2
2
8
3
1
1
1
2
1
1
1
1
1
3519
595
3
33
100
31
1
1
23
6
6
2
1
2
2
1
1
1
2
1
11
178
1
43
27
3
64
6
1
15
3
4
7
2
1
149
27
600
733
1
188
65
37
47
3
6
3
3
4
11
3
2
5
2
2
2
1
5
1
1
1
1
1
1
1
1
2075
848
7
5
1
4
4
8
6
1
1
3
1
1
1
1
1
1
5909
706
20
9
8
9
12
3
2
1
1
1
1
1
1
2
5855
1
1
5
73
1
7
8
17
4
2
1
2
2
5
4
9
2
4
1
4
2
1
1
673
89
5
83
15
7
14
9
16
3
7
2
1
1
1
1
1
1
1
1
1
1
1
3521
4430
438
4
17
6
2
7
6
1
2
1
2
4
2
2
1
1
3635
76
140
50
3
13
2
11
1
4
5
1
1
1
1
165
92
49
3
17
10
1
4
7
18
1
1
2
1
1
1
1
2
1
1
3506
169
246
5
2
2
25
3
6
7
1
11
5
2
2
2
2
2
5
6
1
2
1
2240
3270
3274
2718
8
4
2
9
3
8
1
3
1
2
1
1
6
7
2
1
2
1
3
6
2
1
15
30
1
19
1
3
21
8
1
2
11
3
1
2
1
1
1
1
3756
2721
1747
2339
112
410
130
1
3
12
6
5
8
1
3
1
1
2
1
1
2559
1083
165
21
5
9
6
16
3
4
10
16
13
3
2
2
3
1
5
2
1
8
1
2
1
1
1
1
6361
8
34
94
9
75
71
3
1
8
6
1
1
6
1
2
3
1
1
1
1
1
1
1
859
1692
144
7
31
1
1
1
1
1
2
4
2
1
1
1
338
23
5
1
1
1
1
2
1
2
1
1
1
1
1
1
4015
3734
42
8
4
1
3
7
1
1
7
3
1
2
4
1
1
1
1
1
1
1
1
3833
3594
200
105
69
7
26
2
6
29
3
2
13
15
1
1
2
1
2
1
1
1
6559
209
72
35
76
1
1
8
3
1
1
4
1
1
1
1
1
1
2666
1419
157
7
71
17
12
15
51
4
14
3
3
1
2
5
14
3
1
2
2
2
1
1
1
6741
68
56
44
6
2
3
4
5
2
4
1
4
3
1
4
1
1
1
2
1
1
1
705
131
1
1
1
3
1
1
1
1
1
4035
2245
556
45
1654
7
13
81
1
1
2
1
1
8
3
4
1
1
1
2
3
1
1
1
1
2
1
443
3
75
3
45
28
1
59
1
31
3
4
3
14
9
14
5
10
1
1
1
1
1
3099
4346
141
15
81
44
3
59
1
3
15
2
2
1
1
4271
23
77
18
283
67
1
37
1
1
4
1
2
2
1
4
1
1
1
1
3
1
1
1
2
1
1
1
6903
46
71
143
54
12
9
21
3
1
1
3
1
2
1
1
3148
3509
1068
73
4
382
51
27
2
11
1
7
1
1
4
2
1
1
3
1
1
1
49
29
1
19
1
10
1
10
8
1
2
2
1
1
1
1
1
1
1
3965
1462
2448
502
56
158
2
4
32
1
1
1
1
4
3
1
2
1
1
3
2
1
1
4073
17
93
21
4
4
5
4
8
1
1
6
7
1
5
5
1
3
1
1
1
3274
10
225
322
25
17
16
38
4
1
7
1
1
2
2
6
2
2
7
3
1
1
1
1
1
2560
9
7
21
5
3
3
1
11
1
1
2
1
1
1
4
1
2638
3869
798
86
3
49
2
9
1
1
2
2
8
3
1
1
1
1
3
1
1
1
148
1019
69
27
16
5
3
1
1
1
1
1
2
147
110
4
1
1
3
2
2
4
1
2
2
1
2
1
2
1
2
1
1
1
1
1
1
1
2833
24
13
12
17
1
3
2
9
2
6
1
4
1
1
2
2
2
1
1
5934
543
598
323
66
227
164
6
2
52
3
6
2
7
6
2
2
2
3
2
1
3734
3593
240
625
7
71
66
12
1
84
4
10
1
4
1
3
1
1
2
3
1
1
1
1
1
1
5
106
10
9
64
1
1
1
1
1
1
2
6
3
1
1
3
3
2
1
1
1
1021
3
28
109
1
19
3
10
4
10
4
1
1
1
1
7
2
2
1
1
1
1
4884
2893
25
3
3
10
8
1
2
14
4
3
1
1
1
1
4
1
1
2
2
1
1
1
1
2659
4072
158
1
79
19
3
10
5
1
3
1
3
1
1
1
1
1
1
1
1
4267
532
3074
5
37
8
1
8
6
5
1
2
1
3
2
1
1
1
3
2
1
1
1
2
5308
17
8
38
3
5
9
11
1
10
2
4
5
2
1
1
3
1
1
1
2
1
1
2660
1
2
9
15
1
2
1
1
3
1
1
2
1
1
1
7300
2
5
159
45
12
5
6
1
2
1
1
1
1
1
25
166
15
3
24
7
1
23
1
3
3
11
4
3
1
2
2
2
4
1
1
1
3649
30
5
2
1
1
1
4
1
6
1
2
2
3
4
1
2
1
1
1
1
3
1
1
1
1
276
6278
152
102
181
44
20
11
1
1
7
3
1
2
4
1
1
1
1
1
3
1
1
1
1513
57
29
1
4
9
5
7
8
6
1
1
4
3
4
1
2
2
1
1
1
1
983
594
4
434
103
95
3
2
21
13
4
2
3
1
1
2
4
2
1
1
2572
38
245
134
10
6
2
3
26
3
9
3
9
6
29
2
21
2
2
1
2
1
2
1
1
1
2016
666
13
1
7
2
19
6
1
1
2
3
2
2
1
1
2
2
1
2
1
1
1
1
1
5
8
11
4
3
3
3
2
1
1
1
2694
2
854
36
5
2
12
1
1
1
10
3
1
5
2
3
1
2
1
1
1
1
3236
5006
35
1
221
4
100
5
3
29
20
8
3
3
5
2
1
2
3
1
3
1
1
1
3
1
1
1
8
26
4
2
2
6
1
1
1
4
1
2
1
1929
3270
969
8
717
2
34
4
23
24
5
7
1
1
3
4
1
3
1
4
3
1
1
133
37
2
22
14
7
2
14
4
1
1
2
1
2
2
2
2
1
1
1273
2616
50
14
4
2
9
9
2
3
1
1
1
1
1
2
1
1
2
1
1
4169
45
322
2
3
7
1
2
1
2
1
1
1
1
1
746
14
182
138
70
151
101
26
1
1
2
1
4
1
7
1
4
1
1
1
1
1
1
1
1
1
427
384
13
51
31
4
2
4
4
3
1
1
1
2
1
1
1
1
1
1
1
3297
187
110
42
63
51
91
2
3
1
1
3
1
1
1
1
2
2
2
1
1
1
5
5
6
1
3
1
2
3
1
1
1
1
1
2
2
2
1
1
1
259
33
4
15
7
1
4
11
7
1
3
1
1
2
1
2769
1678
2666
746
165
43
208
30
26
1
3
15
1
10
2
13
1
10
3
1
6
2
3
1
4
2
2
3037
3598
36
35
250
58
19
18
30
2
18
2
1
11
3
2
8
2
4
5
2
1
1
1
2
1
1
2
1
1
1
1
3642
84
1
24
4
6
1
6
6
2
4
4
3
2
1
2
1
3
1
1
2
2
1
1
1
4817
132
1
8
26
1
1
1
1
2
1
1
5
5
2
1
2
2
1
1
2
1
1
3894
3058
13
8
158
22
30
2
1
1
2
4
3
1
1
1
1
1
6
1
1
1
3439
1281
285
190
1
10
1
1
1
13
2
4
2
1
3
1
1
1
3951
3276
775
116
1
5
68
10
3
8
8
1
5
1
4
1
2
5
2
1
3
3
1
1
1
1
1
1
1
29
16
111
19
3
13
3
1
3
10
7
9
2
8
2
2
1
1
3
1
1
2
1
1
2
1
1
2
1
1
3840
15
16
49
23
196
2
3
1
2
1
2
1
1
1
1
347
3850
3224
242
7
44
4
9
1
2
1
1
4
2
2
1
1
1
1
1
1
1
1
4057
3571
27
11
28
5
8
30
3
16
1
1
7
16
2
1
8
3
1
3
1
1
1
1
1
1
2827
179
68
25
26
6
3
2
4
4
2
1
3
1
2
1
1
1
1
3113
3755
152
82
70
1
75
18
1
2
6
2
5
4
1
3
2
2
1
1
1
1
1
1
1
4066
32
231
228
420
1
18
3
4
4
2
1
2
2
2
2
1
2
1
1052
141
21
3
2
5
5
2
1
10
8
2
1
1
2
1
7118
73
2
7
4
12
7
6
5
2
2
1
1
3
1
1
3879
3088
114
206
216
36
2
8
20
9
2
3
1
3
3
2
5
1
2
1
1
1
13
22
14
1
6
10
5
3
5
1
1
1
2180
201
8
656
1
4
1
38
30
2
13
1
3
2
1
2
1
4
1
1
1
1
1
2
2
1
1
1
271
3621
67
4
34
1
1
3
2
2
1
2
1
3
3
1
1
1
626
187
99
11
3
13
1
5
1
1
2
1
1
44
3
30
11
17
2
5
2
1
1
1
1
1
1
1
1
1
3125
2187
3222
2
43
32
4
9
18
8
1
5
1
1
8
3
2
1
2
1
9
3
2
5
1
2
1
4
1
2
1
1
1
2480
177
5
14
8
4
13
5
1
1
3
1
3
1
2
2
1
1
1
1
2540
3639
3588
285
39
263
159
2
30
9
24
3
4
37
7
4
2
2
9
1
2
1
6
5
1
2
1
1
1
3316
997
11
218
140
10
59
3
3
3
2
4
1
4
2
3
2
1
1
371
8
10
69
17
6
1
1
1
2
1
1
1
2
8
3
1
1
1
1
1
3887
9
19
8
20
15
10
6
11
4
2
1
1
1
52
144
5
2
4
7
1
3
2
1
2
17
2
2
1
6
2
1
1
3
1
1
1
1
1
1
3594
4339
581
8
55
5
28
4
1
5
9
13
2
5
4
2
1
2
2
2
2
1
1
1
2816
1853
3963
1326
515
3
9
24
14
2
1
1
11
6
2
1
1
1
4
1
1
2
1
1
1
1
153
603
87
13
10
2
1
1
10
4
2
3
1
1
2
1
1
1
1
1
1
1
108
1
7
8
1
4
2
1
5
2
1
3
2
2
1
2
1
1
1
1
4655
1854
943
54
13
95
1
112
9
10
50
3
4
7
3
1
7
1
1
1
1
1
1808
4040
948
719
264
7
355
577
9
11
2
18
7
1
3
15
1
2
1
1
2
1
2
1
1
1
1
1
1
1
2990
3063
669
3926
182
65
11
5
2
4
21
3
1
5
1
1
2
1
1
1
1
17
1
3
1
1
10
16
1
1
4
1
2
1
1
1
52
8
4
35
19
14
1
2
2
2
2
6
2
2
2
2
1
38
2
29
6
15
3
11
26
7
26
1
1
4
1
1
2
1
2
1
436
2
2
2
2
2
3
4
4
2
3
1
1
1
1
1
1
1
3016
23
5
37
70
7
1
2
5
23
8
5
3
1
2
6
3
1
2
2
1
1
1
6855
19
304
4
4
1
2
1
12
1
6
3
1
2
1
1
2
1
1
1
1558
94
12
19
1
21
1
1
2
6
1
15
3
2
6
1
2
1
3
2
1
4
1
1
3597
1011
176
25
13
4
13
12
1
1
1
4
2
3
4
1
1
1
2
2
1
2
1
2
1
1
855
82
43
8
3
3
3
1
3
2
3
2
1
1
2
1
1
1
1420
1
23
4
2
28
4
1
2
1
2
1
1
1
3956
3873
12
490
35
4
1
5
7
10
6
1
1
2
1
1
4087
749
257
6
34
1
1
2
5
5
3
6
4
6
1
3
3
1
1
1
1522
37
3282
3964
271
19
3
10
1
40
4
7
9
6
2
6
1
2
2
2
1
1
1
1
1
1
1
2
4
24
13
2
6
16
1
10
1
1
2
1
1
1
2
1
4795
138
2
1
7
4
1
3
3
2
1
1
3
1
1
2
1
4344
3921
4
15
18
55
3
2
1
1
1
2
1
1
1
2
1
1
1
3345
6
8
6
12
4
3
7
1
4
2
7
3
2
1
1
1
1
1
1
2913
114
2
107
31
2
6
1
14
11
1
1
1
2
2
3
1
2
7
1
3354
59
14
2
4
1
2
3
1
1
2
5
1
1
1
1
2913
992
3
401
13
50
2
4
1
14
7
6
3
1
10
1
3
1
1
1
2
4
1
1
1
1
3367
2
10
19
34
2
2
1
4
1
9
2
1
6
1
1
2
1
1
1
1
3931
3561
144
17
72
14
24
14
1
11
6
3
1
1
1
2
1
1
1
1
1
4040
304
13
28
1
1
4
7
3
2
3
3
1
1
1
1
1
3444
4732
43
46
103
34
1
17
5
10
8
2
15
2
1
1
2
3
1
1
2
1
1
1
4312
32
140
7
28
27
19
1
2
3
1
1
1
4
1
1
1
1
1
106
25
176
3
15
12
1
4
2
2
2
2
2
2
7
1
2
1
1
1
1
53
6
4
2
3
2
1
1
5
1
2
6
4
1
1
1
1
2
1
1
204
4261
3030
39
26
45
2
2
2
4
1
2
1
2
6
4
5
1
2
1
1
1
1
1
2322
1052
129
6
21
7
5
45
8
27
65
2
2
3
2
7
1
3
1
1
1
1
1
1
1
1
3538
1
421
5
18
18
15
43
1
5
13
3
5
1
2
1
4
2
1
3
2
1
2
1
1
7200
218
110
4
13
8
2
5
22
1
1
1
4
5
4
3
1
7
5
2
4
1
3
1
1
1
1
1
1
3879
226
350
1
16
9
21
8
9
1
1
7
1
2
1
2
11
2
2
2
1
1
1
1
1
1
1
73
179
4
16
6
20
1
21
8
1
4
2
11
2
2
3
1
1
1
1
4716
4
621
1
4
7
2
10
5
1
1
2
5
1
1
1
1
1
3
1
1
6
3491
99
3375
2
11
4
10
2
5
2
2
1
5
1
2
1
2
2
1
1
1
2790
3282
860
531
24
127
32
31
2
17
72
25
31
44
2
1
10
1
1
4
1
3
1
1
1
2
1
4
2
1
1
1
1
208
315
23
2
1
12
1
2
1
6
6
4
1
1
6
4
1
3
2
1
6
1
1773
4464
450
131
9
135
4
13
18
20
4
2
1
5
11
3
2
1
1
4
2
1
2
1
1
1
1
1
1
3710
2398
102
1
1
2
1
1
1
6652
195
311
16
52
11
7
1
12
1
2
1
1
4
1
1
1
5368
1974
13
57
350
146
4
10
36
19
1
5
2
7
2
3
1
1
2
1
1
1
1
2
1
1
4296
100
67
42
2
9
1
3
8
12
1
6
3
3
3
4
1
1
137
18
24
2
23
10
1
1
2
4
3
1
1
1
1
1
7
1
1
1
1
1
3718
773
302
27
12
3
13
1
1
1
2
2
2
1
674
101
8
136
5
18
31
10
2
1
1
2
1
4
2
1
1
1
1
3397
2
5
3
1
1
3
3
1
1
1
1
1
1
2
5
1
3
3
1
1
2376
3651
3748
122
194
13
386
2
15
9
10
4
3
1
2
2
3
11
1
5
3
3
1
2
1
1
2
1
1
1
3724
2829
1
6
7
2
2
1
2
2
6
1
1
1
1
1
1
3247
627
3393
332
31
122
4
6
1
4
4
3
1
1
1
1
1
5742
112
1
30
169
42
1
13
10
1
9
2
1
4
1
2871
1905
2
12
9
9
1
4
6
2
1
1
1
1
4
1
1
1
1
1
2
3299
102
141
278
16
5
18
10
3
15
3
1
3
5
3
1
1
2
2
2
1
1
3280
672
4498
103
36
11
74
7
1
15
13
2
1
1
1
1
1
1
2
1
1
2
2
1
1
1
1
3360
398
3363
121
215
48
2
112
7
1
2
4
1
17
28
16
1
7
1
1
2
3
14
1
2
1
1
1
1
1
593
5034
2824
17
22
15
3
19
19
4
1
1
1
1
2
2
2
1
1
1
1
1
1
1
1
1
1
1
1
842
59
25
5
1
3
1
1
2
1
1
2
1
1
1
8
220
14
1
15
6
1
1
1
6
4
1
1
1
1
3
3
4804
5
5
108
30
11
6
7
5
5
1
3
1
2
1
3520
36
1
2955
2766
419
230
85
5
1
2
11
5
7
2
3
5
4
4
2
1
7
2
2
1
1
1
2
1
1
1
4755
6
36
1
4
6
8
1
1
1
1
4
4
1
3
1
1
1
1
1
1
1
1
2
1
3945
46
68
2
37
12
3
2
4
8
3
1
1
3
2
2
1
1048
20
32
112
2
9
1
3
2
1
7
1
3
1
223
15
44
2
3
6
1
1
6
17
1
3
5
2
5
2
4
1
1
1
1
1841
2972
830
4
252
76
9
5
5
36
3
10
2
5
1
1
3
5
1
3
1
2
2
1
1
3809
1300
471
302
5
10
1
61
3
5
1
8
1
1
13
13
3
1
1
1
1
1
2
1
1
1
1
1
1
1
2910
274
438
4297
221
20
9
2
14
1
3
1
5
1
2
2
7
8
1
1
1
1
1
1
2
1
1
2739
172
2275
997
99
157
877
524
15
80
6
1
2
3
1
16
1
1
18
1
2
1
4
1
3
1
1
1
1
1
2
1
1
5501
427
635
18
233
60
85
11
70
12
2
2
10
6
1
10
1
3
1
5
1
8
2
10
4
1
2
1
1
2
5390
115
288
108
10
9
21
4
1
3
7
2
2
2
1
3
6
9
2
2
7
1
1
1
1
2
1
1
1
1
4161
1173
163
45
48
81
3
4
3
6
1
2
3
3
2
2
1
2
1
1
1
1
1
1
2
1
1
3694
4290
521
9
34
59
25
1
2
4
2
1
1
3
2
1
3
1
1
1
3
2
1
1
3961
811
322
14
56
1
2
1
8
2
1
1
2
1
1
954
788
18
2
36
24
35
3
1
3
4
8
3
3
3
3
17
1
1
2
3
2
1
5
2
2
1
3
1
1
1
1
971
1693
2
121
8
7
1
15
1
3
3
2
3
2
1
2
2
1
1
1
2
1
1
1
494
2
2
13
2
2
2
1
1
1
1
9
4
1
2
2
1
1
1
1
2
1
3975
1351
2683
5
5
1
12
2
2
1
3
2
1
1
1
3833
3764
744
69
41
4
49
3
5
2
3
4
2
4
1
2
2
1
1
1
1
1
2672
37
1
65
1
1
9
2
2
3
2
1
1
6
2
2
4
1
1
1
5434
2661
423
4
1
2
13
27
3
1
4
5
2
1
1
10
2
2
1
1112
210
3359
85
16
12
49
29
1
3
1
3
3
1
7
1
2
1
2
4
3
1
1
1
1
3818
4
2
51
8
9
1
1
2
1
1
1
1
1
3
1
1
2
1
1
68
1
34
10
10
8
1
9
2
3
1
5
1
1
1
1
1
1
1
3601
100
70
27
9
3
5
1
2
5
3
2
6
3
3
4
1
2
1
1
2
1
1
2
2
1
1
2050
5786
527
333
1
3
4
40
2
1
2
5
4
5
7
1
5
21
17
1
1
2
4
1
1
2
2
1
1
1
1
3162
4082
34
460
3
2
2
1
51
17
1
1
1
1
4
1
1
1
4
3
2
1
1
1
1
1
1
2854
1136
2895
140
623
117
15
3
128
5
5
2
3
3
5
5
2
2
1
1
2
1
1
49
6
2
1
3
2
1
1
2
1
1
1
2
5
1
1
1
1
4431
10
3
24
17
4
9
22
1
1
11
8
1
2
1
5
1
1
2
1
1
1
1
1
1
1549
2184
3340
20
4
2
10
7
1
6
4
12
2
6
5
4
1
1
1
1
3
1
1
1
1
2
1
1
2283
908
5
45
18
3
1
3
5
3
2
10
4
1
1
2
1
1
1
3659
3917
44
99
1
22
3
3
16
3
3
9
5
3
4
4
1
3
1
2
5
1
1
3
1
1
1
1
2659
778
7
3
2
16
14
1
2
4
2
2
2
1
1
4
1
2
1
1
1
1
1
1
1
2
7
9
1
6
10
2
4
2
1
1
1
1
2
1
2
1
1
1
1
1
60
7
4
2
1
20
1
3
3
1
1
4
1
5
4
1
1
2
1
1
2
971
357
6180
18
4
6
3
4
1
1
2
4
1
2
1
1
1
27
9
31
1
11
11
2
6
9
1
1
14
9
1
1
1
4
2
1
1
3154
3039
4353
1
1
2
12
15
2
5
2
3
1
1
2
2
1
1
1
2
1
3789
2142
48
40
3
2
5
1
2
1
1
1
2
1
315
125
10
1
6
1
6
2
1
1
4478
391
72
2
24
43
3
3
7
4
1
1
2
2
1
3
1
106
10
13
9
3
14
2
17
1
13
1
2
1
2
1
505
102
285
787
95
2
2
11
66
6
4
10
1
37
2
4
2
1
6
2
4
1
2
1
2
1
2
1
1
3768
250
3
24
12
123
2
11
4
3
2
1
2
6
1
1
1
370
63
2
17
5
3
43
4
1
11
12
1
1
2
1
1
3
1
1
1
1
1
1
1
1
1
1
2
1
1
1
18
17
8
6
2
5
1
1
2
1
2
1
1
2
2
2
1
1
6174
64
31
30
1
3
5
3
4
3
6
11
9
4
4
3
3
4
1
2
2
2
1
1
1
3
1
1
3
64
1
4
3
4
5
1
5
5
1
3
3
4
6
4
3
1
4
1
1
2
1
10
3
5
12
8
6
3
1
2
1
3
1
1
1
1
1
1
1
3338
3343
2460
170
443
6
15
3
54
3
4
11
2
6
2
1
1
2
1
1
3010
543
3
88
33
1
2
6
5
3
4
2
1
1
2
1
1
1
1
1
741
829
3
2
2
21
15
3
4
1
16
1
1
1
1
3
2
4
1
1
6
2
1
1
3363
3457
15
20
3
2
11
2
1
4
3
2
1
2
1
1
1
1
1
1
3322
816
119
7
3
1
4
3
2
1
1
2
2
1
2
1
1
177
12
14
1
18
17
5
1
1
2
4
4
1
3
1
1
1
48
32
92
81
5
2
9
1
1
2
1
1
1
1
1
1
5
3
27
8
8
1
3
4
3
2
1
2
35
2
4
2
4
1
3
1
2
4
2
6
1
2
1
5
2
1
2
5
2
2
1
4
1
1
1
3339
19
370
19
32
5
91
21
2
6
3
2
11
3
6
2
2
1
1
1
4073
16
21
12
17
1
7
3
3
3
1
1
3
1
1
1
1
1
1
45
18
17
56
9
5
1
1
25
4
18
1
5
1
1
1
2
3
3
2
1
1
1
1
777
3086
928
963
330
587
24
37
5
3
36
4
10
4
1
1
2
1
2
1
1
1
1
3508
1847
3091
418
559
120
108
76
57
50
2
1
5
1
9
2
1
5
4
4
1
1
2
1
3
3
1
1
1
3636
2490
1024
432
24
4
5
3
5
18
2
1
2
1
1
1
1
2
3755
3770
26
27
54
3
37
11
30
13
1
1
5
3
1
3
1
1
1
3
1
1
1
1
2376
746
172
50
23
1
1
1
8
1
3
1
3
2
1
5
4
2
1
2
1
1
6662
9
279
2
22
3
3
61
3
2
20
10
2
4
7
2
2
1
2
1
1
1
1
1
1
2419
4121
2657
154
942
3
20
1
2
2
1
1
2
2
1
1
9
17
5
3
2
10
6
3
4
2
2
3
3
3
1
1
1
1
1
1
7
2
8
1
5
35
1
8
1
2
2
1
1
1
49
85
13
74
4
3
18
2
7
2
2
1
1
1
1
1
2955
4211
428
86
2
2
246
3
5
4
2
2
1
2
2
4
5
6
3
1
2
2
1
2
1
2
4
27
2
1
14
3
2
2
1
1
1
2
1
1
1
1
1
5
3
10
1
4
1
1
1
8
3
3
2
1
2
1
1
516
81
3
2
2
2
3
8
1
1
14
2
1
1
1
1
2
1
1
1
1
1342
2682
354
51
10
1
5
2
20
65
4
4
2
12
8
7
3
5
8
1
1
1
3
1
2
1
1
1
1
1
4457
177
875
2797
242
793
22
69
49
2
2
2
3
1
1
2
1
1
1
1
1
1
1
1
2355
1238
7
54
4
6
10
1
2
1
1
1
1
1039
4453
635
2730
272
151
215
87
62
13
21
7
4
6
2
5
1
2
2
1
3621
3306
46
68
13
5
3
4
5
2
3
1
1
5
2
1
1
8
4
3
1
1
2
2632
3861
7
5
35
22
9
2
5
14
7
2
6
3
1
2
1
1
4482
256
27
11
20
26
18
1
4
3
5
2
4
1
1
1
1
2
1
2
77
16
2
31
1
2
3
4
4
2
1
2
1
3
2
1
1
1
1
3286
172
2085
52
40
65
15
1
3
11
10
2
1
1
1
6
1
1
1
1
3738
52
2009
16
155
21
1
29
21
1
8
1
1
3
3
3
1
1
1
1
1
1
1
1
1
1
3357
6
19
62
2
16
9
4
1
1
1
1
1
4
1
1
2
1
959
26
95
7
1
5
8
4
4
5
9
26
11
1
3
3
2
2
1
1
1
1
1
4168
49
17
3
5
8
1
65
1
6
4
5
5
1
10
1
2
2
4
1
1
2
2
1
1
1
1
1
6832
9
23
6
3
1
4
3
1
1
6
1
3
2
4
2
1
3
4239
20
3715
267
12
56
5
19
10
10
1
2
9
1
1
4
2
5
3
1
1
1
3154
62
56
75
34
11
3
7
1
1
6
5
1
2
5
1
1
2
3
1
1
1
1
1
2
115
2624
7
3
1
5
2
2
5
3
7
2
1
3
1
1
3
1
1
1
1
2460
284
5
3
25
40
1
13
7
11
1
10
1
5
1
1
1
6921
13
224
3
14
8
3
2
7
18
1
1
1
1
1
1
1
1
1
2
1
3735
4143
384
57
46
17
2
1
2
8
1
2
1
1
2
3
2
1
1
1
351
565
351
29
2
14
1
3
2
3
1
3
1
2
1
1525
12
1
6
13
24
6
2
1
3
3
1
2
3
1
2
1
1
1
1
1
2487
1
2
1
2
2
1
2
2
1
2
5
1
1
1
4269
2943
5
3
1
13
1
5
2
2
6
1
3
2
1
3
1
1
1
1
1
2
2
1
2
1
1
3605
27
363
1
10
3
3
13
2
2
8
3
2
3
9
4
5
1
1
1
1
1
1
1
4777
3474
106
245
366
342
29
1
80
6
24
7
52
20
28
3
2
3
1
2
4
1
1
1
3593
2204
1533
1277
12
3
2
5
15
6
14
2
20
9
8
4
3
2
2
1
1
1
1
1
4432
3209
1
384
395
711
1
1
21
4
2
4
4
6
3
3
1
4
1
2
1
3117
2631
6
7
2
35
4
1
7
3
2
2
1
4
1
1
1
1
1
1
1
6061
59
255
41
3
79
1
1
16
3
3
8
1
3
7
4
1
4
1
1
1
1
1
1
1
1815
1799
3914
1189
8
1335
147
5
130
49
43
18
9
3
2
4
3
10
3
2
1
1
1
4
1
2
1
1
1
1
381
1040
11
5
7
1
22
5
3
1
1
2
1
77
1
2
56
1
12
1
6
3
1
1
1
1
2
1
3
1
2
10
1
7
1
1
2
4
1
1
141
100
16
3
78
14
4
1
7
26
1
1
4
5
2
2
1
1
1
1
1
558
9
11
20
1
21
1
1
6
7
26
2
2
1
5
1
1
1
1
1
2
1
285
28
1
3
96
14
9
4
1
3
3
3
1
1
2
1
1
1
1
2287
1617
18
13
2
5
6
2
3
5
1
1
2894
1484
1
11
13
12
3
3
12
15
2
3
1
2
1
1
1
2651
4516
26
16
6
10
6
4
20
1
2
18
2
1
3
10
1
1
2
1
2
1
1
1
1
2739
320
94
564
10
931
11
18
1
2
2
1
1
1
2
1
3655
3817
2834
7
140
117
105
7
16
14
2
1
2
1
4
1
1
1
1
1
1
1
1
701
3224
2
2
4
2
2
1
1
2
2
1
1
1
4237
117
2
10
5
30
5
2
1
1
1
2
1
2
1
2
1
1
1
2
1
2
1
1
3922
3648
15
2317
34
39
32
16
2
1
1
2
2
2
2
5
1
4
1
1
2
1
1
3086
6
1
4
8
5
1
1
4
3
4
2
1
12
2
18
1
1
1
2
6
1
1
6
2
4
1
2624
3
1
13
3
6
2
2
1
1
6
1
1
1
1
1
2
1
2
1
1
1
70
2
5
36
9
12
2
2
4
3
7
1
1
1
2
1
1
4070
40
71
22
3
6
13
3
11
7
4
20
14
1
1
4
2
1
3
2
2
1
1
1
1
1
4275
2274
232
4
44
53
3
52
5
2
2
18
2
16
6
4
2
1
1
1
1
169
68
148
2
15
2
2
9
2
1
3
12
2
1
1
1
1
1
2
2
2
1
205
166
653
79
19
5
9
10
7
5
1
6
6
11
3
2
6
1
2
1
865
45
2
1
1
5
1
1
8
1
7
1
1
1
1
1
1
1
661
235
41
2
38
1
16
17
1
14
1
1
2
1
1
1
2
853
1292
468
24
30
30
2
4
5
3
4
3
1
1
2
3
1
2
6
2
2
1
1
1
1
1781
24
53
16
4
4
8
2
2
7
3
3
3
2
1
1
1
1
1
1
1
1
142
180
8
1
40
2
5
51
1
5
1
5
1
4
2
7
2
1
1
2
2
1
1
3860
643
2630
21
154
21
6
46
6
21
2
1
2
7
2
1
3
2
3
1
2
2
1
1
1
294
901
15
90
115
3
14
23
1
3
6
4
2
2
1
2
1
1
1
226
194
610
180
53
30
118
3
2
5
7
1
3
2
4
1
1
3
1
2141
3155
6
6
24
1
3
2
15
3
1
3
2
6
1
1
1
2
16
1
3
1
2
1
1
1
1
1
1
2783
3414
3620
677
237
10
71
1
2
3
3
1
1
1
1
1
1
1
54
6
52
5
1
2
3
3
8
3977
179
33
84
24
7
2
14
5
2
4
1
2
2
1
1
1
2
1944
831
3426
611
244
312
13
211
7
12
15
7
2
4
4
8
1
1
1
1
2
1
2
1
2
1
1
1
3437
4917
140
23
16
255
121
3
62
2
1
15
3
2
4
6
6
1
2
1
1
8
99
11
17
2
2
6
1
2
1
1
2
1
1
4007
2810
22
31
6
3
14
48
55
6
11
4
22
1
1
1
1
2
1
1
1
1
1
3620
3743
216
55
27
9
7
2
3
2
1
2
1
2
1
1
1
1
3556
243
3
85
11
31
1
26
2
9
22
15
1
10
1
3
1
2
5
1
1
1
2954
3234
580
328
422
50
13
23
165
2
14
15
1
3
3
1
2
1
2
1
4
3
2
2
1
1
5108
1
5
1
5
17
2
1
4
3
2
1
1
3420
3198
45
82
233
9
40
41
4
4
5
19
3
1
4
5
1
1
1
5
1
1
2
1
1
3178
712
8
1
3
4
1
1
1
4
1
122
3552
56
10
8
1
3
2
3
3
1
2
1
3
1
2
1
1
3429
2852
104
19
5
3
3
8
3
1
1
1
1
3
3
1
1
1
2
1
1
1
2284
3308
3978
55
11
14
2
2
4
4
13
2
1
1
2
3
6
1
2
1
3646
280
38
13
1
3
4
2
2
5
3
2
1
5
1
2
2
1
1
1
1
395
1
15
8
6
24
11
8
1
1
1
2
1
2
1
1
2
1
1
3892
1
7
18
20
14
3
2
2
2
3
4
1
6
1
1
1
2
2
1
2
166
10
3
33
5
13
5
7
5
4
2
9
1
2
3
1
1
4159
1065
264
93
1
1
27
15
4
16
7
26
1
1
7
5
1
1
1
1
2266
2491
5
1
13
2
3
13
1
1
1
5
2
2
1
1
1
1
1
3477
3387
6
207
2
7
10
79
17
13
2
4
7
2
3
1
3
1
1
1
3391
3872
3161
1
1
1
6
1
2
1
5
15
2
5
2
2
1
1
2
1
1
96
5
209
49
3
30
12
5
11
6
3
1
1
2
2
4
1
2
1
1
6626
561
185
4
62
2
3
1
1
1
1
1
1
1
1
4530
3474
39
26
17
12
3
3
9
6
3
3
3
2
1
1
3
8
1
21
145
647
10
2
14
10
3
29
2
5
1
17
1
1
1
1
1
2616
339
57
84
3
6
7
3
2
1
1
1
1
1
1
1
3250
4270
2
12
86
14
6
16
55
1
2
1
1
1
2
1
1
1
1
1
3
1
2
1
2966
2245
4372
5
55
41
4
3
4
2
2
1
2
1
4
2
1
1
1
1
2
2
1
1
1
1
1
2851
4
1
2
1
6
3
1
4
1
6
1
1
1
9
3
2
1
1
1
1
1
1
1
1
803
2759
113
55
3
2
26
2
1
4
1
4
2
4
2
1261
2844
3065
8
22
10
8
24
2
1
3
3
1
1
8
4
2
1
1
2
1
1
1
4292
1
5
11
30
59
2
2
1
5
1
4
1
1
1
2
3
1
1
1
1
1
1
2677
2425
1245
719
115
1
1
10
17
32
9
14
10
1
4
2
1
1
1
1
4
1
2
1
1
476
234
32
9
5
1
2
24
3
2
4
2
4
6
1
2
1
1
4
3
1
1
1
1
2
1
3852
303
2
69
75
10
35
6
24
2
42
1
13
2
2
1
6
2
5
1
1
1
1
1
1
1
2
1
1
1
987
19
4
15
8
2
1
1
1
1
4
1
1
1
1
1
2
1
1
812
3715
3508
1414
1045
10
198
1
33
1
30
5
6
4
4
1
4
1
3
1
1
1
1
1
570
3912
2538
131
7
6
13
6
11
2
1
4
2
4
4
1
3
2
2
2
1
2
3
1
1
1
1
1
1
3969
2437
85
11
52
42
6
2
1
7
1
2
1
7
1
1
6077
259
382
85
5
39
50
3
2
2
3
1
1
1
2
1
22
151
138
92
76
85
49
1
3
13
1
5
1
11
13
9
8
1
2
1
1
2135
4451
48
51
1
45
7
8
1
1
3
4
5
1
1
3
3
1
1
1
3
2
1
2
2
1
1
2
6
14
93
12
15
6
1
2
7
18
1
3
1
3
1
2
2
8
303
8
2
14
10
26
31
1
2
4
1
1
1
3
2
1
1
4197
3899
24
21
30
5
1
2
1
5
7
1
1
1
1
2
2
1
1
3210
2521
6
60
63
391
8
86
14
1
2
1
12
2
3
1
2
2
1
1
2
1
1
1
114
57
4
4
14
4
1
11
2
2
1
3
5
2
1
1
2
1
2
2
1
1
3833
10
65
2
13
1
4
8
1
3
7
1
1
1
1
1
1
1
3
1
4
3
2
2
1
1
1
1
1
1
6048
12
120
146
1
4
1
2
16
1
3
4
1
1
2
6
3
2
2
2
1
1
1
1625
3117
340
2
139
4
1
13
1
2
15
10
6
4
2
1
1
3
2
1
1
1
2
1
1
4820
207
3026
44
14
1
8
12
6
4
4
1
1
9
3
3
17
2
13
2
1
2
1
3
1
1
1
1
1
88
2
8
16
4
1
2
1
6
1
2
1
1
1
1
1
77
546
23
5
1
1
72
12
54
39
75
1
2
1
2
1
7
1
2
1
2
2
2
2
1
1
1
1421
28
444
11
3
1
1
2
1
3
3
2
1
3
5
13
274
19
45
12
1
12
1
3
2
1
2
4
3
1
1
1
1
142
350
96
34
562
45
3
10
9
2
3
1
1
1
1
1
1
7111
11
72
14
84
54
6
9
5
4
3
4
1
1
1
1
6
1
2
2
1
1
2
1
1
2808
2920
71
4
12
16
19
9
2
6
4
2
1
2
1
1
1
1
420
149
32
49
20
22
4
2
3
2
1
4
3
3
1
1
1
125
52
2
1
1
2
5
1
3
1
1
2
1
1
1
1
1
1
1
1
1
2
3
345
3024
843
203
22
4
11
15
14
8
16
4
1
1
3
2
1
1
9
7
1
1
1
2
1
1
21
4
8
6
5
3
8
3
3
4
1
1
1
1
1
1
456
5978
9
10
1
11
8
1
3
1
1
4
1
1
1
2
2
1
1
1
1
1
2944
605
3680
1
2
6
1
5
6
3
2
1
4
2
1
1
1
2
2
1
2
1
325
16
8
39
2
3
3
1
1
1
1
1
2
1
1
1
5520
2460
98
110
2
9
4
30
2
6
2
1
3
4
5
1
5
1
1
2
1
2
1
1
12
26
1
1
12
2
1
5
5
8
1
1
1
2
1
1
1
1
982
1773
1382
1111
45
92
141
29
6
26
21
1
24
1
3
7
1
1
2
1
1
1
2
622
2
2
3
1
1
8
2
3
2
1
1
2
2
94
93
1
3
1
1
2
4
1
9
1
1
1
1
1
3
3
3
1
157
323
16
1
6
3
4
3
3
1
3
2
1
1
3
2
3
1
1
1
3520
347
333
12
29
251
27
15
2
14
11
1
1
8
1
3
2
1
1
1
1
2
1
1
6120
1515
5
122
5
34
15
1
1
8
1
6
27
16
7
1
4
4
2
2
1
1
1
1
700
3321
7
18
1
6
2
1
1
4
1
3
2
1
2
1
1
1
1
3728
50
2
1
23
7
6
4
3
4
6
5
1
2
2
1
1
1
2
1
1
2986
4005
429
208
105
201
123
49
10
1
1
11
20
12
1
1
1
6
5
5
3
1
2
2
1
1
1
1
266
6
202
6
9
2
11
5
1
1
1
2
1
2
1
3
3922
2575
205
2
80
13
3
47
2
2
2
3
2
1
1
1
2
2
1
1
1
1
4
17
14
7
1
1
1
2
17
2
1
1
2
2
1
5
1
1
3072
1102
28
40
13
1
1
1
3
1
1
2
4
1
1
1
598
3985
12
6
223
69
2
8
12
1
1
5
2
1
5
3
1
1
1
1
1
1
1
2399
813
38
781
326
1
43
36
9
10
3
6
2
1
1
6
1
2
1
1
1
1
3240
4
8
46
1
1
3
1
1
1
6
1
2
5
1
3
1
1
2
1
1
1
1
2539
3551
10
26
2
5
25
1
8
2
1
1
4
1
1
1
2
2
1
1
13
68
2
7
1
6
1
2
6
2
1
1
3
4
1
3
1
1
1
1
1
389
3497
3207
3309
161
42
220
1
2
42
21
7
15
19
1
6
1
1
2
4
1
2
2
2
1
1
1
1
2230
1031
490
8
8
3
2
33
7
1
1
2
1
1
1
1
2
3667
3396
2972
49
65
46
1
12
1
11
12
7
1
5
1
1
4
6
7
1
3
3
1
1
1
2
1
1
1
2481
351
79
18
14
8
5
1
4
1
2
1
2
1
1
1
1
1
1
2
1
1
1
995
57
1
1
10
14
13
5
2
2
14
2
1
1
1
3
1
1
1
1
1
1
1
1
1
2638
3789
1059
789
22
193
28
36
4
2
1
3
2
4
1
10
2
1
2
1
1
1
1
1
1
1
2
1
1
2661
3951
2758
601
428
6
18
4
2
1
1
2
2
3
3
1
1
1
5
1
1
1
412
42
4
1
1
6
3
7
1
1
2
2
2
2
1
1
1
1
2
1
1
1
1
277
11
40
8
14
3
5
1
5
1
2
4
2
1
2
2
2
1
2
1
1
6
2
3
1
2
2
1
1
1
15
7
16
22
5
7
50
3
2
1
1
1
8
1
1
1
1
1
1
2
1
1
1
7219
358
33
3
2
5
12
4
1
1
1
2
1
1
1
1
1
1
1
1
40
7
1
4
1
7
2
2
5
6
2
2
1
1
4
1
1
2
2
2
1
590
141
4
30
3
1
6
2
3
5
1
1
2355
39
58
1
11
15
9
2
1
1
1
4
8
5
6
28
2
2
7
1
3
6
2
2
1
1
1
1
2
2
1
3922
4926
6
390
5
15
40
33
7
5
3
6
2
14
1
1
2
2
1
2
1
1
7190
75
51
12
8
4
8
1
1
8
2
1
3
2
2
2
1
1
1
1
1
3371
3
2885
124
153
143
4
7
3
5
1
3
2
2
2
9
3
8
4
5
4
2
1
1
108
130
11
33
33
10
4
2
7
21
16
3
4
2
2
1
1
1
1
2
1
1
11
21
45
19
10
5
1
4
1
1
1
6
1
1
1
3276
3246
63
59
8
2
17
7
3
1
1
13
12
3
9
8
7
2
1
1
1
1
1
2208
4226
235
113
93
4
7
2
1
2
1
3
11
1
5
1
1
2
1
1
1
1
1
1
9
23
73
3
2
1
14
1
1
1
3
1
1
605
1
174
8
9
2
1
1
2
2
1
2
1
2
1
1
3
2
1
2446
4283
15
76
4
35
15
3
2
1
2
1
4
1
2
1
1
2
2
1
1
1
1
1
1
2511
3388
2
723
68
41
2
7
4
25
10
4
2
2
1
2
3
1
1
2
1
1
1
1
1
3449
11
35
5
2
17
3
9
4
5
3
1
4
5
1
1
1
1
3
1
1
1
1
1
3145
814
250
49
4
1
4
2
1
3
24
2
2
6
1
2
2
3
1
1
2
1
1
1
1
1
3700
3230
791
205
13
1
15
1
12
4
2
1
1
1
2
1
1
5855
1535
47
246
19
1
42
4
1
13
4
3
4
1
1
1
2
1
1
3
1
2261
98
31
11
44
1
83
24
38
32
4
12
2
2
3
2
1
3
1
1
4
3
1
1
1
2
3
1
1
3775
573
453
21
35
4
29
3
1
1
1
1
4
5
1
2
1
1
1
13
46
8
68
7
2
2
8
1
4
10
2
1
1
1
1
2
1
2
1
1
1
1
1
3714
1728
2135
1558
950
27
618
357
49
3
3
62
3
4
5
2
4
1
1
1
1
1
4
1
1
1
1
33
23
4
1
11
2
1
8
10
10
8
3
2
2
1
1
1
1
1
155
4037
3245
781
27
9
3
2
2
1
3
7
4
8
2
3
5
1
2
1
1
1
1
1
2
1
4930
962
450
96
10
16
1
3
1
1
1
3
9
2
1
1
2
1
1
1
7
16
30
1
5
17
1
3
2
1
4
2
2
1
1
1
1
1
3
3
1
1
1
1
2
1
6074
223
441
261
64
59
2
13
1
2
5
1
1
2
1
1
1
1
2879
126
91
20
12
3
2
4
2
3
2
4
4
7
2
2
2679
11
9
111
5
2
10
3
3
19
4
5
1
2
1
1
1
1
1
4770
2467
439
49
179
85
192
3
4
5
35
3
5
3
3
2
2
2
1
2
2
1
3
1
2
1
8
6
3
9
2
3
1
2
1
1
1
2
1
2
3
1
1
1
1
1
1
4376
3381
2270
92
5
6
43
14
2
2
25
1
3
6
1
2
2
4
1
1
2
2
1
1
1
1
1
1
2
80
13
10
204
1
10
1
5
2
1
3
2
1
2
1
3
5
3
1
1
1
4291
18
15
48
34
13
17
2
2
1
2
1
1
2
1
38
30
26
81
7
3
3
3
2
1
1
1
3308
4371
462
432
8
172
38
181
21
75
9
3
1
8
8
2
2
3
2
1
1
3690
3774
174
83
2
3
2
2
11
1
2
3
10
3
3
3
3
2
4806
2751
256
125
14
34
18
30
43
5
1
1
1
2
1
1
1
1
1
1
1
5664
439
827
2
109
3
38
13
3
2
1
1
2
4008
514
390
1
3
7
5
2
2
18
4
1
1
1
1
1
1
2
1
1
1
3853
123
43
23
1
66
4
1
2
1
1
1
3
7
2
1
2
2
1
5
1
1
1
1
1
4180
3496
492
64
3
4
1
3
2
5
4
2
2
1
3
4
2
2
1
1
2
2
40
61
11
11
1
1
1
4
1
1
1
1
1
1
3568
302
40
19
5
12
3
7
1
1
1
1
1
1
1
1
1
1
1
1
3
1
2
1
1
5
1
1
1
1
1
1
1
1
3144
376
6
13
1
3
1
2
13
8
25
8
2
6
4
1
4
1
1
58
17
16
9
6
1
6
4
2
1
2
1
1
3
2
1
1
3481
146
3390
569
56
35
20
2
2
4
1
1
7
2
2
1
1
3
1
1
1
6863
38
826
54
106
1
70
6
3
2
1
3
1
6
3
2
1
4
1
1
2011
7
9
9
3
2
1
3
2
1
1
5
1
1
3
3
1
2
1
1
1
1
2580
3896
119
118
180
100
12
10
5
1
3
1
1
2
1
1
1
1
1
41
12
1
4
6
2
3
2
1
1
2
5
1
1
1
1
2304
1162
62
15
2
73
27
1
1
4
1
6
3
2
2
3
1
1
4
1
4
1
2
2
3638
285
3700
134
3
1
18
11
20
5
4
4
1
3
11
1
8
3
1
2
1
2
1
2
1
1
1
1
1
1
2721
4028
628
144
19
39
2
7
3
2
24
4
13
11
11
3
3
1
2
1
1
2
1
1
2
1
1
1
1
1
1
1
3457
2795
1467
2003
335
615
5
27
19
13
4
10
33
1
5
2
1
1
956
296
2528
4526
132
119
43
24
1
3
7
26
2
9
8
4
1
1
2
1
3
1
1
1
3625
482
23
208
5
20
14
16
1
3
15
12
2
3
2
1
1
1
1
1
2
1
1
481
2526
2981
522
26
8
79
27
1
17
8
2
1
5
1
1
3
1
1
1
4141
3112
21
214
6
1
29
30
5
15
4
14
18
1
1
5
3
1
2
3
2
4
1
1
1
1
3
9
28
31
27
10
4
3
1
8
2
1
5
1
1
1
3
2
2
1
1
7
29
27
69
8
3
1
32
2
6
1
3
2
2
1
2
1
1
1
1
1
1
1
4577
55
5
42
3
11
9
2
3
2
3
1
3
2
1
1
622
148
85
4
3
4
2
1
1
2
2
1
3
1
2
1
1
1
319
8
141
7
1
12
8
3
2
3
1
2
1
1
1
44
3516
3170
363
165
4
13
1
1
5
2
6
8
1
1
8
3
9
3
1
2
1
2
1
2
1
1
81
40
6
15
8
2
1
2
2
2
1
3
2
1
1
1
2108
1316
149
21
85
9
9
59
15
41
19
8
1
2
2
6
1
1
2
1
1
1
1
3
1
1
598
340
1
2
17
5
51
8
2
1
2
7
1
1
2
1
1
1
6
1
1
564
133
36
15
2
11
13
15
2
14
13
2
3
8
1
1
2
2
1
2
1
2
1
1
3079
3
1262
1027
1
3
1
3
4
1
3
2
1
1
1
2
35
6256
164
1
1
1
1
4
3
4
3
1
1
1
1
2
1
1
1
282
19
14
10
14
7
5
2
6
1
6
2
4
2
1
1
1
3431
3830
366
58
126
2
3
77
6
62
2
3
4
1
1
1
1
4
1
1
1
1019
3468
9
3204
72
146
14
77
40
41
1
11
9
2
1
1
1
1
2
2
1
5
2
2
1
3
1
1
1
1
6828
5
32
23
1
10
6
7
2
1
3
5
2
3
1
4
3
2
2
3180
366
143
2
1
1
3
4
1
12
2
1
2
4
2
2
5
1
2
6
1
173
15
63
23
1
20
2
1
1
2
5
2
1
1
1
1
1
590
3715
3231
386
1
9
27
1
1
4
4
18
4
2
3
1
2
1
1
1
2
1
1
1
2
2456
1113
3058
106
6
1
8
1
4
12
3
3
1
2
1
6
1
1
2
1
1
1
78
4193
28
45
22
7
2
3
2
9
4
3
1
10
2
3
1
1
2
1
3
2
1
1
1
138
3
2
1
8
8
2
4
3
1
1
1
1
1
2
1
2
1
2101
693
388
2
17
33
20
5
1
46
9
8
12
1
2
1
1
1
2
1
7001
377
7
12
6
34
13
1
5
4
10
1
8
3
1
1
6
1
1
1
1
1
1
1
1776
1179
2513
859
26
2
49
7
1
5
1
1
4
1
3
3
3
7
1
1
1
6
1
1
1
3
1
1
1
1
1
1
1
1
2127
839
1398
3280
1
1
84
5
3
4
9
1
3
2
1
1
2
3395
4324
85
1
1
3
1
3
5
5
1
1
1
1
1
1
1
1
77
489
19
11
1
235
7
34
56
32
4
1
4
2
8
4
3
1
1
4
2
1
1
4
1
4
1
2
1
1
1
3880
2213
9
3128
25
108
3
1
1
1
8
5
11
2
1
3
2
1
1
3
3
2
1
1
1
1
2386
3570
3931
159
602
131
51
79
37
7
1
4
2
2
2
3
2
2
1
1
2877
232
1
4
17
36
12
1
4
1
4
1
2
1
1
5002
144
8
1
1
7
2
1
1
2
3
2
1
6
1
1
1
1
1
1
1
1
1
6636
586
455
40
13
71
1
11
6
3
3
12
10
8
2
4
2
1
2
1
2
5
3
1
2
1
1
1
313
3254
28
1
14
8
5
41
1
3
6
2
1
3
2
4
2
2
3949
2999
3256
563
16
124
19
1
1
2
17
1
7
5
1
12
3
8
1
1
2
2
1
3
3
6
3
1
1
3
2
2
1
1
1
2972
537
310
15
38
3
5
19
3
25
2
3
3
2
2
1
1
1
1
1
29
3
5
1
9
1
4
2
1
2
1
1
1
1
947
4600
2613
400
37
3
1
12
3
6
2
4
1
6
1
1
1
2
3
1
1
2
1
3930
72
264
155
43
3
32
3
1
2
1
10
1
1
16
1
5
1
3
1
1
2
1
1
1
1
1
104
33
49
31
9
1
1
1
1
1
1
1
2
2
1
3101
1016
170
12
8
28
7
1
2
1
3
3
2
3
1
1
1
6894
389
79
394
2
60
1
5
2
4
5
3
1
3
1
1
1
3982
2750
308
8
15
13
16
7
1
3
3
6
1
7
8
1
1
1
1
1
1
8
2
14
102
1
10
1
1
2
2
3
8
3
2
7
1
1
1
1
1
1
442
483
61
48
3
2
7
5
6
4
6
3
2
1
1
1
1
3690
3256
1699
211
317
68
134
14
6
2
1
1
1
22
3
1
1
3
7
1
3
1
2
1
1
1
1
57
13
11
7
3
1
1
2
1
1
29
133
1
37
20
2
3
7
3
1
1
173
2839
1117
202
160
57
1
2
61
3
13
3
2
11
12
2
2
1
2
2
1
1
1
2
1
1
1
2
1
1
7
3723
709
285
19
25
1
1
14
3
1
3
3
2
1
1
1
1
1
1
4
30
30
3
1
13
1
1
1
11
4
1
1
3
2
1
3278
3
15
1
11
29
1
9
1
3
5
1
5
5
1
4
1
1
1473
2929
21
1082
12
1
10
137
27
24
1
2
5
1
1
2
3
1
1
1
2
2
2
1
1
1
1
2582
3664
38
4
1
1
1
19
9
2
7
4
5
19
3
3
1
2
9
2
1
2
1
1
1
1
4
1
1
1
3502
1839
146
122
21
81
1
1
6
1
2
2
1
3
1
6258
216
1
356
2
18
1
6
2
13
2
3
1
1
1
4
2
1
1
2
1
1
1
377
350
96
16
1
7
6
11
2
2
11
2
3
1
1
1
3394
35
88
6
24
30
1
2
10
3
1
4
1
1
1
2
2
1
1
1
1
1
4867
2226
364
63
1
4
37
1
1
2
1
2
1
1
1
3
1
2
1
1
1
1
1
3303
30
155
290
13
4
9
3
4
19
6
1
1
1
1
1
1
1
1
6
2
1
1
1
2547
927
3521
356
438
8
45
123
293
1
21
2
8
7
5
25
3
1
13
5
11
1
2
2
2
2
1
2
1
5
1
1
3
1
1
1
1
1
1
4185
3266
2
272
30
1
12
5
5
34
7
2
1
3
2
6
6
1
1
2
2
1
3
1
2
1
1
1
28
2
1
147
11
108
4
7
1
5
1
1
1
1
1
1
1
1
1
4229
744
1432
58
15
104
13
3
5
3
8
7
2
2
1
1
3880
2990
21
95
35
4
10
3
7
16
2
3
2
2
22
3
2
7
6
1
7
1
1
1
3
1
1
1
1
1
4798
86
525
66
142
2
15
49
18
2
6
3
2
12
1
2
3
2
1
1
1
6410
170
4
13
6
2
2
13
1
4
3
5
2
2
3
1
1
1
2
1
1
1
1
1
3
613
153
8
28
3
1
3
2
1
3
1
1
2
2
1
1
1
1
1
1
672
134
28
6
6
9
40
2
3
16
1
1
1
1
3554
589
156
47
1
1
1
2
1
3
2
2
2
1
3127
3290
173
296
142
11
8
1
7
3
1
1
1
1
1
1
2819
1776
1983
817
306
1251
251
1
15
2
1
1
2
1
1
1
2
1
2
2
1
1
147
3
3
6
16
4
1
6
1
13
1
1
1
2
2
2
1
2
1
128
3013
7
7
32
2
1
3
2
1
1
11
1
1
1
1
1
1
1
1
1
1
1
1
1
1
3
48
26
3
3
2
5
4
9
9
4
1
1
3
4
1
1
1
530
3764
4
49
33
8
3
7
1
3
2
4
1
2
2
1
1
1
1
1
1
1
52
2
1
4
2
2
1
1
1
1
1
1
906
101
32
4
48
1
7
2
2
1
1
1
3
2
1
5
3
2
3583
2744
1706
795
604
510
21
53
11
11
5
5
3
1
2
6
3
1
1
1
1
1
2160
5340
106
27
10
12
46
14
2
5
3
3
1
2
2
2
1
1
1
4791
3392
3
8
118
11
8
1
1
4
5
14
3
4
2
1
1
1
1
5951
470
28
13
2
4
6
18
7
8
1
2
1
5
1
1
1
1
3
1
2
1
1
16
2
10
3
16
12
12
2
3
2
1
3
9
1
1
2
1
1
1
1
1
1
1
1
1
1
366
5
3
7
5
2
1
3
2
1
2
2
6
2
1
2
1
1
1
1
4
1
171
20
1
1
7
8
2
4
9
2
5
7
1
2
5
1
2
3
1
1
1
9
41
11
1
3
3
2
3
1
1
2
2
2
2
1
1
1
1
2
160
152
42
11
1
2
6
2
2
1
1
1
1
1
1
11
77
15
247
206
161
2
16
9
12
5
2
2
3
2
2
1
3
1
2
1
1
327
2
2
8
1
1
1
1
1
10
1
4
4
6
2
2
2
1
1
1362
6381
477
49
9
12
1
1
1
4
1
1
2
1
1
1
1
1
1
1
3784
4116
290
2
11
5
11
3
3
1
1
9
3
4
2
1
2
1
1
1
2
1
70
171
17
14
2
2
9
4
1
1
3
5
1
3
1
1
2925
2426
3584
29
2
2
3
2
4
5
1
2
3
1
3
1
1
1
72
5
14
25
5
2
1
2
1
2
1
1
1
1
2
1
1
1
1
2265
12
1
172
7
17
1
7
11
15
2
2
1
5
3
3
4
1
1
1
1
3
1
3
3
1
1
22
1
11
2
2
3
2
3
2
3
1
1
3
1
1
1
2
1
1
1
7266
268
126
55
3
3
1
15
1
1
2
1
2
1
2
2
1
1
1
2900
3368
40
364
3
80
4
10
19
11
14
19
2
1
2
2
1
1
1
1
1
3
1
3669
4022
116
152
24
8
1
7
2
2
1
3
1
2
4
1
3
1
2
2
1
1
1
1
110
30
3
3
3
1
32
1
10
1
2
1
1
1
1
1
3
1
1
1
1
1
607
29
2
1
7
2
5
2
5
1
1
2
1354
11
18
4
10
4
13
1
2
6
5
1
2
2
1
3653
74
1
4
7
2
2
2
1
3
1
1
4
1
1
2
1
1
1
2992
4487
2
70
1
46
10
26
23
38
3
1
1
4
1
1
1
1
1
2
1
1
1
1
121
5592
795
70
88
126
17
33
1
5
8
1
1
1
1
2
2
3
1
1
9
1
27
7
1
2
1
6
2
1
1
2
1
2
4
1
1
1
1
1985
221
8
40
1
3
1
6
1
5
4
2
13
4
1
2
1
1
1
1
10
6
358
30
3
14
2
2
4
2
2
1
3767
3167
139
39
19
13
16
2
10
1
1
3
2
1
3
2
3
1
1
1
1
2
2
9
3
3
2
3
1
1
3
1
1
3
1
1
1
1
2
1
1
1
1
226
266
25
22
3
5
23
3
21
2
1
4
3
7
1
1
1
1
1
1
2
6
3
10
2
3
22
4
2
2
2
2
1
2
1
1
51
5
111
7
2
1
4
1
7
35
1
7
2
1
1
1
1
1
22
134
40
192
10
4
15
3
1
6
10
2
3
1
1
1
1
2610
1785
84
160
10
17
1
9
1
2
8
2
6
1
5
1
1
5
1
1
1
2
2
1
2
1
2
20
1
6
8
5
1
1
1
1
1
1
1
7308
61
1
3
1
12
3
12
2
3
1
1
8
4
1
1
1
1
3
1
2
4
1
1
1
4551
240
157
2039
55
2
2
8
4
15
2
8
4
1
6
1
3
1
2
1
4
1
4064
2813
3007
25
117
87
4
4
8
2
2
3
2
1
1
1
3
7
1
1
1
1
2
2
4266
2388
20
9
2
7
2
20
2
1
1
1
2
1
2
1
2
1
2
1
1
1
3264
1039
2954
645
8
1
1
8
1
3
4
3
1
2
2
1
1
1
3
2
1
3
1
1
376
3309
294
2936
399
286
184
254
129
4
1
4
2
5
9
1
2
1
1
1
1
700
587
995
3014
77
42
3
8
7
21
3
1
2
4
1
1
1
1
4210
813
3088
952
4
1
5
2
3
2
2
7
5
5
1
3
1
1
2
1
1
2
2
1
1662
2524
1058
9
12
4
20
5
3
13
1
4
8
5
2
9
2
6
3
2
1
1
1
1
1
1
30
24
16
1
17
1
1
1
3
3
2
5
3
1
5
1
2
1
3
1
1
1
2185
377
1899
99
29
1
2
1
6
1
1
1
1
6
1
2
1
1
1
1
1
24
91
119
6
3
10
7
5
5
9
4
2
2
1
3
1
3
1
1
2
6
14
1
1
8
1
12
3
3
1
1
1
1
2
1
2619
161
4
12
16
6
3
6
3
8
7
4
7
2
1
3
1
1
2
1
1
1
4428
3241
19
27
4
15
12
4
1
5
6
2
3
1
1
1
1
1
3
105
48
11
1
7
2
1
1
1
2
1
1
53
268
1
4
401
3
1
20
2
8
7
2
1
2
1
1
2
1
1
2
1
3718
27
1
7
3
3
7
20
1
1
1
1
2
1
3
1
1
1
1
1
1
4
43
2
6
2
2
2
13
4
2
5
5
1
4
1
5
2
4
1
1
2
1
3378
149
17
4
17
7
2
1
12
1
13
3
5
2
1
2
1
1
1
1
115
418
347
950
2701
14
58
3
18
1
1
7
10
8
28
2
1
2
1
2
1
2
1
1
1
1
1
5
2
3
16
3
3
8
4
1
1
2
4
1
1
1
2756
3032
1784
459
2
67
1
2
2
3
1
2
1
2
2
9
7
2
1
1
1
1
3
2635
546
94
4
5
6
13
14
19
1
1
1
1
5
10
9
1
1
1
2
1
1
1
2
1
1
1
1
1
6631
1007
56
91
210
9
5
10
18
1
18
3
10
4
6
1
2
1
1
1
111
2600
2964
80
4
23
6
7
31
2
9
2
1
7
1
2
3
3
1
2
1
1
1
4
1
116
3209
47
428
3
30
1
5
21
3
2
1
1
5
1
2
1
1
10
4
9
1
4
4
1
1
1
2
2
1
1
1
5
1
1
3496
10
214
17
81
107
8
3
5
2
1
2
3
1
2
7
1
1
1
1
1
2
1
1
24
31
40
1
125
2
3
1
2
4
2
1
1
1
1
7232
466
3
1
38
2
2
4
1
2
2
2
1
1
1
1
1
1
1
1
1
10
184
62
18
1
1
15
3
10
19
1
5
2
3
1
5
2
2
2
4
399
1
61
4
32
136
48
13
1
5
7
2
5
1
1
2
3
3
1
1
1
61
12
1
1
6
2
1
1
1
1
1
3
264
15
92
4
2
1
2
2
1
2
2
1
1
2817
479
57
3
15
5
3
3
1
1
1
3
2
4
1
5
1
2
11
1
1
1
1
1319
2380
1619
30
127
1
1
18
1
2
14
1
2
1
1
4
2
2
1
1
1
2
1924
3868
3
1063
29
35
1
1
6
2
1
2
1
1
3
2
1
223
6
3
6
1
8
3
4
2
2
2
2
4
2
1
4
2
1
1
38
65
4
15
21
2
2
1
17
1
1
1
13
1
3
3
2
1
1
3
1
1
1
1
4
147
5
42
1
23
2
11
5
1
2
2
1
3
1
1
1
3418
123
81
3
6
3
32
1
2
1
14
5
1
1
3
2
2
1
2
2
1
387
4
5
22
2
2
1
1
2
1
7
3
1
1
1
4
1
1
2
1
1
1
2
1
2036
4177
348
410
307
1
6
20
1
3
1
2
1
1
3
2
2
1
1
1
5698
129
146
141
67
14
129
65
10
9
22
1
7
1
1
4
7
3
2
1
1
3917
31
16
85
19
2
34
3
24
11
3
1
3
2
3
2
2
1
1
2
1
51
63
110
1
2
12
1
7
4
8
1
3
4
1
4
1
3
1
2
1
1
1
1
7214
7
3
1
50
2
12
1
1
1
5
1
1
1
1
2
1
1
1
1
1
1
4521
4058
54
4
1
20
7
19
1
2
1
1
1
1
2
1
11
13
2
5
1
3
1
6
4
2
4
1
1
1
3
1
177
64
7
11
18
7
3
1
2
2
3
1
2
3
1
2
1
1
1
4
1
1
3181
3378
162
436
6
6
16
16
12
1
12
5
1
7
1
2
4
4
3
2
1
2
1
1
1
1
4150
561
312
2169
323
21
17
35
108
297
5
2
29
2
3
2
2
3
2
3
3
2
1
3
1
5
4
1
2
1
1
4
1
1
4305
612
192
45
5
81
9
1
5
8
5
1
2
2
2
1
1
1
2
1
1
6722
61
2
25
8
11
1
4
8
1
1
6
1
1
294
83
3
22
5
2
17
9
64
22
53
2
9
3
1
2
3
1
3
1
1
2
1
3337
630
246
116
597
11
84
45
4
6
1
5
1
13
11
1
3
1
1
1
1
1
1
1
1
4105
559
2022
302
493
744
2
2
5
1
3
13
5
2
2
2
1
3
2
1
3
1
1
1
1
2
1
1
1
3718
2988
2742
1452
9
3
7
8
1
9
1
1
7
1
1
3
1
1
1
1
1
2
2
1
59
284
5
24
1
2
2
14
3
3
1
1
1
1
1
1
1
1
6767
14
178
22
512
321
63
32
35
15
1
10
4
5
4
1
1
4
3
1
2
1
1
1
1
1
1
1
1
3691
3442
273
123
19
495
7
1
1
2
11
2
2
1
2
1
2
4
2
1
3
2
1
3058
2634
468
732
65
13
3
3
16
5
16
22
1
1
10
1
1
1
1
1
2
1
1
182
22
20
6
6
8
1
3
10
5
3
1
2
1
1
2
1
2888
4107
1144
1016
45
5
22
2
6
4
1
4
5
10
4
4
7
2
1
1
1
2
6
3
1
1
1
1
1
3605
3911
959
160
7
132
2
2
12
2
17
8
4
3
5
6
6
3
1
2
2
2
1
2
1
1
2
2
1
1
3172
5562
1
7
21
3
49
4
5
7
1
2
1
1
4
2
1
1
3839
423
2548
199
1
2
1
1
1
4
1
3
6
1
1
1
2
1
1
6363
416
113
62
6
10
25
5
9
1
7
1
1
8
2
2
2
1
1
1
2
1
1
1
1
1
7030
11
110
71
98
11
15
1
3
2
5
1
5
1
5
1
1
2
1
1
1
4
1
1
2
3313
3314
83
313
173
82
54
125
1
50
2
1
3
3
11
4
1
2
1
2
1
1
1
1
1
1
1
3356
148
177
17
1
62
2
2
16
13
1
1
1
6
3
4
1
1
1
1
28
271
5
31
31
8
4
2
5
2
3
2
7
1
2
1
1
2
2
1
1
1
1
1
1
8
171
49
9
5
23
17
1
3
5
3
1
3
1
4
1
1
2
1
2
5
3108
115
5
66
3
5
16
1
6
3
1
1
1
1
1
1
4406
3348
662
114
40
22
14
5
13
4
1
10
2
4
1
1
3
1
2
1
1
1
3590
511
26
175
28
51
6
20
4
1
10
2
1
1
2
1
1
2
1
1
97
2953
2860
515
15
1
11
108
42
7
9
5
17
6
2
1
1
4
5
3
1
2
1
1
2
1
32
6
1
22
128
16
11
37
5
5
2
2
1
1
1
1
1
1
4208
2609
933
123
41
55
34
7
6
5
3
3
3
2
2
2
3
1
1
1
1350
8
3
14
1
1
1
1
1
9
1
1
1
1
1
2
4409
7
41
7
4
41
2
1
21
1
12
13
1
5
2
1
1
11
3
4
1
6
1
1
1
1
1
183
7
1
3
7
26
2
1
2
1
1
3
1
2
1
1
1
1
181
102
1
35
16
4
3
1
2
1
7
5
1
1
1
1
1
141
1
14
27
4
1
1
10
2
1
1
1
2
1
1
1
1
1
1
3907
3
246
3
34
5
28
7
3
5
1
2
1
2
1
1
1
285
236
10
4
21
3
3
1
4
4
4
3
3
1
1
1
1
2934
92
19
71
185
13
6
9
32
4
1
4
3
1
1
3
2
1
1
2
1
1
4136
1469
2526
47
5
2
14
4
1
5
3
1
1
3
2
1
1
1
1
1
3183
32
2
2
14
2
1
15
5
11
1
1
2
1
1
5048
2325
786
668
78
27
45
2
17
23
23
3
3
7
1
1
1
3
1
69
3
11
1
1
2
1
1
3
3
2
4
1
270
138
12
3
11
3
15
10
1
3
1
2
1
1
4
2
2
1
1
1
3762
2792
41
159
352
294
93
49
8
5
22
3
6
10
1
2
4
2
1
1
2
23
2
4
2
4
61
18
16
6
4
8
10
1
1
4
1
1
1
1
1
1
1
414
140
82
6
2
27
55
2
28
6
4
7
2
1
16
1
1
1
2
1
1
1
1
1
1
1
1
1
4
2
530
15
2
1
1
3
1
1
1
1
4
2
1
1
2
1
1
1
6295
130
646
14
10
23
1
1
2
5
4
6
1
3
1
3
1
2
1
1
1
1
99
103
112
11
21
10
5
2
1
3
1
1
1
1
1
1
1
4243
2989
230
41
11
1
5
3
1
2
2
4
3
4
2
1
3
1
1
3
1
1
2905
997
62
121
144
13
14
4
2
1
1
7
3
3
1
1
1
2
1
2158
1115
438
1420
80
51
4
2
7
2
17
4
7
1
1
2
1
1
1
4
2
2
2
1
1
1
1
1
1
1
1329
3118
2711
453
514
318
61
64
2
100
3
6
2
3
1
1
3
1
1
2
3795
3405
299
1056
81
95
7
5
13
4
10
1
5
35
1
2
4
2
2
1
151
304
41
9
69
8
71
3
7
2
5
1
1
1
1
2
1
2676
3545
3647
174
122
123
156
15
84
443
1
3
1
1
2
12
5
1
1
1
5
2
1
3
1
1
3
1
1
1
1
2
1
1
2
1
1
1
5
13
1
94
7
1
2
2
3
2
1
1
6
1
1
4
2
1
3
1
1
1
1
1
1
1
3336
561
542
6
1
3
4
4
2
2
1
1
1
40
6
12
1
2
5
2
2
8
2
2
1
5
2
7
3
1
3
1
1
2
1
1039
4343
53
18
17
40
8
3
5
1
9
4
6
1
1
6851
47
69
253
1
1
7
1
8
1
12
2
2
1
3
1
4
1
1
1
2
1
2
2
1
1
2
1
141
4
29
1
1
5
1
3
1
1
5
1
1
1
1
1
3416
3143
58
114
1
11
3
7
3
2
5
4
1
1
2
1
1
1
2
1
1
1
1
3246
2720
4481
29
2
3
1
1
2
1
1
1
1
63
15
76
52
3
6
15
3
3
1
2
1
2
1
1
5
1
1
1
1
3009
3790
236
1
204
1
6
3
1
10
6
12
5
6
17
3
1
1
9
1
1
2
1
1
1
106
6089
191
52
2
1
17
1
5
11
3
3
1
4
4
2
1
6
1
1
4
6
1
1
1
1
1
3305
2254
552
91
259
105
6
6
29
1
2
5
1
2
1
2
3
1
2
1
1
1
1
1
1
4552
4
4
19
3
15
1
8
5
5
1
4
3
2
1
1
2
1
1
1
429
22
2
6
2
10
8
2
2
3
1
1
1
1
2
1
2
1
1
2837
401
1097
445
2
18
14
3
13
2
3
31
1
3
5
4
1
1
2
1
1
1
1
2368
4646
461
3
1
25
1
6
4
2
1
1
3
1
3
1
1
4
234
9
1
1
3
2
2
4
2
3
3
3
4
2
3
1
1
1
222
25
59
1
13
6
1
1
1
2
1
2
1
3
1
1
1
1
1
159
1
83
82
23
24
8
5
15
1
8
2
1
2
1
1
1
2
2
1
3989
42
4
3
1
6
1
1
3
4
1
3
1
1
1
151
2
6
2
1
11
13
2
1
1
3
1
2
1
1
1
4
1
4
1
1
1
2
2655
3
84
3
1
18
7
4
1
2
1
1
1
2
1
1
1
169
47
12
83
6
2
1
17
8
2
3
1
2
1
1
1
1
1
1
1
1
78
19
4
3
6
5
12
4
1
1
1
1
1
1
