5.102539062500000000e-02 2.214965820312500000e-01 6.777343750000000000e-01
4.968261718750000000e-02 2.338867187500000000e-01 7.525024414062500000e-01
4.608154296875000000e-02 2.034301757812500000e-01 9.539184570312500000e-01
4.827880859375000000e-02 3.035888671875000000e-01 6.599731445312500000e-01
4.949951171875000000e-02 4.338989257812500000e-01 8.759155273437500000e-01
4.827880859375000000e-02 1.526489257812500000e-01 7.302856445312500000e-01
5.364990234375000000e-02 4.449462890625000000e-01 9.463500976562500000e-01
4.357910156250000000e-02 4.222412109375000000e-01 9.564208984375000000e-01
6.286621093750000000e-02 2.795410156250000000e-01 7.236328125000000000e-01
5.151367187500000000e-02 3.801879882812500000e-01 9.484863281250000000e-01
4.870605468750000000e-02 3.521118164062500000e-01 8.782958984375000000e-01
5.853271484375000000e-02 1.720581054687500000e-01 4.660034179687500000e-01
5.218505859375000000e-02 4.218139648437500000e-01 8.540649414062500000e-01
5.383300781250000000e-02 3.143310546875000000e-01 8.009643554687500000e-01
5.450439453125000000e-02 2.516479492187500000e-01 7.256469726562500000e-01
3.454589843750000000e-02 3.475341796875000000e-01 9.654541015625000000e-01
4.711914062500000000e-02 2.819213867187500000e-01 8.542480468750000000e-01
4.809570312500000000e-02 2.806396484375000000e-01 5.941772460937500000e-01
4.675292968750000000e-02 3.170776367187500000e-01 9.006958007812500000e-01
4.766845703125000000e-02 3.197021484375000000e-01 8.534545898437500000e-01
5.175781250000000000e-02 2.910156250000000000e-01 7.550659179687500000e-01
4.779052734375000000e-02 3.703002929687500000e-01 8.357543945312500000e-01
5.786132812500000000e-02 3.050537109375000000e-01 7.253417968750000000e-01
4.895019531250000000e-02 2.929077148437500000e-01 6.864013671875000000e-01
4.083251953125000000e-02 3.739013671875000000e-01 9.591674804687500000e-01
4.510498046875000000e-02 3.130493164062500000e-01 8.715820312500000000e-01
4.962158203125000000e-02 2.418823242187500000e-01 8.502197265625000000e-01
3.912353515625000000e-02 2.812500000000000000e-01 9.608764648437500000e-01
5.023193359375000000e-02 3.170166015625000000e-01 7.285766601562500000e-01
4.876708984375000000e-02 2.019653320312500000e-01 7.406616210937500000e-01
4.632568359375000000e-02 4.638671875000000000e-01 9.536743164062500000e-01
5.236816406250000000e-02 2.531127929687500000e-01 9.476318359375000000e-01
5.010986328125000000e-02 1.945800781250000000e-01 7.722167968750000000e-01
4.406738281250000000e-02 4.567260742187500000e-01 9.559326171875000000e-01
5.230712890625000000e-02 2.612915039062500000e-01 8.680419921875000000e-01
5.401611328125000000e-02 2.652587890625000000e-01 6.500854492187500000e-01
4.217529296875000000e-02 3.020629882812500000e-01 9.578247070312500000e-01
5.834960937500000000e-02 2.192993164062500000e-01 6.375732421875000000e-01
4.577636718750000000e-02 4.544677734375000000e-01 9.542236328125000000e-01
5.432128906250000000e-02 3.433837890625000000e-01 9.456787109375000000e-01
4.730224609375000000e-02 3.975830078125000000e-01 9.526977539062500000e-01
4.205322265625000000e-02 1.623535156250000000e-01 9.579467773437500000e-01
5.700683593750000000e-02 3.043823242187500000e-01 6.518554687500000000e-01
4.473876953125000000e-02 1.987304687500000000e-01 8.285522460937500000e-01
4.071044921875000000e-02 2.312011718750000000e-01 9.592285156250000000e-01
6.134033203125000000e-02 2.454833984375000000e-01 6.126708984375000000e-01
4.180908203125000000e-02 3.131103515625000000e-01 7.141113281250000000e-01
5.670166015625000000e-02 2.094726562500000000e-01 5.973510742187500000e-01
5.395507812500000000e-02 2.861938476562500000e-01 7.297363281250000000e-01
5.419921875000000000e-02 1.893310546875000000e-01 7.274780273437500000e-01
5.273437500000000000e-02 4.633789062500000000e-01 9.472045898437500000e-01
5.535888671875000000e-02 1.459350585937500000e-01 8.010253906250000000e-01
5.889892578125000000e-02 2.453613281250000000e-01 6.313476562500000000e-01
4.864501953125000000e-02 3.410034179687500000e-01 9.513549804687500000e-01
4.547119140625000000e-02 2.506713867187500000e-01 9.545288085937500000e-01
6.317138671875000000e-02 2.055664062500000000e-01 4.214477539062500000e-01
4.876708984375000000e-02 2.603149414062500000e-01 6.372070312500000000e-01
5.364990234375000000e-02 2.046508789062500000e-01 7.465209960937500000e-01
5.432128906250000000e-02 2.151489257812500000e-01 4.930419921875000000e-01
4.742431640625000000e-02 2.849731445312500000e-01 9.525756835937500000e-01
6.286621093750000000e-02 1.569824218750000000e-01 3.880615234375000000e-01
5.627441406250000000e-02 3.364868164062500000e-01 8.501586914062500000e-01
4.321289062500000000e-02 2.719116210937500000e-01 7.021484375000000000e-01
3.796386718750000000e-02 1.962280273437500000e-01 9.620361328125000000e-01
5.389404296875000000e-02 2.188110351562500000e-01 7.757568359375000000e-01
4.919433593750000000e-02 2.583618164062500000e-01 9.508056640625000000e-01
4.730224609375000000e-02 1.973266601562500000e-01 7.010498046875000000e-01
4.895019531250000000e-02 2.029418945312500000e-01 4.753417968750000000e-01
4.852294921875000000e-02 3.845214843750000000e-01 8.467407226562500000e-01
4.205322265625000000e-02 2.906494140625000000e-01 9.579467773437500000e-01
5.285644531250000000e-02 1.784667968750000000e-01 8.518066406250000000e-01
5.291748046875000000e-02 3.120117187500000000e-01 6.710815429687500000e-01
5.444335937500000000e-02 3.029785156250000000e-01 7.505493164062500000e-01
5.706787109375000000e-02 2.360839843750000000e-01 7.171020507812500000e-01
5.059814453125000000e-02 2.751464843750000000e-01 8.779907226562500000e-01
5.352783203125000000e-02 3.669433593750000000e-01 9.464721679687500000e-01
5.865478515625000000e-02 2.022094726562500000e-01 4.685668945312500000e-01
3.961181640625000000e-02 3.978271484375000000e-01 9.603881835937500000e-01
3.466796875000000000e-02 4.080200195312500000e-01 9.653320312500000000e-01
5.169677734375000000e-02 3.918457031250000000e-01 8.269653320312500000e-01
4.919433593750000000e-02 2.287597656250000000e-01 9.508056640625000000e-01
4.974365234375000000e-02 2.937011718750000000e-01 6.386718750000000000e-01
4.797363281250000000e-02 3.823852539062500000e-01 9.520263671875000000e-01
4.827880859375000000e-02 4.024658203125000000e-01 9.517211914062500000e-01
4.760742187500000000e-02 3.596191406250000000e-01 9.523925781250000000e-01
3.289794921875000000e-02 2.675170898437500000e-01 9.671020507812500000e-01
4.962158203125000000e-02 1.602172851562500000e-01 9.503173828125000000e-01
4.827880859375000000e-02 1.843872070312500000e-01 7.509155273437500000e-01
