9.533691406250000000e-02 2.432861328125000000e-01 6.692504882812500000e-01
1.116333007812500000e-01 1.506958007812500000e-01 3.164062500000000000e-01
9.332275390625000000e-02 4.015502929687500000e-01 8.814697265625000000e-01
1.057739257812500000e-01 2.048950195312500000e-01 4.724731445312500000e-01
9.692382812500000000e-02 1.950683593750000000e-01 4.780883789062500000e-01
1.105957031250000000e-01 1.802978515625000000e-01 4.793701171875000000e-01
9.686279296875000000e-02 1.946411132812500000e-01 7.232055664062500000e-01
1.026000976562500000e-01 3.687133789062500000e-01 8.111572265625000000e-01
1.033935546875000000e-01 1.751098632812500000e-01 4.072875976562500000e-01
1.083984375000000000e-01 1.851806640625000000e-01 4.669799804687500000e-01
1.033935546875000000e-01 2.222900390625000000e-01 7.181396484375000000e-01
9.826660156250000000e-02 1.783447265625000000e-01 6.109619140625000000e-01
9.381103515625000000e-02 2.507934570312500000e-01 5.504150390625000000e-01
9.576416015625000000e-02 3.364257812500000000e-01 8.745727539062500000e-01
9.259033203125000000e-02 2.937622070312500000e-01 8.966674804687500000e-01
1.025390625000000000e-01 1.918945312500000000e-01 6.607666015625000000e-01
1.164550781250000000e-01 1.570434570312500000e-01 3.602905273437500000e-01
1.024780273437500000e-01 1.896972656250000000e-01 5.507202148437500000e-01
1.053466796875000000e-01 2.082519531250000000e-01 4.358520507812500000e-01
1.000366210937500000e-01 2.264404296875000000e-01 8.615722656250000000e-01
9.649658203125000000e-02 2.407836914062500000e-01 6.541137695312500000e-01
9.460449218750000000e-02 2.767333984375000000e-01 8.262329101562500000e-01
9.851074218750000000e-02 2.731323242187500000e-01 6.996459960937500000e-01
1.035766601562500000e-01 9.832763671875000000e-02 4.662475585937500000e-01
1.042480468750000000e-01 2.885131835937500000e-01 6.444702148437500000e-01
1.058959960937500000e-01 1.738281250000000000e-01 3.851318359375000000e-01
9.039306640625000000e-02 2.850952148437500000e-01 8.844604492187500000e-01
9.051513671875000000e-02 2.973022460937500000e-01 9.094238281250000000e-01
9.533691406250000000e-02 4.115600585937500000e-01 8.731689453125000000e-01
1.024780273437500000e-01 7.617187500000000000e-02 6.445922851562500000e-01
9.661865234375000000e-02 3.330688476562500000e-01 8.606567382812500000e-01
1.018066406250000000e-01 1.550903320312500000e-01 4.060058593750000000e-01
9.234619140625000000e-02 1.851196289062500000e-01 4.785766601562500000e-01
1.071777343750000000e-01 1.060791015625000000e-01 5.797729492187500000e-01
9.570312500000000000e-02 1.447143554687500000e-01 5.656127929687500000e-01
1.074218750000000000e-01 2.192382812500000000e-01 4.628295898437500000e-01
1.166381835937500000e-01 1.292724609375000000e-01 4.292602539062500000e-01
1.047363281250000000e-01 2.072143554687500000e-01 4.844360351562500000e-01
9.228515625000000000e-02 1.202392578125000000e-01 8.556518554687500000e-01
1.039428710937500000e-01 1.641235351562500000e-01 5.678710937500000000e-01
9.533691406250000000e-02 2.570800781250000000e-01 6.125488281250000000e-01
9.942626953125000000e-02 2.428588867187500000e-01 7.434692382812500000e-01
1.072998046875000000e-01 2.266235351562500000e-01 5.234375000000000000e-01
8.758544921875000000e-02 1.804199218750000000e-01 8.055419921875000000e-01
9.869384765625000000e-02 2.858276367187500000e-01 6.941528320312500000e-01
7.604980468750000000e-02 2.331542968750000000e-01 9.239501953125000000e-01
9.991455078125000000e-02 2.050170898437500000e-01 4.400024414062500000e-01
9.631347656250000000e-02 1.448364257812500000e-01 8.386230468750000000e-01
1.006469726562500000e-01 3.062744140625000000e-01 7.072143554687500000e-01
1.002197265625000000e-01 1.599731445312500000e-01 6.347045898437500000e-01
9.637451171875000000e-02 1.540527343750000000e-01 3.715209960937500000e-01
1.017456054687500000e-01 1.549072265625000000e-01 5.288085937500000000e-01
9.088134765625000000e-02 2.827148437500000000e-01 8.472900390625000000e-01
1.009521484375000000e-01 4.020385742187500000e-01 8.345947265625000000e-01
9.741210937500000000e-02 3.168945312500000000e-01 8.098144531250000000e-01
1.033325195312500000e-01 1.496582031250000000e-01 3.765258789062500000e-01
9.936523437500000000e-02 2.258911132812500000e-01 4.902343750000000000e-01
9.069824218750000000e-02 3.957519531250000000e-01 8.582153320312500000e-01
9.417724609375000000e-02 1.413574218750000000e-01 7.177734375000000000e-01
9.301757812500000000e-02 1.859130859375000000e-01 8.466186523437500000e-01
9.332275390625000000e-02 1.784667968750000000e-01 6.215209960937500000e-01
1.032104492187500000e-01 2.154541015625000000e-01 8.236083984375000000e-01
1.062622070312500000e-01 1.893920898437500000e-01 3.902587890625000000e-01
1.021728515625000000e-01 2.028198242187500000e-01 4.328002929687500000e-01
9.741210937500000000e-02 2.730712890625000000e-01 6.674194335937500000e-01
1.030273437500000000e-01 2.597045898437500000e-01 5.452880859375000000e-01
9.338378906250000000e-02 2.012329101562500000e-01 5.870971679687500000e-01
9.753417968750000000e-02 3.920898437500000000e-01 8.887329101562500000e-01
9.692382812500000000e-02 1.669921875000000000e-01 8.494262695312500000e-01
1.021118164062500000e-01 2.062377929687500000e-01 5.661621093750000000e-01
9.918212890625000000e-02 1.474609375000000000e-01 7.159423828125000000e-01
1.053466796875000000e-01 1.787719726562500000e-01 4.095458984375000000e-01
9.838867187500000000e-02 2.028198242187500000e-01 4.771118164062500000e-01
9.686279296875000000e-02 2.728271484375000000e-01 8.087768554687500000e-01
9.069824218750000000e-02 1.119995117187500000e-01 8.840942382812500000e-01
9.899902343750000000e-02 2.609863281250000000e-01 7.609252929687500000e-01
1.007690429687500000e-01 1.500854492187500000e-01 7.091064453125000000e-01
9.552001953125000000e-02 3.701171875000000000e-01 8.023681640625000000e-01
1.101684570312500000e-01 1.420288085937500000e-01 3.297729492187500000e-01
1.077270507812500000e-01 1.616821289062500000e-01 5.422363281250000000e-01
9.918212890625000000e-02 2.168579101562500000e-01 7.928466796875000000e-01
1.030273437500000000e-01 2.357788085937500000e-01 5.899047851562500000e-01
9.936523437500000000e-02 1.990966796875000000e-01 6.692504882812500000e-01
9.741210937500000000e-02 3.829956054687500000e-01 8.070678710937500000e-01
9.973144531250000000e-02 1.232299804687500000e-01 5.872192382812500000e-01
1.043701171875000000e-01 1.677246093750000000e-01 6.842651367187500000e-01
9.484863281250000000e-02 2.850341796875000000e-01 8.917236328125000000e-01
9.606933593750000000e-02 1.326293945312500000e-01 7.951049804687500000e-01
