2.496337890625000000e-02 3.497924804687500000e-01 9.750366210937500000e-01
2.465820312500000000e-02 4.864501953125000000e-01 9.753417968750000000e-01
2.062988281250000000e-02 3.679199218750000000e-01 9.793701171875000000e-01
1.672363281250000000e-02 4.772949218750000000e-01 9.832763671875000000e-01
1.770019531250000000e-02 4.348144531250000000e-01 9.822998046875000000e-01
2.368164062500000000e-02 4.294433593750000000e-01 9.763183593750000000e-01
1.818847656250000000e-02 4.784545898437500000e-01 9.818115234375000000e-01
2.050781250000000000e-02 3.582763671875000000e-01 9.794921875000000000e-01
1.477050781250000000e-02 4.346313476562500000e-01 9.852294921875000000e-01
2.191162109375000000e-02 4.559326171875000000e-01 9.780883789062500000e-01
2.569580078125000000e-02 4.671630859375000000e-01 9.743041992187500000e-01
1.806640625000000000e-02 4.645996093750000000e-01 9.819335937500000000e-01
2.612304687500000000e-02 3.054199218750000000e-01 7.236938476562500000e-01
1.873779296875000000e-02 4.825439453125000000e-01 9.812622070312500000e-01
1.647949218750000000e-02 4.893188476562500000e-01 9.835205078125000000e-01
2.203369140625000000e-02 4.071044921875000000e-01 9.779663085937500000e-01
2.789306640625000000e-02 4.212646484375000000e-01 9.721069335937500000e-01
1.959228515625000000e-02 4.224853515625000000e-01 9.804077148437500000e-01
2.093505859375000000e-02 3.945922851562500000e-01 9.790649414062500000e-01
2.447509765625000000e-02 4.370727539062500000e-01 9.755249023437500000e-01
2.789306640625000000e-02 3.253173828125000000e-01 7.412719726562500000e-01
2.960205078125000000e-02 3.000488281250000000e-01 7.162475585937500000e-01
1.721191406250000000e-02 3.320922851562500000e-01 9.827880859375000000e-01
2.404785156250000000e-02 3.421630859375000000e-01 9.759521484375000000e-01
2.593994140625000000e-02 3.496093750000000000e-01 7.012939453125000000e-01
2.569580078125000000e-02 3.134765625000000000e-01 6.855468750000000000e-01
2.191162109375000000e-02 4.028930664062500000e-01 9.780883789062500000e-01
2.966308593750000000e-02 3.692016601562500000e-01 7.524414062500000000e-01
2.185058593750000000e-02 4.673461914062500000e-01 9.781494140625000000e-01
