3.393554687500000000e-02 3.877563476562500000e-01 9.660644531250000000e-01
2.825927734375000000e-02 4.685668945312500000e-01 9.717407226562500000e-01
4.034423828125000000e-02 3.244628906250000000e-01 7.844848632812500000e-01
3.167724609375000000e-02 3.496704101562500000e-01 9.682617187500000000e-01
3.015136718750000000e-02 3.229370117187500000e-01 9.698486328125000000e-01
2.612304687500000000e-02 4.519653320312500000e-01 9.738769531250000000e-01
2.972412109375000000e-02 2.755737304687500000e-01 9.702758789062500000e-01
2.941894531250000000e-02 4.414672851562500000e-01 9.705810546875000000e-01
4.205322265625000000e-02 2.879028320312500000e-01 7.281494140625000000e-01
3.417968750000000000e-02 4.674682617187500000e-01 9.658203125000000000e-01
3.741455078125000000e-02 3.831787109375000000e-01 9.625854492187500000e-01
3.900146484375000000e-02 1.852416992187500000e-01 6.833496093750000000e-01
3.662109375000000000e-02 3.426513671875000000e-01 9.633789062500000000e-01
3.314208984375000000e-02 2.084350585937500000e-01 9.668579101562500000e-01
3.527832031250000000e-02 3.481445312500000000e-01 9.647216796875000000e-01
3.057861328125000000e-02 4.430541992187500000e-01 9.694213867187500000e-01
2.288818359375000000e-02 4.564208984375000000e-01 9.771118164062500000e-01
3.601074218750000000e-02 2.836914062500000000e-01 9.639892578125000000e-01
3.125000000000000000e-02 4.299926757812500000e-01 9.687500000000000000e-01
3.228759765625000000e-02 4.555053710937500000e-01 9.677124023437500000e-01
3.570556640625000000e-02 2.809448242187500000e-01 9.642944335937500000e-01
2.911376953125000000e-02 4.094238281250000000e-01 9.708862304687500000e-01
4.125976562500000000e-02 3.863525390625000000e-01 7.977294921875000000e-01
3.515625000000000000e-02 4.769897460937500000e-01 9.648437500000000000e-01
3.662109375000000000e-02 2.897338867187500000e-01 8.521728515625000000e-01
2.600097656250000000e-02 4.746093750000000000e-01 9.739990234375000000e-01
4.742431640625000000e-02 2.657470703125000000e-01 7.783203125000000000e-01
2.587890625000000000e-02 3.729248046875000000e-01 9.741210937500000000e-01
3.802490234375000000e-02 2.869873046875000000e-01 5.825195312500000000e-01
3.204345703125000000e-02 3.317260742187500000e-01 9.679565429687500000e-01
3.430175781250000000e-02 4.412841796875000000e-01 9.656982421875000000e-01
2.996826171875000000e-02 3.295288085937500000e-01 9.700317382812500000e-01
3.607177734375000000e-02 3.676147460937500000e-01 9.639282226562500000e-01
3.271484375000000000e-02 3.353881835937500000e-01 9.672851562500000000e-01
3.826904296875000000e-02 2.752075195312500000e-01 6.034545898437500000e-01
3.265380859375000000e-02 3.932495117187500000e-01 9.673461914062500000e-01
3.765869140625000000e-02 2.677612304687500000e-01 9.623413085937500000e-01
3.326416015625000000e-02 3.690795898437500000e-01 9.667358398437500000e-01
4.101562500000000000e-02 2.629394531250000000e-01 7.220458984375000000e-01
3.442382812500000000e-02 3.460083007812500000e-01 7.990722656250000000e-01
3.649902343750000000e-02 3.421020507812500000e-01 7.428588867187500000e-01
3.082275390625000000e-02 3.709716796875000000e-01 9.691772460937500000e-01
3.302001953125000000e-02 3.281860351562500000e-01 9.669799804687500000e-01
2.526855468750000000e-02 4.604492187500000000e-01 9.747314453125000000e-01
