2.833251953125000000e-01 1.369628906250000000e-01 4.332885742187500000e-01
2.851562500000000000e-01 1.921386718750000000e-01 4.932250976562500000e-01
2.880859375000000000e-01 1.489868164062500000e-01 4.036865234375000000e-01
2.831420898437500000e-01 2.600708007812500000e-01 5.388183593750000000e-01
2.794799804687500000e-01 1.710205078125000000e-01 5.902709960937500000e-01
2.738647460937500000e-01 1.501464843750000000e-01 5.414428710937500000e-01
2.864379882812500000e-01 2.285156250000000000e-01 4.726562500000000000e-01
2.687988281250000000e-01 1.756591796875000000e-01 6.335449218750000000e-01
2.810058593750000000e-01 1.882324218750000000e-01 5.352172851562500000e-01
2.950439453125000000e-01 1.295776367187500000e-01 3.107299804687500000e-01
2.956542968750000000e-01 9.893798828125000000e-02 2.201538085937500000e-01
2.764892578125000000e-01 1.023559570312500000e-01 5.645751953125000000e-01
2.835693359375000000e-01 6.524658203125000000e-02 4.061889648437500000e-01
2.808837890625000000e-01 1.188964843750000000e-01 5.425415039062500000e-01
2.759399414062500000e-01 9.558105468750000000e-02 5.040283203125000000e-01
2.780151367187500000e-01 1.791381835937500000e-01 5.162963867187500000e-01
2.902221679687500000e-01 1.601562500000000000e-01 3.660888671875000000e-01
2.774658203125000000e-01 2.482299804687500000e-01 5.138549804687500000e-01
2.883300781250000000e-01 1.229858398437500000e-01 2.868652343750000000e-01
2.857666015625000000e-01 1.306152343750000000e-01 4.257202148437500000e-01
2.828979492187500000e-01 1.290893554687500000e-01 4.547729492187500000e-01
2.793579101562500000e-01 1.833496093750000000e-01 4.530029296875000000e-01
2.922973632812500000e-01 1.063232421875000000e-01 2.141113281250000000e-01
2.767333984375000000e-01 1.854858398437500000e-01 4.873046875000000000e-01
2.789916992187500000e-01 2.692871093750000000e-01 6.164550781250000000e-01
2.868041992187500000e-01 1.151123046875000000e-01 4.141845703125000000e-01
2.790527343750000000e-01 2.028808593750000000e-01 5.632934570312500000e-01
2.781372070312500000e-01 2.197265625000000000e-01 5.438232421875000000e-01
2.777709960937500000e-01 1.079101562500000000e-01 5.869750976562500000e-01
2.789916992187500000e-01 2.572021484375000000e-01 5.513916015625000000e-01
2.668457031250000000e-01 1.185302734375000000e-01 6.875610351562500000e-01
2.792968750000000000e-01 1.697998046875000000e-01 5.719604492187500000e-01
2.747192382812500000e-01 2.652587890625000000e-01 6.434936523437500000e-01
2.801513671875000000e-01 2.053222656250000000e-01 4.165649414062500000e-01
2.863159179687500000e-01 1.243896484375000000e-01 4.078979492187500000e-01
2.864990234375000000e-01 1.232299804687500000e-01 5.552368164062500000e-01
2.780151367187500000e-01 1.859741210937500000e-01 5.396728515625000000e-01
2.686767578125000000e-01 1.217651367187500000e-01 6.518554687500000000e-01
2.953491210937500000e-01 6.475830078125000000e-02 2.783203125000000000e-01
2.869262695312500000e-01 1.058349609375000000e-01 3.256225585937500000e-01
2.864990234375000000e-01 1.800537109375000000e-01 4.584960937500000000e-01
2.851562500000000000e-01 1.454467773437500000e-01 4.832763671875000000e-01
2.752075195312500000e-01 1.224975585937500000e-01 5.045776367187500000e-01
2.820434570312500000e-01 2.173461914062500000e-01 5.180664062500000000e-01
2.869873046875000000e-01 1.204833984375000000e-01 3.743896484375000000e-01
2.852783203125000000e-01 1.364746093750000000e-01 5.325927734375000000e-01
2.844238281250000000e-01 1.158447265625000000e-01 3.910522460937500000e-01
2.783813476562500000e-01 2.173461914062500000e-01 5.236816406250000000e-01
2.883911132812500000e-01 1.550292968750000000e-01 4.050903320312500000e-01
2.865600585937500000e-01 1.813964843750000000e-01 4.074096679687500000e-01
2.811889648437500000e-01 1.135864257812500000e-01 4.305419921875000000e-01
2.863769531250000000e-01 9.936523437500000000e-02 2.489013671875000000e-01
2.670288085937500000e-01 7.537841796875000000e-02 6.104736328125000000e-01
2.775878906250000000e-01 1.407470703125000000e-01 6.154785156250000000e-01
2.795410156250000000e-01 1.796264648437500000e-01 5.557861328125000000e-01
2.850952148437500000e-01 2.805786132812500000e-01 4.489135742187500000e-01
2.787475585937500000e-01 2.479858398437500000e-01 5.831909179687500000e-01
2.878417968750000000e-01 1.661987304687500000e-01 3.533935546875000000e-01
2.874755859375000000e-01 1.361083984375000000e-01 3.711547851562500000e-01
2.785644531250000000e-01 1.484985351562500000e-01 5.437011718750000000e-01
2.763671875000000000e-01 1.837768554687500000e-01 6.121215820312500000e-01
2.816162109375000000e-01 1.723022460937500000e-01 4.347534179687500000e-01
2.827148437500000000e-01 1.702880859375000000e-01 3.495483398437500000e-01
2.780761718750000000e-01 1.093139648437500000e-01 4.890747070312500000e-01
2.824707031250000000e-01 1.569824218750000000e-01 4.008178710937500000e-01
2.807006835937500000e-01 1.597900390625000000e-01 4.233398437500000000e-01
2.813110351562500000e-01 1.852416992187500000e-01 3.867187500000000000e-01
2.823486328125000000e-01 9.497070312500000000e-02 3.139648437500000000e-01
2.835083007812500000e-01 1.087646484375000000e-01 5.147094726562500000e-01
2.833251953125000000e-01 1.633300781250000000e-01 3.973388671875000000e-01
2.725219726562500000e-01 1.585083007812500000e-01 5.894775390625000000e-01
2.847900390625000000e-01 1.140747070312500000e-01 3.177490234375000000e-01
2.822875976562500000e-01 2.370605468750000000e-01 4.998779296875000000e-01
2.885742187500000000e-01 1.442260742187500000e-01 3.649902343750000000e-01
2.768554687500000000e-01 2.338867187500000000e-01 5.294189453125000000e-01
2.783203125000000000e-01 2.373657226562500000e-01 5.138549804687500000e-01
2.825927734375000000e-01 1.557006835937500000e-01 3.671264648437500000e-01
2.775268554687500000e-01 1.464233398437500000e-01 5.642089843750000000e-01
2.847900390625000000e-01 1.634521484375000000e-01 4.237060546875000000e-01
2.755737304687500000e-01 8.465576171875000000e-02 5.053710937500000000e-01
2.766113281250000000e-01 1.605224609375000000e-01 3.480224609375000000e-01
2.760620117187500000e-01 2.086181640625000000e-01 5.727539062500000000e-01
2.752685546875000000e-01 7.745361328125000000e-02 4.471435546875000000e-01
2.791748046875000000e-01 2.221069335937500000e-01 4.614868164062500000e-01
2.801513671875000000e-01 1.198730468750000000e-01 4.628295898437500000e-01
2.832031250000000000e-01 1.102905273437500000e-01 4.487915039062500000e-01
2.676391601562500000e-01 1.270751953125000000e-01 6.613159179687500000e-01
2.601928710937500000e-01 1.352539062500000000e-01 6.766967773437500000e-01
