2.606201171875000000e-02 6.608000000000000000e+03
2.038574218750000000e-02 7.721000000000000000e+03
1.684570312500000000e-02 7.111000000000000000e+03
2.032470703125000000e-02 6.258000000000000000e+03
1.922607421875000000e-02 7.740000000000000000e+03
1.611328125000000000e-02 7.268000000000000000e+03
2.661132812500000000e-02 6.103000000000000000e+03
2.178955078125000000e-02 7.688000000000000000e+03
2.447509765625000000e-02 6.658000000000000000e+03
2.227783203125000000e-02 7.532000000000000000e+03
2.294921875000000000e-02 5.934000000000000000e+03
2.551269531250000000e-02 6.959000000000000000e+03
1.947021484375000000e-02 5.870000000000000000e+03
2.502441406250000000e-02 7.085000000000000000e+03
2.514648437500000000e-02 5.759000000000000000e+03
2.325439453125000000e-02 7.002000000000000000e+03
1.660156250000000000e-02 7.576000000000000000e+03
2.337646484375000000e-02 7.164000000000000000e+03
2.001953125000000000e-02 6.077000000000000000e+03
1.922607421875000000e-02 7.908000000000000000e+03
2.337646484375000000e-02 7.750000000000000000e+03
2.630615234375000000e-02 6.185000000000000000e+03
2.667236328125000000e-02 5.530000000000000000e+03
2.526855468750000000e-02 5.296000000000000000e+03
2.294921875000000000e-02 6.983000000000000000e+03
2.990722656250000000e-02 4.985000000000000000e+03
1.983642578125000000e-02 6.634000000000000000e+03
2.008056640625000000e-02 7.071000000000000000e+03
3.015136718750000000e-02 6.267000000000000000e+03
2.215576171875000000e-02 7.787000000000000000e+03
2.148437500000000000e-02 7.571000000000000000e+03
2.722167968750000000e-02 5.365000000000000000e+03
1.861572265625000000e-02 7.280000000000000000e+03
1.922607421875000000e-02 7.560000000000000000e+03
2.722167968750000000e-02 7.965000000000000000e+03
2.880859375000000000e-02 7.284000000000000000e+03
2.185058593750000000e-02 5.163000000000000000e+03
1.806640625000000000e-02 7.067000000000000000e+03
2.288818359375000000e-02 7.930000000000000000e+03
2.459716796875000000e-02 6.418000000000000000e+03
2.331542968750000000e-02 6.472000000000000000e+03
1.770019531250000000e-02 7.886000000000000000e+03
1.800537109375000000e-02 7.081000000000000000e+03
2.441406250000000000e-02 6.712000000000000000e+03
1.684570312500000000e-02 6.617000000000000000e+03
1.953125000000000000e-02 5.013000000000000000e+03
3.027343750000000000e-02 5.734000000000000000e+03
1.879882812500000000e-02 6.854000000000000000e+03
1.873779296875000000e-02 6.563000000000000000e+03
2.777099609375000000e-02 7.064000000000000000e+03
1.898193359375000000e-02 8.017000000000000000e+03
2.307128906250000000e-02 6.290000000000000000e+03
2.252197265625000000e-02 7.985000000000000000e+03
2.105712890625000000e-02 7.835000000000000000e+03
1.776123046875000000e-02 7.650000000000000000e+03
2.178955078125000000e-02 7.711000000000000000e+03
2.252197265625000000e-02 4.996000000000000000e+03
2.081298828125000000e-02 7.632000000000000000e+03
1.904296875000000000e-02 7.800000000000000000e+03
1.672363281250000000e-02 7.267000000000000000e+03
2.087402343750000000e-02 7.097000000000000000e+03
1.965332031250000000e-02 7.196000000000000000e+03
2.465820312500000000e-02 6.327000000000000000e+03
2.471923828125000000e-02 6.045000000000000000e+03
2.001953125000000000e-02 6.743000000000000000e+03
2.423095703125000000e-02 6.743000000000000000e+03
1.995849609375000000e-02 5.810000000000000000e+03
1.867675781250000000e-02 7.808000000000000000e+03
2.288818359375000000e-02 5.846000000000000000e+03
2.447509765625000000e-02 6.984000000000000000e+03
2.703857421875000000e-02 5.483000000000000000e+03
2.307128906250000000e-02 5.400000000000000000e+03
2.441406250000000000e-02 6.928000000000000000e+03
2.343750000000000000e-02 7.994000000000000000e+03
2.191162109375000000e-02 7.349000000000000000e+03
2.246093750000000000e-02 5.191000000000000000e+03
1.843261718750000000e-02 7.931000000000000000e+03
2.093505859375000000e-02 7.293000000000000000e+03
2.630615234375000000e-02 4.227000000000000000e+03
2.508544921875000000e-02 6.958000000000000000e+03
1.934814453125000000e-02 7.282000000000000000e+03
2.099609375000000000e-02 5.092000000000000000e+03
2.142333984375000000e-02 7.460000000000000000e+03
1.568603515625000000e-02 7.785000000000000000e+03
2.124023437500000000e-02 6.913000000000000000e+03
1.812744140625000000e-02 6.831000000000000000e+03
1.306152343750000000e-02 6.941000000000000000e+03
2.276611328125000000e-02 6.311000000000000000e+03
2.221679687500000000e-02 7.853000000000000000e+03
2.276611328125000000e-02 5.574000000000000000e+03
2.734375000000000000e-02 6.564000000000000000e+03
2.227783203125000000e-02 6.349000000000000000e+03
2.325439453125000000e-02 7.301000000000000000e+03
1.983642578125000000e-02 5.699000000000000000e+03
2.508544921875000000e-02 7.623000000000000000e+03
2.630615234375000000e-02 5.906000000000000000e+03
