2.593994140625000000e-02 3.658447265625000000e-01 9.740600585937500000e-01
2.160644531250000000e-02 4.505004882812500000e-01 9.783935546875000000e-01
1.989746093750000000e-02 4.563598632812500000e-01 9.801025390625000000e-01
1.611328125000000000e-02 4.723510742187500000e-01 9.838867187500000000e-01
1.696777343750000000e-02 4.481201171875000000e-01 9.830322265625000000e-01
2.416992187500000000e-02 3.126220703125000000e-01 7.116699218750000000e-01
1.763916015625000000e-02 4.844970703125000000e-01 9.823608398437500000e-01
2.056884765625000000e-02 3.681640625000000000e-01 9.794311523437500000e-01
1.947021484375000000e-02 3.977050781250000000e-01 9.805297851562500000e-01
2.893066406250000000e-02 2.951049804687500000e-01 7.044067382812500000e-01
2.746582031250000000e-02 3.717041015625000000e-01 9.725341796875000000e-01
2.215576171875000000e-02 4.210815429687500000e-01 9.778442382812500000e-01
2.685546875000000000e-02 2.707519531250000000e-01 7.455444335937500000e-01
2.215576171875000000e-02 3.862915039062500000e-01 9.778442382812500000e-01
1.690673828125000000e-02 4.456787109375000000e-01 9.830932617187500000e-01
3.118896484375000000e-02 3.023681640625000000e-01 9.688110351562500000e-01
1.977539062500000000e-02 3.692016601562500000e-01 9.802246093750000000e-01
3.045654296875000000e-02 3.189086914062500000e-01 9.695434570312500000e-01
2.050781250000000000e-02 4.158325195312500000e-01 9.794921875000000000e-01
2.221679687500000000e-02 3.706665039062500000e-01 9.777832031250000000e-01
2.520751953125000000e-02 2.777709960937500000e-01 7.028808593750000000e-01
1.947021484375000000e-02 4.141845703125000000e-01 9.805297851562500000e-01
2.246093750000000000e-02 4.317626953125000000e-01 9.775390625000000000e-01
2.069091796875000000e-02 4.727783203125000000e-01 9.793090820312500000e-01
2.716064453125000000e-02 3.106079101562500000e-01 7.586669921875000000e-01
2.319335937500000000e-02 4.518432617187500000e-01 9.768066406250000000e-01
2.319335937500000000e-02 3.957519531250000000e-01 9.768066406250000000e-01
2.551269531250000000e-02 4.426879882812500000e-01 9.744873046875000000e-01
1.727294921875000000e-02 3.200073242187500000e-01 9.827270507812500000e-01
