5.493164062500000000e-02 1.665039062500000000e-01 8.083496093750000000e-01
4.901123046875000000e-02 3.242797851562500000e-01 9.509887695312500000e-01
5.584716796875000000e-02 1.863403320312500000e-01 7.595825195312500000e-01
5.450439453125000000e-02 1.630249023437500000e-01 9.454345703125000000e-01
6.250000000000000000e-02 1.569213867187500000e-01 7.002563476562500000e-01
6.457519531250000000e-02 1.955566406250000000e-01 5.815429687500000000e-01
6.707763671875000000e-02 1.811523437500000000e-01 8.615722656250000000e-01
6.958007812500000000e-02 3.046875000000000000e-01 7.227783203125000000e-01
5.749511718750000000e-02 3.325195312500000000e-01 9.425048828125000000e-01
5.987548828125000000e-02 1.853027343750000000e-01 8.775024414062500000e-01
5.767822265625000000e-02 1.705932617187500000e-01 9.423217773437500000e-01
6.518554687500000000e-02 1.977539062500000000e-01 5.598144531250000000e-01
5.548095703125000000e-02 2.437744140625000000e-01 9.445190429687500000e-01
4.498291015625000000e-02 2.659912109375000000e-01 9.550170898437500000e-01
5.963134765625000000e-02 2.003784179687500000e-01 9.403686523437500000e-01
6.329345703125000000e-02 2.349243164062500000e-01 6.210937500000000000e-01
7.275390625000000000e-02 1.635742187500000000e-01 3.966674804687500000e-01
5.523681640625000000e-02 3.065795898437500000e-01 8.252563476562500000e-01
6.384277343750000000e-02 2.901000976562500000e-01 8.417358398437500000e-01
5.426025390625000000e-02 2.713623046875000000e-01 8.809204101562500000e-01
5.792236328125000000e-02 3.496704101562500000e-01 8.281860351562500000e-01
5.645751953125000000e-02 2.036132812500000000e-01 6.772460937500000000e-01
6.652832031250000000e-02 2.616577148437500000e-01 6.534423828125000000e-01
6.146240234375000000e-02 3.278808593750000000e-01 7.346191406250000000e-01
7.031250000000000000e-02 2.016601562500000000e-01 6.008911132812500000e-01
5.236816406250000000e-02 2.764282226562500000e-01 9.476318359375000000e-01
6.372070312500000000e-02 1.541137695312500000e-01 6.688842773437500000e-01
5.487060546875000000e-02 2.453002929687500000e-01 6.357421875000000000e-01
6.164550781250000000e-02 2.398681640625000000e-01 7.734985351562500000e-01
6.671142578125000000e-02 2.520751953125000000e-01 7.113647460937500000e-01
5.389404296875000000e-02 3.200073242187500000e-01 8.536987304687500000e-01
6.109619140625000000e-02 2.468261718750000000e-01 5.014648437500000000e-01
6.280517578125000000e-02 2.697753906250000000e-01 6.259765625000000000e-01
5.932617187500000000e-02 2.416381835937500000e-01 5.020751953125000000e-01
7.025146484375000000e-02 1.775512695312500000e-01 4.290771484375000000e-01
5.163574218750000000e-02 3.955078125000000000e-01 8.054809570312500000e-01
5.017089843750000000e-02 2.186279296875000000e-01 9.498291015625000000e-01
6.323242187500000000e-02 3.131103515625000000e-01 7.711181640625000000e-01
5.950927734375000000e-02 1.671142578125000000e-01 7.996215820312500000e-01
5.432128906250000000e-02 3.184204101562500000e-01 7.837524414062500000e-01
6.091308593750000000e-02 3.491821289062500000e-01 9.390869140625000000e-01
7.214355468750000000e-02 2.272949218750000000e-01 5.241699218750000000e-01
5.279541015625000000e-02 1.824340820312500000e-01 8.671264648437500000e-01
6.243896484375000000e-02 3.167724609375000000e-01 6.510620117187500000e-01
