1.885986328125000000e-02 4.645996093750000000e-01 9.811401367187500000e-01
1.501464843750000000e-02 4.398193359375000000e-01 9.849853515625000000e-01
2.416992187500000000e-02 4.048461914062500000e-01 9.758300781250000000e-01
1.782226562500000000e-02 3.762817382812500000e-01 9.821777343750000000e-01
1.940917968750000000e-02 3.396606445312500000e-01 9.805908203125000000e-01
1.324462890625000000e-02 4.932250976562500000e-01 9.867553710937500000e-01
1.721191406250000000e-02 4.884033203125000000e-01 9.827880859375000000e-01
2.209472656250000000e-02 3.225097656250000000e-01 9.779052734375000000e-01
2.209472656250000000e-02 4.291992187500000000e-01 9.779052734375000000e-01
2.935791015625000000e-02 4.314575195312500000e-01 9.706420898437500000e-01
2.319335937500000000e-02 4.087524414062500000e-01 9.768066406250000000e-01
2.343750000000000000e-02 4.535522460937500000e-01 9.765625000000000000e-01
2.008056640625000000e-02 4.556884765625000000e-01 9.799194335937500000e-01
2.178955078125000000e-02 3.367919921875000000e-01 9.782104492187500000e-01
1.794433593750000000e-02 4.458007812500000000e-01 9.820556640625000000e-01
1.885986328125000000e-02 3.694458007812500000e-01 9.811401367187500000e-01
1.885986328125000000e-02 4.309692382812500000e-01 9.811401367187500000e-01
2.416992187500000000e-02 2.952880859375000000e-01 9.758300781250000000e-01
1.953125000000000000e-02 2.597045898437500000e-01 9.804687500000000000e-01
2.014160156250000000e-02 4.566040039062500000e-01 9.798583984375000000e-01
1.763916015625000000e-02 4.108886718750000000e-01 9.823608398437500000e-01
2.648925781250000000e-02 4.786987304687500000e-01 9.735107421875000000e-01
2.349853515625000000e-02 2.785644531250000000e-01 7.539062500000000000e-01
2.099609375000000000e-02 4.248046875000000000e-01 9.790039062500000000e-01
2.148437500000000000e-02 4.530029296875000000e-01 9.785156250000000000e-01
2.362060546875000000e-02 4.511718750000000000e-01 9.763793945312500000e-01
2.661132812500000000e-02 3.023071289062500000e-01 6.775512695312500000e-01
2.795410156250000000e-02 2.669067382812500000e-01 7.268066406250000000e-01
2.990722656250000000e-02 3.843383789062500000e-01 9.700927734375000000e-01
3.240966796875000000e-02 3.035888671875000000e-01 6.692504882812500000e-01
2.069091796875000000e-02 4.741210937500000000e-01 9.793090820312500000e-01
2.294921875000000000e-02 4.173583984375000000e-01 9.770507812500000000e-01
2.459716796875000000e-02 4.269409179687500000e-01 9.754028320312500000e-01
2.081298828125000000e-02 4.339599609375000000e-01 9.791870117187500000e-01
2.087402343750000000e-02 4.868774414062500000e-01 9.791259765625000000e-01
2.612304687500000000e-02 4.793701171875000000e-01 9.738769531250000000e-01
2.062988281250000000e-02 4.323730468750000000e-01 9.793701171875000000e-01
2.178955078125000000e-02 4.458007812500000000e-01 9.782104492187500000e-01
3.137207031250000000e-02 2.838745117187500000e-01 8.029785156250000000e-01
2.313232421875000000e-02 4.306030273437500000e-01 9.768676757812500000e-01
2.532958984375000000e-02 3.205566406250000000e-01 7.228393554687500000e-01
1.788330078125000000e-02 3.187866210937500000e-01 9.821166992187500000e-01
3.186035156250000000e-02 3.239746093750000000e-01 7.379760742187500000e-01
1.947021484375000000e-02 3.541870117187500000e-01 9.805297851562500000e-01
2.148437500000000000e-02 4.307861328125000000e-01 9.785156250000000000e-01
2.844238281250000000e-02 4.849853515625000000e-01 9.715576171875000000e-01
2.069091796875000000e-02 4.605102539062500000e-01 9.793090820312500000e-01
2.203369140625000000e-02 3.159179687500000000e-01 9.779663085937500000e-01
1.843261718750000000e-02 4.874267578125000000e-01 9.815673828125000000e-01
1.995849609375000000e-02 4.779052734375000000e-01 9.800415039062500000e-01
2.331542968750000000e-02 4.332275390625000000e-01 9.765625000000000000e-01
3.424072265625000000e-02 2.681884765625000000e-01 7.243652343750000000e-01
1.947021484375000000e-02 4.890747070312500000e-01 9.805297851562500000e-01
1.879882812500000000e-02 4.494628906250000000e-01 9.812011718750000000e-01
3.283691406250000000e-02 2.648925781250000000e-01 7.056884765625000000e-01
1.861572265625000000e-02 4.902954101562500000e-01 9.813842773437500000e-01
3.106689453125000000e-02 2.772827148437500000e-01 9.687500000000000000e-01
2.545166015625000000e-02 3.477783203125000000e-01 7.135620117187500000e-01
2.130126953125000000e-02 3.472290039062500000e-01 9.786987304687500000e-01
2.618408203125000000e-02 3.568725585937500000e-01 9.738159179687500000e-01
2.770996093750000000e-02 2.599487304687500000e-01 9.722900390625000000e-01
2.288818359375000000e-02 4.068603515625000000e-01 9.771118164062500000e-01
2.496337890625000000e-02 4.857788085937500000e-01 9.750366210937500000e-01
2.331542968750000000e-02 4.765014648437500000e-01 9.766845703125000000e-01
1.617431640625000000e-02 3.593750000000000000e-01 9.838256835937500000e-01
2.435302734375000000e-02 3.764648437500000000e-01 9.756469726562500000e-01
2.783203125000000000e-02 3.610229492187500000e-01 9.721679687500000000e-01
3.405761718750000000e-02 2.992553710937500000e-01 6.802368164062500000e-01
3.222656250000000000e-02 2.283935546875000000e-01 7.569580078125000000e-01
2.709960937500000000e-02 4.353027343750000000e-01 9.729003906250000000e-01
2.459716796875000000e-02 4.230346679687500000e-01 9.754028320312500000e-01
2.166748046875000000e-02 3.718872070312500000e-01 9.783325195312500000e-01
2.221679687500000000e-02 3.417968750000000000e-01 9.777832031250000000e-01
2.087402343750000000e-02 3.794555664062500000e-01 9.791259765625000000e-01
2.447509765625000000e-02 4.865112304687500000e-01 9.755249023437500000e-01
2.490234375000000000e-02 4.519653320312500000e-01 9.750976562500000000e-01
2.050781250000000000e-02 2.777099609375000000e-01 9.794921875000000000e-01
1.867675781250000000e-02 3.383178710937500000e-01 9.813232421875000000e-01
1.403808593750000000e-02 4.810791015625000000e-01 9.859619140625000000e-01
3.155517578125000000e-02 2.883911132812500000e-01 7.296142578125000000e-01
1.867675781250000000e-02 4.264526367187500000e-01 9.813232421875000000e-01
3.369140625000000000e-02 2.401123046875000000e-01 5.184936523437500000e-01
2.471923828125000000e-02 3.773193359375000000e-01 9.752807617187500000e-01
2.178955078125000000e-02 4.064941406250000000e-01 9.781494140625000000e-01
2.624511718750000000e-02 3.917236328125000000e-01 9.737548828125000000e-01
2.160644531250000000e-02 2.894897460937500000e-01 9.783935546875000000e-01
3.662109375000000000e-02 3.336181640625000000e-01 7.470092773437500000e-01
2.294921875000000000e-02 4.036865234375000000e-01 9.770507812500000000e-01
