3.021240234375000000e-02 3.103027343750000000e-01 6.608886718750000000e-01
1.971435546875000000e-02 4.295654296875000000e-01 9.802856445312500000e-01
2.246093750000000000e-02 4.605712890625000000e-01 9.775390625000000000e-01
2.392578125000000000e-02 2.888183593750000000e-01 7.707519531250000000e-01
1.666259765625000000e-02 4.299316406250000000e-01 9.833374023437500000e-01
2.410888671875000000e-02 3.144531250000000000e-01 6.669311523437500000e-01
1.916503906250000000e-02 4.820556640625000000e-01 9.808349609375000000e-01
3.387451171875000000e-02 2.622070312500000000e-01 9.661254882812500000e-01
1.483154296875000000e-02 4.342041015625000000e-01 9.851684570312500000e-01
3.161621093750000000e-02 4.107666015625000000e-01 9.683837890625000000e-01
2.703857421875000000e-02 4.307250976562500000e-01 9.729614257812500000e-01
2.252197265625000000e-02 4.665527343750000000e-01 9.774780273437500000e-01
3.057861328125000000e-02 2.828369140625000000e-01 5.716552734375000000e-01
2.197265625000000000e-02 4.755859375000000000e-01 9.780273437500000000e-01
2.148437500000000000e-02 4.660034179687500000e-01 9.785156250000000000e-01
1.837158203125000000e-02 4.573364257812500000e-01 9.816284179687500000e-01
2.050781250000000000e-02 3.635864257812500000e-01 9.794921875000000000e-01
2.459716796875000000e-02 3.197021484375000000e-01 6.795654296875000000e-01
2.227783203125000000e-02 4.317626953125000000e-01 9.777221679687500000e-01
2.575683593750000000e-02 2.879028320312500000e-01 9.742431640625000000e-01
1.898193359375000000e-02 2.728881835937500000e-01 9.810180664062500000e-01
1.947021484375000000e-02 4.734497070312500000e-01 9.805297851562500000e-01
2.142333984375000000e-02 4.838867187500000000e-01 9.785766601562500000e-01
3.216552734375000000e-02 4.793701171875000000e-01 9.678344726562500000e-01
2.508544921875000000e-02 2.745971679687500000e-01 9.749145507812500000e-01
2.001953125000000000e-02 4.783935546875000000e-01 9.799194335937500000e-01
1.922607421875000000e-02 4.226684570312500000e-01 9.807739257812500000e-01
2.392578125000000000e-02 4.686279296875000000e-01 9.760742187500000000e-01
1.672363281250000000e-02 4.508056640625000000e-01 9.832763671875000000e-01
