6.964111328125000000e-02 3.179931640625000000e-01 8.058471679687500000e-01
6.658935546875000000e-02 4.319458007812500000e-01 9.334106445312500000e-01
5.615234375000000000e-02 3.385009765625000000e-01 9.438476562500000000e-01
5.725097656250000000e-02 1.921386718750000000e-01 9.426879882812500000e-01
7.031250000000000000e-02 2.358398437500000000e-01 5.257568359375000000e-01
6.866455078125000000e-02 2.598266601562500000e-01 7.344360351562500000e-01
7.299804687500000000e-02 3.278808593750000000e-01 8.215942382812500000e-01
6.585693359375000000e-02 1.848144531250000000e-01 7.109375000000000000e-01
7.202148437500000000e-02 2.008666992187500000e-01 8.129272460937500000e-01
5.334472656250000000e-02 2.531738281250000000e-01 9.466552734375000000e-01
7.196044921875000000e-02 2.328491210937500000e-01 6.617431640625000000e-01
6.292724609375000000e-02 3.580932617187500000e-01 9.370727539062500000e-01
7.562255859375000000e-02 2.234497070312500000e-01 7.351074218750000000e-01
5.981445312500000000e-02 1.889038085937500000e-01 9.401245117187500000e-01
6.481933593750000000e-02 3.272094726562500000e-01 8.041381835937500000e-01
6.896972656250000000e-02 3.657226562500000000e-01 8.948364257812500000e-01
7.141113281250000000e-02 2.685546875000000000e-01 6.411132812500000000e-01
5.615234375000000000e-02 3.525390625000000000e-01 9.438476562500000000e-01
5.822753906250000000e-02 2.582397460937500000e-01 8.954467773437500000e-01
7.116699218750000000e-02 3.948364257812500000e-01 8.970947265625000000e-01
7.305908203125000000e-02 2.061157226562500000e-01 5.184936523437500000e-01
6.622314453125000000e-02 2.644653320312500000e-01 7.210693359375000000e-01
6.542968750000000000e-02 1.995849609375000000e-01 8.718261718750000000e-01
6.243896484375000000e-02 2.709350585937500000e-01 9.375610351562500000e-01
7.067871093750000000e-02 2.574462890625000000e-01 6.488037109375000000e-01
7.244873046875000000e-02 2.018432617187500000e-01 5.820312500000000000e-01
7.153320312500000000e-02 4.346923828125000000e-01 9.284667968750000000e-01
5.944824218750000000e-02 3.991088867187500000e-01 8.519287109375000000e-01
6.427001953125000000e-02 1.929321289062500000e-01 9.357299804687500000e-01
7.019042968750000000e-02 2.465820312500000000e-01 8.020629882812500000e-01
6.512451171875000000e-02 4.503173828125000000e-01 9.348754882812500000e-01
7.189941406250000000e-02 2.399902343750000000e-01 5.810546875000000000e-01
7.006835937500000000e-02 3.387451171875000000e-01 8.250122070312500000e-01
5.950927734375000000e-02 1.704101562500000000e-01 9.404907226562500000e-01
6.500244140625000000e-02 3.079223632812500000e-01 7.921142578125000000e-01
6.933593750000000000e-02 2.427368164062500000e-01 8.041381835937500000e-01
7.257080078125000000e-02 2.279663085937500000e-01 6.683959960937500000e-01
6.317138671875000000e-02 2.271728515625000000e-01 6.192626953125000000e-01
7.781982421875000000e-02 1.871948242187500000e-01 5.714111328125000000e-01
6.823730468750000000e-02 1.507568359375000000e-01 7.185668945312500000e-01
6.188964843750000000e-02 3.737792968750000000e-01 9.381103515625000000e-01
6.695556640625000000e-02 3.651123046875000000e-01 9.330444335937500000e-01
7.104492187500000000e-02 1.464843750000000000e-01 7.480468750000000000e-01
5.706787109375000000e-02 2.586669921875000000e-01 8.044433593750000000e-01
7.153320312500000000e-02 3.049926757812500000e-01 8.034057617187500000e-01
5.627441406250000000e-02 1.623535156250000000e-01 9.437255859375000000e-01
6.866455078125000000e-02 1.763916015625000000e-01 6.741333007812500000e-01
8.190917968750000000e-02 1.527709960937500000e-01 3.236694335937500000e-01
6.597900390625000000e-02 3.146972656250000000e-01 8.939819335937500000e-01
6.164550781250000000e-02 3.300781250000000000e-01 9.024658203125000000e-01
7.269287109375000000e-02 1.642456054687500000e-01 4.184570312500000000e-01
6.988525390625000000e-02 2.897949218750000000e-01 8.115234375000000000e-01
6.298828125000000000e-02 3.511352539062500000e-01 9.370117187500000000e-01
6.671142578125000000e-02 2.663574218750000000e-01 5.954589843750000000e-01
7.672119140625000000e-02 1.508178710937500000e-01 4.016113281250000000e-01
7.116699218750000000e-02 1.192626953125000000e-01 5.761718750000000000e-01
6.811523437500000000e-02 1.635742187500000000e-01 9.020996093750000000e-01
5.432128906250000000e-02 1.688842773437500000e-01 8.090209960937500000e-01
7.281494140625000000e-02 2.952270507812500000e-01 8.146972656250000000e-01
7.946777343750000000e-02 2.377319335937500000e-01 6.690063476562500000e-01
6.414794921875000000e-02 4.367675781250000000e-01 8.953247070312500000e-01
7.299804687500000000e-02 2.183837890625000000e-01 6.989746093750000000e-01
7.452392578125000000e-02 2.268066406250000000e-01 4.577636718750000000e-01
7.037353515625000000e-02 2.377929687500000000e-01 5.191040039062500000e-01
6.195068359375000000e-02 3.612670898437500000e-01 9.380493164062500000e-01
6.433105468750000000e-02 2.732543945312500000e-01 9.356689453125000000e-01
6.591796875000000000e-02 1.461791992187500000e-01 6.874389648437500000e-01
6.268310546875000000e-02 2.678833007812500000e-01 9.373168945312500000e-01
6.201171875000000000e-02 2.132568359375000000e-01 9.379882812500000000e-01
6.896972656250000000e-02 3.847656250000000000e-01 8.580322265625000000e-01
6.927490234375000000e-02 3.789062500000000000e-01 9.071655273437500000e-01
7.226562500000000000e-02 2.733154296875000000e-01 6.957397460937500000e-01
6.268310546875000000e-02 2.647094726562500000e-01 9.373168945312500000e-01
7.879638671875000000e-02 2.494506835937500000e-01 5.049438476562500000e-01
6.488037109375000000e-02 4.229125976562500000e-01 9.351196289062500000e-01
6.250000000000000000e-02 2.479858398437500000e-01 8.833618164062500000e-01
7.391357421875000000e-02 1.915893554687500000e-01 6.062622070312500000e-01
6.475830078125000000e-02 3.131103515625000000e-01 9.351806640625000000e-01
7.324218750000000000e-02 2.058105468750000000e-01 6.300048828125000000e-01
6.866455078125000000e-02 3.817138671875000000e-01 8.358764648437500000e-01
7.012939453125000000e-02 2.800903320312500000e-01 6.487426757812500000e-01
5.969238281250000000e-02 3.945922851562500000e-01 9.403076171875000000e-01
6.890869140625000000e-02 2.711181640625000000e-01 8.425903320312500000e-01
6.512451171875000000e-02 2.468872070312500000e-01 8.787231445312500000e-01
6.707763671875000000e-02 4.003295898437500000e-01 8.848876953125000000e-01
7.366943359375000000e-02 1.908569335937500000e-01 4.590454101562500000e-01
7.312011718750000000e-02 1.535034179687500000e-01 3.956909179687500000e-01
6.433105468750000000e-02 2.225341796875000000e-01 9.356689453125000000e-01
