2.191162109375000000e-02 3.654174804687500000e-01 9.780883789062500000e-01
2.191162109375000000e-02 3.115844726562500000e-01 9.780883789062500000e-01
2.020263671875000000e-02 4.672851562500000000e-01 9.797973632812500000e-01
1.733398437500000000e-02 4.895629882812500000e-01 9.826660156250000000e-01
2.301025390625000000e-02 4.700927734375000000e-01 9.769897460937500000e-01
1.629638671875000000e-02 4.410400390625000000e-01 9.837036132812500000e-01
1.837158203125000000e-02 3.955078125000000000e-01 9.816284179687500000e-01
1.843261718750000000e-02 4.517211914062500000e-01 9.815673828125000000e-01
2.600097656250000000e-02 3.692016601562500000e-01 9.739990234375000000e-01
2.636718750000000000e-02 3.618164062500000000e-01 7.703247070312500000e-01
2.630615234375000000e-02 3.226928710937500000e-01 9.736938476562500000e-01
1.873779296875000000e-02 4.689331054687500000e-01 9.812622070312500000e-01
1.739501953125000000e-02 4.655151367187500000e-01 9.826049804687500000e-01
2.478027343750000000e-02 3.716430664062500000e-01 7.772216796875000000e-01
2.087402343750000000e-02 4.667968750000000000e-01 9.791259765625000000e-01
1.562500000000000000e-02 4.786987304687500000e-01 9.843750000000000000e-01
1.666259765625000000e-02 4.472045898437500000e-01 9.833374023437500000e-01
2.062988281250000000e-02 3.727416992187500000e-01 9.793701171875000000e-01
2.276611328125000000e-02 3.269042968750000000e-01 9.772338867187500000e-01
2.062988281250000000e-02 4.286499023437500000e-01 9.793701171875000000e-01
2.569580078125000000e-02 4.136352539062500000e-01 9.743041992187500000e-01
1.910400390625000000e-02 2.280883789062500000e-01 9.808959960937500000e-01
1.867675781250000000e-02 4.255981445312500000e-01 9.812622070312500000e-01
2.288818359375000000e-02 4.809570312500000000e-01 9.771118164062500000e-01
2.026367187500000000e-02 3.983154296875000000e-01 9.797363281250000000e-01
2.172851562500000000e-02 4.082641601562500000e-01 9.782714843750000000e-01
2.307128906250000000e-02 3.259887695312500000e-01 9.769287109375000000e-01
2.526855468750000000e-02 4.127197265625000000e-01 9.747314453125000000e-01
3.228759765625000000e-02 3.175659179687500000e-01 9.677124023437500000e-01
1.593017578125000000e-02 3.200073242187500000e-01 9.840698242187500000e-01
1.751708984375000000e-02 4.907836914062500000e-01 9.824829101562500000e-01
2.343750000000000000e-02 3.307495117187500000e-01 9.765625000000000000e-01
2.081298828125000000e-02 4.351196289062500000e-01 9.791870117187500000e-01
1.678466796875000000e-02 3.859863281250000000e-01 9.832153320312500000e-01
1.745605468750000000e-02 4.725341796875000000e-01 9.825439453125000000e-01
1.910400390625000000e-02 3.897094726562500000e-01 9.808959960937500000e-01
2.038574218750000000e-02 4.133911132812500000e-01 9.796142578125000000e-01
2.136230468750000000e-02 3.167114257812500000e-01 9.786376953125000000e-01
2.032470703125000000e-02 4.771118164062500000e-01 9.796752929687500000e-01
2.026367187500000000e-02 4.155883789062500000e-01 9.797363281250000000e-01
2.264404296875000000e-02 4.881591796875000000e-01 9.773559570312500000e-01
2.478027343750000000e-02 4.644775390625000000e-01 9.752197265625000000e-01
1.947021484375000000e-02 4.537963867187500000e-01 9.805297851562500000e-01
2.642822265625000000e-02 3.182983398437500000e-01 6.737670898437500000e-01
