1.647338867187500000e-01 3.547973632812500000e-01 7.456054687500000000e-01
1.671142578125000000e-01 8.892822265625000000e-02 7.572021484375000000e-01
1.659545898437500000e-01 1.718139648437500000e-01 7.539062500000000000e-01
1.693725585937500000e-01 2.194824218750000000e-01 5.515747070312500000e-01
1.738281250000000000e-01 2.186889648437500000e-01 5.212402343750000000e-01
1.743774414062500000e-01 8.117675781250000000e-02 5.144042968750000000e-01
1.648559570312500000e-01 1.150512695312500000e-01 7.186279296875000000e-01
1.649780273437500000e-01 1.148681640625000000e-01 5.837402343750000000e-01
1.653442382812500000e-01 1.253051757812500000e-01 7.614746093750000000e-01
1.785888671875000000e-01 9.594726562500000000e-02 3.477783203125000000e-01
1.715698242187500000e-01 1.740112304687500000e-01 5.470581054687500000e-01
1.679687500000000000e-01 1.949462890625000000e-01 5.605468750000000000e-01
1.734008789062500000e-01 9.570312500000000000e-02 4.946899414062500000e-01
1.731567382812500000e-01 1.871948242187500000e-01 6.754760742187500000e-01
1.702270507812500000e-01 1.210327148437500000e-01 6.878662109375000000e-01
1.659545898437500000e-01 1.437377929687500000e-01 5.247802734375000000e-01
1.694335937500000000e-01 1.423950195312500000e-01 5.252685546875000000e-01
1.653442382812500000e-01 1.384277343750000000e-01 6.738281250000000000e-01
1.718750000000000000e-01 2.766723632812500000e-01 5.612792968750000000e-01
1.685180664062500000e-01 2.580566406250000000e-01 6.029052734375000000e-01
1.788330078125000000e-01 2.058715820312500000e-01 5.605468750000000000e-01
1.719360351562500000e-01 1.278686523437500000e-01 7.310180664062500000e-01
1.730346679687500000e-01 1.811523437500000000e-01 5.086669921875000000e-01
1.700439453125000000e-01 2.598876953125000000e-01 6.909179687500000000e-01
1.787719726562500000e-01 2.171020507812500000e-01 6.674804687500000000e-01
1.661376953125000000e-01 1.632690429687500000e-01 7.058105468750000000e-01
1.734008789062500000e-01 2.959594726562500000e-01 6.199951171875000000e-01
1.665039062500000000e-01 2.116699218750000000e-01 7.167358398437500000e-01
1.658935546875000000e-01 3.258666992187500000e-01 6.934204101562500000e-01
1.696777343750000000e-01 2.215576171875000000e-01 6.725463867187500000e-01
1.788940429687500000e-01 1.598510742187500000e-01 4.153442382812500000e-01
1.714477539062500000e-01 2.510375976562500000e-01 5.733032226562500000e-01
1.679687500000000000e-01 3.227539062500000000e-01 7.348022460937500000e-01
1.799316406250000000e-01 2.216186523437500000e-01 4.454345703125000000e-01
1.647338867187500000e-01 2.885131835937500000e-01 6.050415039062500000e-01
1.756591796875000000e-01 1.515502929687500000e-01 6.667480468750000000e-01
1.798095703125000000e-01 1.230468750000000000e-01 3.602294921875000000e-01
1.766357421875000000e-01 1.408081054687500000e-01 4.949340820312500000e-01
1.671142578125000000e-01 1.364135742187500000e-01 7.076416015625000000e-01
1.657104492187500000e-01 2.868652343750000000e-01 6.588134765625000000e-01
1.778564453125000000e-01 1.206665039062500000e-01 2.857055664062500000e-01
1.682128906250000000e-01 1.403198242187500000e-01 6.990966796875000000e-01
1.619262695312500000e-01 1.287231445312500000e-01 6.645507812500000000e-01
1.680908203125000000e-01 2.998657226562500000e-01 6.254272460937500000e-01
1.881103515625000000e-01 8.325195312500000000e-02 2.297973632812500000e-01
1.786499023437500000e-01 1.712036132812500000e-01 4.281005859375000000e-01
1.742553710937500000e-01 6.671142578125000000e-02 6.549682617187500000e-01
1.780395507812500000e-01 1.260375976562500000e-01 4.996948242187500000e-01
1.723632812500000000e-01 2.024536132812500000e-01 6.715698242187500000e-01
1.742553710937500000e-01 1.555175781250000000e-01 4.884033203125000000e-01
1.737060546875000000e-01 1.965332031250000000e-01 6.021728515625000000e-01
1.657714843750000000e-01 2.749023437500000000e-01 6.987304687500000000e-01
1.727294921875000000e-01 1.895751953125000000e-01 6.299438476562500000e-01
1.865234375000000000e-01 1.005859375000000000e-01 3.040771484375000000e-01
1.666259765625000000e-01 1.679077148437500000e-01 7.668457031250000000e-01
1.729736328125000000e-01 1.507568359375000000e-01 6.497192382812500000e-01
1.699218750000000000e-01 1.708374023437500000e-01 5.888671875000000000e-01
1.699829101562500000e-01 1.563720703125000000e-01 6.246948242187500000e-01
1.726074218750000000e-01 1.649169921875000000e-01 4.976196289062500000e-01
1.781005859375000000e-01 1.252441406250000000e-01 4.700317382812500000e-01
1.663818359375000000e-01 1.348266601562500000e-01 6.563110351562500000e-01
1.843872070312500000e-01 1.340942382812500000e-01 2.980957031250000000e-01
1.557617187500000000e-01 1.552734375000000000e-01 8.173828125000000000e-01
1.857299804687500000e-01 1.633911132812500000e-01 3.789062500000000000e-01
1.786499023437500000e-01 9.106445312500000000e-02 3.529052734375000000e-01
1.751098632812500000e-01 1.317749023437500000e-01 4.403686523437500000e-01
1.720581054687500000e-01 1.487426757812500000e-01 5.467529296875000000e-01
1.737670898437500000e-01 2.874755859375000000e-01 6.173706054687500000e-01
1.640625000000000000e-01 3.000488281250000000e-01 6.377563476562500000e-01
1.711425781250000000e-01 1.677246093750000000e-01 4.188232421875000000e-01
1.594848632812500000e-01 1.268920898437500000e-01 7.182006835937500000e-01
1.834716796875000000e-01 1.581420898437500000e-01 3.582153320312500000e-01
1.698608398437500000e-01 1.187133789062500000e-01 5.437011718750000000e-01
1.661376953125000000e-01 1.463012695312500000e-01 7.192993164062500000e-01
1.638793945312500000e-01 1.609497070312500000e-01 7.115478515625000000e-01
1.704711914062500000e-01 1.362915039062500000e-01 6.087036132812500000e-01
1.683959960937500000e-01 3.273925781250000000e-01 7.165527343750000000e-01
1.739501953125000000e-01 2.025756835937500000e-01 5.347290039062500000e-01
1.655273437500000000e-01 1.387939453125000000e-01 6.468505859375000000e-01
1.719360351562500000e-01 2.014160156250000000e-01 4.220581054687500000e-01
1.773681640625000000e-01 1.423950195312500000e-01 3.670043945312500000e-01
1.837768554687500000e-01 1.113281250000000000e-01 3.829345703125000000e-01
1.771240234375000000e-01 1.667480468750000000e-01 4.697875976562500000e-01
1.664428710937500000e-01 2.209472656250000000e-01 5.090942382812500000e-01
1.709594726562500000e-01 1.279296875000000000e-01 4.137573242187500000e-01
1.802978515625000000e-01 2.044067382812500000e-01 6.194458007812500000e-01
1.742553710937500000e-01 2.196655273437500000e-01 5.294799804687500000e-01
1.651611328125000000e-01 1.857299804687500000e-01 7.572631835937500000e-01
