3.209228515625000000e-01 2.655029296875000000e-01 5.485839843750000000e-01
3.370971679687500000e-01 1.246337890625000000e-01 3.737792968750000000e-01
3.309936523437500000e-01 1.050415039062500000e-01 5.244750976562500000e-01
3.419799804687500000e-01 9.173583984375000000e-02 3.610229492187500000e-01
3.412475585937500000e-01 1.140747070312500000e-01 4.146118164062500000e-01
3.412475585937500000e-01 1.065673828125000000e-01 3.879394531250000000e-01
3.378906250000000000e-01 1.397705078125000000e-01 4.357910156250000000e-01
3.395996093750000000e-01 1.587524414062500000e-01 3.237915039062500000e-01
3.366088867187500000e-01 1.834716796875000000e-01 3.691406250000000000e-01
3.515625000000000000e-01 8.483886718750000000e-02 1.803588867187500000e-01
3.410644531250000000e-01 8.660888671875000000e-02 4.588012695312500000e-01
3.369750976562500000e-01 9.149169921875000000e-02 4.221801757812500000e-01
3.307495117187500000e-01 2.729492187500000000e-01 5.470581054687500000e-01
3.242187500000000000e-01 1.644287109375000000e-01 6.018066406250000000e-01
3.416748046875000000e-01 1.094970703125000000e-01 3.755493164062500000e-01
3.416748046875000000e-01 1.091918945312500000e-01 2.606201171875000000e-01
3.325195312500000000e-01 8.135986328125000000e-02 5.060424804687500000e-01
3.208007812500000000e-01 2.082519531250000000e-01 5.492553710937500000e-01
3.488159179687500000e-01 1.015014648437500000e-01 2.451782226562500000e-01
3.342895507812500000e-01 1.547851562500000000e-01 3.940429687500000000e-01
3.364868164062500000e-01 1.709594726562500000e-01 4.650268554687500000e-01
3.394775390625000000e-01 1.602172851562500000e-01 4.390258789062500000e-01
3.254394531250000000e-01 2.390747070312500000e-01 5.095825195312500000e-01
3.336791992187500000e-01 1.001586914062500000e-01 5.649414062500000000e-01
3.324584960937500000e-01 1.289672851562500000e-01 5.432128906250000000e-01
3.421020507812500000e-01 9.124755859375000000e-02 1.931762695312500000e-01
3.353881835937500000e-01 1.442871093750000000e-01 4.937133789062500000e-01
3.357543945312500000e-01 1.552734375000000000e-01 5.126953125000000000e-01
3.430786132812500000e-01 1.048583984375000000e-01 3.383789062500000000e-01
3.388671875000000000e-01 8.581542968750000000e-02 3.273315429687500000e-01
3.360595703125000000e-01 1.574707031250000000e-01 3.424682617187500000e-01
3.359375000000000000e-01 9.613037109375000000e-02 3.825683593750000000e-01
3.407592773437500000e-01 1.137695312500000000e-01 4.174804687500000000e-01
3.275146484375000000e-01 6.750488281250000000e-02 5.416259765625000000e-01
3.263549804687500000e-01 8.154296875000000000e-02 5.761108398437500000e-01
3.375244140625000000e-01 9.002685546875000000e-02 3.136596679687500000e-01
3.385009765625000000e-01 1.570434570312500000e-01 3.352661132812500000e-01
3.305053710937500000e-01 2.014770507812500000e-01 4.801025390625000000e-01
3.416748046875000000e-01 1.028442382812500000e-01 3.223266601562500000e-01
3.342285156250000000e-01 8.172607421875000000e-02 3.973999023437500000e-01
3.273315429687500000e-01 1.157226562500000000e-01 5.920410156250000000e-01
3.364868164062500000e-01 2.105712890625000000e-01 4.578857421875000000e-01
3.413696289062500000e-01 1.048583984375000000e-01 2.225952148437500000e-01
3.316650390625000000e-01 1.181030273437500000e-01 4.533081054687500000e-01
3.220825195312500000e-01 2.850341796875000000e-01 6.100463867187500000e-01
3.459472656250000000e-01 8.569335937500000000e-02 2.123413085937500000e-01
3.399658203125000000e-01 8.587646484375000000e-02 3.784790039062500000e-01
3.398437500000000000e-01 7.025146484375000000e-02 4.114990234375000000e-01
3.285522460937500000e-01 1.700439453125000000e-01 5.516357421875000000e-01
3.431396484375000000e-01 1.091918945312500000e-01 3.079833984375000000e-01
3.454589843750000000e-01 1.113281250000000000e-01 2.519531250000000000e-01
3.350830078125000000e-01 1.029663085937500000e-01 5.567016601562500000e-01
3.333740234375000000e-01 8.679199218750000000e-02 5.012817382812500000e-01
3.491821289062500000e-01 1.099853515625000000e-01 2.340087890625000000e-01
3.203125000000000000e-01 1.182250976562500000e-01 5.955200195312500000e-01
3.344726562500000000e-01 1.190185546875000000e-01 3.265380859375000000e-01
3.413085937500000000e-01 5.883789062500000000e-02 2.354125976562500000e-01
3.449096679687500000e-01 1.513061523437500000e-01 4.232788085937500000e-01
3.457031250000000000e-01 1.410522460937500000e-01 2.962646484375000000e-01
3.410644531250000000e-01 1.393432617187500000e-01 2.947998046875000000e-01
3.503417968750000000e-01 9.594726562500000000e-02 2.421875000000000000e-01
3.465576171875000000e-01 1.205444335937500000e-01 3.056640625000000000e-01
3.341674804687500000e-01 2.436523437500000000e-01 5.227661132812500000e-01
3.277587890625000000e-01 1.556396484375000000e-01 5.215454101562500000e-01
3.154907226562500000e-01 1.835327148437500000e-01 6.331787109375000000e-01
3.289794921875000000e-01 9.344482421875000000e-02 5.035400390625000000e-01
3.387451171875000000e-01 1.844482421875000000e-01 5.200195312500000000e-01
3.413696289062500000e-01 1.783447265625000000e-01 3.736572265625000000e-01
3.375854492187500000e-01 1.310424804687500000e-01 3.032226562500000000e-01
3.456420898437500000e-01 1.437377929687500000e-01 3.408813476562500000e-01
3.300781250000000000e-01 1.233520507812500000e-01 5.208129882812500000e-01
3.353271484375000000e-01 1.215209960937500000e-01 4.330444335937500000e-01
3.399658203125000000e-01 1.899414062500000000e-01 4.591064453125000000e-01
3.386840820312500000e-01 1.073608398437500000e-01 5.347900390625000000e-01
3.344726562500000000e-01 1.250610351562500000e-01 5.338745117187500000e-01
3.377685546875000000e-01 1.615600585937500000e-01 4.018554687500000000e-01
3.472900390625000000e-01 7.562255859375000000e-02 2.512817382812500000e-01
3.433227539062500000e-01 1.266479492187500000e-01 2.786254882812500000e-01
3.322753906250000000e-01 1.101684570312500000e-01 4.096679687500000000e-01
3.471679687500000000e-01 8.917236328125000000e-02 2.077636718750000000e-01
3.264160156250000000e-01 2.102050781250000000e-01 5.366821289062500000e-01
3.415527343750000000e-01 1.518554687500000000e-01 3.899536132812500000e-01
3.361206054687500000e-01 2.090454101562500000e-01 4.734497070312500000e-01
3.235473632812500000e-01 8.856201171875000000e-02 5.925903320312500000e-01
3.136596679687500000e-01 1.832885742187500000e-01 6.520996093750000000e-01
3.513793945312500000e-01 9.411621093750000000e-02 2.407226562500000000e-01
3.382568359375000000e-01 2.085571289062500000e-01 4.534301757812500000e-01
3.237915039062500000e-01 2.328491210937500000e-01 5.874023437500000000e-01
