2.472534179687500000e-01 2.268066406250000000e-01 6.372680664062500000e-01
2.627563476562500000e-01 1.425170898437500000e-01 3.698730468750000000e-01
2.611083984375000000e-01 1.034545898437500000e-01 2.805786132812500000e-01
2.629394531250000000e-01 9.362792968750000000e-02 2.722167968750000000e-01
2.523193359375000000e-01 1.530151367187500000e-01 3.976440429687500000e-01
2.534179687500000000e-01 1.064453125000000000e-01 3.195800781250000000e-01
2.623901367187500000e-01 1.130371093750000000e-01 2.470703125000000000e-01
2.448120117187500000e-01 1.198120117187500000e-01 4.809570312500000000e-01
2.519531250000000000e-01 2.031860351562500000e-01 4.909667968750000000e-01
2.634277343750000000e-01 9.899902343750000000e-02 2.797851562500000000e-01
2.485351562500000000e-01 8.294677734375000000e-02 5.787353515625000000e-01
2.388305664062500000e-01 2.535400390625000000e-01 6.558227539062500000e-01
2.574462890625000000e-01 1.733398437500000000e-01 3.775634765625000000e-01
2.534790039062500000e-01 1.535644531250000000e-01 5.120239257812500000e-01
2.681884765625000000e-01 8.770751953125000000e-02 2.689208984375000000e-01
2.515869140625000000e-01 1.638793945312500000e-01 4.961547851562500000e-01
2.464599609375000000e-01 2.134399414062500000e-01 5.307617187500000000e-01
2.605590820312500000e-01 9.869384765625000000e-02 3.518676757812500000e-01
2.516479492187500000e-01 1.356811523437500000e-01 3.990478515625000000e-01
2.521362304687500000e-01 1.758422851562500000e-01 5.074462890625000000e-01
2.568969726562500000e-01 8.392333984375000000e-02 3.860473632812500000e-01
2.517700195312500000e-01 2.601928710937500000e-01 6.018676757812500000e-01
2.601318359375000000e-01 1.708374023437500000e-01 3.429565429687500000e-01
2.416992187500000000e-01 2.836914062500000000e-01 6.604614257812500000e-01
2.568359375000000000e-01 2.640380859375000000e-01 5.435180664062500000e-01
2.523803710937500000e-01 1.319580078125000000e-01 3.294677734375000000e-01
2.498168945312500000e-01 1.342163085937500000e-01 4.907836914062500000e-01
2.488403320312500000e-01 2.450561523437500000e-01 4.961547851562500000e-01
2.620849609375000000e-01 1.512451171875000000e-01 3.281250000000000000e-01
2.503051757812500000e-01 1.814575195312500000e-01 4.133911132812500000e-01
2.414550781250000000e-01 2.567749023437500000e-01 5.712890625000000000e-01
2.588500976562500000e-01 1.809082031250000000e-01 3.975830078125000000e-01
2.554321289062500000e-01 1.088867187500000000e-01 3.637695312500000000e-01
2.509765625000000000e-01 1.640625000000000000e-01 3.391113281250000000e-01
2.582397460937500000e-01 1.395263671875000000e-01 3.612670898437500000e-01
2.453002929687500000e-01 1.351318359375000000e-01 6.607055664062500000e-01
2.471923828125000000e-01 1.332397460937500000e-01 5.115356445312500000e-01
2.539062500000000000e-01 1.907348632812500000e-01 4.575805664062500000e-01
2.369384765625000000e-01 1.684570312500000000e-01 6.447143554687500000e-01
2.537841796875000000e-01 1.072998046875000000e-01 4.128417968750000000e-01
2.604370117187500000e-01 1.099853515625000000e-01 4.686279296875000000e-01
2.504882812500000000e-01 8.740234375000000000e-02 6.173095703125000000e-01
2.426147460937500000e-01 1.196899414062500000e-01 6.594238281250000000e-01
2.542724609375000000e-01 1.430664062500000000e-01 5.189208984375000000e-01
2.549438476562500000e-01 1.337890625000000000e-01 5.422363281250000000e-01
2.505493164062500000e-01 1.814575195312500000e-01 6.182250976562500000e-01
2.504882812500000000e-01 1.835937500000000000e-01 4.456176757812500000e-01
2.510986328125000000e-01 1.751708984375000000e-01 4.583740234375000000e-01
2.614746093750000000e-01 1.214599609375000000e-01 2.656250000000000000e-01
2.523803710937500000e-01 2.567749023437500000e-01 5.280151367187500000e-01
2.500610351562500000e-01 1.923217773437500000e-01 5.413818359375000000e-01
2.458496093750000000e-01 1.561279296875000000e-01 5.805053710937500000e-01
2.528076171875000000e-01 2.086181640625000000e-01 4.273071289062500000e-01
2.567749023437500000e-01 1.930541992187500000e-01 4.315185546875000000e-01
2.501831054687500000e-01 2.056884765625000000e-01 4.351196289062500000e-01
2.468872070312500000e-01 1.566772460937500000e-01 5.937500000000000000e-01
2.570190429687500000e-01 1.070556640625000000e-01 3.602905273437500000e-01
2.404174804687500000e-01 1.110839843750000000e-01 6.722412109375000000e-01
2.507934570312500000e-01 2.434082031250000000e-01 6.546020507812500000e-01
2.523193359375000000e-01 1.763916015625000000e-01 5.455322265625000000e-01
2.461547851562500000e-01 1.512451171875000000e-01 6.531372070312500000e-01
2.457275390625000000e-01 1.484375000000000000e-01 5.791625976562500000e-01
2.326049804687500000e-01 1.151733398437500000e-01 7.009887695312500000e-01
2.369384765625000000e-01 1.469726562500000000e-01 7.042846679687500000e-01
2.519531250000000000e-01 1.286010742187500000e-01 4.703979492187500000e-01
2.496337890625000000e-01 9.796142578125000000e-02 6.214599609375000000e-01
2.500610351562500000e-01 1.870117187500000000e-01 5.961303710937500000e-01
2.484741210937500000e-01 1.137084960937500000e-01 6.172485351562500000e-01
2.525024414062500000e-01 2.598876953125000000e-01 6.043701171875000000e-01
2.627563476562500000e-01 1.092529296875000000e-01 2.599487304687500000e-01
2.489013671875000000e-01 1.547851562500000000e-01 5.264282226562500000e-01
2.548217773437500000e-01 1.058959960937500000e-01 4.914550781250000000e-01
2.532348632812500000e-01 1.609497070312500000e-01 4.364013671875000000e-01
2.494506835937500000e-01 2.042236328125000000e-01 4.197998046875000000e-01
2.520141601562500000e-01 2.532958984375000000e-01 5.466918945312500000e-01
2.662963867187500000e-01 6.738281250000000000e-02 1.721191406250000000e-01
2.468261718750000000e-01 1.131591796875000000e-01 4.417114257812500000e-01
2.501220703125000000e-01 1.919555664062500000e-01 5.681762695312500000e-01
2.514648437500000000e-01 2.525634765625000000e-01 5.225830078125000000e-01
2.417602539062500000e-01 1.860351562500000000e-01 6.630859375000000000e-01
2.485961914062500000e-01 1.333007812500000000e-01 5.694580078125000000e-01
2.526245117187500000e-01 2.077026367187500000e-01 5.892333984375000000e-01
2.551269531250000000e-01 1.289672851562500000e-01 3.601684570312500000e-01
2.539672851562500000e-01 1.413574218750000000e-01 4.181518554687500000e-01
2.501220703125000000e-01 1.893310546875000000e-01 5.810546875000000000e-01
2.503662109375000000e-01 1.071166992187500000e-01 5.076293945312500000e-01
2.484741210937500000e-01 1.033935546875000000e-01 5.977783203125000000e-01
2.421264648437500000e-01 1.516723632812500000e-01 5.544433593750000000e-01
