2.233886718750000000e-02 4.524536132812500000e-01 9.776611328125000000e-01
2.374267578125000000e-02 4.153442382812500000e-01 9.762573242187500000e-01
2.404785156250000000e-02 4.309692382812500000e-01 9.759521484375000000e-01
3.155517578125000000e-02 2.876586914062500000e-01 7.575683593750000000e-01
2.886962890625000000e-02 2.927246093750000000e-01 6.979370117187500000e-01
2.954101562500000000e-02 3.378906250000000000e-01 9.704589843750000000e-01
3.082275390625000000e-02 3.489990234375000000e-01 9.691772460937500000e-01
2.020263671875000000e-02 2.630004882812500000e-01 9.797973632812500000e-01
2.209472656250000000e-02 2.439575195312500000e-01 9.779052734375000000e-01
2.893066406250000000e-02 3.358154296875000000e-01 9.710693359375000000e-01
4.077148437500000000e-02 2.620239257812500000e-01 7.274780273437500000e-01
2.593994140625000000e-02 4.719848632812500000e-01 9.740600585937500000e-01
2.819824218750000000e-02 4.469604492187500000e-01 9.718017578125000000e-01
2.099609375000000000e-02 4.418334960937500000e-01 9.790039062500000000e-01
2.282714843750000000e-02 4.713745117187500000e-01 9.771728515625000000e-01
2.392578125000000000e-02 4.559326171875000000e-01 9.760742187500000000e-01
2.893066406250000000e-02 3.706054687500000000e-01 9.710693359375000000e-01
3.692626953125000000e-02 4.159545898437500000e-01 9.630737304687500000e-01
2.124023437500000000e-02 3.688354492187500000e-01 9.787597656250000000e-01
2.423095703125000000e-02 2.613525390625000000e-01 9.757690429687500000e-01
3.692626953125000000e-02 2.471313476562500000e-01 6.024169921875000000e-01
2.673339843750000000e-02 3.131103515625000000e-01 9.732666015625000000e-01
3.973388671875000000e-02 2.962036132812500000e-01 6.373291015625000000e-01
3.521728515625000000e-02 4.165039062500000000e-01 8.432617187500000000e-01
2.520751953125000000e-02 4.536743164062500000e-01 9.747924804687500000e-01
3.967285156250000000e-02 3.738403320312500000e-01 8.005371093750000000e-01
2.758789062500000000e-02 3.015136718750000000e-01 9.724121093750000000e-01
3.033447265625000000e-02 4.337768554687500000e-01 9.696655273437500000e-01
3.979492187500000000e-02 3.832397460937500000e-01 8.798217773437500000e-01
1.647949218750000000e-02 3.024291992187500000e-01 9.835205078125000000e-01
2.459716796875000000e-02 4.489135742187500000e-01 9.754028320312500000e-01
3.253173828125000000e-02 3.505859375000000000e-01 7.337646484375000000e-01
2.661132812500000000e-02 3.778686523437500000e-01 9.733886718750000000e-01
3.442382812500000000e-02 3.798217773437500000e-01 9.655761718750000000e-01
3.137207031250000000e-02 3.675537109375000000e-01 7.575683593750000000e-01
3.942871093750000000e-02 2.787475585937500000e-01 7.710571289062500000e-01
2.380371093750000000e-02 3.969116210937500000e-01 9.761962890625000000e-01
2.862548828125000000e-02 4.490966796875000000e-01 9.713745117187500000e-01
2.233886718750000000e-02 4.061279296875000000e-01 9.776611328125000000e-01
2.960205078125000000e-02 3.421630859375000000e-01 6.896362304687500000e-01
2.996826171875000000e-02 3.427124023437500000e-01 9.700317382812500000e-01
3.686523437500000000e-02 2.712402343750000000e-01 5.935668945312500000e-01
4.138183593750000000e-02 2.469482421875000000e-01 5.183715820312500000e-01
3.332519531250000000e-02 2.996826171875000000e-01 9.666748046875000000e-01
2.172851562500000000e-02 3.572387695312500000e-01 9.782714843750000000e-01
3.076171875000000000e-02 3.286132812500000000e-01 9.692382812500000000e-01
3.826904296875000000e-02 2.722778320312500000e-01 7.618408203125000000e-01
2.984619140625000000e-02 2.622070312500000000e-01 9.701538085937500000e-01
3.460693359375000000e-02 3.499755859375000000e-01 7.476196289062500000e-01
3.894042968750000000e-02 2.269287109375000000e-01 8.431396484375000000e-01
3.320312500000000000e-02 3.687744140625000000e-01 9.667968750000000000e-01
2.856445312500000000e-02 4.005737304687500000e-01 9.714355468750000000e-01
2.911376953125000000e-02 3.309936523437500000e-01 9.708251953125000000e-01
3.930664062500000000e-02 1.738891601562500000e-01 7.243652343750000000e-01
2.966308593750000000e-02 4.739379882812500000e-01 9.703369140625000000e-01
3.485107421875000000e-02 4.215698242187500000e-01 9.651489257812500000e-01
4.144287109375000000e-02 3.158569335937500000e-01 9.585571289062500000e-01
4.022216796875000000e-02 3.516235351562500000e-01 8.411254882812500000e-01
2.685546875000000000e-02 4.236450195312500000e-01 9.731445312500000000e-01
3.106689453125000000e-02 2.622070312500000000e-01 9.689331054687500000e-01
2.911376953125000000e-02 3.456420898437500000e-01 9.708862304687500000e-01
2.807617187500000000e-02 4.627685546875000000e-01 9.719238281250000000e-01
3.747558593750000000e-02 3.054199218750000000e-01 9.625244140625000000e-01
4.156494140625000000e-02 2.734375000000000000e-01 5.587158203125000000e-01
3.149414062500000000e-02 3.027343750000000000e-01 8.125000000000000000e-01
2.618408203125000000e-02 4.065551757812500000e-01 9.738159179687500000e-01
3.045654296875000000e-02 3.368530273437500000e-01 9.695434570312500000e-01
2.502441406250000000e-02 2.499389648437500000e-01 9.749755859375000000e-01
3.173828125000000000e-02 4.641113281250000000e-01 9.682617187500000000e-01
2.868652343750000000e-02 3.129272460937500000e-01 9.713134765625000000e-01
2.899169921875000000e-02 4.499511718750000000e-01 9.710083007812500000e-01
3.216552734375000000e-02 4.691772460937500000e-01 9.678344726562500000e-01
3.070068359375000000e-02 4.522094726562500000e-01 9.692993164062500000e-01
2.520751953125000000e-02 4.239501953125000000e-01 9.747924804687500000e-01
3.387451171875000000e-02 3.126220703125000000e-01 7.665405273437500000e-01
2.575683593750000000e-02 3.627319335937500000e-01 9.742431640625000000e-01
3.497314453125000000e-02 2.822875976562500000e-01 9.650268554687500000e-01
3.314208984375000000e-02 2.112426757812500000e-01 6.735229492187500000e-01
1.416015625000000000e-02 4.443969726562500000e-01 9.858398437500000000e-01
2.246093750000000000e-02 4.260864257812500000e-01 9.775390625000000000e-01
4.528808593750000000e-02 2.439575195312500000e-01 5.021972656250000000e-01
2.416992187500000000e-02 3.605346679687500000e-01 9.758300781250000000e-01
3.607177734375000000e-02 3.175048828125000000e-01 7.878417968750000000e-01
2.014160156250000000e-02 4.068603515625000000e-01 9.798583984375000000e-01
3.576660156250000000e-02 2.794189453125000000e-01 6.397094726562500000e-01
2.801513671875000000e-02 4.788818359375000000e-01 9.719848632812500000e-01
2.770996093750000000e-02 3.568115234375000000e-01 9.722900390625000000e-01
4.003906250000000000e-02 3.544921875000000000e-01 7.536621093750000000e-01
