6.921386718750000000e-01 1.159667968750000000e-02 2.453613281250000000e-02
6.827392578125000000e-01 2.795410156250000000e-02 6.799316406250000000e-02
6.708984375000000000e-01 2.893066406250000000e-02 9.216308593750000000e-02
6.556396484375000000e-01 1.831054687500000000e-02 9.704589843750000000e-02
6.933593750000000000e-01 2.099609375000000000e-02 5.578613281250000000e-02
6.816406250000000000e-01 2.709960937500000000e-02 7.006835937500000000e-02
6.971435546875000000e-01 1.684570312500000000e-02 3.381347656250000000e-02
6.418457031250000000e-01 2.221679687500000000e-02 1.047363281250000000e-01
6.614990234375000000e-01 1.196289062500000000e-02 1.054687500000000000e-01
6.940917968750000000e-01 2.990722656250000000e-02 6.506347656250000000e-02
6.607666015625000000e-01 2.026367187500000000e-02 9.912109375000000000e-02
6.437988281250000000e-01 1.196289062500000000e-02 1.246337890625000000e-01
6.817626953125000000e-01 3.381347656250000000e-02 8.251953125000000000e-02
6.915283203125000000e-01 1.342773437500000000e-02 7.348632812500000000e-02
7.249755859375000000e-01 9.887695312500000000e-03 2.600097656250000000e-02
6.638183593750000000e-01 2.734375000000000000e-02 7.470703125000000000e-02
7.192382812500000000e-01 1.318359375000000000e-02 3.564453125000000000e-02
6.638183593750000000e-01 2.282714843750000000e-02 1.077880859375000000e-01
6.617431640625000000e-01 1.318359375000000000e-02 9.399414062500000000e-02
7.003173828125000000e-01 2.001953125000000000e-02 4.882812500000000000e-02
6.931152343750000000e-01 2.258300781250000000e-02 5.932617187500000000e-02
6.828613281250000000e-01 1.599121093750000000e-02 7.385253906250000000e-02
6.458740234375000000e-01 2.160644531250000000e-02 1.196289062500000000e-01
6.629638671875000000e-01 2.270507812500000000e-02 1.176757812500000000e-01
6.389160156250000000e-01 2.124023437500000000e-02 1.158447265625000000e-01
6.574707031250000000e-01 3.198242187500000000e-02 9.753417968750000000e-02
7.009277343750000000e-01 1.147460937500000000e-02 6.091308593750000000e-02
7.202148437500000000e-01 1.196289062500000000e-02 2.746582031250000000e-02
6.531982421875000000e-01 1.135253906250000000e-02 1.053466796875000000e-01
6.468505859375000000e-01 2.612304687500000000e-02 1.072998046875000000e-01
6.699218750000000000e-01 2.856445312500000000e-02 6.579589843750000000e-02
6.929931640625000000e-01 2.758789062500000000e-02 8.935546875000000000e-02
6.787109375000000000e-01 2.575683593750000000e-02 8.984375000000000000e-02
7.041015625000000000e-01 1.379394531250000000e-02 5.065917968750000000e-02
6.889648437500000000e-01 1.184082031250000000e-02 2.624511718750000000e-02
7.031250000000000000e-01 1.843261718750000000e-02 4.016113281250000000e-02
6.773681640625000000e-01 2.624511718750000000e-02 7.861328125000000000e-02
6.932373046875000000e-01 2.978515625000000000e-02 7.788085937500000000e-02
6.899414062500000000e-01 1.843261718750000000e-02 4.113769531250000000e-02
7.164306640625000000e-01 9.521484375000000000e-03 3.295898437500000000e-02
6.724853515625000000e-01 1.940917968750000000e-02 6.005859375000000000e-02
6.625976562500000000e-01 2.062988281250000000e-02 9.545898437500000000e-02
6.737060546875000000e-01 2.978515625000000000e-02 8.154296875000000000e-02
6.745605468750000000e-01 2.136230468750000000e-02 6.750488281250000000e-02
6.291503906250000000e-01 1.306152343750000000e-02 1.496582031250000000e-01
6.708984375000000000e-01 1.477050781250000000e-02 8.520507812500000000e-02
6.697998046875000000e-01 1.782226562500000000e-02 6.103515625000000000e-02
6.796875000000000000e-01 1.037597656250000000e-02 5.163574218750000000e-02
6.910400390625000000e-01 1.171875000000000000e-02 5.273437500000000000e-02
7.025146484375000000e-01 8.300781250000000000e-03 4.272460937500000000e-02
6.707763671875000000e-01 1.501464843750000000e-02 1.026611328125000000e-01
6.369628906250000000e-01 2.368164062500000000e-02 1.269531250000000000e-01
7.033691406250000000e-01 1.806640625000000000e-02 3.991699218750000000e-02
6.998291015625000000e-01 1.403808593750000000e-02 6.140136718750000000e-02
6.689453125000000000e-01 4.223632812500000000e-02 1.024169921875000000e-01
6.789550781250000000e-01 2.416992187500000000e-02 7.983398437500000000e-02
6.693115234375000000e-01 2.478027343750000000e-02 9.094238281250000000e-02
7.132568359375000000e-01 1.721191406250000000e-02 5.700683593750000000e-02
6.760253906250000000e-01 2.490234375000000000e-02 6.115722656250000000e-02
6.604003906250000000e-01 1.501464843750000000e-02 7.519531250000000000e-02
6.523437500000000000e-01 5.529785156250000000e-02 1.077880859375000000e-01
6.401367187500000000e-01 1.049804687500000000e-02 1.242675781250000000e-01
7.037353515625000000e-01 1.525878906250000000e-02 5.334472656250000000e-02
6.672363281250000000e-01 1.684570312500000000e-02 8.288574218750000000e-02
6.568603515625000000e-01 1.708984375000000000e-02 9.704589843750000000e-02
6.927490234375000000e-01 2.673339843750000000e-02 5.871582031250000000e-02
7.145996093750000000e-01 1.477050781250000000e-02 5.114746093750000000e-02
6.954345703125000000e-01 2.014160156250000000e-02 4.052734375000000000e-02
6.785888671875000000e-01 1.550292968750000000e-02 8.740234375000000000e-02
6.866455078125000000e-01 2.355957031250000000e-02 7.031250000000000000e-02
7.215576171875000000e-01 1.684570312500000000e-02 3.173828125000000000e-02
6.622314453125000000e-01 2.929687500000000000e-02 8.496093750000000000e-02
7.070312500000000000e-01 1.525878906250000000e-02 6.567382812500000000e-02
6.503906250000000000e-01 2.197265625000000000e-02 6.579589843750000000e-02
7.028808593750000000e-01 1.684570312500000000e-02 4.479980468750000000e-02
6.551513671875000000e-01 3.405761718750000000e-02 7.128906250000000000e-02
6.802978515625000000e-01 2.758789062500000000e-02 7.385253906250000000e-02
7.110595703125000000e-01 1.501464843750000000e-02 4.418945312500000000e-02
6.734619140625000000e-01 1.989746093750000000e-02 7.397460937500000000e-02
6.909179687500000000e-01 1.599121093750000000e-02 5.590820312500000000e-02
6.663818359375000000e-01 2.136230468750000000e-02 6.542968750000000000e-02
6.843261718750000000e-01 1.477050781250000000e-02 6.542968750000000000e-02
6.513671875000000000e-01 1.135253906250000000e-02 1.121826171875000000e-01
7.196044921875000000e-01 1.257324218750000000e-02 2.795410156250000000e-02
6.870117187500000000e-01 1.953125000000000000e-02 6.359863281250000000e-02
7.167968750000000000e-01 1.977539062500000000e-02 4.553222656250000000e-02
6.851806640625000000e-01 1.806640625000000000e-02 5.993652343750000000e-02
6.665039062500000000e-01 3.027343750000000000e-02 9.594726562500000000e-02
7.104492187500000000e-01 1.977539062500000000e-02 4.858398437500000000e-02
7.237548828125000000e-01 1.013183593750000000e-02 3.210449218750000000e-02
6.730957031250000000e-01 3.002929687500000000e-02 8.227539062500000000e-02
6.926269531250000000e-01 1.684570312500000000e-02 3.576660156250000000e-02
6.364746093750000000e-01 9.643554687500000000e-03 1.096191406250000000e-01
6.697998046875000000e-01 1.818847656250000000e-02 6.738281250000000000e-02
6.497802734375000000e-01 2.136230468750000000e-02 1.031494140625000000e-01
6.876220703125000000e-01 3.222656250000000000e-02 8.044433593750000000e-02
6.833496093750000000e-01 1.879882812500000000e-02 5.078125000000000000e-02
6.734619140625000000e-01 2.307128906250000000e-02 8.850097656250000000e-02
6.752929687500000000e-01 3.845214843750000000e-02 8.483886718750000000e-02
