5.917968750000000000e-01 8.984375000000000000e-02 1.835937500000000000e-01
6.757812500000000000e-01 4.296875000000000000e-02 9.375000000000000000e-02
4.570312500000000000e-01 3.320312500000000000e-02 3.964843750000000000e-01
6.503906250000000000e-01 8.984375000000000000e-02 1.738281250000000000e-01
6.582031250000000000e-01 4.101562500000000000e-02 1.367187500000000000e-01
6.621093750000000000e-01 5.273437500000000000e-02 1.601562500000000000e-01
6.992187500000000000e-01 3.125000000000000000e-02 5.859375000000000000e-02
5.371093750000000000e-01 4.882812500000000000e-02 2.539062500000000000e-01
6.308593750000000000e-01 7.812500000000000000e-02 2.285156250000000000e-01
6.152343750000000000e-01 6.054687500000000000e-02 1.250000000000000000e-01
5.566406250000000000e-01 4.296875000000000000e-02 3.242187500000000000e-01
6.679687500000000000e-01 3.320312500000000000e-02 1.269531250000000000e-01
6.054687500000000000e-01 1.953125000000000000e-02 2.109375000000000000e-01
6.542968750000000000e-01 5.078125000000000000e-02 1.308593750000000000e-01
6.777343750000000000e-01 3.906250000000000000e-02 1.660156250000000000e-01
6.875000000000000000e-01 3.710937500000000000e-02 1.035156250000000000e-01
6.777343750000000000e-01 7.226562500000000000e-02 1.328125000000000000e-01
6.738281250000000000e-01 7.031250000000000000e-02 1.699218750000000000e-01
6.230468750000000000e-01 5.468750000000000000e-02 1.367187500000000000e-01
6.035156250000000000e-01 2.539062500000000000e-02 2.929687500000000000e-01
6.113281250000000000e-01 4.687500000000000000e-02 1.933593750000000000e-01
6.894531250000000000e-01 4.101562500000000000e-02 8.398437500000000000e-02
6.367187500000000000e-01 5.078125000000000000e-02 1.933593750000000000e-01
5.683593750000000000e-01 9.179687500000000000e-02 1.953125000000000000e-01
5.996093750000000000e-01 2.929687500000000000e-02 2.226562500000000000e-01
5.898437500000000000e-01 5.078125000000000000e-02 1.660156250000000000e-01
5.996093750000000000e-01 6.250000000000000000e-02 2.128906250000000000e-01
7.382812500000000000e-01 3.125000000000000000e-02 5.664062500000000000e-02
5.664062500000000000e-01 1.074218750000000000e-01 2.929687500000000000e-01
6.875000000000000000e-01 2.734375000000000000e-02 1.386718750000000000e-01
5.781250000000000000e-01 6.640625000000000000e-02 1.953125000000000000e-01
6.757812500000000000e-01 5.078125000000000000e-02 1.152343750000000000e-01
6.621093750000000000e-01 2.539062500000000000e-02 1.230468750000000000e-01
5.957031250000000000e-01 9.179687500000000000e-02 2.617187500000000000e-01
6.464843750000000000e-01 5.468750000000000000e-02 1.250000000000000000e-01
7.929687500000000000e-01 3.125000000000000000e-02 6.250000000000000000e-02
4.980468750000000000e-01 7.226562500000000000e-02 3.339843750000000000e-01
6.601562500000000000e-01 4.687500000000000000e-02 9.179687500000000000e-02
5.781250000000000000e-01 9.960937500000000000e-02 2.519531250000000000e-01
6.132812500000000000e-01 6.835937500000000000e-02 2.031250000000000000e-01
5.605468750000000000e-01 1.210937500000000000e-01 2.402343750000000000e-01
5.976562500000000000e-01 6.054687500000000000e-02 2.070312500000000000e-01
6.757812500000000000e-01 6.445312500000000000e-02 1.386718750000000000e-01
5.625000000000000000e-01 4.101562500000000000e-02 2.539062500000000000e-01
6.250000000000000000e-01 5.078125000000000000e-02 1.914062500000000000e-01
6.367187500000000000e-01 2.929687500000000000e-02 1.582031250000000000e-01
6.933593750000000000e-01 5.273437500000000000e-02 1.445312500000000000e-01
6.191406250000000000e-01 2.929687500000000000e-02 1.601562500000000000e-01
6.308593750000000000e-01 8.007812500000000000e-02 2.324218750000000000e-01
5.820312500000000000e-01 4.882812500000000000e-02 2.070312500000000000e-01
7.695312500000000000e-01 2.734375000000000000e-02 4.882812500000000000e-02
5.722656250000000000e-01 1.113281250000000000e-01 2.324218750000000000e-01
5.878906250000000000e-01 1.210937500000000000e-01 2.441406250000000000e-01
5.996093750000000000e-01 4.882812500000000000e-02 2.304687500000000000e-01
5.976562500000000000e-01 6.054687500000000000e-02 2.031250000000000000e-01
6.855468750000000000e-01 5.078125000000000000e-02 1.328125000000000000e-01
5.820312500000000000e-01 6.445312500000000000e-02 2.187500000000000000e-01
7.460937500000000000e-01 2.148437500000000000e-02 5.273437500000000000e-02
5.878906250000000000e-01 4.296875000000000000e-02 1.992187500000000000e-01
6.035156250000000000e-01 3.710937500000000000e-02 1.972656250000000000e-01
5.683593750000000000e-01 5.859375000000000000e-02 2.226562500000000000e-01
6.269531250000000000e-01 4.101562500000000000e-02 1.953125000000000000e-01
5.292968750000000000e-01 3.320312500000000000e-02 2.949218750000000000e-01
8.125000000000000000e-01 2.539062500000000000e-02 5.078125000000000000e-02
6.289062500000000000e-01 8.984375000000000000e-02 1.953125000000000000e-01
5.742187500000000000e-01 5.078125000000000000e-02 1.933593750000000000e-01
6.132812500000000000e-01 6.054687500000000000e-02 1.679687500000000000e-01
5.957031250000000000e-01 5.859375000000000000e-02 1.621093750000000000e-01
6.582031250000000000e-01 3.125000000000000000e-02 1.542968750000000000e-01
5.800781250000000000e-01 6.835937500000000000e-02 1.992187500000000000e-01
6.992187500000000000e-01 2.539062500000000000e-02 8.007812500000000000e-02
5.976562500000000000e-01 8.789062500000000000e-02 2.226562500000000000e-01
5.937500000000000000e-01 3.320312500000000000e-02 1.953125000000000000e-01
6.660156250000000000e-01 6.445312500000000000e-02 1.562500000000000000e-01
7.207031250000000000e-01 2.734375000000000000e-02 8.398437500000000000e-02
5.976562500000000000e-01 3.320312500000000000e-02 1.582031250000000000e-01
6.230468750000000000e-01 4.687500000000000000e-02 2.089843750000000000e-01
5.800781250000000000e-01 4.296875000000000000e-02 2.285156250000000000e-01
6.699218750000000000e-01 3.515625000000000000e-02 1.230468750000000000e-01
5.097656250000000000e-01 3.906250000000000000e-02 3.164062500000000000e-01
5.937500000000000000e-01 7.812500000000000000e-02 1.835937500000000000e-01
5.820312500000000000e-01 4.492187500000000000e-02 1.855468750000000000e-01
6.562500000000000000e-01 6.835937500000000000e-02 1.347656250000000000e-01
6.503906250000000000e-01 5.078125000000000000e-02 9.765625000000000000e-02
6.621093750000000000e-01 4.687500000000000000e-02 1.816406250000000000e-01
5.722656250000000000e-01 9.960937500000000000e-02 2.031250000000000000e-01
5.742187500000000000e-01 5.078125000000000000e-02 1.718750000000000000e-01
6.601562500000000000e-01 5.859375000000000000e-02 1.425781250000000000e-01
6.894531250000000000e-01 3.906250000000000000e-02 1.289062500000000000e-01
5.527343750000000000e-01 7.031250000000000000e-02 2.656250000000000000e-01
5.449218750000000000e-01 7.617187500000000000e-02 2.128906250000000000e-01
5.625000000000000000e-01 5.468750000000000000e-02 2.187500000000000000e-01
5.273437500000000000e-01 6.250000000000000000e-02 3.398437500000000000e-01
6.601562500000000000e-01 3.906250000000000000e-02 1.250000000000000000e-01
6.132812500000000000e-01 5.859375000000000000e-02 1.191406250000000000e-01
6.093750000000000000e-01 6.445312500000000000e-02 1.367187500000000000e-01
6.152343750000000000e-01 3.515625000000000000e-02 1.347656250000000000e-01
5.839843750000000000e-01 5.859375000000000000e-02 2.031250000000000000e-01
5.585937500000000000e-01 5.468750000000000000e-02 3.164062500000000000e-01
6.718750000000000000e-01 2.734375000000000000e-02 1.406250000000000000e-01
