3.632812500000000000e-01 1.840820312500000000e-01 5.512695312500000000e-01
3.847656250000000000e-01 1.293945312500000000e-01 2.631835937500000000e-01
3.930664062500000000e-01 1.464843750000000000e-01 3.920898437500000000e-01
3.686523437500000000e-01 1.181640625000000000e-01 5.273437500000000000e-01
3.803710937500000000e-01 1.386718750000000000e-01 3.442382812500000000e-01
3.627929687500000000e-01 1.127929687500000000e-01 5.493164062500000000e-01
3.569335937500000000e-01 2.187500000000000000e-01 6.059570312500000000e-01
3.574218750000000000e-01 2.929687500000000000e-01 5.883789062500000000e-01
3.691406250000000000e-01 1.772460937500000000e-01 4.511718750000000000e-01
3.754882812500000000e-01 9.667968750000000000e-02 4.121093750000000000e-01
3.652343750000000000e-01 1.040039062500000000e-01 5.410156250000000000e-01
3.647460937500000000e-01 1.782226562500000000e-01 4.462890625000000000e-01
3.745117187500000000e-01 1.835937500000000000e-01 4.248046875000000000e-01
3.666992187500000000e-01 9.814453125000000000e-02 4.794921875000000000e-01
3.618164062500000000e-01 8.837890625000000000e-02 5.234375000000000000e-01
3.837890625000000000e-01 1.064453125000000000e-01 3.217773437500000000e-01
3.823242187500000000e-01 9.423828125000000000e-02 3.271484375000000000e-01
3.725585937500000000e-01 1.201171875000000000e-01 5.742187500000000000e-01
3.647460937500000000e-01 2.104492187500000000e-01 4.619140625000000000e-01
3.666992187500000000e-01 1.660156250000000000e-01 4.570312500000000000e-01
3.574218750000000000e-01 1.918945312500000000e-01 4.614257812500000000e-01
3.935546875000000000e-01 1.059570312500000000e-01 2.138671875000000000e-01
3.774414062500000000e-01 1.430664062500000000e-01 4.741210937500000000e-01
3.593750000000000000e-01 2.099609375000000000e-01 5.034179687500000000e-01
3.945312500000000000e-01 9.326171875000000000e-02 2.104492187500000000e-01
3.872070312500000000e-01 1.430664062500000000e-01 2.885742187500000000e-01
3.637695312500000000e-01 1.894531250000000000e-01 5.756835937500000000e-01
3.789062500000000000e-01 1.621093750000000000e-01 3.784179687500000000e-01
3.525390625000000000e-01 1.762695312500000000e-01 5.346679687500000000e-01
3.779296875000000000e-01 1.630859375000000000e-01 2.705078125000000000e-01
3.754882812500000000e-01 6.933593750000000000e-02 4.462890625000000000e-01
3.627929687500000000e-01 1.684570312500000000e-01 4.790039062500000000e-01
3.935546875000000000e-01 1.142578125000000000e-01 2.299804687500000000e-01
3.759765625000000000e-01 8.740234375000000000e-02 3.989257812500000000e-01
3.515625000000000000e-01 2.285156250000000000e-01 5.039062500000000000e-01
3.603515625000000000e-01 1.215820312500000000e-01 5.502929687500000000e-01
3.588867187500000000e-01 1.567382812500000000e-01 5.522460937500000000e-01
3.608398437500000000e-01 1.279296875000000000e-01 5.537109375000000000e-01
3.833007812500000000e-01 6.591796875000000000e-02 2.460937500000000000e-01
3.701171875000000000e-01 1.533203125000000000e-01 4.155273437500000000e-01
3.500976562500000000e-01 7.128906250000000000e-02 6.142578125000000000e-01
3.823242187500000000e-01 1.508789062500000000e-01 3.120117187500000000e-01
3.818359375000000000e-01 1.347656250000000000e-01 3.505859375000000000e-01
3.774414062500000000e-01 1.088867187500000000e-01 4.448242187500000000e-01
3.593750000000000000e-01 1.782226562500000000e-01 5.097656250000000000e-01
3.745117187500000000e-01 1.132812500000000000e-01 2.299804687500000000e-01
3.793945312500000000e-01 7.861328125000000000e-02 3.627929687500000000e-01
4.072265625000000000e-01 8.007812500000000000e-02 1.684570312500000000e-01
3.828125000000000000e-01 1.230468750000000000e-01 2.470703125000000000e-01
3.618164062500000000e-01 2.553710937500000000e-01 5.249023437500000000e-01
3.632812500000000000e-01 1.572265625000000000e-01 5.683593750000000000e-01
3.955078125000000000e-01 9.375000000000000000e-02 3.515625000000000000e-01
3.544921875000000000e-01 2.016601562500000000e-01 4.331054687500000000e-01
3.720703125000000000e-01 1.137695312500000000e-01 4.062500000000000000e-01
3.906250000000000000e-01 1.176757812500000000e-01 3.505859375000000000e-01
3.774414062500000000e-01 1.049804687500000000e-01 4.638671875000000000e-01
3.701171875000000000e-01 1.381835937500000000e-01 4.204101562500000000e-01
3.657226562500000000e-01 1.923828125000000000e-01 5.434570312500000000e-01
3.911132812500000000e-01 1.411132812500000000e-01 3.081054687500000000e-01
3.715820312500000000e-01 1.528320312500000000e-01 3.588867187500000000e-01
3.964843750000000000e-01 1.147460937500000000e-01 3.051757812500000000e-01
3.715820312500000000e-01 1.362304687500000000e-01 5.156250000000000000e-01
3.710937500000000000e-01 1.005859375000000000e-01 3.989257812500000000e-01
3.613281250000000000e-01 6.250000000000000000e-02 4.003906250000000000e-01
3.637695312500000000e-01 1.801757812500000000e-01 5.249023437500000000e-01
3.803710937500000000e-01 1.308593750000000000e-01 3.168945312500000000e-01
3.750000000000000000e-01 1.274414062500000000e-01 4.853515625000000000e-01
3.710937500000000000e-01 2.363281250000000000e-01 4.873046875000000000e-01
3.422851562500000000e-01 2.709960937500000000e-01 5.991210937500000000e-01
3.676757812500000000e-01 1.489257812500000000e-01 4.946289062500000000e-01
3.549804687500000000e-01 1.313476562500000000e-01 5.722656250000000000e-01
3.759765625000000000e-01 2.094726562500000000e-01 4.575195312500000000e-01
3.657226562500000000e-01 1.728515625000000000e-01 5.288085937500000000e-01
3.793945312500000000e-01 9.960937500000000000e-02 3.437500000000000000e-01
3.627929687500000000e-01 1.279296875000000000e-01 4.584960937500000000e-01
3.662109375000000000e-01 2.055664062500000000e-01 4.682617187500000000e-01
3.833007812500000000e-01 1.020507812500000000e-01 3.295898437500000000e-01
3.437500000000000000e-01 1.982421875000000000e-01 6.328125000000000000e-01
3.583984375000000000e-01 1.142578125000000000e-01 5.683593750000000000e-01
3.647460937500000000e-01 1.123046875000000000e-01 4.648437500000000000e-01
3.891601562500000000e-01 9.814453125000000000e-02 2.651367187500000000e-01
3.579101562500000000e-01 2.041015625000000000e-01 4.697265625000000000e-01
3.706054687500000000e-01 1.513671875000000000e-01 3.466796875000000000e-01
3.730468750000000000e-01 9.082031250000000000e-02 4.711914062500000000e-01
3.789062500000000000e-01 1.059570312500000000e-01 2.666015625000000000e-01
3.637695312500000000e-01 1.762695312500000000e-01 5.356445312500000000e-01
3.754882812500000000e-01 1.440429687500000000e-01 3.530273437500000000e-01
3.676757812500000000e-01 1.162109375000000000e-01 4.516601562500000000e-01
3.491210937500000000e-01 1.943359375000000000e-01 6.054687500000000000e-01
3.935546875000000000e-01 8.447265625000000000e-02 3.725585937500000000e-01
3.652343750000000000e-01 2.124023437500000000e-01 4.458007812500000000e-01
3.657226562500000000e-01 8.154296875000000000e-02 5.283203125000000000e-01
3.671875000000000000e-01 2.094726562500000000e-01 5.390625000000000000e-01
4.018554687500000000e-01 5.322265625000000000e-02 1.586914062500000000e-01
3.725585937500000000e-01 1.215820312500000000e-01 4.355468750000000000e-01
3.784179687500000000e-01 1.694335937500000000e-01 3.447265625000000000e-01
3.837890625000000000e-01 1.542968750000000000e-01 3.652343750000000000e-01
3.681640625000000000e-01 1.357421875000000000e-01 5.356445312500000000e-01
3.857421875000000000e-01 1.440429687500000000e-01 3.662109375000000000e-01
3.681640625000000000e-01 2.514648437500000000e-01 5.458984375000000000e-01
