2.915039062500000000e-01 2.382812500000000000e-01 5.024414062500000000e-01
3.105468750000000000e-01 2.153320312500000000e-01 4.575195312500000000e-01
3.217773437500000000e-01 1.264648437500000000e-01 3.652343750000000000e-01
2.661132812500000000e-01 3.002929687500000000e-01 7.094726562500000000e-01
2.861328125000000000e-01 2.089843750000000000e-01 6.450195312500000000e-01
2.900390625000000000e-01 2.407226562500000000e-01 4.980468750000000000e-01
2.900390625000000000e-01 1.967773437500000000e-01 4.531250000000000000e-01
3.149414062500000000e-01 2.324218750000000000e-01 4.819335937500000000e-01
2.993164062500000000e-01 1.342773437500000000e-01 5.678710937500000000e-01
2.915039062500000000e-01 1.333007812500000000e-01 4.497070312500000000e-01
2.763671875000000000e-01 2.382812500000000000e-01 6.010742187500000000e-01
3.037109375000000000e-01 1.113281250000000000e-01 4.726562500000000000e-01
2.954101562500000000e-01 1.757812500000000000e-01 4.428710937500000000e-01
3.349609375000000000e-01 1.445312500000000000e-01 2.915039062500000000e-01
2.631835937500000000e-01 1.059570312500000000e-01 7.104492187500000000e-01
2.846679687500000000e-01 1.250000000000000000e-01 4.609375000000000000e-01
2.885742187500000000e-01 1.054687500000000000e-01 4.599609375000000000e-01
3.071289062500000000e-01 2.148437500000000000e-01 5.195312500000000000e-01
2.949218750000000000e-01 2.270507812500000000e-01 5.600585937500000000e-01
2.631835937500000000e-01 3.227539062500000000e-01 7.021484375000000000e-01
3.051757812500000000e-01 1.606445312500000000e-01 4.135742187500000000e-01
2.807617187500000000e-01 1.181640625000000000e-01 6.357421875000000000e-01
2.807617187500000000e-01 1.386718750000000000e-01 4.345703125000000000e-01
2.744140625000000000e-01 1.904296875000000000e-01 6.694335937500000000e-01
3.081054687500000000e-01 1.337890625000000000e-01 5.385742187500000000e-01
2.929687500000000000e-01 1.611328125000000000e-01 6.401367187500000000e-01
2.783203125000000000e-01 1.777343750000000000e-01 5.190429687500000000e-01
2.949218750000000000e-01 2.001953125000000000e-01 5.068359375000000000e-01
2.792968750000000000e-01 1.953125000000000000e-01 6.176757812500000000e-01
2.968750000000000000e-01 1.215820312500000000e-01 4.624023437500000000e-01
2.519531250000000000e-01 1.503906250000000000e-01 6.738281250000000000e-01
2.807617187500000000e-01 2.500000000000000000e-01 6.699218750000000000e-01
2.822265625000000000e-01 2.363281250000000000e-01 6.435546875000000000e-01
2.651367187500000000e-01 2.514648437500000000e-01 6.777343750000000000e-01
2.919921875000000000e-01 1.455078125000000000e-01 3.789062500000000000e-01
2.778320312500000000e-01 1.699218750000000000e-01 5.717773437500000000e-01
3.120117187500000000e-01 1.606445312500000000e-01 3.222656250000000000e-01
3.173828125000000000e-01 8.105468750000000000e-02 3.403320312500000000e-01
2.978515625000000000e-01 1.430664062500000000e-01 4.819335937500000000e-01
2.939453125000000000e-01 1.967773437500000000e-01 5.180664062500000000e-01
2.734375000000000000e-01 1.367187500000000000e-01 6.767578125000000000e-01
3.007812500000000000e-01 1.909179687500000000e-01 4.775390625000000000e-01
2.910156250000000000e-01 2.788085937500000000e-01 5.761718750000000000e-01
2.988281250000000000e-01 1.977539062500000000e-01 5.732421875000000000e-01
3.100585937500000000e-01 1.621093750000000000e-01 3.330078125000000000e-01
2.871093750000000000e-01 1.596679687500000000e-01 5.434570312500000000e-01
3.090820312500000000e-01 1.494140625000000000e-01 3.969726562500000000e-01
3.076171875000000000e-01 1.367187500000000000e-01 3.232421875000000000e-01
2.397460937500000000e-01 1.791992187500000000e-01 7.314453125000000000e-01
2.934570312500000000e-01 1.982421875000000000e-01 3.984375000000000000e-01
2.568359375000000000e-01 1.953125000000000000e-01 6.591796875000000000e-01
2.709960937500000000e-01 2.382812500000000000e-01 6.245117187500000000e-01
3.217773437500000000e-01 1.567382812500000000e-01 3.715820312500000000e-01
2.812500000000000000e-01 1.230468750000000000e-01 4.379882812500000000e-01
3.066406250000000000e-01 2.392578125000000000e-01 5.205078125000000000e-01
3.056640625000000000e-01 1.958007812500000000e-01 5.302734375000000000e-01
2.895507812500000000e-01 2.011718750000000000e-01 4.501953125000000000e-01
2.783203125000000000e-01 1.381835937500000000e-01 4.936523437500000000e-01
2.880859375000000000e-01 1.250000000000000000e-01 5.361328125000000000e-01
2.734375000000000000e-01 1.982421875000000000e-01 5.512695312500000000e-01
3.144531250000000000e-01 1.713867187500000000e-01 3.657226562500000000e-01
2.827148437500000000e-01 1.303710937500000000e-01 6.103515625000000000e-01
2.973632812500000000e-01 1.982421875000000000e-01 4.570312500000000000e-01
2.734375000000000000e-01 2.280273437500000000e-01 6.640625000000000000e-01
2.919921875000000000e-01 1.494140625000000000e-01 3.222656250000000000e-01
2.783203125000000000e-01 1.987304687500000000e-01 6.323242187500000000e-01
3.115234375000000000e-01 1.440429687500000000e-01 3.608398437500000000e-01
2.880859375000000000e-01 1.259765625000000000e-01 6.245117187500000000e-01
3.061523437500000000e-01 1.171875000000000000e-01 3.486328125000000000e-01
3.066406250000000000e-01 1.879882812500000000e-01 5.395507812500000000e-01
3.359375000000000000e-01 1.420898437500000000e-01 3.237304687500000000e-01
2.988281250000000000e-01 2.333984375000000000e-01 4.941406250000000000e-01
2.666015625000000000e-01 2.319335937500000000e-01 5.249023437500000000e-01
3.056640625000000000e-01 1.113281250000000000e-01 4.804687500000000000e-01
2.519531250000000000e-01 2.373046875000000000e-01 5.219726562500000000e-01
2.944335937500000000e-01 2.602539062500000000e-01 5.820312500000000000e-01
2.817382812500000000e-01 2.363281250000000000e-01 6.289062500000000000e-01
2.919921875000000000e-01 2.099609375000000000e-01 4.838867187500000000e-01
2.944335937500000000e-01 2.080078125000000000e-01 5.961914062500000000e-01
2.866210937500000000e-01 1.489257812500000000e-01 5.229492187500000000e-01
2.739257812500000000e-01 1.713867187500000000e-01 4.194335937500000000e-01
2.939453125000000000e-01 1.474609375000000000e-01 4.384765625000000000e-01
3.398437500000000000e-01 1.250000000000000000e-01 3.559570312500000000e-01
2.661132812500000000e-01 1.909179687500000000e-01 6.303710937500000000e-01
2.700195312500000000e-01 1.704101562500000000e-01 5.825195312500000000e-01
2.988281250000000000e-01 1.923828125000000000e-01 4.785156250000000000e-01
3.188476562500000000e-01 1.787109375000000000e-01 3.774414062500000000e-01
2.719726562500000000e-01 2.871093750000000000e-01 6.909179687500000000e-01
2.807617187500000000e-01 2.749023437500000000e-01 6.816406250000000000e-01
2.871093750000000000e-01 1.835937500000000000e-01 4.350585937500000000e-01
3.334960937500000000e-01 1.376953125000000000e-01 3.388671875000000000e-01
3.139648437500000000e-01 8.984375000000000000e-02 3.359375000000000000e-01
2.763671875000000000e-01 8.837890625000000000e-02 5.444335937500000000e-01
2.749023437500000000e-01 1.972656250000000000e-01 6.113281250000000000e-01
2.836914062500000000e-01 1.035156250000000000e-01 5.366210937500000000e-01
2.866210937500000000e-01 1.298828125000000000e-01 5.849609375000000000e-01
3.276367187500000000e-01 1.503906250000000000e-01 3.696289062500000000e-01
3.051757812500000000e-01 1.059570312500000000e-01 3.666992187500000000e-01
3.183593750000000000e-01 1.186523437500000000e-01 2.480468750000000000e-01
3.208007812500000000e-01 8.886718750000000000e-02 3.540039062500000000e-01
