2.880859375000000000e-02 4.038085937500000000e-01 9.711914062500000000e-01
4.248046875000000000e-02 2.880859375000000000e-01 7.426757812500000000e-01
3.417968750000000000e-02 4.331054687500000000e-01 9.658203125000000000e-01
3.906250000000000000e-02 3.710937500000000000e-01 9.609375000000000000e-01
4.101562500000000000e-02 2.788085937500000000e-01 7.270507812500000000e-01
3.759765625000000000e-02 4.526367187500000000e-01 9.624023437500000000e-01
4.443359375000000000e-02 3.730468750000000000e-01 9.555664062500000000e-01
3.417968750000000000e-02 3.432617187500000000e-01 9.658203125000000000e-01
3.417968750000000000e-02 4.741210937500000000e-01 9.658203125000000000e-01
4.248046875000000000e-02 3.574218750000000000e-01 7.143554687500000000e-01
3.662109375000000000e-02 4.277343750000000000e-01 9.633789062500000000e-01
4.638671875000000000e-02 2.978515625000000000e-01 7.133789062500000000e-01
4.833984375000000000e-02 4.345703125000000000e-01 9.516601562500000000e-01
3.857421875000000000e-02 4.433593750000000000e-01 9.614257812500000000e-01
3.564453125000000000e-02 4.038085937500000000e-01 9.643554687500000000e-01
4.150390625000000000e-02 3.989257812500000000e-01 9.584960937500000000e-01
4.248046875000000000e-02 3.388671875000000000e-01 9.575195312500000000e-01
4.199218750000000000e-02 4.267578125000000000e-01 9.580078125000000000e-01
3.027343750000000000e-02 4.741210937500000000e-01 9.697265625000000000e-01
4.345703125000000000e-02 3.813476562500000000e-01 9.565429687500000000e-01
3.271484375000000000e-02 3.642578125000000000e-01 9.672851562500000000e-01
3.417968750000000000e-02 4.721679687500000000e-01 9.658203125000000000e-01
3.955078125000000000e-02 3.803710937500000000e-01 9.604492187500000000e-01
4.296875000000000000e-02 4.770507812500000000e-01 9.570312500000000000e-01
4.101562500000000000e-02 4.008789062500000000e-01 9.589843750000000000e-01
2.832031250000000000e-02 4.443359375000000000e-01 9.716796875000000000e-01
3.906250000000000000e-02 3.344726562500000000e-01 9.609375000000000000e-01
3.320312500000000000e-02 4.057617187500000000e-01 9.667968750000000000e-01
5.273437500000000000e-02 2.919921875000000000e-01 9.472656250000000000e-01
3.955078125000000000e-02 4.008789062500000000e-01 9.604492187500000000e-01
3.222656250000000000e-02 4.531250000000000000e-01 9.677734375000000000e-01
3.857421875000000000e-02 2.812500000000000000e-01 9.614257812500000000e-01
3.710937500000000000e-02 4.604492187500000000e-01 9.628906250000000000e-01
4.931640625000000000e-02 2.958984375000000000e-01 6.611328125000000000e-01
6.884765625000000000e-02 2.338867187500000000e-01 5.502929687500000000e-01
4.492187500000000000e-02 4.384765625000000000e-01 9.550781250000000000e-01
3.466796875000000000e-02 4.672851562500000000e-01 9.653320312500000000e-01
3.466796875000000000e-02 4.819335937500000000e-01 9.653320312500000000e-01
2.490234375000000000e-02 4.360351562500000000e-01 9.750976562500000000e-01
3.027343750000000000e-02 4.316406250000000000e-01 9.697265625000000000e-01
5.419921875000000000e-02 2.851562500000000000e-01 7.666015625000000000e-01
3.759765625000000000e-02 4.042968750000000000e-01 9.624023437500000000e-01
5.175781250000000000e-02 3.154296875000000000e-01 6.411132812500000000e-01
3.222656250000000000e-02 4.663085937500000000e-01 9.677734375000000000e-01
6.494140625000000000e-02 3.222656250000000000e-01 7.724609375000000000e-01
3.906250000000000000e-02 3.925781250000000000e-01 9.609375000000000000e-01
2.734375000000000000e-02 4.379882812500000000e-01 9.726562500000000000e-01
4.296875000000000000e-02 3.046875000000000000e-01 9.570312500000000000e-01
3.466796875000000000e-02 4.340820312500000000e-01 9.653320312500000000e-01
2.929687500000000000e-02 3.559570312500000000e-01 9.707031250000000000e-01
4.150390625000000000e-02 4.531250000000000000e-01 9.584960937500000000e-01
2.490234375000000000e-02 4.472656250000000000e-01 9.750976562500000000e-01
4.687500000000000000e-02 3.041992187500000000e-01 6.938476562500000000e-01
4.003906250000000000e-02 2.924804687500000000e-01 9.599609375000000000e-01
2.685546875000000000e-02 4.555664062500000000e-01 9.731445312500000000e-01
4.052734375000000000e-02 4.501953125000000000e-01 9.594726562500000000e-01
4.345703125000000000e-02 4.541015625000000000e-01 9.565429687500000000e-01
3.417968750000000000e-02 4.326171875000000000e-01 9.658203125000000000e-01
3.222656250000000000e-02 3.222656250000000000e-01 9.677734375000000000e-01
2.978515625000000000e-02 4.184570312500000000e-01 9.702148437500000000e-01
3.417968750000000000e-02 4.345703125000000000e-01 9.658203125000000000e-01
2.929687500000000000e-02 4.838867187500000000e-01 9.707031250000000000e-01
3.369140625000000000e-02 4.052734375000000000e-01 9.663085937500000000e-01
3.759765625000000000e-02 4.204101562500000000e-01 9.624023437500000000e-01
2.441406250000000000e-02 4.604492187500000000e-01 9.755859375000000000e-01
2.587890625000000000e-02 4.311523437500000000e-01 9.741210937500000000e-01
2.441406250000000000e-02 4.692382812500000000e-01 9.755859375000000000e-01
4.882812500000000000e-02 3.178710937500000000e-01 6.372070312500000000e-01
5.029296875000000000e-02 4.672851562500000000e-01 9.497070312500000000e-01
3.613281250000000000e-02 4.267578125000000000e-01 9.638671875000000000e-01
5.126953125000000000e-02 3.291015625000000000e-01 6.806640625000000000e-01
3.222656250000000000e-02 3.862304687500000000e-01 9.677734375000000000e-01
3.906250000000000000e-02 4.189453125000000000e-01 9.609375000000000000e-01
3.515625000000000000e-02 4.746093750000000000e-01 9.648437500000000000e-01
4.443359375000000000e-02 4.155273437500000000e-01 9.555664062500000000e-01
4.736328125000000000e-02 3.159179687500000000e-01 7.285156250000000000e-01
3.906250000000000000e-02 2.968750000000000000e-01 7.177734375000000000e-01
4.248046875000000000e-02 4.604492187500000000e-01 9.575195312500000000e-01
3.466796875000000000e-02 4.814453125000000000e-01 9.653320312500000000e-01
3.613281250000000000e-02 4.331054687500000000e-01 9.638671875000000000e-01
5.664062500000000000e-02 3.896484375000000000e-01 9.433593750000000000e-01
4.101562500000000000e-02 4.785156250000000000e-01 9.589843750000000000e-01
4.199218750000000000e-02 4.277343750000000000e-01 9.580078125000000000e-01
3.027343750000000000e-02 4.497070312500000000e-01 9.697265625000000000e-01
4.345703125000000000e-02 4.506835937500000000e-01 9.565429687500000000e-01
4.589843750000000000e-02 4.350585937500000000e-01 9.541015625000000000e-01
4.394531250000000000e-02 3.520507812500000000e-01 9.560546875000000000e-01
3.906250000000000000e-02 4.384765625000000000e-01 9.609375000000000000e-01
4.003906250000000000e-02 4.433593750000000000e-01 9.599609375000000000e-01
3.857421875000000000e-02 4.326171875000000000e-01 9.614257812500000000e-01
