3.159179687500000000e-01 2.309570312500000000e-01 5.415039062500000000e-01
3.432617187500000000e-01 1.274414062500000000e-01 3.696289062500000000e-01
3.422851562500000000e-01 2.558593750000000000e-01 5.390625000000000000e-01
3.530273437500000000e-01 2.216796875000000000e-01 4.448242187500000000e-01
3.203125000000000000e-01 1.821289062500000000e-01 5.766601562500000000e-01
3.339843750000000000e-01 2.480468750000000000e-01 5.742187500000000000e-01
3.403320312500000000e-01 1.391601562500000000e-01 4.184570312500000000e-01
3.261718750000000000e-01 1.831054687500000000e-01 5.761718750000000000e-01
3.559570312500000000e-01 1.005859375000000000e-01 2.641601562500000000e-01
3.188476562500000000e-01 2.558593750000000000e-01 5.258789062500000000e-01
3.354492187500000000e-01 8.251953125000000000e-02 4.204101562500000000e-01
3.061523437500000000e-01 1.098632812500000000e-01 6.635742187500000000e-01
3.540039062500000000e-01 1.054687500000000000e-01 4.428710937500000000e-01
3.222656250000000000e-01 2.329101562500000000e-01 4.887695312500000000e-01
3.281250000000000000e-01 7.421875000000000000e-02 6.142578125000000000e-01
3.242187500000000000e-01 2.280273437500000000e-01 5.483398437500000000e-01
3.178710937500000000e-01 1.914062500000000000e-01 5.693359375000000000e-01
3.413085937500000000e-01 2.275390625000000000e-01 5.180664062500000000e-01
3.393554687500000000e-01 1.005859375000000000e-01 3.266601562500000000e-01
3.232421875000000000e-01 1.420898437500000000e-01 6.308593750000000000e-01
3.139648437500000000e-01 2.338867187500000000e-01 6.215820312500000000e-01
3.134765625000000000e-01 1.225585937500000000e-01 6.406250000000000000e-01
3.281250000000000000e-01 1.479492187500000000e-01 5.708007812500000000e-01
3.320312500000000000e-01 1.484375000000000000e-01 4.296875000000000000e-01
3.403320312500000000e-01 1.118164062500000000e-01 4.653320312500000000e-01
3.305664062500000000e-01 1.494140625000000000e-01 5.566406250000000000e-01
3.476562500000000000e-01 1.884765625000000000e-01 4.213867187500000000e-01
2.763671875000000000e-01 2.158203125000000000e-01 6.918945312500000000e-01
3.276367187500000000e-01 1.235351562500000000e-01 3.803710937500000000e-01
3.115234375000000000e-01 1.284179687500000000e-01 6.420898437500000000e-01
3.071289062500000000e-01 9.472656250000000000e-02 6.528320312500000000e-01
3.413085937500000000e-01 2.685546875000000000e-01 5.415039062500000000e-01
3.496093750000000000e-01 1.889648437500000000e-01 3.818359375000000000e-01
3.198242187500000000e-01 1.279296875000000000e-01 6.040039062500000000e-01
3.417968750000000000e-01 1.933593750000000000e-01 4.990234375000000000e-01
3.242187500000000000e-01 1.323242187500000000e-01 5.688476562500000000e-01
3.364257812500000000e-01 1.738281250000000000e-01 4.877929687500000000e-01
3.540039062500000000e-01 1.381835937500000000e-01 2.836914062500000000e-01
3.090820312500000000e-01 1.152343750000000000e-01 6.254882812500000000e-01
3.217773437500000000e-01 2.167968750000000000e-01 5.898437500000000000e-01
3.251953125000000000e-01 1.210937500000000000e-01 5.561523437500000000e-01
3.237304687500000000e-01 7.812500000000000000e-02 5.590820312500000000e-01
3.481445312500000000e-01 1.816406250000000000e-01 4.116210937500000000e-01
3.603515625000000000e-01 1.088867187500000000e-01 2.221679687500000000e-01
3.437500000000000000e-01 1.718750000000000000e-01 4.721679687500000000e-01
3.227539062500000000e-01 2.265625000000000000e-01 6.040039062500000000e-01
3.164062500000000000e-01 2.241210937500000000e-01 5.190429687500000000e-01
3.417968750000000000e-01 1.547851562500000000e-01 4.531250000000000000e-01
3.154296875000000000e-01 1.801757812500000000e-01 6.279296875000000000e-01
3.164062500000000000e-01 1.831054687500000000e-01 5.786132812500000000e-01
2.705078125000000000e-01 1.245117187500000000e-01 6.997070312500000000e-01
3.530273437500000000e-01 8.154296875000000000e-02 3.422851562500000000e-01
3.330078125000000000e-01 1.445312500000000000e-01 4.545898437500000000e-01
3.208007812500000000e-01 1.000976562500000000e-01 5.673828125000000000e-01
3.149414062500000000e-01 1.508789062500000000e-01 4.345703125000000000e-01
3.515625000000000000e-01 1.479492187500000000e-01 4.794921875000000000e-01
3.393554687500000000e-01 1.040039062500000000e-01 4.125976562500000000e-01
3.154296875000000000e-01 9.033203125000000000e-02 5.976562500000000000e-01
3.315429687500000000e-01 2.138671875000000000e-01 4.951171875000000000e-01
3.178710937500000000e-01 2.363281250000000000e-01 4.741210937500000000e-01
3.452148437500000000e-01 1.513671875000000000e-01 4.174804687500000000e-01
3.427734375000000000e-01 1.264648437500000000e-01 4.897460937500000000e-01
3.168945312500000000e-01 2.485351562500000000e-01 6.274414062500000000e-01
3.256835937500000000e-01 2.089843750000000000e-01 4.326171875000000000e-01
2.778320312500000000e-01 2.563476562500000000e-01 6.088867187500000000e-01
3.232421875000000000e-01 2.543945312500000000e-01 6.157226562500000000e-01
3.554687500000000000e-01 6.250000000000000000e-02 4.355468750000000000e-01
3.354492187500000000e-01 1.513671875000000000e-01 3.457031250000000000e-01
3.457031250000000000e-01 1.474609375000000000e-01 4.614257812500000000e-01
3.208007812500000000e-01 1.503906250000000000e-01 5.708007812500000000e-01
3.159179687500000000e-01 1.787109375000000000e-01 6.225585937500000000e-01
3.256835937500000000e-01 2.460937500000000000e-01 5.810546875000000000e-01
3.266601562500000000e-01 1.826171875000000000e-01 5.488281250000000000e-01
3.432617187500000000e-01 1.157226562500000000e-01 3.608398437500000000e-01
3.374023437500000000e-01 2.065429687500000000e-01 4.311523437500000000e-01
3.393554687500000000e-01 1.059570312500000000e-01 4.838867187500000000e-01
3.491210937500000000e-01 1.225585937500000000e-01 2.963867187500000000e-01
3.232421875000000000e-01 2.524414062500000000e-01 6.000976562500000000e-01
3.188476562500000000e-01 1.523437500000000000e-01 5.395507812500000000e-01
2.739257812500000000e-01 2.373046875000000000e-01 6.879882812500000000e-01
3.413085937500000000e-01 7.666015625000000000e-02 3.251953125000000000e-01
3.237304687500000000e-01 1.806640625000000000e-01 5.942382812500000000e-01
3.281250000000000000e-01 2.407226562500000000e-01 5.556640625000000000e-01
3.291015625000000000e-01 2.915039062500000000e-01 5.883789062500000000e-01
3.295898437500000000e-01 1.733398437500000000e-01 3.510742187500000000e-01
3.203125000000000000e-01 1.713867187500000000e-01 4.785156250000000000e-01
3.422851562500000000e-01 1.596679687500000000e-01 3.969726562500000000e-01
3.359375000000000000e-01 1.542968750000000000e-01 3.828125000000000000e-01
3.237304687500000000e-01 1.054687500000000000e-01 5.449218750000000000e-01
3.408203125000000000e-01 1.450195312500000000e-01 3.247070312500000000e-01
3.227539062500000000e-01 2.036132812500000000e-01 6.479492187500000000e-01
3.378906250000000000e-01 1.435546875000000000e-01 4.653320312500000000e-01
3.569335937500000000e-01 8.740234375000000000e-02 2.998046875000000000e-01
3.164062500000000000e-01 1.469726562500000000e-01 5.878906250000000000e-01
3.305664062500000000e-01 1.250000000000000000e-01 5.083007812500000000e-01
3.369140625000000000e-01 1.596679687500000000e-01 4.677734375000000000e-01
3.432617187500000000e-01 1.416015625000000000e-01 4.169921875000000000e-01
3.315429687500000000e-01 9.863281250000000000e-02 4.614257812500000000e-01
3.496093750000000000e-01 7.714843750000000000e-02 4.047851562500000000e-01
3.129882812500000000e-01 1.264648437500000000e-01 5.815429687500000000e-01
