3.466796875000000000e-02 4.047851562500000000e-01 9.653320312500000000e-01
3.613281250000000000e-02 3.349609375000000000e-01 9.638671875000000000e-01
4.248046875000000000e-02 4.550781250000000000e-01 9.575195312500000000e-01
3.271484375000000000e-02 2.778320312500000000e-01 9.672851562500000000e-01
3.076171875000000000e-02 4.248046875000000000e-01 9.692382812500000000e-01
2.929687500000000000e-02 2.890625000000000000e-01 9.707031250000000000e-01
3.271484375000000000e-02 3.652343750000000000e-01 9.672851562500000000e-01
4.150390625000000000e-02 2.846679687500000000e-01 9.584960937500000000e-01
3.466796875000000000e-02 3.627929687500000000e-01 9.653320312500000000e-01
3.320312500000000000e-02 4.624023437500000000e-01 9.667968750000000000e-01
3.369140625000000000e-02 3.764648437500000000e-01 9.663085937500000000e-01
2.832031250000000000e-02 4.145507812500000000e-01 9.716796875000000000e-01
3.613281250000000000e-02 4.804687500000000000e-01 9.638671875000000000e-01
4.345703125000000000e-02 3.994140625000000000e-01 9.565429687500000000e-01
4.345703125000000000e-02 4.277343750000000000e-01 9.565429687500000000e-01
4.785156250000000000e-02 4.619140625000000000e-01 9.521484375000000000e-01
4.052734375000000000e-02 3.564453125000000000e-01 7.768554687500000000e-01
3.906250000000000000e-02 4.033203125000000000e-01 9.609375000000000000e-01
3.906250000000000000e-02 4.296875000000000000e-01 9.609375000000000000e-01
4.003906250000000000e-02 4.375000000000000000e-01 9.599609375000000000e-01
4.003906250000000000e-02 3.442382812500000000e-01 9.599609375000000000e-01
3.125000000000000000e-02 3.427734375000000000e-01 9.687500000000000000e-01
3.320312500000000000e-02 2.949218750000000000e-01 9.667968750000000000e-01
3.320312500000000000e-02 3.657226562500000000e-01 9.667968750000000000e-01
3.759765625000000000e-02 3.837890625000000000e-01 9.624023437500000000e-01
4.101562500000000000e-02 4.716796875000000000e-01 9.589843750000000000e-01
3.662109375000000000e-02 4.340820312500000000e-01 9.633789062500000000e-01
4.101562500000000000e-02 4.018554687500000000e-01 9.589843750000000000e-01
4.296875000000000000e-02 4.042968750000000000e-01 9.570312500000000000e-01
2.929687500000000000e-02 4.467773437500000000e-01 9.707031250000000000e-01
3.076171875000000000e-02 4.272460937500000000e-01 9.692382812500000000e-01
4.003906250000000000e-02 3.759765625000000000e-01 9.599609375000000000e-01
4.150390625000000000e-02 4.667968750000000000e-01 9.584960937500000000e-01
3.222656250000000000e-02 4.282226562500000000e-01 9.677734375000000000e-01
3.320312500000000000e-02 4.521484375000000000e-01 9.667968750000000000e-01
3.613281250000000000e-02 3.828125000000000000e-01 9.638671875000000000e-01
4.052734375000000000e-02 4.204101562500000000e-01 9.594726562500000000e-01
3.417968750000000000e-02 3.857421875000000000e-01 9.658203125000000000e-01
4.003906250000000000e-02 3.046875000000000000e-01 9.594726562500000000e-01
3.710937500000000000e-02 4.794921875000000000e-01 9.628906250000000000e-01
3.222656250000000000e-02 4.580078125000000000e-01 9.677734375000000000e-01
3.710937500000000000e-02 4.062500000000000000e-01 9.628906250000000000e-01
2.490234375000000000e-02 4.555664062500000000e-01 9.750976562500000000e-01
3.613281250000000000e-02 4.321289062500000000e-01 9.638671875000000000e-01
3.808593750000000000e-02 3.735351562500000000e-01 9.619140625000000000e-01
4.589843750000000000e-02 3.979492187500000000e-01 9.541015625000000000e-01
3.857421875000000000e-02 3.457031250000000000e-01 9.614257812500000000e-01
3.076171875000000000e-02 4.848632812500000000e-01 9.692382812500000000e-01
4.541015625000000000e-02 4.570312500000000000e-01 9.545898437500000000e-01
2.978515625000000000e-02 4.721679687500000000e-01 9.702148437500000000e-01
2.880859375000000000e-02 4.409179687500000000e-01 9.711914062500000000e-01
3.906250000000000000e-02 4.389648437500000000e-01 9.609375000000000000e-01
3.466796875000000000e-02 4.472656250000000000e-01 9.653320312500000000e-01
2.929687500000000000e-02 4.604492187500000000e-01 9.707031250000000000e-01
3.613281250000000000e-02 4.213867187500000000e-01 9.638671875000000000e-01
2.441406250000000000e-02 4.477539062500000000e-01 9.755859375000000000e-01
4.394531250000000000e-02 3.291015625000000000e-01 9.560546875000000000e-01
3.564453125000000000e-02 4.711914062500000000e-01 9.643554687500000000e-01
2.685546875000000000e-02 4.555664062500000000e-01 9.731445312500000000e-01
3.222656250000000000e-02 4.414062500000000000e-01 9.677734375000000000e-01
3.564453125000000000e-02 4.697265625000000000e-01 9.643554687500000000e-01
3.906250000000000000e-02 4.003906250000000000e-01 9.609375000000000000e-01
3.222656250000000000e-02 3.251953125000000000e-01 9.677734375000000000e-01
2.734375000000000000e-02 4.189453125000000000e-01 9.726562500000000000e-01
3.515625000000000000e-02 4.326171875000000000e-01 9.648437500000000000e-01
2.929687500000000000e-02 4.833984375000000000e-01 9.707031250000000000e-01
3.466796875000000000e-02 4.008789062500000000e-01 9.653320312500000000e-01
3.759765625000000000e-02 4.316406250000000000e-01 9.624023437500000000e-01
3.320312500000000000e-02 4.033203125000000000e-01 9.667968750000000000e-01
3.808593750000000000e-02 4.443359375000000000e-01 9.619140625000000000e-01
4.248046875000000000e-02 4.414062500000000000e-01 9.575195312500000000e-01
2.880859375000000000e-02 4.531250000000000000e-01 9.711914062500000000e-01
3.613281250000000000e-02 4.316406250000000000e-01 9.638671875000000000e-01
2.441406250000000000e-02 4.223632812500000000e-01 9.755859375000000000e-01
4.052734375000000000e-02 3.950195312500000000e-01 9.594726562500000000e-01
2.978515625000000000e-02 4.238281250000000000e-01 9.702148437500000000e-01
3.222656250000000000e-02 4.663085937500000000e-01 9.677734375000000000e-01
3.759765625000000000e-02 4.521484375000000000e-01 9.624023437500000000e-01
5.371093750000000000e-02 4.233398437500000000e-01 9.462890625000000000e-01
3.613281250000000000e-02 4.218750000000000000e-01 9.638671875000000000e-01
4.785156250000000000e-02 2.856445312500000000e-01 9.521484375000000000e-01
4.833984375000000000e-02 3.037109375000000000e-01 9.516601562500000000e-01
4.101562500000000000e-02 4.736328125000000000e-01 9.589843750000000000e-01
3.320312500000000000e-02 4.794921875000000000e-01 9.667968750000000000e-01
3.320312500000000000e-02 3.916015625000000000e-01 9.667968750000000000e-01
3.662109375000000000e-02 2.709960937500000000e-01 9.633789062500000000e-01
2.978515625000000000e-02 3.481445312500000000e-01 9.702148437500000000e-01
4.003906250000000000e-02 2.905273437500000000e-01 9.599609375000000000e-01
3.027343750000000000e-02 4.628906250000000000e-01 9.697265625000000000e-01
2.978515625000000000e-02 4.482421875000000000e-01 9.702148437500000000e-01
3.417968750000000000e-02 4.321289062500000000e-01 9.658203125000000000e-01
3.173828125000000000e-02 3.413085937500000000e-01 9.682617187500000000e-01
3.662109375000000000e-02 3.037109375000000000e-01 9.633789062500000000e-01
2.978515625000000000e-02 4.248046875000000000e-01 9.702148437500000000e-01
4.052734375000000000e-02 4.633789062500000000e-01 9.594726562500000000e-01
3.369140625000000000e-02 4.443359375000000000e-01 9.663085937500000000e-01
5.615234375000000000e-02 3.168945312500000000e-01 6.625976562500000000e-01
3.906250000000000000e-02 4.555664062500000000e-01 9.609375000000000000e-01
4.150390625000000000e-02 4.560546875000000000e-01 9.584960937500000000e-01
4.101562500000000000e-02 3.803710937500000000e-01 9.589843750000000000e-01
