6.738281250000000000e-02 3.056640625000000000e-01 6.879882812500000000e-01
4.492187500000000000e-02 2.797851562500000000e-01 7.065429687500000000e-01
3.320312500000000000e-02 4.414062500000000000e-01 9.667968750000000000e-01
4.003906250000000000e-02 3.701171875000000000e-01 9.599609375000000000e-01
4.541015625000000000e-02 2.563476562500000000e-01 9.545898437500000000e-01
2.539062500000000000e-02 2.294921875000000000e-01 9.746093750000000000e-01
5.126953125000000000e-02 2.373046875000000000e-01 7.426757812500000000e-01
6.152343750000000000e-02 2.885742187500000000e-01 7.099609375000000000e-01
4.003906250000000000e-02 3.442382812500000000e-01 9.599609375000000000e-01
6.933593750000000000e-02 4.433593750000000000e-01 9.306640625000000000e-01
3.662109375000000000e-02 2.451171875000000000e-01 9.633789062500000000e-01
6.005859375000000000e-02 3.105468750000000000e-01 7.231445312500000000e-01
5.371093750000000000e-02 2.348632812500000000e-01 7.431640625000000000e-01
5.859375000000000000e-02 3.164062500000000000e-01 7.050781250000000000e-01
6.250000000000000000e-02 4.599609375000000000e-01 9.375000000000000000e-01
3.808593750000000000e-02 3.012695312500000000e-01 9.619140625000000000e-01
5.126953125000000000e-02 4.057617187500000000e-01 9.487304687500000000e-01
6.103515625000000000e-02 3.549804687500000000e-01 7.441406250000000000e-01
6.152343750000000000e-02 4.550781250000000000e-01 9.384765625000000000e-01
6.103515625000000000e-02 3.203125000000000000e-01 9.389648437500000000e-01
5.517578125000000000e-02 2.490234375000000000e-01 7.167968750000000000e-01
4.541015625000000000e-02 3.505859375000000000e-01 9.545898437500000000e-01
3.466796875000000000e-02 3.911132812500000000e-01 9.653320312500000000e-01
4.003906250000000000e-02 3.510742187500000000e-01 9.599609375000000000e-01
5.078125000000000000e-02 3.071289062500000000e-01 9.492187500000000000e-01
4.931640625000000000e-02 3.730468750000000000e-01 9.506835937500000000e-01
5.566406250000000000e-02 2.421875000000000000e-01 5.019531250000000000e-01
5.322265625000000000e-02 3.969726562500000000e-01 9.467773437500000000e-01
5.664062500000000000e-02 4.287109375000000000e-01 9.433593750000000000e-01
5.224609375000000000e-02 2.778320312500000000e-01 7.099609375000000000e-01
3.271484375000000000e-02 4.296875000000000000e-01 9.672851562500000000e-01
3.955078125000000000e-02 4.116210937500000000e-01 9.604492187500000000e-01
4.638671875000000000e-02 2.768554687500000000e-01 8.159179687500000000e-01
3.955078125000000000e-02 4.243164062500000000e-01 9.604492187500000000e-01
4.199218750000000000e-02 2.910156250000000000e-01 9.580078125000000000e-01
4.980468750000000000e-02 2.519531250000000000e-01 9.501953125000000000e-01
4.931640625000000000e-02 2.885742187500000000e-01 9.506835937500000000e-01
4.296875000000000000e-02 4.174804687500000000e-01 9.570312500000000000e-01
5.566406250000000000e-02 2.753906250000000000e-01 9.438476562500000000e-01
5.371093750000000000e-02 4.492187500000000000e-01 9.458007812500000000e-01
4.589843750000000000e-02 4.677734375000000000e-01 9.541015625000000000e-01
4.589843750000000000e-02 2.646484375000000000e-01 9.541015625000000000e-01
2.685546875000000000e-02 4.501953125000000000e-01 9.731445312500000000e-01
4.882812500000000000e-02 4.326171875000000000e-01 9.511718750000000000e-01
3.417968750000000000e-02 4.687500000000000000e-01 9.658203125000000000e-01
7.861328125000000000e-02 1.879882812500000000e-01 7.714843750000000000e-01
5.371093750000000000e-02 2.631835937500000000e-01 9.462890625000000000e-01
4.052734375000000000e-02 2.802734375000000000e-01 9.594726562500000000e-01
5.371093750000000000e-02 2.602539062500000000e-01 7.563476562500000000e-01
3.808593750000000000e-02 4.663085937500000000e-01 9.619140625000000000e-01
5.175781250000000000e-02 2.773437500000000000e-01 7.050781250000000000e-01
4.736328125000000000e-02 4.511718750000000000e-01 9.526367187500000000e-01
4.492187500000000000e-02 3.193359375000000000e-01 9.550781250000000000e-01
3.857421875000000000e-02 4.638671875000000000e-01 9.614257812500000000e-01
7.373046875000000000e-02 2.631835937500000000e-01 5.332031250000000000e-01
3.369140625000000000e-02 4.428710937500000000e-01 9.663085937500000000e-01
5.419921875000000000e-02 2.836914062500000000e-01 5.791015625000000000e-01
4.394531250000000000e-02 2.851562500000000000e-01 9.560546875000000000e-01
2.832031250000000000e-02 4.736328125000000000e-01 9.716796875000000000e-01
3.417968750000000000e-02 4.414062500000000000e-01 9.658203125000000000e-01
4.443359375000000000e-02 2.719726562500000000e-01 6.987304687500000000e-01
5.419921875000000000e-02 2.968750000000000000e-01 7.446289062500000000e-01
4.003906250000000000e-02 3.203125000000000000e-01 9.599609375000000000e-01
2.978515625000000000e-02 4.257812500000000000e-01 9.702148437500000000e-01
4.980468750000000000e-02 2.900390625000000000e-01 7.270507812500000000e-01
5.908203125000000000e-02 4.067382812500000000e-01 9.409179687500000000e-01
5.859375000000000000e-02 2.006835937500000000e-01 7.539062500000000000e-01
4.443359375000000000e-02 3.164062500000000000e-01 9.536132812500000000e-01
4.296875000000000000e-02 2.739257812500000000e-01 7.915039062500000000e-01
5.419921875000000000e-02 3.300781250000000000e-01 9.458007812500000000e-01
6.347656250000000000e-02 4.589843750000000000e-01 9.365234375000000000e-01
3.076171875000000000e-02 2.778320312500000000e-01 9.692382812500000000e-01
5.615234375000000000e-02 3.593750000000000000e-01 9.438476562500000000e-01
4.589843750000000000e-02 3.862304687500000000e-01 9.541015625000000000e-01
4.882812500000000000e-02 2.709960937500000000e-01 6.914062500000000000e-01
4.589843750000000000e-02 3.134765625000000000e-01 9.541015625000000000e-01
4.394531250000000000e-02 2.954101562500000000e-01 9.560546875000000000e-01
3.857421875000000000e-02 4.589843750000000000e-01 9.614257812500000000e-01
8.007812500000000000e-02 2.709960937500000000e-01 6.962890625000000000e-01
3.076171875000000000e-02 4.516601562500000000e-01 9.692382812500000000e-01
5.224609375000000000e-02 2.587890625000000000e-01 6.914062500000000000e-01
4.443359375000000000e-02 4.277343750000000000e-01 9.555664062500000000e-01
5.175781250000000000e-02 3.364257812500000000e-01 9.482421875000000000e-01
4.296875000000000000e-02 4.575195312500000000e-01 9.570312500000000000e-01
5.371093750000000000e-02 2.880859375000000000e-01 9.462890625000000000e-01
6.152343750000000000e-02 2.871093750000000000e-01 5.795898437500000000e-01
5.615234375000000000e-02 2.285156250000000000e-01 7.661132812500000000e-01
5.029296875000000000e-02 2.622070312500000000e-01 6.948242187500000000e-01
4.492187500000000000e-02 2.758789062500000000e-01 9.550781250000000000e-01
5.957031250000000000e-02 3.071289062500000000e-01 7.817382812500000000e-01
6.542968750000000000e-02 2.504882812500000000e-01 5.771484375000000000e-01
6.005859375000000000e-02 2.231445312500000000e-01 7.543945312500000000e-01
6.005859375000000000e-02 2.436523437500000000e-01 9.399414062500000000e-01
3.857421875000000000e-02 4.521484375000000000e-01 9.614257812500000000e-01
3.955078125000000000e-02 4.638671875000000000e-01 9.604492187500000000e-01
6.396484375000000000e-02 2.617187500000000000e-01 8.295898437500000000e-01
4.687500000000000000e-02 3.793945312500000000e-01 9.531250000000000000e-01
4.492187500000000000e-02 4.321289062500000000e-01 9.550781250000000000e-01
4.785156250000000000e-02 4.038085937500000000e-01 9.521484375000000000e-01
6.298828125000000000e-02 3.876953125000000000e-01 9.370117187500000000e-01
