6.201171875000000000e-02 3.041992187500000000e-01 6.464843750000000000e-01
4.394531250000000000e-02 2.475585937500000000e-01 9.560546875000000000e-01
4.882812500000000000e-02 2.548828125000000000e-01 9.511718750000000000e-01
4.980468750000000000e-02 2.656250000000000000e-01 9.501953125000000000e-01
3.808593750000000000e-02 3.676757812500000000e-01 9.619140625000000000e-01
5.761718750000000000e-02 4.023437500000000000e-01 9.423828125000000000e-01
6.347656250000000000e-02 3.037109375000000000e-01 7.387695312500000000e-01
7.128906250000000000e-02 3.105468750000000000e-01 7.250976562500000000e-01
4.785156250000000000e-02 3.466796875000000000e-01 9.521484375000000000e-01
7.080078125000000000e-02 3.271484375000000000e-01 7.675781250000000000e-01
3.613281250000000000e-02 2.197265625000000000e-01 9.638671875000000000e-01
7.421875000000000000e-02 2.285156250000000000e-01 4.692382812500000000e-01
3.906250000000000000e-02 2.373046875000000000e-01 9.609375000000000000e-01
5.957031250000000000e-02 3.295898437500000000e-01 9.404296875000000000e-01
7.421875000000000000e-02 2.441406250000000000e-01 7.460937500000000000e-01
5.029296875000000000e-02 4.218750000000000000e-01 9.497070312500000000e-01
5.029296875000000000e-02 3.696289062500000000e-01 7.822265625000000000e-01
6.884765625000000000e-02 3.549804687500000000e-01 9.311523437500000000e-01
5.566406250000000000e-02 1.914062500000000000e-01 9.443359375000000000e-01
6.787109375000000000e-02 4.526367187500000000e-01 9.321289062500000000e-01
5.566406250000000000e-02 2.407226562500000000e-01 7.241210937500000000e-01
5.371093750000000000e-02 3.437500000000000000e-01 7.685546875000000000e-01
4.931640625000000000e-02 3.857421875000000000e-01 9.506835937500000000e-01
4.443359375000000000e-02 3.505859375000000000e-01 9.555664062500000000e-01
5.712890625000000000e-02 1.918945312500000000e-01 9.428710937500000000e-01
6.054687500000000000e-02 2.187500000000000000e-01 7.333984375000000000e-01
6.201171875000000000e-02 4.687500000000000000e-01 9.379882812500000000e-01
6.591796875000000000e-02 3.613281250000000000e-01 7.338867187500000000e-01
6.542968750000000000e-02 1.801757812500000000e-01 9.345703125000000000e-01
8.642578125000000000e-02 2.343750000000000000e-01 4.741210937500000000e-01
5.761718750000000000e-02 3.481445312500000000e-01 9.423828125000000000e-01
5.468750000000000000e-02 3.632812500000000000e-01 9.453125000000000000e-01
8.447265625000000000e-02 2.021484375000000000e-01 6.308593750000000000e-01
4.785156250000000000e-02 4.272460937500000000e-01 9.521484375000000000e-01
5.468750000000000000e-02 2.177734375000000000e-01 9.453125000000000000e-01
4.980468750000000000e-02 4.121093750000000000e-01 9.501953125000000000e-01
5.419921875000000000e-02 4.228515625000000000e-01 9.458007812500000000e-01
4.296875000000000000e-02 4.267578125000000000e-01 9.570312500000000000e-01
8.496093750000000000e-02 4.018554687500000000e-01 9.145507812500000000e-01
4.980468750000000000e-02 4.526367187500000000e-01 9.501953125000000000e-01
4.492187500000000000e-02 4.619140625000000000e-01 9.550781250000000000e-01
5.468750000000000000e-02 3.798828125000000000e-01 9.453125000000000000e-01
3.466796875000000000e-02 4.477539062500000000e-01 9.653320312500000000e-01
5.664062500000000000e-02 4.331054687500000000e-01 9.433593750000000000e-01
6.835937500000000000e-02 3.706054687500000000e-01 7.617187500000000000e-01
7.519531250000000000e-02 1.987304687500000000e-01 6.904296875000000000e-01
6.054687500000000000e-02 4.033203125000000000e-01 9.394531250000000000e-01
5.175781250000000000e-02 2.792968750000000000e-01 7.329101562500000000e-01
7.470703125000000000e-02 2.421875000000000000e-01 7.343750000000000000e-01
4.345703125000000000e-02 4.702148437500000000e-01 9.565429687500000000e-01
7.373046875000000000e-02 2.832031250000000000e-01 6.777343750000000000e-01
6.542968750000000000e-02 2.246093750000000000e-01 7.329101562500000000e-01
6.640625000000000000e-02 1.762695312500000000e-01 9.335937500000000000e-01
6.054687500000000000e-02 2.441406250000000000e-01 9.394531250000000000e-01
8.251953125000000000e-02 1.591796875000000000e-01 7.988281250000000000e-01
3.125000000000000000e-02 4.423828125000000000e-01 9.687500000000000000e-01
5.615234375000000000e-02 2.187500000000000000e-01 6.279296875000000000e-01
5.371093750000000000e-02 1.923828125000000000e-01 9.462890625000000000e-01
6.738281250000000000e-02 2.192382812500000000e-01 4.575195312500000000e-01
7.568359375000000000e-02 1.865234375000000000e-01 6.645507812500000000e-01
5.078125000000000000e-02 2.739257812500000000e-01 6.977539062500000000e-01
6.201171875000000000e-02 2.905273437500000000e-01 7.368164062500000000e-01
7.812500000000000000e-02 3.632812500000000000e-01 7.656250000000000000e-01
6.787109375000000000e-02 2.416992187500000000e-01 5.810546875000000000e-01
7.373046875000000000e-02 4.155273437500000000e-01 9.262695312500000000e-01
5.957031250000000000e-02 2.910156250000000000e-01 6.801757812500000000e-01
4.638671875000000000e-02 4.555664062500000000e-01 9.536132812500000000e-01
4.833984375000000000e-02 4.287109375000000000e-01 9.497070312500000000e-01
7.080078125000000000e-02 2.666015625000000000e-01 7.626953125000000000e-01
5.419921875000000000e-02 4.345703125000000000e-01 9.458007812500000000e-01
6.835937500000000000e-02 3.144531250000000000e-01 6.835937500000000000e-01
6.250000000000000000e-02 3.403320312500000000e-01 8.085937500000000000e-01
6.933593750000000000e-02 2.626953125000000000e-01 7.500000000000000000e-01
5.322265625000000000e-02 3.505859375000000000e-01 9.467773437500000000e-01
6.738281250000000000e-02 3.408203125000000000e-01 7.314453125000000000e-01
5.664062500000000000e-02 3.193359375000000000e-01 9.428710937500000000e-01
4.345703125000000000e-02 1.767578125000000000e-01 9.565429687500000000e-01
5.419921875000000000e-02 3.022460937500000000e-01 9.458007812500000000e-01
8.203125000000000000e-02 2.651367187500000000e-01 5.708007812500000000e-01
5.078125000000000000e-02 4.741210937500000000e-01 9.492187500000000000e-01
5.468750000000000000e-02 2.968750000000000000e-01 9.453125000000000000e-01
8.007812500000000000e-02 1.621093750000000000e-01 7.612304687500000000e-01
5.859375000000000000e-02 3.813476562500000000e-01 9.414062500000000000e-01
5.810546875000000000e-02 3.061523437500000000e-01 7.968750000000000000e-01
6.591796875000000000e-02 3.051757812500000000e-01 9.340820312500000000e-01
3.173828125000000000e-02 4.423828125000000000e-01 9.682617187500000000e-01
3.466796875000000000e-02 3.994140625000000000e-01 9.653320312500000000e-01
6.152343750000000000e-02 3.110351562500000000e-01 7.617187500000000000e-01
4.101562500000000000e-02 2.788085937500000000e-01 9.589843750000000000e-01
6.103515625000000000e-02 3.701171875000000000e-01 7.905273437500000000e-01
6.689453125000000000e-02 2.500000000000000000e-01 9.331054687500000000e-01
5.908203125000000000e-02 2.119140625000000000e-01 7.553710937500000000e-01
6.103515625000000000e-02 2.739257812500000000e-01 9.389648437500000000e-01
5.517578125000000000e-02 2.690429687500000000e-01 5.703125000000000000e-01
4.248046875000000000e-02 1.835937500000000000e-01 9.575195312500000000e-01
7.812500000000000000e-02 2.993164062500000000e-01 8.139648437500000000e-01
5.126953125000000000e-02 3.696289062500000000e-01 9.487304687500000000e-01
7.080078125000000000e-02 2.358398437500000000e-01 7.700195312500000000e-01
4.199218750000000000e-02 2.651367187500000000e-01 9.580078125000000000e-01
7.666015625000000000e-02 2.241210937500000000e-01 8.090820312500000000e-01
