4.882812500000000000e-02 2.470703125000000000e-01 9.511718750000000000e-01
5.224609375000000000e-02 3.178710937500000000e-01 6.831054687500000000e-01
3.662109375000000000e-02 3.671875000000000000e-01 9.633789062500000000e-01
4.589843750000000000e-02 2.324218750000000000e-01 9.541015625000000000e-01
4.980468750000000000e-02 3.642578125000000000e-01 9.501953125000000000e-01
5.078125000000000000e-02 2.309570312500000000e-01 9.492187500000000000e-01
4.101562500000000000e-02 3.203125000000000000e-01 9.589843750000000000e-01
5.175781250000000000e-02 4.716796875000000000e-01 9.482421875000000000e-01
3.857421875000000000e-02 2.441406250000000000e-01 9.614257812500000000e-01
7.568359375000000000e-02 2.075195312500000000e-01 4.707031250000000000e-01
4.296875000000000000e-02 4.663085937500000000e-01 9.570312500000000000e-01
6.640625000000000000e-02 3.642578125000000000e-01 7.358398437500000000e-01
6.298828125000000000e-02 3.349609375000000000e-01 9.370117187500000000e-01
4.296875000000000000e-02 2.895507812500000000e-01 9.570312500000000000e-01
5.810546875000000000e-02 2.304687500000000000e-01 7.646484375000000000e-01
6.689453125000000000e-02 3.579101562500000000e-01 9.331054687500000000e-01
5.957031250000000000e-02 3.662109375000000000e-01 9.404296875000000000e-01
7.763671875000000000e-02 3.188476562500000000e-01 7.036132812500000000e-01
4.443359375000000000e-02 4.687500000000000000e-01 9.555664062500000000e-01
3.857421875000000000e-02 3.457031250000000000e-01 9.614257812500000000e-01
4.199218750000000000e-02 3.906250000000000000e-01 9.580078125000000000e-01
3.906250000000000000e-02 3.520507812500000000e-01 9.609375000000000000e-01
4.394531250000000000e-02 3.588867187500000000e-01 9.560546875000000000e-01
5.566406250000000000e-02 4.272460937500000000e-01 9.443359375000000000e-01
5.517578125000000000e-02 4.707031250000000000e-01 9.448242187500000000e-01
5.566406250000000000e-02 3.764648437500000000e-01 9.443359375000000000e-01
7.128906250000000000e-02 3.559570312500000000e-01 7.485351562500000000e-01
5.224609375000000000e-02 2.314453125000000000e-01 9.477539062500000000e-01
3.662109375000000000e-02 4.531250000000000000e-01 9.633789062500000000e-01
7.080078125000000000e-02 1.894531250000000000e-01 8.334960937500000000e-01
5.371093750000000000e-02 2.021484375000000000e-01 9.462890625000000000e-01
5.810546875000000000e-02 4.223632812500000000e-01 9.418945312500000000e-01
3.906250000000000000e-02 3.046875000000000000e-01 9.609375000000000000e-01
5.029296875000000000e-02 4.116210937500000000e-01 9.497070312500000000e-01
5.371093750000000000e-02 4.238281250000000000e-01 9.462890625000000000e-01
4.199218750000000000e-02 4.267578125000000000e-01 9.580078125000000000e-01
7.812500000000000000e-02 4.189453125000000000e-01 8.408203125000000000e-01
6.054687500000000000e-02 4.467773437500000000e-01 9.389648437500000000e-01
5.761718750000000000e-02 3.100585937500000000e-01 6.567382812500000000e-01
4.785156250000000000e-02 2.666015625000000000e-01 9.521484375000000000e-01
3.417968750000000000e-02 4.497070312500000000e-01 9.658203125000000000e-01
5.078125000000000000e-02 4.316406250000000000e-01 9.492187500000000000e-01
8.056640625000000000e-02 2.026367187500000000e-01 6.713867187500000000e-01
8.056640625000000000e-02 1.904296875000000000e-01 6.855468750000000000e-01
5.419921875000000000e-02 4.057617187500000000e-01 9.458007812500000000e-01
3.759765625000000000e-02 2.402343750000000000e-01 9.624023437500000000e-01
6.640625000000000000e-02 4.184570312500000000e-01 9.335937500000000000e-01
4.345703125000000000e-02 4.702148437500000000e-01 9.565429687500000000e-01
5.078125000000000000e-02 2.480468750000000000e-01 9.492187500000000000e-01
5.859375000000000000e-02 2.299804687500000000e-01 7.446289062500000000e-01
5.908203125000000000e-02 3.491210937500000000e-01 9.409179687500000000e-01
5.517578125000000000e-02 2.514648437500000000e-01 9.448242187500000000e-01
4.052734375000000000e-02 2.456054687500000000e-01 9.594726562500000000e-01
3.759765625000000000e-02 4.394531250000000000e-01 9.624023437500000000e-01
4.248046875000000000e-02 2.221679687500000000e-01 9.575195312500000000e-01
5.273437500000000000e-02 1.997070312500000000e-01 9.472656250000000000e-01
4.931640625000000000e-02 3.183593750000000000e-01 9.506835937500000000e-01
6.103515625000000000e-02 3.076171875000000000e-01 6.733398437500000000e-01
5.126953125000000000e-02 2.690429687500000000e-01 6.923828125000000000e-01
5.468750000000000000e-02 2.963867187500000000e-01 9.453125000000000000e-01
3.955078125000000000e-02 3.208007812500000000e-01 9.604492187500000000e-01
5.615234375000000000e-02 2.856445312500000000e-01 5.874023437500000000e-01
6.494140625000000000e-02 2.841796875000000000e-01 7.114257812500000000e-01
5.468750000000000000e-02 3.027343750000000000e-01 6.845703125000000000e-01
4.931640625000000000e-02 2.431640625000000000e-01 9.506835937500000000e-01
6.347656250000000000e-02 3.564453125000000000e-01 9.365234375000000000e-01
7.080078125000000000e-02 1.967773437500000000e-01 5.830078125000000000e-01
5.126953125000000000e-02 2.778320312500000000e-01 7.143554687500000000e-01
6.689453125000000000e-02 3.149414062500000000e-01 7.626953125000000000e-01
3.808593750000000000e-02 2.592773437500000000e-01 9.619140625000000000e-01
5.468750000000000000e-02 2.778320312500000000e-01 7.451171875000000000e-01
3.564453125000000000e-02 2.197265625000000000e-01 9.643554687500000000e-01
4.736328125000000000e-02 2.895507812500000000e-01 7.524414062500000000e-01
5.126953125000000000e-02 3.144531250000000000e-01 9.487304687500000000e-01
4.931640625000000000e-02 2.973632812500000000e-01 7.719726562500000000e-01
5.175781250000000000e-02 4.663085937500000000e-01 9.482421875000000000e-01
6.347656250000000000e-02 3.227539062500000000e-01 7.929687500000000000e-01
3.906250000000000000e-02 3.662109375000000000e-01 9.609375000000000000e-01
5.322265625000000000e-02 3.608398437500000000e-01 9.467773437500000000e-01
6.445312500000000000e-02 2.749023437500000000e-01 9.355468750000000000e-01
5.664062500000000000e-02 4.370117187500000000e-01 9.433593750000000000e-01
5.810546875000000000e-02 4.506835937500000000e-01 9.418945312500000000e-01
8.105468750000000000e-02 2.700195312500000000e-01 6.806640625000000000e-01
3.125000000000000000e-02 4.619140625000000000e-01 9.687500000000000000e-01
5.371093750000000000e-02 1.689453125000000000e-01 9.462890625000000000e-01
5.371093750000000000e-02 2.631835937500000000e-01 6.923828125000000000e-01
3.710937500000000000e-02 2.802734375000000000e-01 9.628906250000000000e-01
6.787109375000000000e-02 2.343750000000000000e-01 5.004882812500000000e-01
6.542968750000000000e-02 3.085937500000000000e-01 7.114257812500000000e-01
5.615234375000000000e-02 2.255859375000000000e-01 9.438476562500000000e-01
5.273437500000000000e-02 4.208984375000000000e-01 9.472656250000000000e-01
4.296875000000000000e-02 4.497070312500000000e-01 9.570312500000000000e-01
4.443359375000000000e-02 1.835937500000000000e-01 9.555664062500000000e-01
6.396484375000000000e-02 2.602539062500000000e-01 5.981445312500000000e-01
4.833984375000000000e-02 4.682617187500000000e-01 9.516601562500000000e-01
7.958984375000000000e-02 2.563476562500000000e-01 9.204101562500000000e-01
6.494140625000000000e-02 3.544921875000000000e-01 7.749023437500000000e-01
6.689453125000000000e-02 2.514648437500000000e-01 7.783203125000000000e-01
