4.541015625000000000e-02 4.594726562500000000e-01 9.545898437500000000e-01
3.417968750000000000e-02 4.721679687500000000e-01 9.658203125000000000e-01
3.417968750000000000e-02 4.326171875000000000e-01 9.658203125000000000e-01
4.589843750000000000e-02 2.958984375000000000e-01 6.875000000000000000e-01
2.880859375000000000e-02 4.423828125000000000e-01 9.711914062500000000e-01
3.808593750000000000e-02 3.125000000000000000e-01 7.304687500000000000e-01
3.222656250000000000e-02 4.423828125000000000e-01 9.677734375000000000e-01
5.029296875000000000e-02 3.681640625000000000e-01 9.497070312500000000e-01
3.466796875000000000e-02 3.579101562500000000e-01 9.653320312500000000e-01
3.417968750000000000e-02 4.638671875000000000e-01 9.658203125000000000e-01
4.394531250000000000e-02 3.579101562500000000e-01 7.250976562500000000e-01
3.125000000000000000e-02 4.296875000000000000e-01 9.687500000000000000e-01
4.541015625000000000e-02 2.929687500000000000e-01 9.545898437500000000e-01
4.003906250000000000e-02 4.189453125000000000e-01 9.599609375000000000e-01
4.785156250000000000e-02 4.667968750000000000e-01 9.521484375000000000e-01
4.931640625000000000e-02 4.458007812500000000e-01 9.506835937500000000e-01
4.101562500000000000e-02 4.321289062500000000e-01 9.589843750000000000e-01
7.226562500000000000e-02 1.894531250000000000e-01 5.776367187500000000e-01
4.199218750000000000e-02 3.212890625000000000e-01 9.580078125000000000e-01
5.126953125000000000e-02 3.583984375000000000e-01 9.487304687500000000e-01
3.125000000000000000e-02 4.702148437500000000e-01 9.687500000000000000e-01
3.662109375000000000e-02 3.461914062500000000e-01 9.633789062500000000e-01
4.296875000000000000e-02 3.803710937500000000e-01 9.570312500000000000e-01
3.857421875000000000e-02 3.627929687500000000e-01 9.614257812500000000e-01
3.613281250000000000e-02 4.731445312500000000e-01 9.638671875000000000e-01
3.955078125000000000e-02 3.798828125000000000e-01 9.604492187500000000e-01
3.076171875000000000e-02 4.399414062500000000e-01 9.692382812500000000e-01
4.003906250000000000e-02 4.335937500000000000e-01 9.599609375000000000e-01
4.736328125000000000e-02 3.730468750000000000e-01 9.526367187500000000e-01
3.076171875000000000e-02 4.433593750000000000e-01 9.692382812500000000e-01
2.929687500000000000e-02 4.287109375000000000e-01 9.707031250000000000e-01
3.320312500000000000e-02 4.062500000000000000e-01 9.667968750000000000e-01
3.515625000000000000e-02 3.569335937500000000e-01 9.648437500000000000e-01
4.541015625000000000e-02 3.798828125000000000e-01 9.545898437500000000e-01
3.222656250000000000e-02 4.633789062500000000e-01 9.677734375000000000e-01
4.443359375000000000e-02 2.680664062500000000e-01 9.555664062500000000e-01
3.369140625000000000e-02 4.697265625000000000e-01 9.663085937500000000e-01
4.296875000000000000e-02 2.880859375000000000e-01 9.570312500000000000e-01
5.273437500000000000e-02 3.525390625000000000e-01 9.467773437500000000e-01
3.759765625000000000e-02 4.804687500000000000e-01 9.624023437500000000e-01
4.199218750000000000e-02 3.593750000000000000e-01 9.580078125000000000e-01
4.638671875000000000e-02 2.832031250000000000e-01 6.928710937500000000e-01
3.125000000000000000e-02 2.651367187500000000e-01 9.687500000000000000e-01
3.808593750000000000e-02 3.603515625000000000e-01 9.619140625000000000e-01
5.273437500000000000e-02 3.061523437500000000e-01 7.836914062500000000e-01
4.101562500000000000e-02 4.018554687500000000e-01 9.589843750000000000e-01
4.248046875000000000e-02 4.501953125000000000e-01 9.575195312500000000e-01
3.320312500000000000e-02 4.658203125000000000e-01 9.667968750000000000e-01
4.541015625000000000e-02 4.721679687500000000e-01 9.545898437500000000e-01
3.320312500000000000e-02 4.716796875000000000e-01 9.667968750000000000e-01
3.173828125000000000e-02 4.521484375000000000e-01 9.682617187500000000e-01
4.150390625000000000e-02 3.012695312500000000e-01 9.584960937500000000e-01
3.613281250000000000e-02 4.570312500000000000e-01 9.638671875000000000e-01
2.978515625000000000e-02 3.671875000000000000e-01 9.702148437500000000e-01
3.808593750000000000e-02 4.301757812500000000e-01 9.619140625000000000e-01
2.587890625000000000e-02 4.462890625000000000e-01 9.741210937500000000e-01
4.736328125000000000e-02 4.072265625000000000e-01 9.526367187500000000e-01
4.003906250000000000e-02 2.968750000000000000e-01 9.599609375000000000e-01
3.027343750000000000e-02 3.828125000000000000e-01 9.697265625000000000e-01
4.296875000000000000e-02 4.155273437500000000e-01 9.570312500000000000e-01
4.541015625000000000e-02 4.208984375000000000e-01 9.545898437500000000e-01
3.417968750000000000e-02 4.331054687500000000e-01 9.658203125000000000e-01
3.173828125000000000e-02 3.261718750000000000e-01 9.682617187500000000e-01
3.466796875000000000e-02 4.208984375000000000e-01 9.653320312500000000e-01
4.003906250000000000e-02 4.047851562500000000e-01 9.599609375000000000e-01
3.320312500000000000e-02 4.785156250000000000e-01 9.667968750000000000e-01
4.052734375000000000e-02 4.091796875000000000e-01 9.594726562500000000e-01
4.589843750000000000e-02 3.823242187500000000e-01 9.541015625000000000e-01
3.466796875000000000e-02 4.506835937500000000e-01 9.653320312500000000e-01
4.003906250000000000e-02 3.286132812500000000e-01 9.599609375000000000e-01
5.566406250000000000e-02 3.706054687500000000e-01 9.443359375000000000e-01
2.929687500000000000e-02 4.833984375000000000e-01 9.707031250000000000e-01
5.615234375000000000e-02 3.569335937500000000e-01 7.578125000000000000e-01
4.101562500000000000e-02 3.251953125000000000e-01 7.143554687500000000e-01
4.589843750000000000e-02 3.085937500000000000e-01 9.541015625000000000e-01
4.931640625000000000e-02 2.968750000000000000e-01 6.625976562500000000e-01
3.369140625000000000e-02 2.827148437500000000e-01 9.663085937500000000e-01
3.613281250000000000e-02 4.560546875000000000e-01 9.638671875000000000e-01
4.736328125000000000e-02 4.487304687500000000e-01 9.526367187500000000e-01
3.662109375000000000e-02 3.374023437500000000e-01 9.633789062500000000e-01
4.443359375000000000e-02 3.896484375000000000e-01 9.555664062500000000e-01
4.248046875000000000e-02 3.764648437500000000e-01 9.575195312500000000e-01
4.833984375000000000e-02 4.448242187500000000e-01 9.516601562500000000e-01
3.320312500000000000e-02 3.437500000000000000e-01 9.667968750000000000e-01
4.150390625000000000e-02 3.959960937500000000e-01 9.584960937500000000e-01
4.541015625000000000e-02 3.583984375000000000e-01 7.304687500000000000e-01
2.880859375000000000e-02 4.150390625000000000e-01 9.711914062500000000e-01
5.468750000000000000e-02 2.548828125000000000e-01 7.353515625000000000e-01
5.517578125000000000e-02 2.788085937500000000e-01 7.006835937500000000e-01
3.662109375000000000e-02 4.243164062500000000e-01 9.633789062500000000e-01
4.833984375000000000e-02 3.129882812500000000e-01 9.516601562500000000e-01
4.248046875000000000e-02 4.614257812500000000e-01 9.575195312500000000e-01
4.003906250000000000e-02 4.335937500000000000e-01 9.599609375000000000e-01
3.515625000000000000e-02 4.472656250000000000e-01 9.648437500000000000e-01
3.662109375000000000e-02 4.785156250000000000e-01 9.633789062500000000e-01
4.833984375000000000e-02 3.647460937500000000e-01 9.516601562500000000e-01
3.369140625000000000e-02 3.842773437500000000e-01 9.663085937500000000e-01
3.906250000000000000e-02 4.399414062500000000e-01 9.609375000000000000e-01
3.710937500000000000e-02 4.418945312500000000e-01 9.628906250000000000e-01
4.199218750000000000e-02 3.862304687500000000e-01 9.580078125000000000e-01
