1.791992187500000000e-01 2.885742187500000000e-01 6.606445312500000000e-01
1.933593750000000000e-01 1.591796875000000000e-01 4.863281250000000000e-01
1.596679687500000000e-01 2.675781250000000000e-01 7.226562500000000000e-01
1.728515625000000000e-01 1.704101562500000000e-01 7.124023437500000000e-01
1.669921875000000000e-01 4.130859375000000000e-01 8.330078125000000000e-01
1.645507812500000000e-01 2.060546875000000000e-01 8.232421875000000000e-01
1.923828125000000000e-01 1.328125000000000000e-01 3.554687500000000000e-01
1.694335937500000000e-01 1.484375000000000000e-01 6.948242187500000000e-01
1.572265625000000000e-01 1.108398437500000000e-01 6.909179687500000000e-01
1.694335937500000000e-01 1.518554687500000000e-01 6.435546875000000000e-01
1.552734375000000000e-01 2.939453125000000000e-01 7.553710937500000000e-01
1.772460937500000000e-01 1.787109375000000000e-01 6.123046875000000000e-01
2.031250000000000000e-01 1.479492187500000000e-01 3.642578125000000000e-01
1.840820312500000000e-01 2.304687500000000000e-01 5.190429687500000000e-01
1.791992187500000000e-01 2.714843750000000000e-01 6.875000000000000000e-01
1.835937500000000000e-01 6.738281250000000000e-02 5.234375000000000000e-01
1.606445312500000000e-01 3.950195312500000000e-01 8.017578125000000000e-01
2.026367187500000000e-01 1.835937500000000000e-01 4.121093750000000000e-01
1.791992187500000000e-01 2.446289062500000000e-01 5.747070312500000000e-01
1.972656250000000000e-01 1.840820312500000000e-01 5.078125000000000000e-01
1.713867187500000000e-01 1.396484375000000000e-01 7.841796875000000000e-01
1.831054687500000000e-01 2.255859375000000000e-01 6.171875000000000000e-01
1.738281250000000000e-01 2.202148437500000000e-01 7.226562500000000000e-01
1.967773437500000000e-01 1.245117187500000000e-01 3.911132812500000000e-01
1.757812500000000000e-01 1.806640625000000000e-01 7.099609375000000000e-01
1.621093750000000000e-01 1.040039062500000000e-01 7.143554687500000000e-01
1.723632812500000000e-01 2.626953125000000000e-01 7.329101562500000000e-01
1.816406250000000000e-01 2.016601562500000000e-01 4.892578125000000000e-01
2.001953125000000000e-01 2.177734375000000000e-01 4.775390625000000000e-01
1.660156250000000000e-01 3.012695312500000000e-01 7.700195312500000000e-01
1.904296875000000000e-01 8.154296875000000000e-02 4.951171875000000000e-01
1.718750000000000000e-01 1.440429687500000000e-01 7.724609375000000000e-01
1.865234375000000000e-01 1.459960937500000000e-01 3.613281250000000000e-01
1.904296875000000000e-01 1.713867187500000000e-01 3.886718750000000000e-01
1.791992187500000000e-01 2.421875000000000000e-01 6.767578125000000000e-01
1.669921875000000000e-01 3.891601562500000000e-01 7.836914062500000000e-01
1.772460937500000000e-01 3.496093750000000000e-01 7.192382812500000000e-01
1.997070312500000000e-01 1.933593750000000000e-01 4.570312500000000000e-01
2.001953125000000000e-01 1.640625000000000000e-01 5.190429687500000000e-01
1.933593750000000000e-01 2.563476562500000000e-01 5.200195312500000000e-01
1.606445312500000000e-01 1.938476562500000000e-01 7.626953125000000000e-01
2.016601562500000000e-01 1.528320312500000000e-01 5.297851562500000000e-01
1.611328125000000000e-01 3.540039062500000000e-01 7.163085937500000000e-01
1.708984375000000000e-01 1.987304687500000000e-01 6.240234375000000000e-01
1.855468750000000000e-01 2.978515625000000000e-01 5.981445312500000000e-01
1.723632812500000000e-01 2.949218750000000000e-01 7.045898437500000000e-01
1.733398437500000000e-01 1.591796875000000000e-01 7.675781250000000000e-01
1.884765625000000000e-01 3.041992187500000000e-01 6.347656250000000000e-01
1.684570312500000000e-01 2.280273437500000000e-01 7.656250000000000000e-01
1.669921875000000000e-01 2.685546875000000000e-01 5.961914062500000000e-01
1.489257812500000000e-01 1.333007812500000000e-01 8.085937500000000000e-01
1.596679687500000000e-01 3.642578125000000000e-01 7.456054687500000000e-01
1.855468750000000000e-01 3.007812500000000000e-01 6.367187500000000000e-01
1.738281250000000000e-01 2.758789062500000000e-01 5.537109375000000000e-01
1.635742187500000000e-01 1.289062500000000000e-01 6.479492187500000000e-01
1.723632812500000000e-01 1.738281250000000000e-01 6.054687500000000000e-01
1.665039062500000000e-01 1.225585937500000000e-01 6.406250000000000000e-01
1.821289062500000000e-01 1.333007812500000000e-01 5.180664062500000000e-01
1.909179687500000000e-01 2.221679687500000000e-01 5.009765625000000000e-01
1.782226562500000000e-01 2.827148437500000000e-01 6.040039062500000000e-01
1.606445312500000000e-01 3.813476562500000000e-01 8.393554687500000000e-01
1.655273437500000000e-01 3.325195312500000000e-01 7.368164062500000000e-01
2.055664062500000000e-01 1.782226562500000000e-01 3.574218750000000000e-01
1.601562500000000000e-01 3.505859375000000000e-01 8.398437500000000000e-01
1.811523437500000000e-01 2.744140625000000000e-01 6.708984375000000000e-01
1.850585937500000000e-01 2.387695312500000000e-01 7.075195312500000000e-01
1.772460937500000000e-01 2.456054687500000000e-01 5.141601562500000000e-01
1.586914062500000000e-01 3.999023437500000000e-01 8.271484375000000000e-01
1.870117187500000000e-01 1.103515625000000000e-01 5.092773437500000000e-01
1.699218750000000000e-01 1.958007812500000000e-01 4.243164062500000000e-01
1.870117187500000000e-01 1.333007812500000000e-01 4.531250000000000000e-01
1.684570312500000000e-01 2.182617187500000000e-01 7.250976562500000000e-01
1.811523437500000000e-01 2.036132812500000000e-01 6.381835937500000000e-01
1.674804687500000000e-01 2.919921875000000000e-01 7.021484375000000000e-01
1.650390625000000000e-01 2.846679687500000000e-01 7.822265625000000000e-01
1.630859375000000000e-01 2.963867187500000000e-01 7.734375000000000000e-01
1.738281250000000000e-01 2.080078125000000000e-01 7.187500000000000000e-01
1.840820312500000000e-01 1.669921875000000000e-01 4.829101562500000000e-01
2.119140625000000000e-01 1.025390625000000000e-01 2.133789062500000000e-01
1.586914062500000000e-01 2.026367187500000000e-01 6.684570312500000000e-01
1.699218750000000000e-01 2.080078125000000000e-01 6.640625000000000000e-01
1.650390625000000000e-01 2.583007812500000000e-01 8.349609375000000000e-01
1.782226562500000000e-01 1.254882812500000000e-01 6.665039062500000000e-01
1.660156250000000000e-01 2.539062500000000000e-01 6.298828125000000000e-01
1.699218750000000000e-01 1.699218750000000000e-01 7.846679687500000000e-01
1.904296875000000000e-01 1.303710937500000000e-01 4.423828125000000000e-01
1.645507812500000000e-01 3.085937500000000000e-01 7.534179687500000000e-01
1.962890625000000000e-01 1.308593750000000000e-01 4.750976562500000000e-01
1.821289062500000000e-01 3.515625000000000000e-01 7.441406250000000000e-01
1.704101562500000000e-01 2.416992187500000000e-01 7.563476562500000000e-01
2.045898437500000000e-01 1.196289062500000000e-01 2.519531250000000000e-01
1.914062500000000000e-01 3.129882812500000000e-01 6.347656250000000000e-01
1.879882812500000000e-01 1.567382812500000000e-01 4.145507812500000000e-01
1.835937500000000000e-01 1.474609375000000000e-01 7.500000000000000000e-01
2.006835937500000000e-01 8.203125000000000000e-02 1.997070312500000000e-01
2.021484375000000000e-01 1.191406250000000000e-01 2.910156250000000000e-01
1.645507812500000000e-01 2.094726562500000000e-01 7.944335937500000000e-01
1.884765625000000000e-01 2.836914062500000000e-01 6.401367187500000000e-01
1.767578125000000000e-01 1.596679687500000000e-01 5.444335937500000000e-01
1.840820312500000000e-01 1.762695312500000000e-01 5.361328125000000000e-01
