2.163085937500000000e-01 2.861328125000000000e-01 6.386718750000000000e-01
2.216796875000000000e-01 1.406250000000000000e-01 6.450195312500000000e-01
1.997070312500000000e-01 1.635742187500000000e-01 7.236328125000000000e-01
2.280273437500000000e-01 1.240234375000000000e-01 5.444335937500000000e-01
2.041015625000000000e-01 2.153320312500000000e-01 7.246093750000000000e-01
2.436523437500000000e-01 1.459960937500000000e-01 3.715820312500000000e-01
2.075195312500000000e-01 2.158203125000000000e-01 7.563476562500000000e-01
2.167968750000000000e-01 2.470703125000000000e-01 7.451171875000000000e-01
2.202148437500000000e-01 2.714843750000000000e-01 5.878906250000000000e-01
2.172851562500000000e-01 1.909179687500000000e-01 5.219726562500000000e-01
1.796875000000000000e-01 3.496093750000000000e-01 8.081054687500000000e-01
2.299804687500000000e-01 1.718750000000000000e-01 6.201171875000000000e-01
2.036132812500000000e-01 2.832031250000000000e-01 5.874023437500000000e-01
2.241210937500000000e-01 1.367187500000000000e-01 6.723632812500000000e-01
2.211914062500000000e-01 2.319335937500000000e-01 6.147460937500000000e-01
2.216796875000000000e-01 1.450195312500000000e-01 4.829101562500000000e-01
2.329101562500000000e-01 1.660156250000000000e-01 3.959960937500000000e-01
2.250976562500000000e-01 2.211914062500000000e-01 6.445312500000000000e-01
2.041015625000000000e-01 1.884765625000000000e-01 7.646484375000000000e-01
2.158203125000000000e-01 1.040039062500000000e-01 6.796875000000000000e-01
2.114257812500000000e-01 1.538085937500000000e-01 7.070312500000000000e-01
2.221679687500000000e-01 1.528320312500000000e-01 6.455078125000000000e-01
2.177734375000000000e-01 2.485351562500000000e-01 5.942382812500000000e-01
1.889648437500000000e-01 2.343750000000000000e-01 7.729492187500000000e-01
2.001953125000000000e-01 3.300781250000000000e-01 7.666015625000000000e-01
1.928710937500000000e-01 2.075195312500000000e-01 8.071289062500000000e-01
2.373046875000000000e-01 1.279296875000000000e-01 4.697265625000000000e-01
2.280273437500000000e-01 1.279296875000000000e-01 3.388671875000000000e-01
2.250976562500000000e-01 3.027343750000000000e-01 7.109375000000000000e-01
2.070312500000000000e-01 2.534179687500000000e-01 7.138671875000000000e-01
2.207031250000000000e-01 2.382812500000000000e-01 6.308593750000000000e-01
1.972656250000000000e-01 2.812500000000000000e-01 7.060546875000000000e-01
1.816406250000000000e-01 2.797851562500000000e-01 8.183593750000000000e-01
2.138671875000000000e-01 2.172851562500000000e-01 5.126953125000000000e-01
2.250976562500000000e-01 2.167968750000000000e-01 4.863281250000000000e-01
2.314453125000000000e-01 1.313476562500000000e-01 4.345703125000000000e-01
2.460937500000000000e-01 1.220703125000000000e-01 4.008789062500000000e-01
2.333984375000000000e-01 1.406250000000000000e-01 5.439453125000000000e-01
2.231445312500000000e-01 2.231445312500000000e-01 7.031250000000000000e-01
2.319335937500000000e-01 1.743164062500000000e-01 3.994140625000000000e-01
2.377929687500000000e-01 2.329101562500000000e-01 4.755859375000000000e-01
2.666015625000000000e-01 7.812500000000000000e-02 1.796875000000000000e-01
2.211914062500000000e-01 1.127929687500000000e-01 3.730468750000000000e-01
2.324218750000000000e-01 1.875000000000000000e-01 3.911132812500000000e-01
2.338867187500000000e-01 2.338867187500000000e-01 5.122070312500000000e-01
2.075195312500000000e-01 2.236328125000000000e-01 7.480468750000000000e-01
1.928710937500000000e-01 3.559570312500000000e-01 7.744140625000000000e-01
2.197265625000000000e-01 2.050781250000000000e-01 5.595703125000000000e-01
2.153320312500000000e-01 1.811523437500000000e-01 7.202148437500000000e-01
2.207031250000000000e-01 1.269531250000000000e-01 6.284179687500000000e-01
2.275390625000000000e-01 1.484375000000000000e-01 3.750000000000000000e-01
2.202148437500000000e-01 2.021484375000000000e-01 5.327148437500000000e-01
2.446289062500000000e-01 1.489257812500000000e-01 5.224609375000000000e-01
2.094726562500000000e-01 3.852539062500000000e-01 7.480468750000000000e-01
2.343750000000000000e-01 7.910156250000000000e-02 4.521484375000000000e-01
2.290039062500000000e-01 3.032226562500000000e-01 6.108398437500000000e-01
2.036132812500000000e-01 1.337890625000000000e-01 7.207031250000000000e-01
2.182617187500000000e-01 2.612304687500000000e-01 5.898437500000000000e-01
1.997070312500000000e-01 2.763671875000000000e-01 6.918945312500000000e-01
2.124023437500000000e-01 1.220703125000000000e-01 5.581054687500000000e-01
2.329101562500000000e-01 2.324218750000000000e-01 6.738281250000000000e-01
1.821289062500000000e-01 2.231445312500000000e-01 7.656250000000000000e-01
2.241210937500000000e-01 1.962890625000000000e-01 5.522460937500000000e-01
2.241210937500000000e-01 1.069335937500000000e-01 5.781250000000000000e-01
2.001953125000000000e-01 3.559570312500000000e-01 7.749023437500000000e-01
2.202148437500000000e-01 2.563476562500000000e-01 5.708007812500000000e-01
2.285156250000000000e-01 1.752929687500000000e-01 4.726562500000000000e-01
2.006835937500000000e-01 1.586914062500000000e-01 6.933593750000000000e-01
2.070312500000000000e-01 1.948242187500000000e-01 6.533203125000000000e-01
2.192382812500000000e-01 2.822265625000000000e-01 6.166992187500000000e-01
2.148437500000000000e-01 2.114257812500000000e-01 6.606445312500000000e-01
2.109375000000000000e-01 2.548828125000000000e-01 5.952148437500000000e-01
2.153320312500000000e-01 2.578125000000000000e-01 6.269531250000000000e-01
2.187500000000000000e-01 1.757812500000000000e-01 5.312500000000000000e-01
2.036132812500000000e-01 1.440429687500000000e-01 7.543945312500000000e-01
2.143554687500000000e-01 2.148437500000000000e-01 6.591796875000000000e-01
2.036132812500000000e-01 1.674804687500000000e-01 7.524414062500000000e-01
1.884765625000000000e-01 1.601562500000000000e-01 7.211914062500000000e-01
2.353515625000000000e-01 1.835937500000000000e-01 5.595703125000000000e-01
2.119140625000000000e-01 2.646484375000000000e-01 5.844726562500000000e-01
1.967773437500000000e-01 3.935546875000000000e-01 7.866210937500000000e-01
2.177734375000000000e-01 2.416992187500000000e-01 6.748046875000000000e-01
2.246093750000000000e-01 2.583007812500000000e-01 6.118164062500000000e-01
2.221679687500000000e-01 2.636718750000000000e-01 6.298828125000000000e-01
2.377929687500000000e-01 1.484375000000000000e-01 3.803710937500000000e-01
2.119140625000000000e-01 2.050781250000000000e-01 6.191406250000000000e-01
2.416992187500000000e-01 1.059570312500000000e-01 4.291992187500000000e-01
2.182617187500000000e-01 1.484375000000000000e-01 5.336914062500000000e-01
2.319335937500000000e-01 1.865234375000000000e-01 4.853515625000000000e-01
2.260742187500000000e-01 1.542968750000000000e-01 4.990234375000000000e-01
2.226562500000000000e-01 9.277343750000000000e-02 6.484375000000000000e-01
2.416992187500000000e-01 1.591796875000000000e-01 3.750000000000000000e-01
2.065429687500000000e-01 2.329101562500000000e-01 6.791992187500000000e-01
2.260742187500000000e-01 1.801757812500000000e-01 5.166015625000000000e-01
2.377929687500000000e-01 9.326171875000000000e-02 2.402343750000000000e-01
2.270507812500000000e-01 1.958007812500000000e-01 6.752929687500000000e-01
2.397460937500000000e-01 2.514648437500000000e-01 5.512695312500000000e-01
2.226562500000000000e-01 2.309570312500000000e-01 5.527343750000000000e-01
2.353515625000000000e-01 1.752929687500000000e-01 4.218750000000000000e-01
2.167968750000000000e-01 2.807617187500000000e-01 5.849609375000000000e-01
