1.782226562500000000e-01 1.967773437500000000e-01 6.035156250000000000e-01
1.743164062500000000e-01 1.694335937500000000e-01 7.138671875000000000e-01
1.435546875000000000e-01 1.918945312500000000e-01 7.763671875000000000e-01
1.582031250000000000e-01 3.457031250000000000e-01 7.587890625000000000e-01
1.791992187500000000e-01 1.186523437500000000e-01 3.291015625000000000e-01
1.523437500000000000e-01 1.889648437500000000e-01 6.967773437500000000e-01
1.811523437500000000e-01 1.718750000000000000e-01 4.550781250000000000e-01
1.508789062500000000e-01 1.918945312500000000e-01 5.751953125000000000e-01
1.679687500000000000e-01 1.264648437500000000e-01 6.621093750000000000e-01
1.733398437500000000e-01 1.669921875000000000e-01 4.638671875000000000e-01
1.455078125000000000e-01 2.861328125000000000e-01 7.045898437500000000e-01
1.596679687500000000e-01 1.977539062500000000e-01 7.875976562500000000e-01
1.791992187500000000e-01 2.207031250000000000e-01 3.789062500000000000e-01
1.694335937500000000e-01 2.465820312500000000e-01 5.380859375000000000e-01
1.625976562500000000e-01 1.865234375000000000e-01 4.101562500000000000e-01
1.938476562500000000e-01 8.837890625000000000e-02 3.139648437500000000e-01
1.508789062500000000e-01 2.084960937500000000e-01 7.539062500000000000e-01
1.694335937500000000e-01 2.348632812500000000e-01 7.216796875000000000e-01
1.567382812500000000e-01 2.470703125000000000e-01 6.889648437500000000e-01
1.655273437500000000e-01 3.833007812500000000e-01 7.807617187500000000e-01
1.660156250000000000e-01 2.871093750000000000e-01 6.918945312500000000e-01
1.674804687500000000e-01 2.343750000000000000e-01 7.343750000000000000e-01
1.513671875000000000e-01 3.857421875000000000e-01 8.212890625000000000e-01
1.684570312500000000e-01 2.915039062500000000e-01 6.074218750000000000e-01
1.440429687500000000e-01 2.749023437500000000e-01 7.949218750000000000e-01
1.523437500000000000e-01 1.992187500000000000e-01 7.734375000000000000e-01
1.665039062500000000e-01 2.543945312500000000e-01 6.088867187500000000e-01
1.708984375000000000e-01 2.421875000000000000e-01 5.122070312500000000e-01
1.708984375000000000e-01 3.281250000000000000e-01 7.016601562500000000e-01
1.542968750000000000e-01 1.845703125000000000e-01 6.367187500000000000e-01
1.601562500000000000e-01 1.318359375000000000e-01 6.601562500000000000e-01
1.831054687500000000e-01 1.484375000000000000e-01 3.320312500000000000e-01
1.694335937500000000e-01 1.259765625000000000e-01 5.717773437500000000e-01
1.528320312500000000e-01 1.352539062500000000e-01 7.084960937500000000e-01
1.601562500000000000e-01 3.583984375000000000e-01 7.583007812500000000e-01
1.821289062500000000e-01 3.071289062500000000e-01 6.523437500000000000e-01
1.723632812500000000e-01 2.495117187500000000e-01 6.123046875000000000e-01
1.542968750000000000e-01 9.228515625000000000e-02 7.109375000000000000e-01
1.909179687500000000e-01 1.147460937500000000e-01 3.481445312500000000e-01
1.772460937500000000e-01 1.669921875000000000e-01 3.740234375000000000e-01
1.650390625000000000e-01 1.352539062500000000e-01 3.842773437500000000e-01
1.923828125000000000e-01 1.386718750000000000e-01 4.125976562500000000e-01
1.425781250000000000e-01 3.588867187500000000e-01 8.217773437500000000e-01
1.499023437500000000e-01 2.998046875000000000e-01 6.933593750000000000e-01
1.650390625000000000e-01 2.685546875000000000e-01 5.395507812500000000e-01
1.601562500000000000e-01 3.022460937500000000e-01 7.441406250000000000e-01
1.308593750000000000e-01 2.304687500000000000e-01 8.691406250000000000e-01
1.728515625000000000e-01 1.567382812500000000e-01 5.292968750000000000e-01
1.660156250000000000e-01 1.679687500000000000e-01 6.923828125000000000e-01
1.499023437500000000e-01 2.456054687500000000e-01 5.698242187500000000e-01
1.718750000000000000e-01 2.207031250000000000e-01 4.536132812500000000e-01
1.513671875000000000e-01 2.202148437500000000e-01 6.708984375000000000e-01
1.782226562500000000e-01 2.392578125000000000e-01 5.336914062500000000e-01
1.762695312500000000e-01 1.435546875000000000e-01 6.752929687500000000e-01
1.542968750000000000e-01 1.440429687500000000e-01 5.834960937500000000e-01
1.845703125000000000e-01 1.469726562500000000e-01 3.256835937500000000e-01
1.596679687500000000e-01 1.728515625000000000e-01 6.469726562500000000e-01
1.425781250000000000e-01 3.422851562500000000e-01 8.574218750000000000e-01
1.645507812500000000e-01 2.050781250000000000e-01 7.026367187500000000e-01
1.552734375000000000e-01 2.124023437500000000e-01 7.104492187500000000e-01
1.621093750000000000e-01 1.611328125000000000e-01 6.791992187500000000e-01
1.625976562500000000e-01 1.850585937500000000e-01 4.633789062500000000e-01
1.718750000000000000e-01 1.391601562500000000e-01 3.237304687500000000e-01
1.450195312500000000e-01 3.803710937500000000e-01 8.217773437500000000e-01
1.538085937500000000e-01 2.773437500000000000e-01 6.313476562500000000e-01
1.630859375000000000e-01 3.393554687500000000e-01 7.832031250000000000e-01
1.660156250000000000e-01 1.933593750000000000e-01 5.380859375000000000e-01
1.625976562500000000e-01 1.738281250000000000e-01 4.194335937500000000e-01
1.567382812500000000e-01 1.254882812500000000e-01 5.478515625000000000e-01
1.386718750000000000e-01 3.901367187500000000e-01 8.613281250000000000e-01
1.416015625000000000e-01 2.749023437500000000e-01 6.987304687500000000e-01
1.743164062500000000e-01 1.518554687500000000e-01 4.008789062500000000e-01
1.645507812500000000e-01 3.266601562500000000e-01 6.689453125000000000e-01
1.796875000000000000e-01 9.765625000000000000e-02 4.282226562500000000e-01
1.499023437500000000e-01 1.962890625000000000e-01 8.500976562500000000e-01
1.733398437500000000e-01 2.329101562500000000e-01 5.009765625000000000e-01
1.367187500000000000e-01 3.325195312500000000e-01 8.027343750000000000e-01
1.533203125000000000e-01 2.026367187500000000e-01 5.571289062500000000e-01
1.489257812500000000e-01 9.277343750000000000e-02 6.362304687500000000e-01
1.464843750000000000e-01 2.407226562500000000e-01 6.000976562500000000e-01
1.572265625000000000e-01 2.407226562500000000e-01 5.004882812500000000e-01
1.718750000000000000e-01 1.982421875000000000e-01 4.067382812500000000e-01
1.440429687500000000e-01 2.202148437500000000e-01 8.559570312500000000e-01
1.347656250000000000e-01 2.900390625000000000e-01 7.192382812500000000e-01
1.450195312500000000e-01 2.421875000000000000e-01 4.936523437500000000e-01
1.611328125000000000e-01 1.811523437500000000e-01 5.415039062500000000e-01
1.538085937500000000e-01 3.452148437500000000e-01 8.120117187500000000e-01
1.777343750000000000e-01 1.201171875000000000e-01 4.829101562500000000e-01
1.743164062500000000e-01 3.271484375000000000e-01 7.597656250000000000e-01
1.469726562500000000e-01 3.139648437500000000e-01 7.578125000000000000e-01
1.733398437500000000e-01 1.416015625000000000e-01 5.766601562500000000e-01
1.894531250000000000e-01 1.782226562500000000e-01 4.106445312500000000e-01
1.489257812500000000e-01 1.684570312500000000e-01 7.412109375000000000e-01
1.513671875000000000e-01 2.456054687500000000e-01 7.949218750000000000e-01
1.767578125000000000e-01 8.740234375000000000e-02 3.447265625000000000e-01
1.762695312500000000e-01 2.143554687500000000e-01 4.658203125000000000e-01
1.616210937500000000e-01 1.435546875000000000e-01 5.742187500000000000e-01
1.660156250000000000e-01 1.333007812500000000e-01 6.655273437500000000e-01
1.083984375000000000e-01 3.300781250000000000e-01 8.916015625000000000e-01
1.865234375000000000e-01 2.470703125000000000e-01 5.092773437500000000e-01
