7.275390625000000000e-02 3.002929687500000000e-01 9.272460937500000000e-01
4.492187500000000000e-02 2.490234375000000000e-01 9.550781250000000000e-01
3.515625000000000000e-02 4.418945312500000000e-01 9.648437500000000000e-01
4.150390625000000000e-02 3.701171875000000000e-01 9.584960937500000000e-01
4.003906250000000000e-02 4.384765625000000000e-01 9.599609375000000000e-01
2.783203125000000000e-02 2.294921875000000000e-01 9.721679687500000000e-01
4.003906250000000000e-02 4.477539062500000000e-01 9.599609375000000000e-01
6.347656250000000000e-02 2.827148437500000000e-01 7.070312500000000000e-01
4.052734375000000000e-02 3.442382812500000000e-01 9.594726562500000000e-01
6.689453125000000000e-02 2.490234375000000000e-01 7.641601562500000000e-01
3.369140625000000000e-02 3.085937500000000000e-01 9.663085937500000000e-01
5.664062500000000000e-02 2.089843750000000000e-01 9.433593750000000000e-01
4.687500000000000000e-02 2.358398437500000000e-01 7.294921875000000000e-01
7.128906250000000000e-02 1.948242187500000000e-01 8.007812500000000000e-01
6.152343750000000000e-02 3.603515625000000000e-01 9.384765625000000000e-01
4.150390625000000000e-02 2.978515625000000000e-01 9.584960937500000000e-01
4.687500000000000000e-02 4.692382812500000000e-01 9.531250000000000000e-01
6.640625000000000000e-02 3.574218750000000000e-01 9.335937500000000000e-01
4.150390625000000000e-02 3.813476562500000000e-01 9.584960937500000000e-01
6.884765625000000000e-02 3.193359375000000000e-01 9.311523437500000000e-01
5.126953125000000000e-02 2.504882812500000000e-01 9.487304687500000000e-01
3.759765625000000000e-02 3.457031250000000000e-01 9.624023437500000000e-01
3.613281250000000000e-02 3.920898437500000000e-01 9.638671875000000000e-01
3.662109375000000000e-02 3.525390625000000000e-01 9.633789062500000000e-01
3.613281250000000000e-02 3.603515625000000000e-01 9.638671875000000000e-01
5.224609375000000000e-02 2.294921875000000000e-01 9.477539062500000000e-01
5.029296875000000000e-02 3.051757812500000000e-01 7.392578125000000000e-01
7.275390625000000000e-02 2.275390625000000000e-01 5.756835937500000000e-01
7.470703125000000000e-02 3.486328125000000000e-01 7.636718750000000000e-01
5.078125000000000000e-02 4.360351562500000000e-01 9.492187500000000000e-01
3.417968750000000000e-02 4.296875000000000000e-01 9.658203125000000000e-01
5.615234375000000000e-02 2.309570312500000000e-01 5.595703125000000000e-01
4.931640625000000000e-02 2.768554687500000000e-01 9.506835937500000000e-01
4.492187500000000000e-02 4.331054687500000000e-01 9.550781250000000000e-01
5.419921875000000000e-02 2.656250000000000000e-01 9.458007812500000000e-01
4.589843750000000000e-02 4.111328125000000000e-01 9.541015625000000000e-01
5.712890625000000000e-02 2.875976562500000000e-01 7.099609375000000000e-01
4.052734375000000000e-02 4.199218750000000000e-01 9.594726562500000000e-01
6.445312500000000000e-02 2.705078125000000000e-01 9.350585937500000000e-01
7.128906250000000000e-02 3.544921875000000000e-01 7.661132812500000000e-01
4.736328125000000000e-02 4.594726562500000000e-01 9.526367187500000000e-01
6.396484375000000000e-02 2.871093750000000000e-01 7.270507812500000000e-01
2.929687500000000000e-02 4.501953125000000000e-01 9.707031250000000000e-01
4.931640625000000000e-02 4.326171875000000000e-01 9.506835937500000000e-01
5.761718750000000000e-02 2.822265625000000000e-01 7.651367187500000000e-01
8.007812500000000000e-02 2.036132812500000000e-01 5.737304687500000000e-01
5.615234375000000000e-02 4.145507812500000000e-01 9.438476562500000000e-01
4.736328125000000000e-02 2.807617187500000000e-01 9.526367187500000000e-01
5.517578125000000000e-02 2.597656250000000000e-01 9.448242187500000000e-01
5.859375000000000000e-02 2.133789062500000000e-01 9.414062500000000000e-01
5.810546875000000000e-02 2.910156250000000000e-01 7.373046875000000000e-01
5.957031250000000000e-02 2.148437500000000000e-01 7.421875000000000000e-01
6.640625000000000000e-02 4.057617187500000000e-01 9.335937500000000000e-01
3.466796875000000000e-02 4.672851562500000000e-01 9.653320312500000000e-01
5.126953125000000000e-02 3.032226562500000000e-01 7.041015625000000000e-01
3.369140625000000000e-02 4.423828125000000000e-01 9.663085937500000000e-01
5.224609375000000000e-02 2.963867187500000000e-01 8.110351562500000000e-01
4.638671875000000000e-02 2.744140625000000000e-01 9.536132812500000000e-01
3.857421875000000000e-02 4.702148437500000000e-01 9.614257812500000000e-01
3.710937500000000000e-02 4.399414062500000000e-01 9.628906250000000000e-01
3.857421875000000000e-02 2.573242187500000000e-01 9.614257812500000000e-01
5.712890625000000000e-02 2.958984375000000000e-01 7.416992187500000000e-01
3.808593750000000000e-02 3.203125000000000000e-01 9.619140625000000000e-01
3.271484375000000000e-02 4.233398437500000000e-01 9.672851562500000000e-01
5.615234375000000000e-02 2.817382812500000000e-01 7.128906250000000000e-01
3.076171875000000000e-02 2.602539062500000000e-01 9.692382812500000000e-01
6.640625000000000000e-02 2.192382812500000000e-01 5.463867187500000000e-01
4.199218750000000000e-02 4.194335937500000000e-01 9.560546875000000000e-01
5.029296875000000000e-02 3.369140625000000000e-01 7.827148437500000000e-01
5.126953125000000000e-02 4.370117187500000000e-01 9.487304687500000000e-01
6.591796875000000000e-02 3.139648437500000000e-01 7.280273437500000000e-01
3.710937500000000000e-02 2.592773437500000000e-01 9.628906250000000000e-01
5.419921875000000000e-02 3.261718750000000000e-01 9.458007812500000000e-01
5.126953125000000000e-02 3.857421875000000000e-01 9.487304687500000000e-01
4.736328125000000000e-02 1.997070312500000000e-01 9.526367187500000000e-01
6.347656250000000000e-02 2.324218750000000000e-01 7.529296875000000000e-01
6.054687500000000000e-02 2.358398437500000000e-01 6.108398437500000000e-01
3.466796875000000000e-02 4.799804687500000000e-01 9.648437500000000000e-01
7.666015625000000000e-02 2.612304687500000000e-01 6.914062500000000000e-01
5.371093750000000000e-02 2.910156250000000000e-01 6.367187500000000000e-01
5.908203125000000000e-02 2.675781250000000000e-01 7.343750000000000000e-01
4.736328125000000000e-02 4.541015625000000000e-01 9.526367187500000000e-01
4.736328125000000000e-02 3.344726562500000000e-01 9.526367187500000000e-01
5.126953125000000000e-02 4.731445312500000000e-01 9.487304687500000000e-01
4.833984375000000000e-02 2.807617187500000000e-01 9.516601562500000000e-01
3.076171875000000000e-02 4.531250000000000000e-01 9.692382812500000000e-01
5.566406250000000000e-02 2.285156250000000000e-01 7.666015625000000000e-01
4.736328125000000000e-02 2.553710937500000000e-01 9.526367187500000000e-01
4.736328125000000000e-02 4.648437500000000000e-01 9.526367187500000000e-01
5.126953125000000000e-02 2.192382812500000000e-01 8.032226562500000000e-01
6.591796875000000000e-02 3.076171875000000000e-01 7.094726562500000000e-01
5.615234375000000000e-02 2.246093750000000000e-01 9.438476562500000000e-01
5.322265625000000000e-02 2.807617187500000000e-01 9.467773437500000000e-01
4.052734375000000000e-02 4.526367187500000000e-01 9.594726562500000000e-01
4.003906250000000000e-02 4.638671875000000000e-01 9.599609375000000000e-01
5.566406250000000000e-02 3.330078125000000000e-01 7.036132812500000000e-01
5.126953125000000000e-02 3.793945312500000000e-01 9.487304687500000000e-01
5.322265625000000000e-02 2.651367187500000000e-01 9.467773437500000000e-01
7.617187500000000000e-02 3.666992187500000000e-01 7.573242187500000000e-01
5.615234375000000000e-02 3.789062500000000000e-01 9.438476562500000000e-01
