2.475585937500000000e-01 3.022460937500000000e-01 6.245117187500000000e-01
2.856445312500000000e-01 2.695312500000000000e-01 5.717773437500000000e-01
2.666015625000000000e-01 3.310546875000000000e-01 6.933593750000000000e-01
2.714843750000000000e-01 2.475585937500000000e-01 5.546875000000000000e-01
2.841796875000000000e-01 1.435546875000000000e-01 3.876953125000000000e-01
2.802734375000000000e-01 1.079101562500000000e-01 5.786132812500000000e-01
2.758789062500000000e-01 2.685546875000000000e-01 5.454101562500000000e-01
3.007812500000000000e-01 1.430664062500000000e-01 3.969726562500000000e-01
2.583007812500000000e-01 1.293945312500000000e-01 7.128906250000000000e-01
2.622070312500000000e-01 1.728515625000000000e-01 6.596679687500000000e-01
2.612304687500000000e-01 1.577148437500000000e-01 4.677734375000000000e-01
2.802734375000000000e-01 3.261718750000000000e-01 6.655273437500000000e-01
2.817382812500000000e-01 1.748046875000000000e-01 4.326171875000000000e-01
2.734375000000000000e-01 1.401367187500000000e-01 4.541015625000000000e-01
2.832031250000000000e-01 1.762695312500000000e-01 5.087890625000000000e-01
2.680664062500000000e-01 2.773437500000000000e-01 6.347656250000000000e-01
2.651367187500000000e-01 1.494140625000000000e-01 5.952148437500000000e-01
2.895507812500000000e-01 1.840820312500000000e-01 4.145507812500000000e-01
2.763671875000000000e-01 2.084960937500000000e-01 5.551757812500000000e-01
2.973632812500000000e-01 1.459960937500000000e-01 4.487304687500000000e-01
2.646484375000000000e-01 1.997070312500000000e-01 5.751953125000000000e-01
2.836914062500000000e-01 2.543945312500000000e-01 5.292968750000000000e-01
2.836914062500000000e-01 9.667968750000000000e-02 5.175781250000000000e-01
2.807617187500000000e-01 1.660156250000000000e-01 4.165039062500000000e-01
2.885742187500000000e-01 1.171875000000000000e-01 3.720703125000000000e-01
2.949218750000000000e-01 1.938476562500000000e-01 3.945312500000000000e-01
2.758789062500000000e-01 1.381835937500000000e-01 6.611328125000000000e-01
2.851562500000000000e-01 1.367187500000000000e-01 3.896484375000000000e-01
2.714843750000000000e-01 2.241210937500000000e-01 4.970703125000000000e-01
2.890625000000000000e-01 1.601562500000000000e-01 3.486328125000000000e-01
2.553710937500000000e-01 1.679687500000000000e-01 7.099609375000000000e-01
2.685546875000000000e-01 1.743164062500000000e-01 6.435546875000000000e-01
2.631835937500000000e-01 8.886718750000000000e-02 6.699218750000000000e-01
2.783203125000000000e-01 2.368164062500000000e-01 5.366210937500000000e-01
2.651367187500000000e-01 2.861328125000000000e-01 6.386718750000000000e-01
2.836914062500000000e-01 1.015625000000000000e-01 4.331054687500000000e-01
2.880859375000000000e-01 1.728515625000000000e-01 4.184570312500000000e-01
2.856445312500000000e-01 1.743164062500000000e-01 4.130859375000000000e-01
2.875976562500000000e-01 1.010742187500000000e-01 4.658203125000000000e-01
2.631835937500000000e-01 2.231445312500000000e-01 6.171875000000000000e-01
2.705078125000000000e-01 3.510742187500000000e-01 7.036132812500000000e-01
2.856445312500000000e-01 1.484375000000000000e-01 3.544921875000000000e-01
2.929687500000000000e-01 1.225585937500000000e-01 4.462890625000000000e-01
2.905273437500000000e-01 1.342773437500000000e-01 4.975585937500000000e-01
2.832031250000000000e-01 8.203125000000000000e-02 4.511718750000000000e-01
2.998046875000000000e-01 1.440429687500000000e-01 2.988281250000000000e-01
2.846679687500000000e-01 2.075195312500000000e-01 4.453125000000000000e-01
2.744140625000000000e-01 2.426757812500000000e-01 5.551757812500000000e-01
2.924804687500000000e-01 1.967773437500000000e-01 4.316406250000000000e-01
2.583007812500000000e-01 2.978515625000000000e-01 7.001953125000000000e-01
2.749023437500000000e-01 1.752929687500000000e-01 4.155273437500000000e-01
2.910156250000000000e-01 1.259765625000000000e-01 3.911132812500000000e-01
2.822265625000000000e-01 1.621093750000000000e-01 3.632812500000000000e-01
2.856445312500000000e-01 9.912109375000000000e-02 2.441406250000000000e-01
3.027343750000000000e-01 1.284179687500000000e-01 2.700195312500000000e-01
2.929687500000000000e-01 2.436523437500000000e-01 5.268554687500000000e-01
2.685546875000000000e-01 1.494140625000000000e-01 5.283203125000000000e-01
2.626953125000000000e-01 2.470703125000000000e-01 6.323242187500000000e-01
2.529296875000000000e-01 2.670898437500000000e-01 5.957031250000000000e-01
2.646484375000000000e-01 1.123046875000000000e-01 5.561523437500000000e-01
2.714843750000000000e-01 2.368164062500000000e-01 6.499023437500000000e-01
2.749023437500000000e-01 1.879882812500000000e-01 4.521484375000000000e-01
2.797851562500000000e-01 2.915039062500000000e-01 5.966796875000000000e-01
2.705078125000000000e-01 2.626953125000000000e-01 5.288085937500000000e-01
2.460937500000000000e-01 1.225585937500000000e-01 7.333984375000000000e-01
2.812500000000000000e-01 2.099609375000000000e-01 6.127929687500000000e-01
2.690429687500000000e-01 1.821289062500000000e-01 6.562500000000000000e-01
2.700195312500000000e-01 1.401367187500000000e-01 6.494140625000000000e-01
2.573242187500000000e-01 8.935546875000000000e-02 7.265625000000000000e-01
2.651367187500000000e-01 3.159179687500000000e-01 6.821289062500000000e-01
2.714843750000000000e-01 2.617187500000000000e-01 6.123046875000000000e-01
2.587890625000000000e-01 2.558593750000000000e-01 5.522460937500000000e-01
2.690429687500000000e-01 1.523437500000000000e-01 6.362304687500000000e-01
2.841796875000000000e-01 1.689453125000000000e-01 3.847656250000000000e-01
2.480468750000000000e-01 9.277343750000000000e-02 7.036132812500000000e-01
2.587890625000000000e-01 2.578125000000000000e-01 7.182617187500000000e-01
2.724609375000000000e-01 1.660156250000000000e-01 5.649414062500000000e-01
2.700195312500000000e-01 1.782226562500000000e-01 6.191406250000000000e-01
2.851562500000000000e-01 2.041015625000000000e-01 4.936523437500000000e-01
2.954101562500000000e-01 1.201171875000000000e-01 2.963867187500000000e-01
2.641601562500000000e-01 2.104492187500000000e-01 4.785156250000000000e-01
2.856445312500000000e-01 9.326171875000000000e-02 4.326171875000000000e-01
2.919921875000000000e-01 1.640625000000000000e-01 4.028320312500000000e-01
2.846679687500000000e-01 1.918945312500000000e-01 3.774414062500000000e-01
2.753906250000000000e-01 2.568359375000000000e-01 5.615234375000000000e-01
2.524414062500000000e-01 1.782226562500000000e-01 6.083984375000000000e-01
2.880859375000000000e-01 1.098632812500000000e-01 4.799804687500000000e-01
2.788085937500000000e-01 1.293945312500000000e-01 5.673828125000000000e-01
2.832031250000000000e-01 9.423828125000000000e-02 4.321289062500000000e-01
2.763671875000000000e-01 1.494140625000000000e-01 5.097656250000000000e-01
2.700195312500000000e-01 1.025390625000000000e-01 6.796875000000000000e-01
2.822265625000000000e-01 1.362304687500000000e-01 5.053710937500000000e-01
2.753906250000000000e-01 1.250000000000000000e-01 5.175781250000000000e-01
2.597656250000000000e-01 2.207031250000000000e-01 6.450195312500000000e-01
2.871093750000000000e-01 1.225585937500000000e-01 3.525390625000000000e-01
2.968750000000000000e-01 1.333007812500000000e-01 3.022460937500000000e-01
2.993164062500000000e-01 1.440429687500000000e-01 3.813476562500000000e-01
2.836914062500000000e-01 1.186523437500000000e-01 5.122070312500000000e-01
2.919921875000000000e-01 8.105468750000000000e-02 4.375000000000000000e-01
2.773437500000000000e-01 1.132812500000000000e-01 4.785156250000000000e-01
