5.029296875000000000e-02 3.076171875000000000e-01 6.811523437500000000e-01
3.613281250000000000e-02 4.711914062500000000e-01 9.638671875000000000e-01
3.857421875000000000e-02 3.374023437500000000e-01 9.614257812500000000e-01
4.541015625000000000e-02 3.002929687500000000e-01 9.545898437500000000e-01
2.978515625000000000e-02 4.716796875000000000e-01 9.702148437500000000e-01
4.833984375000000000e-02 2.763671875000000000e-01 7.182617187500000000e-01
3.662109375000000000e-02 4.575195312500000000e-01 9.633789062500000000e-01
3.466796875000000000e-02 4.531250000000000000e-01 9.653320312500000000e-01
4.199218750000000000e-02 3.398437500000000000e-01 9.580078125000000000e-01
3.515625000000000000e-02 4.628906250000000000e-01 9.648437500000000000e-01
4.101562500000000000e-02 3.232421875000000000e-01 9.589843750000000000e-01
4.785156250000000000e-02 2.807617187500000000e-01 6.850585937500000000e-01
3.369140625000000000e-02 4.658203125000000000e-01 9.663085937500000000e-01
5.810546875000000000e-02 2.783203125000000000e-01 5.737304687500000000e-01
4.638671875000000000e-02 4.667968750000000000e-01 9.536132812500000000e-01
3.613281250000000000e-02 2.993164062500000000e-01 9.638671875000000000e-01
3.808593750000000000e-02 4.155273437500000000e-01 9.619140625000000000e-01
3.857421875000000000e-02 3.999023437500000000e-01 9.614257812500000000e-01
6.787109375000000000e-02 3.266601562500000000e-01 7.304687500000000000e-01
5.810546875000000000e-02 3.164062500000000000e-01 6.533203125000000000e-01
3.222656250000000000e-02 2.788085937500000000e-01 9.677734375000000000e-01
4.980468750000000000e-02 3.349609375000000000e-01 6.708984375000000000e-01
3.515625000000000000e-02 3.911132812500000000e-01 9.648437500000000000e-01
3.759765625000000000e-02 3.613281250000000000e-01 9.624023437500000000e-01
3.320312500000000000e-02 4.692382812500000000e-01 9.667968750000000000e-01
5.126953125000000000e-02 2.690429687500000000e-01 9.487304687500000000e-01
3.515625000000000000e-02 4.399414062500000000e-01 9.648437500000000000e-01
3.662109375000000000e-02 4.726562500000000000e-01 9.633789062500000000e-01
5.029296875000000000e-02 4.565429687500000000e-01 9.497070312500000000e-01
3.808593750000000000e-02 4.428710937500000000e-01 9.619140625000000000e-01
3.076171875000000000e-02 4.301757812500000000e-01 9.692382812500000000e-01
4.541015625000000000e-02 3.320312500000000000e-01 7.402343750000000000e-01
4.345703125000000000e-02 4.716796875000000000e-01 9.565429687500000000e-01
4.638671875000000000e-02 3.759765625000000000e-01 9.536132812500000000e-01
3.955078125000000000e-02 2.915039062500000000e-01 9.604492187500000000e-01
4.199218750000000000e-02 2.724609375000000000e-01 9.580078125000000000e-01
3.955078125000000000e-02 3.603515625000000000e-01 9.604492187500000000e-01
3.369140625000000000e-02 4.731445312500000000e-01 9.663085937500000000e-01
6.250000000000000000e-02 3.251953125000000000e-01 6.572265625000000000e-01
4.003906250000000000e-02 4.790039062500000000e-01 9.599609375000000000e-01
4.492187500000000000e-02 3.286132812500000000e-01 6.958007812500000000e-01
4.492187500000000000e-02 2.822265625000000000e-01 6.831054687500000000e-01
4.687500000000000000e-02 2.734375000000000000e-01 7.080078125000000000e-01
7.812500000000000000e-02 2.753906250000000000e-01 7.109375000000000000e-01
6.103515625000000000e-02 2.036132812500000000e-01 6.518554687500000000e-01
4.443359375000000000e-02 4.003906250000000000e-01 9.555664062500000000e-01
5.761718750000000000e-02 4.213867187500000000e-01 9.423828125000000000e-01
3.759765625000000000e-02 2.807617187500000000e-01 9.624023437500000000e-01
4.296875000000000000e-02 3.002929687500000000e-01 9.570312500000000000e-01
3.320312500000000000e-02 4.819335937500000000e-01 9.667968750000000000e-01
4.541015625000000000e-02 2.978515625000000000e-01 9.545898437500000000e-01
4.638671875000000000e-02 2.949218750000000000e-01 9.536132812500000000e-01
4.101562500000000000e-02 4.350585937500000000e-01 9.589843750000000000e-01
5.224609375000000000e-02 2.763671875000000000e-01 9.477539062500000000e-01
5.224609375000000000e-02 2.709960937500000000e-01 6.992187500000000000e-01
2.636718750000000000e-02 4.458007812500000000e-01 9.736328125000000000e-01
4.541015625000000000e-02 4.326171875000000000e-01 9.545898437500000000e-01
4.296875000000000000e-02 2.954101562500000000e-01 9.570312500000000000e-01
3.662109375000000000e-02 3.833007812500000000e-01 9.633789062500000000e-01
3.271484375000000000e-02 4.423828125000000000e-01 9.672851562500000000e-01
3.808593750000000000e-02 4.438476562500000000e-01 9.619140625000000000e-01
4.541015625000000000e-02 2.939453125000000000e-01 7.265625000000000000e-01
2.929687500000000000e-02 3.251953125000000000e-01 9.707031250000000000e-01
3.515625000000000000e-02 3.945312500000000000e-01 9.648437500000000000e-01
3.320312500000000000e-02 4.375000000000000000e-01 9.667968750000000000e-01
5.566406250000000000e-02 2.905273437500000000e-01 7.587890625000000000e-01
3.564453125000000000e-02 4.057617187500000000e-01 9.643554687500000000e-01
4.833984375000000000e-02 2.871093750000000000e-01 6.694335937500000000e-01
3.710937500000000000e-02 4.023437500000000000e-01 9.628906250000000000e-01
4.687500000000000000e-02 4.467773437500000000e-01 9.531250000000000000e-01
5.126953125000000000e-02 2.724609375000000000e-01 6.943359375000000000e-01
2.832031250000000000e-02 4.814453125000000000e-01 9.707031250000000000e-01
6.445312500000000000e-02 2.412109375000000000e-01 5.629882812500000000e-01
4.150390625000000000e-02 3.251953125000000000e-01 7.143554687500000000e-01
6.640625000000000000e-02 3.134765625000000000e-01 7.514648437500000000e-01
2.929687500000000000e-02 3.242187500000000000e-01 9.707031250000000000e-01
3.955078125000000000e-02 2.832031250000000000e-01 7.641601562500000000e-01
3.564453125000000000e-02 2.954101562500000000e-01 9.643554687500000000e-01
6.494140625000000000e-02 2.661132812500000000e-01 9.350585937500000000e-01
2.587890625000000000e-02 3.662109375000000000e-01 9.741210937500000000e-01
6.005859375000000000e-02 3.310546875000000000e-01 9.399414062500000000e-01
5.126953125000000000e-02 2.792968750000000000e-01 9.482421875000000000e-01
4.345703125000000000e-02 4.589843750000000000e-01 9.565429687500000000e-01
3.564453125000000000e-02 4.755859375000000000e-01 9.643554687500000000e-01
6.689453125000000000e-02 2.382812500000000000e-01 7.470703125000000000e-01
4.541015625000000000e-02 3.588867187500000000e-01 9.545898437500000000e-01
2.734375000000000000e-02 4.003906250000000000e-01 9.726562500000000000e-01
4.052734375000000000e-02 4.697265625000000000e-01 9.594726562500000000e-01
4.931640625000000000e-02 2.851562500000000000e-01 9.506835937500000000e-01
4.199218750000000000e-02 4.741210937500000000e-01 9.580078125000000000e-01
5.175781250000000000e-02 3.549804687500000000e-01 7.231445312500000000e-01
3.662109375000000000e-02 3.398437500000000000e-01 9.628906250000000000e-01
3.515625000000000000e-02 4.291992187500000000e-01 9.648437500000000000e-01
2.929687500000000000e-02 4.501953125000000000e-01 9.707031250000000000e-01
3.320312500000000000e-02 4.814453125000000000e-01 9.667968750000000000e-01
4.248046875000000000e-02 4.389648437500000000e-01 9.575195312500000000e-01
4.931640625000000000e-02 2.919921875000000000e-01 7.460937500000000000e-01
4.296875000000000000e-02 3.637695312500000000e-01 9.570312500000000000e-01
6.298828125000000000e-02 3.569335937500000000e-01 9.370117187500000000e-01
4.687500000000000000e-02 2.490234375000000000e-01 9.531250000000000000e-01
