2.880859375000000000e-02 4.038085937500000000e-01 9.711914062500000000e-01
3.271484375000000000e-02 4.721679687500000000e-01 9.672851562500000000e-01
3.417968750000000000e-02 4.331054687500000000e-01 9.658203125000000000e-01
4.541015625000000000e-02 2.958984375000000000e-01 6.879882812500000000e-01
2.783203125000000000e-02 4.428710937500000000e-01 9.721679687500000000e-01
4.052734375000000000e-02 3.125000000000000000e-01 7.280273437500000000e-01
3.613281250000000000e-02 4.404296875000000000e-01 9.638671875000000000e-01
4.687500000000000000e-02 3.735351562500000000e-01 9.531250000000000000e-01
3.466796875000000000e-02 3.579101562500000000e-01 9.653320312500000000e-01
3.417968750000000000e-02 4.633789062500000000e-01 9.658203125000000000e-01
4.345703125000000000e-02 3.583984375000000000e-01 7.255859375000000000e-01
3.076171875000000000e-02 4.296875000000000000e-01 9.692382812500000000e-01
4.638671875000000000e-02 2.910156250000000000e-01 9.536132812500000000e-01
4.492187500000000000e-02 3.027343750000000000e-01 9.550781250000000000e-01
4.882812500000000000e-02 4.658203125000000000e-01 9.511718750000000000e-01
4.785156250000000000e-02 4.609375000000000000e-01 9.521484375000000000e-01
5.078125000000000000e-02 3.876953125000000000e-01 9.492187500000000000e-01
5.419921875000000000e-02 3.789062500000000000e-01 7.592773437500000000e-01
4.248046875000000000e-02 3.212890625000000000e-01 9.575195312500000000e-01
6.298828125000000000e-02 3.554687500000000000e-01 9.370117187500000000e-01
5.224609375000000000e-02 2.792968750000000000e-01 7.465820312500000000e-01
3.710937500000000000e-02 3.466796875000000000e-01 9.628906250000000000e-01
4.443359375000000000e-02 3.725585937500000000e-01 9.555664062500000000e-01
4.882812500000000000e-02 3.227539062500000000e-01 6.635742187500000000e-01
3.613281250000000000e-02 4.731445312500000000e-01 9.638671875000000000e-01
3.906250000000000000e-02 3.798828125000000000e-01 9.609375000000000000e-01
3.222656250000000000e-02 4.414062500000000000e-01 9.677734375000000000e-01
4.003906250000000000e-02 4.335937500000000000e-01 9.599609375000000000e-01
5.078125000000000000e-02 3.662109375000000000e-01 9.492187500000000000e-01
3.076171875000000000e-02 4.433593750000000000e-01 9.692382812500000000e-01
2.929687500000000000e-02 4.287109375000000000e-01 9.707031250000000000e-01
3.027343750000000000e-02 4.526367187500000000e-01 9.697265625000000000e-01
3.564453125000000000e-02 3.569335937500000000e-01 9.643554687500000000e-01
4.541015625000000000e-02 3.706054687500000000e-01 9.545898437500000000e-01
3.173828125000000000e-02 4.628906250000000000e-01 9.682617187500000000e-01
4.443359375000000000e-02 4.272460937500000000e-01 9.555664062500000000e-01
3.369140625000000000e-02 4.824218750000000000e-01 9.663085937500000000e-01
5.078125000000000000e-02 3.295898437500000000e-01 9.492187500000000000e-01
6.933593750000000000e-02 2.651367187500000000e-01 8.105468750000000000e-01
4.638671875000000000e-02 4.394531250000000000e-01 9.536132812500000000e-01
3.710937500000000000e-02 4.628906250000000000e-01 9.628906250000000000e-01
3.955078125000000000e-02 4.765625000000000000e-01 9.604492187500000000e-01
2.929687500000000000e-02 2.651367187500000000e-01 9.707031250000000000e-01
3.222656250000000000e-02 3.881835937500000000e-01 9.677734375000000000e-01
5.761718750000000000e-02 1.992187500000000000e-01 5.791015625000000000e-01
3.906250000000000000e-02 4.018554687500000000e-01 9.609375000000000000e-01
4.345703125000000000e-02 3.315429687500000000e-01 9.565429687500000000e-01
3.369140625000000000e-02 4.580078125000000000e-01 9.663085937500000000e-01
4.443359375000000000e-02 3.803710937500000000e-01 9.555664062500000000e-01
3.271484375000000000e-02 4.746093750000000000e-01 9.672851562500000000e-01
3.027343750000000000e-02 4.521484375000000000e-01 9.697265625000000000e-01
4.638671875000000000e-02 4.404296875000000000e-01 9.536132812500000000e-01
3.564453125000000000e-02 4.575195312500000000e-01 9.643554687500000000e-01
2.929687500000000000e-02 3.559570312500000000e-01 9.707031250000000000e-01
4.541015625000000000e-02 4.492187500000000000e-01 9.545898437500000000e-01
2.636718750000000000e-02 4.458007812500000000e-01 9.736328125000000000e-01
5.322265625000000000e-02 4.614257812500000000e-01 9.467773437500000000e-01
4.003906250000000000e-02 2.968750000000000000e-01 9.599609375000000000e-01
2.929687500000000000e-02 3.828125000000000000e-01 9.707031250000000000e-01
3.759765625000000000e-02 4.169921875000000000e-01 9.624023437500000000e-01
5.224609375000000000e-02 3.349609375000000000e-01 9.477539062500000000e-01
3.417968750000000000e-02 4.326171875000000000e-01 9.658203125000000000e-01
3.320312500000000000e-02 3.251953125000000000e-01 9.667968750000000000e-01
2.880859375000000000e-02 4.238281250000000000e-01 9.711914062500000000e-01
4.150390625000000000e-02 4.365234375000000000e-01 9.584960937500000000e-01
5.419921875000000000e-02 3.276367187500000000e-01 7.197265625000000000e-01
4.052734375000000000e-02 4.091796875000000000e-01 9.594726562500000000e-01
4.150390625000000000e-02 4.091796875000000000e-01 9.584960937500000000e-01
3.417968750000000000e-02 3.837890625000000000e-01 9.658203125000000000e-01
4.052734375000000000e-02 3.320312500000000000e-01 9.594726562500000000e-01
4.443359375000000000e-02 3.740234375000000000e-01 9.555664062500000000e-01
3.125000000000000000e-02 2.905273437500000000e-01 9.687500000000000000e-01
3.515625000000000000e-02 4.746093750000000000e-01 9.648437500000000000e-01
2.587890625000000000e-02 4.199218750000000000e-01 9.741210937500000000e-01
5.761718750000000000e-02 2.592773437500000000e-01 7.402343750000000000e-01
3.857421875000000000e-02 4.257812500000000000e-01 9.614257812500000000e-01
3.076171875000000000e-02 2.832031250000000000e-01 9.692382812500000000e-01
3.759765625000000000e-02 4.565429687500000000e-01 9.624023437500000000e-01
6.738281250000000000e-02 2.841796875000000000e-01 6.552734375000000000e-01
3.662109375000000000e-02 3.374023437500000000e-01 9.633789062500000000e-01
4.052734375000000000e-02 3.984375000000000000e-01 9.594726562500000000e-01
4.150390625000000000e-02 3.764648437500000000e-01 9.584960937500000000e-01
3.417968750000000000e-02 4.077148437500000000e-01 9.658203125000000000e-01
3.271484375000000000e-02 3.437500000000000000e-01 9.672851562500000000e-01
4.003906250000000000e-02 3.959960937500000000e-01 9.599609375000000000e-01
4.638671875000000000e-02 3.583984375000000000e-01 7.294921875000000000e-01
2.685546875000000000e-02 4.003906250000000000e-01 9.731445312500000000e-01
5.566406250000000000e-02 2.656250000000000000e-01 9.443359375000000000e-01
5.175781250000000000e-02 2.788085937500000000e-01 9.482421875000000000e-01
3.662109375000000000e-02 4.052734375000000000e-01 9.633789062500000000e-01
5.810546875000000000e-02 3.500976562500000000e-01 7.172851562500000000e-01
6.005859375000000000e-02 2.563476562500000000e-01 5.405273437500000000e-01
3.955078125000000000e-02 4.340820312500000000e-01 9.604492187500000000e-01
3.515625000000000000e-02 4.472656250000000000e-01 9.648437500000000000e-01
3.662109375000000000e-02 4.785156250000000000e-01 9.633789062500000000e-01
4.833984375000000000e-02 3.657226562500000000e-01 9.516601562500000000e-01
3.466796875000000000e-02 3.872070312500000000e-01 9.653320312500000000e-01
3.906250000000000000e-02 4.399414062500000000e-01 9.609375000000000000e-01
3.320312500000000000e-02 4.428710937500000000e-01 9.667968750000000000e-01
3.759765625000000000e-02 4.213867187500000000e-01 9.624023437500000000e-01
