1.601562500000000000e-01 1.865234375000000000e-01 5.375976562500000000e-01
1.376953125000000000e-01 3.115234375000000000e-01 8.364257812500000000e-01
1.499023437500000000e-01 3.100585937500000000e-01 7.929687500000000000e-01
1.381835937500000000e-01 2.236328125000000000e-01 8.618164062500000000e-01
1.694335937500000000e-01 1.464843750000000000e-01 5.410156250000000000e-01
1.328125000000000000e-01 1.958007812500000000e-01 8.076171875000000000e-01
1.601562500000000000e-01 2.631835937500000000e-01 7.094726562500000000e-01
1.357421875000000000e-01 1.542968750000000000e-01 6.630859375000000000e-01
1.235351562500000000e-01 4.233398437500000000e-01 8.764648437500000000e-01
1.411132812500000000e-01 1.923828125000000000e-01 5.903320312500000000e-01
1.113281250000000000e-01 3.447265625000000000e-01 8.886718750000000000e-01
1.601562500000000000e-01 2.153320312500000000e-01 6.665039062500000000e-01
1.494140625000000000e-01 1.884765625000000000e-01 6.547851562500000000e-01
1.640625000000000000e-01 1.494140625000000000e-01 4.399414062500000000e-01
1.435546875000000000e-01 1.303710937500000000e-01 6.250000000000000000e-01
1.303710937500000000e-01 2.382812500000000000e-01 7.475585937500000000e-01
1.064453125000000000e-01 1.503906250000000000e-01 8.935546875000000000e-01
1.323242187500000000e-01 3.081054687500000000e-01 7.353515625000000000e-01
1.386718750000000000e-01 1.796875000000000000e-01 5.078125000000000000e-01
1.440429687500000000e-01 3.422851562500000000e-01 8.320312500000000000e-01
1.376953125000000000e-01 1.821289062500000000e-01 7.670898437500000000e-01
1.611328125000000000e-01 1.875000000000000000e-01 6.704101562500000000e-01
1.513671875000000000e-01 2.734375000000000000e-01 5.639648437500000000e-01
1.655273437500000000e-01 2.338867187500000000e-01 6.152343750000000000e-01
1.469726562500000000e-01 2.202148437500000000e-01 7.158203125000000000e-01
1.586914062500000000e-01 2.485351562500000000e-01 5.097656250000000000e-01
1.538085937500000000e-01 1.748046875000000000e-01 5.625000000000000000e-01
1.591796875000000000e-01 1.777343750000000000e-01 5.590820312500000000e-01
1.508789062500000000e-01 1.933593750000000000e-01 7.167968750000000000e-01
1.547851562500000000e-01 1.552734375000000000e-01 4.638671875000000000e-01
1.459960937500000000e-01 2.148437500000000000e-01 5.615234375000000000e-01
1.499023437500000000e-01 3.007812500000000000e-01 6.972656250000000000e-01
1.518554687500000000e-01 2.553710937500000000e-01 5.961914062500000000e-01
1.513671875000000000e-01 1.743164062500000000e-01 6.928710937500000000e-01
1.591796875000000000e-01 1.928710937500000000e-01 6.791992187500000000e-01
1.596679687500000000e-01 1.337890625000000000e-01 3.969726562500000000e-01
1.508789062500000000e-01 1.884765625000000000e-01 7.563476562500000000e-01
1.293945312500000000e-01 3.159179687500000000e-01 8.706054687500000000e-01
1.455078125000000000e-01 4.101562500000000000e-01 8.271484375000000000e-01
1.562500000000000000e-01 2.133789062500000000e-01 7.963867187500000000e-01
1.323242187500000000e-01 2.124023437500000000e-01 7.856445312500000000e-01
1.552734375000000000e-01 2.651367187500000000e-01 7.368164062500000000e-01
1.406250000000000000e-01 2.470703125000000000e-01 7.265625000000000000e-01
1.464843750000000000e-01 2.988281250000000000e-01 7.973632812500000000e-01
1.552734375000000000e-01 2.089843750000000000e-01 7.900390625000000000e-01
1.274414062500000000e-01 3.178710937500000000e-01 7.871093750000000000e-01
1.596679687500000000e-01 1.787109375000000000e-01 4.970703125000000000e-01
1.303710937500000000e-01 3.774414062500000000e-01 8.696289062500000000e-01
1.572265625000000000e-01 1.289062500000000000e-01 4.829101562500000000e-01
1.376953125000000000e-01 2.456054687500000000e-01 8.623046875000000000e-01
1.577148437500000000e-01 1.577148437500000000e-01 4.599609375000000000e-01
1.499023437500000000e-01 1.025390625000000000e-01 7.314453125000000000e-01
1.542968750000000000e-01 2.065429687500000000e-01 7.905273437500000000e-01
1.718750000000000000e-01 2.568359375000000000e-01 5.249023437500000000e-01
1.284179687500000000e-01 2.412109375000000000e-01 7.675781250000000000e-01
1.474609375000000000e-01 2.832031250000000000e-01 7.119140625000000000e-01
1.220703125000000000e-01 1.982421875000000000e-01 8.779296875000000000e-01
1.586914062500000000e-01 2.666015625000000000e-01 5.957031250000000000e-01
1.474609375000000000e-01 2.490234375000000000e-01 8.525390625000000000e-01
1.411132812500000000e-01 2.622070312500000000e-01 6.811523437500000000e-01
1.552734375000000000e-01 2.241210937500000000e-01 5.395507812500000000e-01
1.303710937500000000e-01 1.582031250000000000e-01 8.188476562500000000e-01
1.552734375000000000e-01 2.602539062500000000e-01 6.723632812500000000e-01
1.474609375000000000e-01 2.915039062500000000e-01 7.368164062500000000e-01
1.518554687500000000e-01 1.518554687500000000e-01 5.747070312500000000e-01
1.625976562500000000e-01 1.684570312500000000e-01 4.189453125000000000e-01
1.523437500000000000e-01 2.524414062500000000e-01 5.175781250000000000e-01
1.367187500000000000e-01 2.690429687500000000e-01 8.632812500000000000e-01
1.250000000000000000e-01 2.661132812500000000e-01 8.251953125000000000e-01
1.450195312500000000e-01 2.353515625000000000e-01 7.001953125000000000e-01
1.376953125000000000e-01 1.826171875000000000e-01 6.865234375000000000e-01
1.342773437500000000e-01 2.172851562500000000e-01 8.129882812500000000e-01
1.425781250000000000e-01 2.670898437500000000e-01 7.846679687500000000e-01
1.552734375000000000e-01 1.254882812500000000e-01 7.089843750000000000e-01
1.469726562500000000e-01 2.026367187500000000e-01 7.094726562500000000e-01
1.718750000000000000e-01 1.835937500000000000e-01 4.765625000000000000e-01
1.640625000000000000e-01 1.264648437500000000e-01 6.411132812500000000e-01
1.616210937500000000e-01 1.870117187500000000e-01 5.400390625000000000e-01
1.562500000000000000e-01 1.499023437500000000e-01 3.027343750000000000e-01
1.347656250000000000e-01 1.274414062500000000e-01 6.831054687500000000e-01
1.279296875000000000e-01 2.832031250000000000e-01 8.720703125000000000e-01
1.684570312500000000e-01 1.142578125000000000e-01 3.217773437500000000e-01
1.201171875000000000e-01 2.651367187500000000e-01 8.798828125000000000e-01
1.293945312500000000e-01 1.518554687500000000e-01 8.291015625000000000e-01
1.420898437500000000e-01 1.533203125000000000e-01 5.419921875000000000e-01
1.513671875000000000e-01 2.270507812500000000e-01 5.126953125000000000e-01
9.716796875000000000e-02 3.408203125000000000e-01 9.028320312500000000e-01
1.464843750000000000e-01 1.376953125000000000e-01 7.910156250000000000e-01
1.513671875000000000e-01 4.082031250000000000e-01 8.237304687500000000e-01
1.323242187500000000e-01 2.783203125000000000e-01 7.744140625000000000e-01
1.367187500000000000e-01 1.904296875000000000e-01 7.333984375000000000e-01
1.547851562500000000e-01 1.918945312500000000e-01 6.191406250000000000e-01
1.567382812500000000e-01 2.207031250000000000e-01 4.741210937500000000e-01
1.235351562500000000e-01 3.496093750000000000e-01 8.764648437500000000e-01
1.264648437500000000e-01 2.651367187500000000e-01 8.305664062500000000e-01
1.474609375000000000e-01 2.988281250000000000e-01 7.578125000000000000e-01
1.386718750000000000e-01 1.352539062500000000e-01 7.626953125000000000e-01
1.635742187500000000e-01 1.718750000000000000e-01 5.102539062500000000e-01
1.469726562500000000e-01 1.313476562500000000e-01 4.628906250000000000e-01
1.567382812500000000e-01 1.386718750000000000e-01 6.196289062500000000e-01
