4.492187500000000000e-02 4.648437500000000000e-01 9.550781250000000000e-01
3.662109375000000000e-02 4.150390625000000000e-01 9.633789062500000000e-01
3.417968750000000000e-02 4.326171875000000000e-01 9.658203125000000000e-01
4.345703125000000000e-02 2.993164062500000000e-01 9.565429687500000000e-01
2.978515625000000000e-02 4.414062500000000000e-01 9.702148437500000000e-01
4.199218750000000000e-02 3.071289062500000000e-01 7.265625000000000000e-01
3.222656250000000000e-02 4.423828125000000000e-01 9.677734375000000000e-01
3.466796875000000000e-02 4.521484375000000000e-01 9.653320312500000000e-01
3.515625000000000000e-02 3.579101562500000000e-01 9.648437500000000000e-01
3.369140625000000000e-02 4.638671875000000000e-01 9.663085937500000000e-01
4.101562500000000000e-02 3.227539062500000000e-01 7.275390625000000000e-01
4.638671875000000000e-02 2.812500000000000000e-01 6.875000000000000000e-01
4.541015625000000000e-02 2.929687500000000000e-01 9.545898437500000000e-01
4.199218750000000000e-02 3.994140625000000000e-01 9.580078125000000000e-01
4.638671875000000000e-02 4.677734375000000000e-01 9.536132812500000000e-01
3.808593750000000000e-02 4.609375000000000000e-01 9.619140625000000000e-01
3.613281250000000000e-02 3.779296875000000000e-01 9.638671875000000000e-01
4.150390625000000000e-02 3.974609375000000000e-01 9.584960937500000000e-01
4.248046875000000000e-02 3.212890625000000000e-01 9.575195312500000000e-01
5.126953125000000000e-02 2.690429687500000000e-01 9.487304687500000000e-01
2.880859375000000000e-02 4.833984375000000000e-01 9.711914062500000000e-01
3.662109375000000000e-02 3.461914062500000000e-01 9.633789062500000000e-01
3.564453125000000000e-02 3.847656250000000000e-01 9.643554687500000000e-01
3.808593750000000000e-02 3.627929687500000000e-01 9.619140625000000000e-01
3.759765625000000000e-02 4.702148437500000000e-01 9.624023437500000000e-01
4.687500000000000000e-02 2.734375000000000000e-01 9.531250000000000000e-01
3.076171875000000000e-02 4.418945312500000000e-01 9.692382812500000000e-01
4.443359375000000000e-02 4.345703125000000000e-01 9.555664062500000000e-01
4.833984375000000000e-02 3.881835937500000000e-01 9.516601562500000000e-01
3.076171875000000000e-02 4.433593750000000000e-01 9.692382812500000000e-01
3.076171875000000000e-02 4.301757812500000000e-01 9.692382812500000000e-01
3.320312500000000000e-02 4.062500000000000000e-01 9.667968750000000000e-01
4.541015625000000000e-02 3.422851562500000000e-01 8.159179687500000000e-01
4.492187500000000000e-02 3.842773437500000000e-01 9.550781250000000000e-01
4.785156250000000000e-02 3.149414062500000000e-01 7.944335937500000000e-01
3.515625000000000000e-02 4.038085937500000000e-01 9.648437500000000000e-01
3.417968750000000000e-02 4.697265625000000000e-01 9.658203125000000000e-01
4.736328125000000000e-02 2.958984375000000000e-01 6.796875000000000000e-01
5.615234375000000000e-02 3.500976562500000000e-01 7.114257812500000000e-01
3.906250000000000000e-02 4.794921875000000000e-01 9.609375000000000000e-01
4.492187500000000000e-02 4.042968750000000000e-01 9.550781250000000000e-01
3.662109375000000000e-02 4.628906250000000000e-01 9.633789062500000000e-01
3.417968750000000000e-02 2.758789062500000000e-01 9.658203125000000000e-01
3.613281250000000000e-02 4.238281250000000000e-01 9.638671875000000000e-01
5.029296875000000000e-02 2.329101562500000000e-01 7.695312500000000000e-01
4.052734375000000000e-02 4.018554687500000000e-01 9.594726562500000000e-01
5.175781250000000000e-02 3.164062500000000000e-01 6.411132812500000000e-01
3.320312500000000000e-02 4.658203125000000000e-01 9.667968750000000000e-01
4.248046875000000000e-02 3.002929687500000000e-01 9.575195312500000000e-01
3.320312500000000000e-02 4.799804687500000000e-01 9.667968750000000000e-01
3.955078125000000000e-02 2.724609375000000000e-01 7.099609375000000000e-01
4.150390625000000000e-02 3.012695312500000000e-01 9.584960937500000000e-01
3.662109375000000000e-02 4.570312500000000000e-01 9.633789062500000000e-01
3.759765625000000000e-02 4.150390625000000000e-01 9.624023437500000000e-01
3.857421875000000000e-02 4.296875000000000000e-01 9.614257812500000000e-01
2.636718750000000000e-02 4.458007812500000000e-01 9.736328125000000000e-01
4.882812500000000000e-02 3.564453125000000000e-01 9.511718750000000000e-01
4.199218750000000000e-02 2.822265625000000000e-01 9.580078125000000000e-01
3.369140625000000000e-02 3.828125000000000000e-01 9.663085937500000000e-01
3.808593750000000000e-02 4.375000000000000000e-01 9.619140625000000000e-01
4.589843750000000000e-02 2.573242187500000000e-01 9.541015625000000000e-01
3.369140625000000000e-02 4.331054687500000000e-01 9.663085937500000000e-01
3.076171875000000000e-02 3.256835937500000000e-01 9.692382812500000000e-01
2.685546875000000000e-02 4.238281250000000000e-01 9.731445312500000000e-01
3.173828125000000000e-02 4.379882812500000000e-01 9.682617187500000000e-01
3.662109375000000000e-02 4.799804687500000000e-01 9.633789062500000000e-01
4.150390625000000000e-02 4.091796875000000000e-01 9.584960937500000000e-01
4.541015625000000000e-02 3.833007812500000000e-01 9.545898437500000000e-01
4.150390625000000000e-02 4.086914062500000000e-01 9.584960937500000000e-01
5.859375000000000000e-02 4.453125000000000000e-01 9.414062500000000000e-01
4.248046875000000000e-02 4.223632812500000000e-01 9.575195312500000000e-01
2.734375000000000000e-02 4.848632812500000000e-01 9.726562500000000000e-01
4.833984375000000000e-02 4.726562500000000000e-01 9.516601562500000000e-01
2.783203125000000000e-02 4.145507812500000000e-01 9.721679687500000000e-01
3.271484375000000000e-02 4.614257812500000000e-01 9.672851562500000000e-01
2.832031250000000000e-02 3.242187500000000000e-01 9.716796875000000000e-01
2.929687500000000000e-02 4.833984375000000000e-01 9.707031250000000000e-01
3.613281250000000000e-02 4.697265625000000000e-01 9.638671875000000000e-01
5.468750000000000000e-02 3.833007812500000000e-01 9.453125000000000000e-01
4.541015625000000000e-02 3.037109375000000000e-01 6.635742187500000000e-01
4.296875000000000000e-02 3.442382812500000000e-01 9.570312500000000000e-01
5.566406250000000000e-02 3.242187500000000000e-01 6.640625000000000000e-01
4.199218750000000000e-02 4.106445312500000000e-01 9.580078125000000000e-01
3.320312500000000000e-02 3.457031250000000000e-01 9.667968750000000000e-01
4.296875000000000000e-02 3.925781250000000000e-01 9.570312500000000000e-01
4.541015625000000000e-02 3.583984375000000000e-01 7.304687500000000000e-01
2.783203125000000000e-02 4.003906250000000000e-01 9.721679687500000000e-01
4.687500000000000000e-02 4.746093750000000000e-01 9.531250000000000000e-01
3.417968750000000000e-02 4.711914062500000000e-01 9.658203125000000000e-01
4.150390625000000000e-02 4.047851562500000000e-01 9.584960937500000000e-01
4.443359375000000000e-02 3.950195312500000000e-01 9.555664062500000000e-01
6.738281250000000000e-02 2.558593750000000000e-01 5.234375000000000000e-01
3.417968750000000000e-02 4.291992187500000000e-01 9.658203125000000000e-01
3.515625000000000000e-02 4.472656250000000000e-01 9.648437500000000000e-01
3.857421875000000000e-02 4.501953125000000000e-01 9.614257812500000000e-01
4.443359375000000000e-02 4.565429687500000000e-01 9.555664062500000000e-01
4.833984375000000000e-02 3.598632812500000000e-01 7.597656250000000000e-01
3.906250000000000000e-02 4.399414062500000000e-01 9.609375000000000000e-01
4.248046875000000000e-02 4.433593750000000000e-01 9.575195312500000000e-01
4.687500000000000000e-02 3.535156250000000000e-01 9.531250000000000000e-01
