7.812500000000000000e-02 2.983398437500000000e-01 7.373046875000000000e-01
3.955078125000000000e-02 2.485351562500000000e-01 9.604492187500000000e-01
6.250000000000000000e-02 3.173828125000000000e-01 7.734375000000000000e-01
5.468750000000000000e-02 3.354492187500000000e-01 9.453125000000000000e-01
4.150390625000000000e-02 3.662109375000000000e-01 9.584960937500000000e-01
7.177734375000000000e-02 2.587890625000000000e-01 7.377929687500000000e-01
6.298828125000000000e-02 3.129882812500000000e-01 9.370117187500000000e-01
6.201171875000000000e-02 3.686523437500000000e-01 9.379882812500000000e-01
4.443359375000000000e-02 3.476562500000000000e-01 9.555664062500000000e-01
7.568359375000000000e-02 2.470703125000000000e-01 6.411132812500000000e-01
3.759765625000000000e-02 2.192382812500000000e-01 9.624023437500000000e-01
8.300781250000000000e-02 2.036132812500000000e-01 4.702148437500000000e-01
7.812500000000000000e-02 2.661132812500000000e-01 5.424804687500000000e-01
6.054687500000000000e-02 2.797851562500000000e-01 9.394531250000000000e-01
7.617187500000000000e-02 3.149414062500000000e-01 8.369140625000000000e-01
7.666015625000000000e-02 2.265625000000000000e-01 8.413085937500000000e-01
6.103515625000000000e-02 2.231445312500000000e-01 7.636718750000000000e-01
1.074218750000000000e-01 2.153320312500000000e-01 4.868164062500000000e-01
7.617187500000000000e-02 2.290039062500000000e-01 9.238281250000000000e-01
9.228515625000000000e-02 2.524414062500000000e-01 6.889648437500000000e-01
5.712890625000000000e-02 2.368164062500000000e-01 7.211914062500000000e-01
6.054687500000000000e-02 3.393554687500000000e-01 7.700195312500000000e-01
5.175781250000000000e-02 3.847656250000000000e-01 9.482421875000000000e-01
4.882812500000000000e-02 3.496093750000000000e-01 9.511718750000000000e-01
6.738281250000000000e-02 3.598632812500000000e-01 7.397460937500000000e-01
8.691406250000000000e-02 1.547851562500000000e-01 6.289062500000000000e-01
7.177734375000000000e-02 3.510742187500000000e-01 8.081054687500000000e-01
8.740234375000000000e-02 3.281250000000000000e-01 7.636718750000000000e-01
9.423828125000000000e-02 2.080078125000000000e-01 6.298828125000000000e-01
5.371093750000000000e-02 2.280273437500000000e-01 9.462890625000000000e-01
5.859375000000000000e-02 3.413085937500000000e-01 9.414062500000000000e-01
5.908203125000000000e-02 3.632812500000000000e-01 9.409179687500000000e-01
6.884765625000000000e-02 3.579101562500000000e-01 9.311523437500000000e-01
6.542968750000000000e-02 3.056640625000000000e-01 9.345703125000000000e-01
5.322265625000000000e-02 2.177734375000000000e-01 7.900390625000000000e-01
5.078125000000000000e-02 3.969726562500000000e-01 9.492187500000000000e-01
8.300781250000000000e-02 2.670898437500000000e-01 6.245117187500000000e-01
6.640625000000000000e-02 3.779296875000000000e-01 7.802734375000000000e-01
8.349609375000000000e-02 3.398437500000000000e-01 9.165039062500000000e-01
5.273437500000000000e-02 4.492187500000000000e-01 9.472656250000000000e-01
5.371093750000000000e-02 4.609375000000000000e-01 9.462890625000000000e-01
8.056640625000000000e-02 1.606445312500000000e-01 6.645507812500000000e-01
4.052734375000000000e-02 4.458007812500000000e-01 9.594726562500000000e-01
6.298828125000000000e-02 3.994140625000000000e-01 9.370117187500000000e-01
7.177734375000000000e-02 2.617187500000000000e-01 7.324218750000000000e-01
7.275390625000000000e-02 2.001953125000000000e-01 9.272460937500000000e-01
6.347656250000000000e-02 4.111328125000000000e-01 9.365234375000000000e-01
5.712890625000000000e-02 2.758789062500000000e-01 7.280273437500000000e-01
8.496093750000000000e-02 3.037109375000000000e-01 6.894531250000000000e-01
7.226562500000000000e-02 2.651367187500000000e-01 9.277343750000000000e-01
7.617187500000000000e-02 2.827148437500000000e-01 9.238281250000000000e-01
6.298828125000000000e-02 3.374023437500000000e-01 7.416992187500000000e-01
7.031250000000000000e-02 1.704101562500000000e-01 9.296875000000000000e-01
7.714843750000000000e-02 2.158203125000000000e-01 6.396484375000000000e-01
8.300781250000000000e-02 2.705078125000000000e-01 6.762695312500000000e-01
3.417968750000000000e-02 4.409179687500000000e-01 9.658203125000000000e-01
5.810546875000000000e-02 2.187500000000000000e-01 6.279296875000000000e-01
6.982421875000000000e-02 2.934570312500000000e-01 7.358398437500000000e-01
6.787109375000000000e-02 3.666992187500000000e-01 9.321289062500000000e-01
6.396484375000000000e-02 3.374023437500000000e-01 7.509765625000000000e-01
4.638671875000000000e-02 2.509765625000000000e-01 9.536132812500000000e-01
6.787109375000000000e-02 2.353515625000000000e-01 5.263671875000000000e-01
6.689453125000000000e-02 3.041992187500000000e-01 9.331054687500000000e-01
5.615234375000000000e-02 3.784179687500000000e-01 7.905273437500000000e-01
7.861328125000000000e-02 3.232421875000000000e-01 7.529296875000000000e-01
3.173828125000000000e-02 2.641601562500000000e-01 9.682617187500000000e-01
7.031250000000000000e-02 2.670898437500000000e-01 7.548828125000000000e-01
8.984375000000000000e-02 1.845703125000000000e-01 6.757812500000000000e-01
5.029296875000000000e-02 3.173828125000000000e-01 9.497070312500000000e-01
6.591796875000000000e-02 3.295898437500000000e-01 9.335937500000000000e-01
5.761718750000000000e-02 1.611328125000000000e-01 9.423828125000000000e-01
5.908203125000000000e-02 2.133789062500000000e-01 7.827148437500000000e-01
5.322265625000000000e-02 3.740234375000000000e-01 9.467773437500000000e-01
5.517578125000000000e-02 1.977539062500000000e-01 7.749023437500000000e-01
8.300781250000000000e-02 3.515625000000000000e-01 8.554687500000000000e-01
6.542968750000000000e-02 3.198242187500000000e-01 6.791992187500000000e-01
4.248046875000000000e-02 2.270507812500000000e-01 9.575195312500000000e-01
6.640625000000000000e-02 2.954101562500000000e-01 9.335937500000000000e-01
8.007812500000000000e-02 2.875976562500000000e-01 7.890625000000000000e-01
6.250000000000000000e-02 3.823242187500000000e-01 9.375000000000000000e-01
6.738281250000000000e-02 2.026367187500000000e-01 7.666015625000000000e-01
7.275390625000000000e-02 3.486328125000000000e-01 7.783203125000000000e-01
5.908203125000000000e-02 3.300781250000000000e-01 9.409179687500000000e-01
5.761718750000000000e-02 3.071289062500000000e-01 7.973632812500000000e-01
6.445312500000000000e-02 1.738281250000000000e-01 8.759765625000000000e-01
4.248046875000000000e-02 4.311523437500000000e-01 9.575195312500000000e-01
6.152343750000000000e-02 2.329101562500000000e-01 9.384765625000000000e-01
5.859375000000000000e-02 4.687500000000000000e-01 9.414062500000000000e-01
6.103515625000000000e-02 2.709960937500000000e-01 9.389648437500000000e-01
6.103515625000000000e-02 3.457031250000000000e-01 9.389648437500000000e-01
8.056640625000000000e-02 2.861328125000000000e-01 9.194335937500000000e-01
6.494140625000000000e-02 2.304687500000000000e-01 7.500000000000000000e-01
8.935546875000000000e-02 3.310546875000000000e-01 9.106445312500000000e-01
5.957031250000000000e-02 2.666015625000000000e-01 5.659179687500000000e-01
7.470703125000000000e-02 2.529296875000000000e-01 5.371093750000000000e-01
7.519531250000000000e-02 3.002929687500000000e-01 8.173828125000000000e-01
4.589843750000000000e-02 2.055664062500000000e-01 9.541015625000000000e-01
8.593750000000000000e-02 2.441406250000000000e-01 5.283203125000000000e-01
5.908203125000000000e-02 3.330078125000000000e-01 8.110351562500000000e-01
6.835937500000000000e-02 2.304687500000000000e-01 7.890625000000000000e-01
