3.662109375000000000e-02 4.614257812500000000e-01 9.633789062500000000e-01
3.759765625000000000e-02 2.817382812500000000e-01 7.563476562500000000e-01
3.320312500000000000e-02 4.414062500000000000e-01 9.667968750000000000e-01
3.710937500000000000e-02 2.578125000000000000e-01 9.628906250000000000e-01
2.929687500000000000e-02 4.746093750000000000e-01 9.707031250000000000e-01
5.224609375000000000e-02 2.856445312500000000e-01 7.187500000000000000e-01
5.175781250000000000e-02 4.379882812500000000e-01 9.482421875000000000e-01
3.710937500000000000e-02 4.531250000000000000e-01 9.628906250000000000e-01
4.150390625000000000e-02 3.417968750000000000e-01 9.584960937500000000e-01
4.589843750000000000e-02 3.994140625000000000e-01 9.541015625000000000e-01
4.833984375000000000e-02 2.226562500000000000e-01 7.739257812500000000e-01
4.101562500000000000e-02 4.311523437500000000e-01 9.589843750000000000e-01
3.320312500000000000e-02 4.682617187500000000e-01 9.667968750000000000e-01
6.250000000000000000e-02 3.193359375000000000e-01 7.451171875000000000e-01
6.054687500000000000e-02 3.051757812500000000e-01 9.394531250000000000e-01
3.710937500000000000e-02 3.007812500000000000e-01 9.628906250000000000e-01
4.394531250000000000e-02 4.077148437500000000e-01 9.560546875000000000e-01
3.808593750000000000e-02 4.580078125000000000e-01 9.619140625000000000e-01
6.201171875000000000e-02 3.652343750000000000e-01 9.379882812500000000e-01
5.468750000000000000e-02 3.208007812500000000e-01 9.453125000000000000e-01
3.759765625000000000e-02 4.721679687500000000e-01 9.624023437500000000e-01
5.273437500000000000e-02 2.182617187500000000e-01 5.898437500000000000e-01
3.417968750000000000e-02 3.911132812500000000e-01 9.658203125000000000e-01
4.101562500000000000e-02 3.623046875000000000e-01 9.589843750000000000e-01
3.564453125000000000e-02 4.575195312500000000e-01 9.643554687500000000e-01
4.931640625000000000e-02 3.730468750000000000e-01 9.506835937500000000e-01
3.759765625000000000e-02 4.394531250000000000e-01 9.624023437500000000e-01
4.248046875000000000e-02 4.042968750000000000e-01 9.575195312500000000e-01
5.615234375000000000e-02 4.287109375000000000e-01 9.438476562500000000e-01
4.736328125000000000e-02 2.783203125000000000e-01 7.143554687500000000e-01
3.417968750000000000e-02 4.296875000000000000e-01 9.658203125000000000e-01
3.759765625000000000e-02 4.121093750000000000e-01 9.624023437500000000e-01
4.736328125000000000e-02 3.432617187500000000e-01 8.149414062500000000e-01
6.103515625000000000e-02 2.675781250000000000e-01 7.338867187500000000e-01
4.882812500000000000e-02 3.906250000000000000e-01 9.511718750000000000e-01
5.175781250000000000e-02 2.573242187500000000e-01 7.841796875000000000e-01
3.808593750000000000e-02 2.890625000000000000e-01 9.619140625000000000e-01
4.589843750000000000e-02 2.993164062500000000e-01 9.541015625000000000e-01
5.517578125000000000e-02 3.486328125000000000e-01 9.443359375000000000e-01
4.931640625000000000e-02 3.071289062500000000e-01 9.506835937500000000e-01
5.468750000000000000e-02 2.680664062500000000e-01 7.319335937500000000e-01
4.394531250000000000e-02 2.861328125000000000e-01 6.865234375000000000e-01
4.492187500000000000e-02 3.300781250000000000e-01 7.143554687500000000e-01
5.126953125000000000e-02 4.321289062500000000e-01 9.487304687500000000e-01
5.029296875000000000e-02 4.672851562500000000e-01 9.497070312500000000e-01
6.054687500000000000e-02 3.261718750000000000e-01 6.977539062500000000e-01
4.980468750000000000e-02 4.082031250000000000e-01 9.501953125000000000e-01
3.710937500000000000e-02 2.807617187500000000e-01 9.628906250000000000e-01
4.687500000000000000e-02 4.482421875000000000e-01 9.531250000000000000e-01
4.638671875000000000e-02 3.300781250000000000e-01 9.536132812500000000e-01
4.052734375000000000e-02 2.983398437500000000e-01 9.594726562500000000e-01
5.273437500000000000e-02 2.231445312500000000e-01 7.324218750000000000e-01
3.759765625000000000e-02 3.212890625000000000e-01 9.624023437500000000e-01
3.564453125000000000e-02 4.633789062500000000e-01 9.643554687500000000e-01
5.078125000000000000e-02 2.666015625000000000e-01 6.928710937500000000e-01
3.222656250000000000e-02 4.428710937500000000e-01 9.677734375000000000e-01
5.273437500000000000e-02 2.841796875000000000e-01 5.781250000000000000e-01
4.296875000000000000e-02 2.851562500000000000e-01 9.570312500000000000e-01
2.880859375000000000e-02 4.721679687500000000e-01 9.711914062500000000e-01
3.222656250000000000e-02 4.423828125000000000e-01 9.677734375000000000e-01
4.199218750000000000e-02 2.724609375000000000e-01 9.580078125000000000e-01
4.541015625000000000e-02 2.954101562500000000e-01 7.358398437500000000e-01
4.833984375000000000e-02 3.203125000000000000e-01 9.516601562500000000e-01
3.027343750000000000e-02 4.243164062500000000e-01 9.697265625000000000e-01
4.150390625000000000e-02 4.384765625000000000e-01 9.584960937500000000e-01
2.832031250000000000e-02 4.780273437500000000e-01 9.716796875000000000e-01
3.808593750000000000e-02 4.057617187500000000e-01 9.619140625000000000e-01
3.955078125000000000e-02 4.116210937500000000e-01 9.584960937500000000e-01
3.710937500000000000e-02 2.744140625000000000e-01 9.628906250000000000e-01
5.419921875000000000e-02 3.305664062500000000e-01 9.458007812500000000e-01
6.103515625000000000e-02 4.614257812500000000e-01 9.389648437500000000e-01
3.222656250000000000e-02 4.755859375000000000e-01 9.677734375000000000e-01
6.738281250000000000e-02 2.607421875000000000e-01 5.727539062500000000e-01
2.978515625000000000e-02 4.326171875000000000e-01 9.702148437500000000e-01
5.810546875000000000e-02 3.144531250000000000e-01 6.909179687500000000e-01
5.468750000000000000e-02 2.329101562500000000e-01 9.453125000000000000e-01
4.589843750000000000e-02 2.954101562500000000e-01 7.578125000000000000e-01
3.906250000000000000e-02 4.599609375000000000e-01 9.609375000000000000e-01
7.177734375000000000e-02 2.768554687500000000e-01 9.282226562500000000e-01
3.955078125000000000e-02 3.618164062500000000e-01 9.604492187500000000e-01
6.494140625000000000e-02 2.558593750000000000e-01 8.330078125000000000e-01
4.296875000000000000e-02 4.516601562500000000e-01 9.570312500000000000e-01
7.470703125000000000e-02 1.845703125000000000e-01 4.575195312500000000e-01
4.833984375000000000e-02 4.565429687500000000e-01 9.516601562500000000e-01
5.761718750000000000e-02 3.012695312500000000e-01 9.423828125000000000e-01
5.419921875000000000e-02 3.510742187500000000e-01 7.119140625000000000e-01
4.296875000000000000e-02 2.885742187500000000e-01 7.324218750000000000e-01
4.296875000000000000e-02 4.760742187500000000e-01 9.570312500000000000e-01
4.785156250000000000e-02 2.758789062500000000e-01 9.521484375000000000e-01
4.248046875000000000e-02 4.765625000000000000e-01 9.575195312500000000e-01
4.882812500000000000e-02 3.564453125000000000e-01 7.260742187500000000e-01
5.908203125000000000e-02 2.226562500000000000e-01 7.553710937500000000e-01
5.566406250000000000e-02 2.514648437500000000e-01 9.443359375000000000e-01
3.759765625000000000e-02 4.492187500000000000e-01 9.624023437500000000e-01
5.664062500000000000e-02 4.516601562500000000e-01 9.433593750000000000e-01
4.492187500000000000e-02 3.095703125000000000e-01 9.550781250000000000e-01
5.419921875000000000e-02 3.466796875000000000e-01 7.441406250000000000e-01
4.443359375000000000e-02 4.663085937500000000e-01 9.555664062500000000e-01
4.980468750000000000e-02 3.696289062500000000e-01 7.661132812500000000e-01
6.542968750000000000e-02 2.651367187500000000e-01 7.133789062500000000e-01
