3.613281250000000000e-01 1.069335937500000000e-01 5.209960937500000000e-01
3.999023437500000000e-01 1.372070312500000000e-01 3.349609375000000000e-01
4.111328125000000000e-01 9.033203125000000000e-02 2.128906250000000000e-01
3.735351562500000000e-01 1.806640625000000000e-01 5.209960937500000000e-01
3.662109375000000000e-01 1.108398437500000000e-01 4.594726562500000000e-01
3.842773437500000000e-01 1.684570312500000000e-01 3.828125000000000000e-01
3.754882812500000000e-01 1.132812500000000000e-01 5.458984375000000000e-01
3.696289062500000000e-01 1.748046875000000000e-01 4.755859375000000000e-01
3.613281250000000000e-01 1.308593750000000000e-01 5.561523437500000000e-01
3.549804687500000000e-01 1.791992187500000000e-01 5.361328125000000000e-01
3.930664062500000000e-01 1.894531250000000000e-01 4.428710937500000000e-01
3.662109375000000000e-01 2.646484375000000000e-01 5.771484375000000000e-01
3.720703125000000000e-01 2.641601562500000000e-01 5.302734375000000000e-01
3.793945312500000000e-01 1.274414062500000000e-01 5.043945312500000000e-01
3.930664062500000000e-01 9.179687500000000000e-02 2.778320312500000000e-01
3.964843750000000000e-01 8.593750000000000000e-02 1.811523437500000000e-01
3.823242187500000000e-01 1.347656250000000000e-01 3.247070312500000000e-01
3.735351562500000000e-01 1.738281250000000000e-01 4.492187500000000000e-01
3.598632812500000000e-01 2.236328125000000000e-01 4.887695312500000000e-01
3.920898437500000000e-01 8.007812500000000000e-02 2.285156250000000000e-01
3.632812500000000000e-01 1.479492187500000000e-01 5.131835937500000000e-01
3.676757812500000000e-01 1.274414062500000000e-01 4.877929687500000000e-01
3.901367187500000000e-01 1.933593750000000000e-01 4.204101562500000000e-01
3.671875000000000000e-01 1.718750000000000000e-01 4.746093750000000000e-01
3.862304687500000000e-01 1.152343750000000000e-01 4.785156250000000000e-01
3.876953125000000000e-01 1.035156250000000000e-01 3.427734375000000000e-01
3.774414062500000000e-01 2.011718750000000000e-01 4.848632812500000000e-01
3.789062500000000000e-01 1.152343750000000000e-01 4.423828125000000000e-01
3.623046875000000000e-01 1.752929687500000000e-01 5.712890625000000000e-01
3.588867187500000000e-01 1.923828125000000000e-01 5.815429687500000000e-01
3.598632812500000000e-01 1.352539062500000000e-01 6.118164062500000000e-01
3.647460937500000000e-01 1.484375000000000000e-01 5.834960937500000000e-01
3.979492187500000000e-01 1.064453125000000000e-01 2.568359375000000000e-01
3.681640625000000000e-01 1.723632812500000000e-01 5.600585937500000000e-01
3.598632812500000000e-01 7.324218750000000000e-02 5.615234375000000000e-01
3.701171875000000000e-01 1.489257812500000000e-01 3.520507812500000000e-01
3.725585937500000000e-01 1.132812500000000000e-01 2.983398437500000000e-01
3.706054687500000000e-01 2.192382812500000000e-01 4.726562500000000000e-01
3.925781250000000000e-01 1.152343750000000000e-01 3.051757812500000000e-01
3.837890625000000000e-01 1.303710937500000000e-01 2.871093750000000000e-01
3.735351562500000000e-01 1.962890625000000000e-01 4.096679687500000000e-01
3.833007812500000000e-01 1.269531250000000000e-01 3.251953125000000000e-01
3.696289062500000000e-01 1.484375000000000000e-01 4.003906250000000000e-01
3.710937500000000000e-01 2.509765625000000000e-01 5.639648437500000000e-01
3.867187500000000000e-01 1.430664062500000000e-01 3.134765625000000000e-01
3.666992187500000000e-01 1.645507812500000000e-01 5.742187500000000000e-01
3.847656250000000000e-01 8.593750000000000000e-02 1.835937500000000000e-01
3.964843750000000000e-01 1.074218750000000000e-01 2.900390625000000000e-01
3.725585937500000000e-01 7.226562500000000000e-02 4.301757812500000000e-01
3.500976562500000000e-01 1.987304687500000000e-01 5.917968750000000000e-01
3.657226562500000000e-01 1.230468750000000000e-01 5.502929687500000000e-01
3.735351562500000000e-01 1.420898437500000000e-01 3.984375000000000000e-01
3.833007812500000000e-01 7.958984375000000000e-02 3.486328125000000000e-01
3.432617187500000000e-01 1.958007812500000000e-01 6.352539062500000000e-01
3.686523437500000000e-01 1.665039062500000000e-01 4.711914062500000000e-01
3.881835937500000000e-01 1.127929687500000000e-01 4.116210937500000000e-01
3.837890625000000000e-01 1.386718750000000000e-01 4.418945312500000000e-01
3.867187500000000000e-01 1.215820312500000000e-01 2.587890625000000000e-01
3.896484375000000000e-01 1.040039062500000000e-01 2.495117187500000000e-01
3.383789062500000000e-01 1.147460937500000000e-01 6.391601562500000000e-01
3.623046875000000000e-01 1.279296875000000000e-01 6.103515625000000000e-01
3.935546875000000000e-01 9.277343750000000000e-02 3.076171875000000000e-01
3.764648437500000000e-01 1.816406250000000000e-01 4.482421875000000000e-01
3.637695312500000000e-01 2.319335937500000000e-01 5.029296875000000000e-01
3.740234375000000000e-01 1.098632812500000000e-01 5.239257812500000000e-01
3.906250000000000000e-01 8.593750000000000000e-02 2.807617187500000000e-01
3.745117187500000000e-01 1.674804687500000000e-01 5.522460937500000000e-01
3.730468750000000000e-01 1.577148437500000000e-01 3.574218750000000000e-01
3.720703125000000000e-01 1.352539062500000000e-01 3.261718750000000000e-01
3.852539062500000000e-01 1.440429687500000000e-01 3.940429687500000000e-01
3.940429687500000000e-01 7.958984375000000000e-02 3.154296875000000000e-01
3.930664062500000000e-01 1.342773437500000000e-01 3.188476562500000000e-01
3.652343750000000000e-01 2.397460937500000000e-01 4.980468750000000000e-01
3.808593750000000000e-01 1.362304687500000000e-01 3.632812500000000000e-01
3.920898437500000000e-01 1.250000000000000000e-01 2.836914062500000000e-01
3.872070312500000000e-01 1.015625000000000000e-01 4.042968750000000000e-01
3.774414062500000000e-01 1.020507812500000000e-01 5.371093750000000000e-01
3.715820312500000000e-01 1.333007812500000000e-01 5.224609375000000000e-01
3.842773437500000000e-01 1.240234375000000000e-01 4.428710937500000000e-01
3.950195312500000000e-01 1.093750000000000000e-01 2.685546875000000000e-01
3.686523437500000000e-01 2.021484375000000000e-01 4.291992187500000000e-01
3.740234375000000000e-01 2.319335937500000000e-01 4.951171875000000000e-01
4.013671875000000000e-01 1.352539062500000000e-01 2.963867187500000000e-01
3.906250000000000000e-01 1.401367187500000000e-01 4.174804687500000000e-01
3.681640625000000000e-01 1.928710937500000000e-01 5.717773437500000000e-01
3.642578125000000000e-01 2.739257812500000000e-01 5.478515625000000000e-01
3.764648437500000000e-01 1.196289062500000000e-01 3.413085937500000000e-01
3.691406250000000000e-01 1.406250000000000000e-01 3.876953125000000000e-01
3.588867187500000000e-01 2.377929687500000000e-01 5.849609375000000000e-01
3.798828125000000000e-01 9.619140625000000000e-02 3.559570312500000000e-01
3.862304687500000000e-01 9.667968750000000000e-02 2.373046875000000000e-01
4.018554687500000000e-01 1.357421875000000000e-01 2.734375000000000000e-01
3.647460937500000000e-01 9.667968750000000000e-02 5.859375000000000000e-01
3.715820312500000000e-01 1.464843750000000000e-01 4.130859375000000000e-01
3.647460937500000000e-01 2.348632812500000000e-01 5.102539062500000000e-01
3.886718750000000000e-01 1.230468750000000000e-01 2.656250000000000000e-01
3.950195312500000000e-01 8.740234375000000000e-02 3.344726562500000000e-01
3.793945312500000000e-01 1.191406250000000000e-01 3.969726562500000000e-01
3.569335937500000000e-01 1.870117187500000000e-01 5.834960937500000000e-01
3.618164062500000000e-01 1.523437500000000000e-01 6.035156250000000000e-01
