2.407226562500000000e-01 1.782226562500000000e-01 4.765625000000000000e-01
2.363281250000000000e-01 2.666015625000000000e-01 7.260742187500000000e-01
2.216796875000000000e-01 2.856445312500000000e-01 7.700195312500000000e-01
2.338867187500000000e-01 2.856445312500000000e-01 5.766601562500000000e-01
2.392578125000000000e-01 1.542968750000000000e-01 5.668945312500000000e-01
2.363281250000000000e-01 2.812500000000000000e-01 7.285156250000000000e-01
2.407226562500000000e-01 2.041015625000000000e-01 4.121093750000000000e-01
2.387695312500000000e-01 8.935546875000000000e-02 6.596679687500000000e-01
2.329101562500000000e-01 2.729492187500000000e-01 5.732421875000000000e-01
2.377929687500000000e-01 2.543945312500000000e-01 7.226562500000000000e-01
2.368164062500000000e-01 1.840820312500000000e-01 5.996093750000000000e-01
2.446289062500000000e-01 1.347656250000000000e-01 6.845703125000000000e-01
2.436523437500000000e-01 1.640625000000000000e-01 3.774414062500000000e-01
2.197265625000000000e-01 1.552734375000000000e-01 7.685546875000000000e-01
2.514648437500000000e-01 1.704101562500000000e-01 5.527343750000000000e-01
2.402343750000000000e-01 2.407226562500000000e-01 4.902343750000000000e-01
2.475585937500000000e-01 2.485351562500000000e-01 5.307617187500000000e-01
2.382812500000000000e-01 1.376953125000000000e-01 6.274414062500000000e-01
2.299804687500000000e-01 1.552734375000000000e-01 6.147460937500000000e-01
2.509765625000000000e-01 1.020507812500000000e-01 4.760742187500000000e-01
2.421875000000000000e-01 1.787109375000000000e-01 5.610351562500000000e-01
2.563476562500000000e-01 1.757812500000000000e-01 4.990234375000000000e-01
2.485351562500000000e-01 2.319335937500000000e-01 6.723632812500000000e-01
2.255859375000000000e-01 1.821289062500000000e-01 5.102539062500000000e-01
2.368164062500000000e-01 1.596679687500000000e-01 6.337890625000000000e-01
2.451171875000000000e-01 1.748046875000000000e-01 6.718750000000000000e-01
2.519531250000000000e-01 1.201171875000000000e-01 5.590820312500000000e-01
2.553710937500000000e-01 1.484375000000000000e-01 3.872070312500000000e-01
2.451171875000000000e-01 2.343750000000000000e-01 6.689453125000000000e-01
2.348632812500000000e-01 1.176757812500000000e-01 6.811523437500000000e-01
2.592773437500000000e-01 1.386718750000000000e-01 3.105468750000000000e-01
2.275390625000000000e-01 2.954101562500000000e-01 7.368164062500000000e-01
2.343750000000000000e-01 2.470703125000000000e-01 6.308593750000000000e-01
2.402343750000000000e-01 2.729492187500000000e-01 5.927734375000000000e-01
2.519531250000000000e-01 1.811523437500000000e-01 4.389648437500000000e-01
2.343750000000000000e-01 1.577148437500000000e-01 6.440429687500000000e-01
2.592773437500000000e-01 2.250976562500000000e-01 4.550781250000000000e-01
2.485351562500000000e-01 1.513671875000000000e-01 5.009765625000000000e-01
2.446289062500000000e-01 1.562500000000000000e-01 6.821289062500000000e-01
2.548828125000000000e-01 2.280273437500000000e-01 5.771484375000000000e-01
2.509765625000000000e-01 1.440429687500000000e-01 5.048828125000000000e-01
2.705078125000000000e-01 1.616210937500000000e-01 3.891601562500000000e-01
2.602539062500000000e-01 1.933593750000000000e-01 4.780273437500000000e-01
2.294921875000000000e-01 3.203125000000000000e-01 7.197265625000000000e-01
2.626953125000000000e-01 1.401367187500000000e-01 3.212890625000000000e-01
2.407226562500000000e-01 2.031250000000000000e-01 5.454101562500000000e-01
2.387695312500000000e-01 2.905273437500000000e-01 6.450195312500000000e-01
2.187500000000000000e-01 3.466796875000000000e-01 7.260742187500000000e-01
2.646484375000000000e-01 1.972656250000000000e-01 4.150390625000000000e-01
2.421875000000000000e-01 2.358398437500000000e-01 5.644531250000000000e-01
2.436523437500000000e-01 1.855468750000000000e-01 3.837890625000000000e-01
2.407226562500000000e-01 2.573242187500000000e-01 7.021484375000000000e-01
2.460937500000000000e-01 1.806640625000000000e-01 7.070312500000000000e-01
2.392578125000000000e-01 1.875000000000000000e-01 4.824218750000000000e-01
2.656250000000000000e-01 1.079101562500000000e-01 3.032226562500000000e-01
2.563476562500000000e-01 2.338867187500000000e-01 5.771484375000000000e-01
2.163085937500000000e-01 1.948242187500000000e-01 7.719726562500000000e-01
2.387695312500000000e-01 1.640625000000000000e-01 4.321289062500000000e-01
2.504882812500000000e-01 1.845703125000000000e-01 4.296875000000000000e-01
2.319335937500000000e-01 1.845703125000000000e-01 5.751953125000000000e-01
2.534179687500000000e-01 2.348632812500000000e-01 6.342773437500000000e-01
2.470703125000000000e-01 2.783203125000000000e-01 6.914062500000000000e-01
2.524414062500000000e-01 2.749023437500000000e-01 6.474609375000000000e-01
2.529296875000000000e-01 1.015625000000000000e-01 3.520507812500000000e-01
2.407226562500000000e-01 1.054687500000000000e-01 5.566406250000000000e-01
2.504882812500000000e-01 1.191406250000000000e-01 6.132812500000000000e-01
2.426757812500000000e-01 7.421875000000000000e-02 6.757812500000000000e-01
2.226562500000000000e-01 2.280273437500000000e-01 7.592773437500000000e-01
2.465820312500000000e-01 1.894531250000000000e-01 5.595703125000000000e-01
2.363281250000000000e-01 2.641601562500000000e-01 7.050781250000000000e-01
2.504882812500000000e-01 2.680664062500000000e-01 5.375976562500000000e-01
2.397460937500000000e-01 1.831054687500000000e-01 5.673828125000000000e-01
2.534179687500000000e-01 1.674804687500000000e-01 5.454101562500000000e-01
2.431640625000000000e-01 1.870117187500000000e-01 5.927734375000000000e-01
2.446289062500000000e-01 1.181640625000000000e-01 5.307617187500000000e-01
2.407226562500000000e-01 2.587890625000000000e-01 6.645507812500000000e-01
2.587890625000000000e-01 1.557617187500000000e-01 3.305664062500000000e-01
2.451171875000000000e-01 2.285156250000000000e-01 4.916992187500000000e-01
2.719726562500000000e-01 1.469726562500000000e-01 3.217773437500000000e-01
2.265625000000000000e-01 2.416992187500000000e-01 5.839843750000000000e-01
2.392578125000000000e-01 1.689453125000000000e-01 4.418945312500000000e-01
2.475585937500000000e-01 8.496093750000000000e-02 5.190429687500000000e-01
2.373046875000000000e-01 1.748046875000000000e-01 7.416992187500000000e-01
2.426757812500000000e-01 1.318359375000000000e-01 5.722656250000000000e-01
2.524414062500000000e-01 1.791992187500000000e-01 4.414062500000000000e-01
1.777343750000000000e-01 1.440429687500000000e-01 8.222656250000000000e-01
2.651367187500000000e-01 1.025390625000000000e-01 2.749023437500000000e-01
2.783203125000000000e-01 7.421875000000000000e-02 2.065429687500000000e-01
2.475585937500000000e-01 2.382812500000000000e-01 5.371093750000000000e-01
2.441406250000000000e-01 2.456054687500000000e-01 5.053710937500000000e-01
2.529296875000000000e-01 1.752929687500000000e-01 5.498046875000000000e-01
2.480468750000000000e-01 2.060546875000000000e-01 6.352539062500000000e-01
2.797851562500000000e-01 7.958984375000000000e-02 1.650390625000000000e-01
2.412109375000000000e-01 1.127929687500000000e-01 6.406250000000000000e-01
2.255859375000000000e-01 3.720703125000000000e-01 7.348632812500000000e-01
2.475585937500000000e-01 2.260742187500000000e-01 6.621093750000000000e-01
2.509765625000000000e-01 8.642578125000000000e-02 6.625976562500000000e-01
2.666015625000000000e-01 1.279296875000000000e-01 3.920898437500000000e-01
2.441406250000000000e-01 2.929687500000000000e-01 6.293945312500000000e-01
2.431640625000000000e-01 1.572265625000000000e-01 6.914062500000000000e-01
