5.078125000000000000e-02 3.071289062500000000e-01 6.806640625000000000e-01
3.320312500000000000e-02 4.760742187500000000e-01 9.667968750000000000e-01
3.759765625000000000e-02 4.453125000000000000e-01 9.624023437500000000e-01
3.906250000000000000e-02 3.701171875000000000e-01 9.609375000000000000e-01
3.125000000000000000e-02 4.707031250000000000e-01 9.687500000000000000e-01
5.029296875000000000e-02 3.120117187500000000e-01 7.207031250000000000e-01
3.662109375000000000e-02 4.497070312500000000e-01 9.633789062500000000e-01
3.515625000000000000e-02 4.531250000000000000e-01 9.648437500000000000e-01
4.150390625000000000e-02 3.383789062500000000e-01 9.584960937500000000e-01
3.808593750000000000e-02 4.604492187500000000e-01 9.619140625000000000e-01
4.199218750000000000e-02 3.247070312500000000e-01 9.580078125000000000e-01
3.369140625000000000e-02 4.379882812500000000e-01 9.663085937500000000e-01
3.417968750000000000e-02 4.653320312500000000e-01 9.658203125000000000e-01
6.445312500000000000e-02 3.139648437500000000e-01 7.426757812500000000e-01
5.419921875000000000e-02 4.121093750000000000e-01 9.458007812500000000e-01
3.857421875000000000e-02 4.521484375000000000e-01 9.614257812500000000e-01
5.224609375000000000e-02 3.754882812500000000e-01 9.477539062500000000e-01
6.250000000000000000e-02 3.452148437500000000e-01 7.426757812500000000e-01
5.517578125000000000e-02 3.979492187500000000e-01 9.448242187500000000e-01
6.054687500000000000e-02 3.266601562500000000e-01 6.723632812500000000e-01
3.222656250000000000e-02 2.827148437500000000e-01 9.677734375000000000e-01
4.345703125000000000e-02 2.700195312500000000e-01 9.565429687500000000e-01
4.003906250000000000e-02 3.847656250000000000e-01 9.599609375000000000e-01
3.710937500000000000e-02 3.657226562500000000e-01 9.628906250000000000e-01
3.564453125000000000e-02 3.603515625000000000e-01 9.643554687500000000e-01
5.371093750000000000e-02 2.685546875000000000e-01 9.462890625000000000e-01
3.466796875000000000e-02 4.384765625000000000e-01 9.653320312500000000e-01
5.810546875000000000e-02 3.295898437500000000e-01 6.621093750000000000e-01
4.833984375000000000e-02 3.896484375000000000e-01 9.516601562500000000e-01
4.101562500000000000e-02 4.404296875000000000e-01 9.589843750000000000e-01
3.076171875000000000e-02 4.301757812500000000e-01 9.692382812500000000e-01
4.296875000000000000e-02 4.384765625000000000e-01 9.570312500000000000e-01
4.541015625000000000e-02 4.716796875000000000e-01 9.545898437500000000e-01
4.687500000000000000e-02 2.851562500000000000e-01 9.531250000000000000e-01
5.517578125000000000e-02 2.949218750000000000e-01 6.650390625000000000e-01
4.101562500000000000e-02 4.526367187500000000e-01 9.589843750000000000e-01
4.003906250000000000e-02 2.861328125000000000e-01 9.599609375000000000e-01
5.175781250000000000e-02 3.046875000000000000e-01 6.499023437500000000e-01
5.908203125000000000e-02 3.208007812500000000e-01 6.669921875000000000e-01
4.296875000000000000e-02 4.013671875000000000e-01 9.570312500000000000e-01
4.638671875000000000e-02 4.658203125000000000e-01 9.536132812500000000e-01
4.443359375000000000e-02 2.792968750000000000e-01 7.768554687500000000e-01
4.687500000000000000e-02 2.744140625000000000e-01 7.089843750000000000e-01
4.296875000000000000e-02 4.262695312500000000e-01 9.570312500000000000e-01
5.078125000000000000e-02 3.271484375000000000e-01 7.753906250000000000e-01
4.589843750000000000e-02 3.999023437500000000e-01 9.541015625000000000e-01
5.908203125000000000e-02 2.680664062500000000e-01 9.409179687500000000e-01
4.101562500000000000e-02 2.807617187500000000e-01 9.589843750000000000e-01
4.492187500000000000e-02 2.592773437500000000e-01 9.550781250000000000e-01
4.296875000000000000e-02 4.692382812500000000e-01 9.570312500000000000e-01
6.152343750000000000e-02 2.543945312500000000e-01 5.327148437500000000e-01
5.126953125000000000e-02 2.290039062500000000e-01 7.236328125000000000e-01
4.882812500000000000e-02 4.584960937500000000e-01 9.511718750000000000e-01
3.173828125000000000e-02 4.716796875000000000e-01 9.682617187500000000e-01
4.443359375000000000e-02 2.597656250000000000e-01 9.555664062500000000e-01
2.734375000000000000e-02 4.458007812500000000e-01 9.726562500000000000e-01
5.224609375000000000e-02 3.696289062500000000e-01 9.477539062500000000e-01
4.248046875000000000e-02 2.753906250000000000e-01 9.575195312500000000e-01
2.880859375000000000e-02 4.707031250000000000e-01 9.711914062500000000e-01
5.419921875000000000e-02 3.662109375000000000e-01 9.458007812500000000e-01
3.906250000000000000e-02 4.433593750000000000e-01 9.609375000000000000e-01
4.589843750000000000e-02 2.939453125000000000e-01 7.260742187500000000e-01
3.271484375000000000e-02 3.232421875000000000e-01 9.672851562500000000e-01
3.076171875000000000e-02 4.243164062500000000e-01 9.692382812500000000e-01
3.955078125000000000e-02 4.375000000000000000e-01 9.604492187500000000e-01
5.371093750000000000e-02 2.343750000000000000e-01 7.519531250000000000e-01
3.808593750000000000e-02 4.057617187500000000e-01 9.619140625000000000e-01
6.933593750000000000e-02 4.643554687500000000e-01 9.306640625000000000e-01
4.833984375000000000e-02 2.778320312500000000e-01 7.861328125000000000e-01
5.810546875000000000e-02 3.349609375000000000e-01 6.850585937500000000e-01
4.980468750000000000e-02 4.199218750000000000e-01 9.501953125000000000e-01
2.832031250000000000e-02 4.819335937500000000e-01 9.716796875000000000e-01
6.640625000000000000e-02 2.333984375000000000e-01 5.751953125000000000e-01
4.199218750000000000e-02 3.251953125000000000e-01 7.138671875000000000e-01
4.882812500000000000e-02 2.666015625000000000e-01 7.021484375000000000e-01
3.125000000000000000e-02 3.242187500000000000e-01 9.687500000000000000e-01
3.125000000000000000e-02 2.856445312500000000e-01 9.687500000000000000e-01
3.564453125000000000e-02 4.809570312500000000e-01 9.643554687500000000e-01
7.031250000000000000e-02 2.983398437500000000e-01 7.045898437500000000e-01
2.587890625000000000e-02 3.662109375000000000e-01 9.741210937500000000e-01
6.445312500000000000e-02 2.646484375000000000e-01 9.355468750000000000e-01
3.564453125000000000e-02 3.979492187500000000e-01 9.643554687500000000e-01
4.443359375000000000e-02 4.487304687500000000e-01 9.555664062500000000e-01
3.564453125000000000e-02 4.760742187500000000e-01 9.643554687500000000e-01
5.664062500000000000e-02 4.189453125000000000e-01 9.433593750000000000e-01
5.029296875000000000e-02 3.530273437500000000e-01 7.158203125000000000e-01
4.296875000000000000e-02 2.885742187500000000e-01 7.329101562500000000e-01
4.541015625000000000e-02 4.648437500000000000e-01 9.545898437500000000e-01
4.687500000000000000e-02 2.783203125000000000e-01 9.531250000000000000e-01
5.273437500000000000e-02 2.446289062500000000e-01 7.055664062500000000e-01
4.785156250000000000e-02 3.564453125000000000e-01 7.270507812500000000e-01
3.515625000000000000e-02 4.790039062500000000e-01 9.648437500000000000e-01
3.564453125000000000e-02 3.002929687500000000e-01 9.643554687500000000e-01
2.978515625000000000e-02 4.497070312500000000e-01 9.702148437500000000e-01
3.076171875000000000e-02 4.619140625000000000e-01 9.692382812500000000e-01
4.882812500000000000e-02 3.095703125000000000e-01 6.831054687500000000e-01
4.541015625000000000e-02 3.588867187500000000e-01 7.529296875000000000e-01
4.443359375000000000e-02 3.637695312500000000e-01 9.555664062500000000e-01
4.687500000000000000e-02 3.701171875000000000e-01 7.705078125000000000e-01
6.201171875000000000e-02 3.750000000000000000e-01 9.379882812500000000e-01
