1.552734375000000000e-01 1.210937500000000000e-01 4.516601562500000000e-01
1.479492187500000000e-01 3.388671875000000000e-01 7.778320312500000000e-01
1.425781250000000000e-01 2.939453125000000000e-01 5.908203125000000000e-01
1.298828125000000000e-01 2.070312500000000000e-01 8.164062500000000000e-01
1.401367187500000000e-01 1.396484375000000000e-01 4.702148437500000000e-01
1.132812500000000000e-01 1.499023437500000000e-01 7.177734375000000000e-01
1.533203125000000000e-01 2.797851562500000000e-01 6.064453125000000000e-01
1.528320312500000000e-01 1.235351562500000000e-01 3.217773437500000000e-01
1.181640625000000000e-01 3.681640625000000000e-01 8.818359375000000000e-01
1.162109375000000000e-01 2.431640625000000000e-01 7.382812500000000000e-01
1.142578125000000000e-01 2.001953125000000000e-01 8.398437500000000000e-01
1.557617187500000000e-01 2.055664062500000000e-01 5.224609375000000000e-01
1.284179687500000000e-01 2.016601562500000000e-01 7.939453125000000000e-01
1.157226562500000000e-01 2.358398437500000000e-01 8.842773437500000000e-01
1.416015625000000000e-01 1.484375000000000000e-01 6.391601562500000000e-01
1.445312500000000000e-01 1.596679687500000000e-01 3.261718750000000000e-01
1.127929687500000000e-01 3.652343750000000000e-01 7.373046875000000000e-01
1.245117187500000000e-01 3.330078125000000000e-01 7.778320312500000000e-01
1.376953125000000000e-01 2.412109375000000000e-01 5.078125000000000000e-01
1.323242187500000000e-01 3.046875000000000000e-01 7.333984375000000000e-01
1.264648437500000000e-01 1.894531250000000000e-01 8.271484375000000000e-01
1.518554687500000000e-01 1.469726562500000000e-01 6.328125000000000000e-01
1.157226562500000000e-01 3.774414062500000000e-01 7.783203125000000000e-01
1.132812500000000000e-01 2.363281250000000000e-01 7.802734375000000000e-01
1.284179687500000000e-01 1.435546875000000000e-01 8.452148437500000000e-01
1.186523437500000000e-01 2.114257812500000000e-01 8.095703125000000000e-01
1.147460937500000000e-01 1.943359375000000000e-01 8.852539062500000000e-01
1.479492187500000000e-01 1.293945312500000000e-01 5.756835937500000000e-01
1.269531250000000000e-01 2.065429687500000000e-01 8.295898437500000000e-01
1.337890625000000000e-01 2.167968750000000000e-01 7.558593750000000000e-01
1.381835937500000000e-01 2.153320312500000000e-01 5.781250000000000000e-01
1.464843750000000000e-01 2.231445312500000000e-01 4.580078125000000000e-01
1.279296875000000000e-01 1.748046875000000000e-01 7.836914062500000000e-01
1.123046875000000000e-01 2.324218750000000000e-01 8.876953125000000000e-01
1.328125000000000000e-01 3.393554687500000000e-01 7.529296875000000000e-01
1.391601562500000000e-01 2.841796875000000000e-01 6.313476562500000000e-01
1.601562500000000000e-01 1.606445312500000000e-01 4.140625000000000000e-01
1.196289062500000000e-01 1.669921875000000000e-01 6.513671875000000000e-01
1.401367187500000000e-01 2.553710937500000000e-01 5.429687500000000000e-01
1.411132812500000000e-01 2.895507812500000000e-01 6.494140625000000000e-01
1.484375000000000000e-01 2.558593750000000000e-01 5.654296875000000000e-01
1.196289062500000000e-01 2.685546875000000000e-01 8.803710937500000000e-01
1.430664062500000000e-01 2.275390625000000000e-01 6.684570312500000000e-01
1.328125000000000000e-01 2.270507812500000000e-01 5.419921875000000000e-01
1.318359375000000000e-01 2.065429687500000000e-01 8.398437500000000000e-01
1.127929687500000000e-01 3.242187500000000000e-01 8.872070312500000000e-01
1.347656250000000000e-01 1.528320312500000000e-01 5.903320312500000000e-01
1.269531250000000000e-01 4.008789062500000000e-01 8.730468750000000000e-01
1.323242187500000000e-01 1.552734375000000000e-01 6.879882812500000000e-01
1.464843750000000000e-01 9.033203125000000000e-02 3.144531250000000000e-01
1.440429687500000000e-01 1.909179687500000000e-01 5.737304687500000000e-01
1.318359375000000000e-01 3.046875000000000000e-01 7.905273437500000000e-01
1.381835937500000000e-01 2.392578125000000000e-01 7.270507812500000000e-01
1.376953125000000000e-01 3.315429687500000000e-01 7.089843750000000000e-01
1.010742187500000000e-01 3.735351562500000000e-01 8.989257812500000000e-01
1.513671875000000000e-01 2.094726562500000000e-01 6.181640625000000000e-01
1.230468750000000000e-01 1.997070312500000000e-01 8.769531250000000000e-01
1.411132812500000000e-01 2.392578125000000000e-01 7.197265625000000000e-01
1.420898437500000000e-01 2.470703125000000000e-01 5.683593750000000000e-01
1.298828125000000000e-01 1.723632812500000000e-01 7.607421875000000000e-01
1.289062500000000000e-01 3.144531250000000000e-01 6.948242187500000000e-01
1.142578125000000000e-01 3.798828125000000000e-01 8.364257812500000000e-01
1.357421875000000000e-01 3.706054687500000000e-01 7.763671875000000000e-01
1.474609375000000000e-01 1.391601562500000000e-01 3.979492187500000000e-01
1.357421875000000000e-01 2.309570312500000000e-01 7.001953125000000000e-01
1.376953125000000000e-01 2.143554687500000000e-01 4.370117187500000000e-01
1.352539062500000000e-01 2.680664062500000000e-01 7.534179687500000000e-01
1.127929687500000000e-01 3.813476562500000000e-01 7.783203125000000000e-01
1.157226562500000000e-01 4.018554687500000000e-01 8.842773437500000000e-01
1.396484375000000000e-01 2.124023437500000000e-01 5.454101562500000000e-01
1.684570312500000000e-01 1.396484375000000000e-01 3.198242187500000000e-01
1.083984375000000000e-01 1.811523437500000000e-01 8.916015625000000000e-01
1.333007812500000000e-01 1.875000000000000000e-01 6.035156250000000000e-01
1.367187500000000000e-01 2.348632812500000000e-01 5.566406250000000000e-01
1.391601562500000000e-01 2.900390625000000000e-01 6.196289062500000000e-01
1.508789062500000000e-01 2.133789062500000000e-01 4.311523437500000000e-01
1.411132812500000000e-01 2.260742187500000000e-01 4.873046875000000000e-01
1.455078125000000000e-01 2.055664062500000000e-01 5.878906250000000000e-01
1.083984375000000000e-01 1.406250000000000000e-01 8.916015625000000000e-01
1.206054687500000000e-01 2.441406250000000000e-01 7.182617187500000000e-01
1.103515625000000000e-01 3.139648437500000000e-01 8.896484375000000000e-01
1.357421875000000000e-01 1.259765625000000000e-01 4.599609375000000000e-01
1.284179687500000000e-01 1.909179687500000000e-01 4.721679687500000000e-01
1.308593750000000000e-01 1.450195312500000000e-01 3.911132812500000000e-01
1.225585937500000000e-01 2.841796875000000000e-01 7.280273437500000000e-01
1.142578125000000000e-01 1.450195312500000000e-01 8.857421875000000000e-01
1.030273437500000000e-01 1.791992187500000000e-01 8.969726562500000000e-01
1.357421875000000000e-01 1.484375000000000000e-01 6.386718750000000000e-01
1.445312500000000000e-01 2.065429687500000000e-01 4.179687500000000000e-01
1.367187500000000000e-01 2.797851562500000000e-01 6.586914062500000000e-01
1.352539062500000000e-01 2.153320312500000000e-01 7.622070312500000000e-01
1.323242187500000000e-01 1.835937500000000000e-01 8.076171875000000000e-01
1.347656250000000000e-01 1.728515625000000000e-01 7.241210937500000000e-01
1.279296875000000000e-01 2.626953125000000000e-01 7.065429687500000000e-01
1.489257812500000000e-01 1.215820312500000000e-01 5.737304687500000000e-01
1.264648437500000000e-01 1.689453125000000000e-01 7.465820312500000000e-01
1.386718750000000000e-01 1.376953125000000000e-01 7.587890625000000000e-01
1.489257812500000000e-01 1.953125000000000000e-01 4.301757812500000000e-01
1.284179687500000000e-01 1.782226562500000000e-01 7.045898437500000000e-01
1.347656250000000000e-01 1.494140625000000000e-01 6.440429687500000000e-01
