8.837890625000000000e-02 3.061523437500000000e-01 6.713867187500000000e-01
6.835937500000000000e-02 2.719726562500000000e-01 5.644531250000000000e-01
9.179687500000000000e-02 2.065429687500000000e-01 5.439453125000000000e-01
7.812500000000000000e-02 2.236328125000000000e-01 5.322265625000000000e-01
7.958984375000000000e-02 2.636718750000000000e-01 7.133789062500000000e-01
7.226562500000000000e-02 4.438476562500000000e-01 9.277343750000000000e-01
7.177734375000000000e-02 1.972656250000000000e-01 9.282226562500000000e-01
5.615234375000000000e-02 3.715820312500000000e-01 9.438476562500000000e-01
7.080078125000000000e-02 1.962890625000000000e-01 9.291992187500000000e-01
7.080078125000000000e-02 2.978515625000000000e-01 9.291992187500000000e-01
6.201171875000000000e-02 2.231445312500000000e-01 7.651367187500000000e-01
8.691406250000000000e-02 2.089843750000000000e-01 5.258789062500000000e-01
6.542968750000000000e-02 3.442382812500000000e-01 9.345703125000000000e-01
7.812500000000000000e-02 3.012695312500000000e-01 7.319335937500000000e-01
9.765625000000000000e-02 2.236328125000000000e-01 6.352539062500000000e-01
8.251953125000000000e-02 3.125000000000000000e-01 7.270507812500000000e-01
7.080078125000000000e-02 2.197265625000000000e-01 9.291992187500000000e-01
9.179687500000000000e-02 2.460937500000000000e-01 7.246093750000000000e-01
9.423828125000000000e-02 2.324218750000000000e-01 6.796875000000000000e-01
6.884765625000000000e-02 2.397460937500000000e-01 9.311523437500000000e-01
5.029296875000000000e-02 2.514648437500000000e-01 9.497070312500000000e-01
6.787109375000000000e-02 2.207031250000000000e-01 6.518554687500000000e-01
4.980468750000000000e-02 3.374023437500000000e-01 9.501953125000000000e-01
7.568359375000000000e-02 3.398437500000000000e-01 6.948242187500000000e-01
8.300781250000000000e-02 2.124023437500000000e-01 5.683593750000000000e-01
6.982421875000000000e-02 3.007812500000000000e-01 9.301757812500000000e-01
6.835937500000000000e-02 2.304687500000000000e-01 6.313476562500000000e-01
7.910156250000000000e-02 2.050781250000000000e-01 9.208984375000000000e-01
7.275390625000000000e-02 1.855468750000000000e-01 6.005859375000000000e-01
9.082031250000000000e-02 2.236328125000000000e-01 4.731445312500000000e-01
7.763671875000000000e-02 2.143554687500000000e-01 4.824218750000000000e-01
7.324218750000000000e-02 2.880859375000000000e-01 6.450195312500000000e-01
8.544921875000000000e-02 2.553710937500000000e-01 7.880859375000000000e-01
7.421875000000000000e-02 3.891601562500000000e-01 9.257812500000000000e-01
6.835937500000000000e-02 2.978515625000000000e-01 9.316406250000000000e-01
8.349609375000000000e-02 1.386718750000000000e-01 6.123046875000000000e-01
9.863281250000000000e-02 1.694335937500000000e-01 5.371093750000000000e-01
6.298828125000000000e-02 1.738281250000000000e-01 9.370117187500000000e-01
7.373046875000000000e-02 3.281250000000000000e-01 9.262695312500000000e-01
6.640625000000000000e-02 3.173828125000000000e-01 9.335937500000000000e-01
6.787109375000000000e-02 1.845703125000000000e-01 7.636718750000000000e-01
8.447265625000000000e-02 2.446289062500000000e-01 6.054687500000000000e-01
6.396484375000000000e-02 2.695312500000000000e-01 9.360351562500000000e-01
7.080078125000000000e-02 4.086914062500000000e-01 9.291992187500000000e-01
6.982421875000000000e-02 2.045898437500000000e-01 9.301757812500000000e-01
8.203125000000000000e-02 2.045898437500000000e-01 7.377929687500000000e-01
9.130859375000000000e-02 1.635742187500000000e-01 3.354492187500000000e-01
5.712890625000000000e-02 4.501953125000000000e-01 9.428710937500000000e-01
7.470703125000000000e-02 4.340820312500000000e-01 9.252929687500000000e-01
9.619140625000000000e-02 2.851562500000000000e-01 5.781250000000000000e-01
7.617187500000000000e-02 2.807617187500000000e-01 9.238281250000000000e-01
7.910156250000000000e-02 1.655273437500000000e-01 8.051757812500000000e-01
6.835937500000000000e-02 3.422851562500000000e-01 9.316406250000000000e-01
9.912109375000000000e-02 2.099609375000000000e-01 6.455078125000000000e-01
7.031250000000000000e-02 2.373046875000000000e-01 9.296875000000000000e-01
6.054687500000000000e-02 3.901367187500000000e-01 9.394531250000000000e-01
7.373046875000000000e-02 3.750000000000000000e-01 9.262695312500000000e-01
6.201171875000000000e-02 2.661132812500000000e-01 7.089843750000000000e-01
7.421875000000000000e-02 1.567382812500000000e-01 8.251953125000000000e-01
4.589843750000000000e-02 3.842773437500000000e-01 9.541015625000000000e-01
6.640625000000000000e-02 3.105468750000000000e-01 9.335937500000000000e-01
6.884765625000000000e-02 3.886718750000000000e-01 9.311523437500000000e-01
7.714843750000000000e-02 1.674804687500000000e-01 7.714843750000000000e-01
6.054687500000000000e-02 4.086914062500000000e-01 9.394531250000000000e-01
8.154296875000000000e-02 1.806640625000000000e-01 9.184570312500000000e-01
5.908203125000000000e-02 2.915039062500000000e-01 9.409179687500000000e-01
8.251953125000000000e-02 3.422851562500000000e-01 7.587890625000000000e-01
9.716796875000000000e-02 3.232421875000000000e-01 8.422851562500000000e-01
4.003906250000000000e-02 4.311523437500000000e-01 9.599609375000000000e-01
8.398437500000000000e-02 2.636718750000000000e-01 9.160156250000000000e-01
7.666015625000000000e-02 4.091796875000000000e-01 9.233398437500000000e-01
6.542968750000000000e-02 3.583984375000000000e-01 9.345703125000000000e-01
5.859375000000000000e-02 3.281250000000000000e-01 9.414062500000000000e-01
5.908203125000000000e-02 3.500976562500000000e-01 9.409179687500000000e-01
8.203125000000000000e-02 4.072265625000000000e-01 8.481445312500000000e-01
8.300781250000000000e-02 2.768554687500000000e-01 5.659179687500000000e-01
7.519531250000000000e-02 1.528320312500000000e-01 6.591796875000000000e-01
9.033203125000000000e-02 3.046875000000000000e-01 7.202148437500000000e-01
7.958984375000000000e-02 2.885742187500000000e-01 6.918945312500000000e-01
7.861328125000000000e-02 2.729492187500000000e-01 6.840820312500000000e-01
7.763671875000000000e-02 3.583984375000000000e-01 9.223632812500000000e-01
9.326171875000000000e-02 1.367187500000000000e-01 7.080078125000000000e-01
7.080078125000000000e-02 3.056640625000000000e-01 9.291992187500000000e-01
9.033203125000000000e-02 3.432617187500000000e-01 7.690429687500000000e-01
7.714843750000000000e-02 1.889648437500000000e-01 9.228515625000000000e-01
5.468750000000000000e-02 4.208984375000000000e-01 9.453125000000000000e-01
8.203125000000000000e-02 2.734375000000000000e-01 7.231445312500000000e-01
6.933593750000000000e-02 2.973632812500000000e-01 7.470703125000000000e-01
8.789062500000000000e-02 1.445312500000000000e-01 6.640625000000000000e-01
7.617187500000000000e-02 1.845703125000000000e-01 6.464843750000000000e-01
6.835937500000000000e-02 1.596679687500000000e-01 8.144531250000000000e-01
5.957031250000000000e-02 1.850585937500000000e-01 9.404296875000000000e-01
1.049804687500000000e-01 2.412109375000000000e-01 5.043945312500000000e-01
6.201171875000000000e-02 3.505859375000000000e-01 9.379882812500000000e-01
9.326171875000000000e-02 1.933593750000000000e-01 4.790039062500000000e-01
1.069335937500000000e-01 1.362304687500000000e-01 5.898437500000000000e-01
5.517578125000000000e-02 3.691406250000000000e-01 9.448242187500000000e-01
9.228515625000000000e-02 1.860351562500000000e-01 5.654296875000000000e-01
8.447265625000000000e-02 3.491210937500000000e-01 7.255859375000000000e-01
9.619140625000000000e-02 3.222656250000000000e-01 6.577148437500000000e-01
