8.691406250000000000e-02 2.958984375000000000e-01 6.513671875000000000e-01
8.398437500000000000e-02 1.899414062500000000e-01 4.711914062500000000e-01
9.130859375000000000e-02 2.827148437500000000e-01 7.456054687500000000e-01
6.787109375000000000e-02 2.275390625000000000e-01 9.321289062500000000e-01
7.080078125000000000e-02 2.709960937500000000e-01 7.187500000000000000e-01
1.015625000000000000e-01 1.689453125000000000e-01 3.959960937500000000e-01
7.763671875000000000e-02 2.983398437500000000e-01 9.223632812500000000e-01
7.617187500000000000e-02 4.077148437500000000e-01 8.149414062500000000e-01
7.080078125000000000e-02 1.914062500000000000e-01 7.558593750000000000e-01
6.982421875000000000e-02 3.012695312500000000e-01 9.301757812500000000e-01
7.080078125000000000e-02 2.963867187500000000e-01 8.349609375000000000e-01
8.398437500000000000e-02 2.290039062500000000e-01 9.160156250000000000e-01
5.371093750000000000e-02 4.467773437500000000e-01 9.462890625000000000e-01
7.617187500000000000e-02 3.999023437500000000e-01 9.238281250000000000e-01
8.251953125000000000e-02 2.602539062500000000e-01 8.178710937500000000e-01
8.593750000000000000e-02 3.647460937500000000e-01 7.421875000000000000e-01
8.105468750000000000e-02 2.280273437500000000e-01 7.553710937500000000e-01
9.179687500000000000e-02 3.525390625000000000e-01 7.822265625000000000e-01
8.544921875000000000e-02 3.115234375000000000e-01 9.145507812500000000e-01
6.787109375000000000e-02 3.134765625000000000e-01 9.321289062500000000e-01
8.154296875000000000e-02 4.252929687500000000e-01 9.184570312500000000e-01
6.787109375000000000e-02 2.880859375000000000e-01 7.124023437500000000e-01
5.908203125000000000e-02 3.627929687500000000e-01 9.409179687500000000e-01
6.738281250000000000e-02 4.497070312500000000e-01 9.326171875000000000e-01
9.863281250000000000e-02 2.329101562500000000e-01 7.416992187500000000e-01
1.069335937500000000e-01 1.523437500000000000e-01 6.875000000000000000e-01
8.056640625000000000e-02 1.733398437500000000e-01 7.246093750000000000e-01
1.005859375000000000e-01 2.568359375000000000e-01 5.258789062500000000e-01
7.666015625000000000e-02 1.875000000000000000e-01 6.000976562500000000e-01
1.059570312500000000e-01 1.933593750000000000e-01 6.044921875000000000e-01
5.419921875000000000e-02 2.753906250000000000e-01 9.458007812500000000e-01
8.300781250000000000e-02 1.435546875000000000e-01 7.866210937500000000e-01
9.619140625000000000e-02 3.520507812500000000e-01 7.749023437500000000e-01
9.179687500000000000e-02 1.665039062500000000e-01 3.613281250000000000e-01
7.080078125000000000e-02 2.968750000000000000e-01 7.500000000000000000e-01
7.373046875000000000e-02 2.783203125000000000e-01 9.262695312500000000e-01
9.130859375000000000e-02 1.435546875000000000e-01 7.949218750000000000e-01
8.593750000000000000e-02 1.992187500000000000e-01 7.612304687500000000e-01
6.933593750000000000e-02 3.911132812500000000e-01 9.301757812500000000e-01
7.861328125000000000e-02 2.670898437500000000e-01 9.213867187500000000e-01
7.910156250000000000e-02 2.304687500000000000e-01 7.832031250000000000e-01
8.496093750000000000e-02 2.666015625000000000e-01 5.595703125000000000e-01
9.033203125000000000e-02 2.939453125000000000e-01 6.455078125000000000e-01
8.203125000000000000e-02 3.793945312500000000e-01 9.179687500000000000e-01
8.349609375000000000e-02 3.559570312500000000e-01 7.646484375000000000e-01
9.960937500000000000e-02 1.416015625000000000e-01 6.528320312500000000e-01
8.105468750000000000e-02 1.972656250000000000e-01 7.695312500000000000e-01
6.982421875000000000e-02 3.818359375000000000e-01 9.301757812500000000e-01
1.049804687500000000e-01 2.597656250000000000e-01 6.064453125000000000e-01
8.300781250000000000e-02 2.817382812500000000e-01 8.232421875000000000e-01
7.763671875000000000e-02 3.813476562500000000e-01 7.729492187500000000e-01
9.375000000000000000e-02 1.782226562500000000e-01 5.581054687500000000e-01
7.910156250000000000e-02 3.422851562500000000e-01 8.007812500000000000e-01
8.300781250000000000e-02 2.919921875000000000e-01 8.544921875000000000e-01
7.324218750000000000e-02 3.540039062500000000e-01 9.267578125000000000e-01
7.031250000000000000e-02 3.852539062500000000e-01 9.296875000000000000e-01
6.835937500000000000e-02 2.983398437500000000e-01 7.041015625000000000e-01
7.470703125000000000e-02 2.744140625000000000e-01 9.252929687500000000e-01
6.738281250000000000e-02 1.147460937500000000e-01 9.326171875000000000e-01
1.098632812500000000e-01 1.484375000000000000e-01 4.096679687500000000e-01
7.177734375000000000e-02 3.232421875000000000e-01 9.282226562500000000e-01
7.080078125000000000e-02 2.241210937500000000e-01 7.519531250000000000e-01
9.863281250000000000e-02 2.514648437500000000e-01 5.581054687500000000e-01
9.130859375000000000e-02 2.001953125000000000e-01 4.350585937500000000e-01
8.203125000000000000e-02 3.730468750000000000e-01 8.505859375000000000e-01
6.640625000000000000e-02 2.709960937500000000e-01 8.422851562500000000e-01
7.958984375000000000e-02 2.636718750000000000e-01 7.617187500000000000e-01
7.568359375000000000e-02 2.802734375000000000e-01 9.243164062500000000e-01
6.298828125000000000e-02 2.651367187500000000e-01 9.370117187500000000e-01
8.740234375000000000e-02 1.538085937500000000e-01 7.221679687500000000e-01
5.957031250000000000e-02 4.301757812500000000e-01 9.404296875000000000e-01
8.007812500000000000e-02 2.797851562500000000e-01 8.247070312500000000e-01
6.152343750000000000e-02 3.510742187500000000e-01 9.384765625000000000e-01
9.326171875000000000e-02 2.446289062500000000e-01 4.912109375000000000e-01
9.082031250000000000e-02 2.607421875000000000e-01 5.981445312500000000e-01
7.714843750000000000e-02 2.451171875000000000e-01 6.191406250000000000e-01
1.127929687500000000e-01 1.308593750000000000e-01 2.817382812500000000e-01
8.642578125000000000e-02 3.139648437500000000e-01 9.135742187500000000e-01
8.886718750000000000e-02 2.871093750000000000e-01 6.977539062500000000e-01
8.691406250000000000e-02 4.296875000000000000e-01 9.130859375000000000e-01
8.203125000000000000e-02 2.148437500000000000e-01 9.179687500000000000e-01
8.837890625000000000e-02 1.391601562500000000e-01 6.958007812500000000e-01
6.640625000000000000e-02 2.280273437500000000e-01 9.335937500000000000e-01
9.082031250000000000e-02 2.954101562500000000e-01 7.109375000000000000e-01
8.007812500000000000e-02 4.184570312500000000e-01 9.199218750000000000e-01
7.714843750000000000e-02 3.022460937500000000e-01 6.250000000000000000e-01
7.031250000000000000e-02 3.315429687500000000e-01 9.296875000000000000e-01
9.423828125000000000e-02 2.421875000000000000e-01 5.869140625000000000e-01
8.203125000000000000e-02 2.294921875000000000e-01 9.179687500000000000e-01
8.251953125000000000e-02 3.916015625000000000e-01 9.174804687500000000e-01
9.619140625000000000e-02 2.031250000000000000e-01 7.109375000000000000e-01
1.059570312500000000e-01 1.948242187500000000e-01 5.122070312500000000e-01
7.568359375000000000e-02 2.187500000000000000e-01 9.243164062500000000e-01
6.542968750000000000e-02 4.375000000000000000e-01 9.345703125000000000e-01
7.958984375000000000e-02 3.061523437500000000e-01 7.939453125000000000e-01
8.251953125000000000e-02 2.680664062500000000e-01 7.675781250000000000e-01
5.615234375000000000e-02 3.618164062500000000e-01 9.438476562500000000e-01
8.642578125000000000e-02 1.523437500000000000e-01 7.114257812500000000e-01
8.447265625000000000e-02 3.496093750000000000e-01 7.260742187500000000e-01
9.912109375000000000e-02 3.193359375000000000e-01 6.430664062500000000e-01
