4.858398437500000000e-01 7.373046875000000000e-02 4.428710937500000000e-01
5.273437500000000000e-01 7.128906250000000000e-02 3.491210937500000000e-01
5.522460937500000000e-01 8.251953125000000000e-02 1.943359375000000000e-01
4.516601562500000000e-01 1.567382812500000000e-01 5.107421875000000000e-01
4.614257812500000000e-01 4.980468750000000000e-02 5.019531250000000000e-01
5.219726562500000000e-01 5.761718750000000000e-02 2.973632812500000000e-01
4.482421875000000000e-01 1.455078125000000000e-01 5.102539062500000000e-01
4.702148437500000000e-01 1.171875000000000000e-01 4.780273437500000000e-01
5.014648437500000000e-01 1.997070312500000000e-01 4.165039062500000000e-01
4.804687500000000000e-01 1.923828125000000000e-01 4.726562500000000000e-01
4.682617187500000000e-01 7.324218750000000000e-02 5.039062500000000000e-01
4.565429687500000000e-01 2.387695312500000000e-01 5.166015625000000000e-01
5.034179687500000000e-01 5.126953125000000000e-02 3.681640625000000000e-01
5.522460937500000000e-01 1.064453125000000000e-01 2.280273437500000000e-01
5.361328125000000000e-01 1.435546875000000000e-01 3.276367187500000000e-01
4.687500000000000000e-01 3.613281250000000000e-02 4.316406250000000000e-01
4.902343750000000000e-01 1.083984375000000000e-01 3.701171875000000000e-01
4.531250000000000000e-01 2.182617187500000000e-01 4.970703125000000000e-01
5.102539062500000000e-01 6.396484375000000000e-02 2.885742187500000000e-01
4.702148437500000000e-01 1.923828125000000000e-01 4.487304687500000000e-01
5.131835937500000000e-01 7.568359375000000000e-02 3.286132812500000000e-01
4.624023437500000000e-01 1.850585937500000000e-01 4.853515625000000000e-01
4.599609375000000000e-01 9.179687500000000000e-02 4.887695312500000000e-01
4.667968750000000000e-01 1.069335937500000000e-01 3.759765625000000000e-01
4.916992187500000000e-01 1.098632812500000000e-01 4.228515625000000000e-01
4.384765625000000000e-01 1.235351562500000000e-01 5.346679687500000000e-01
5.151367187500000000e-01 9.326171875000000000e-02 3.486328125000000000e-01
5.161132812500000000e-01 7.861328125000000000e-02 3.457031250000000000e-01
4.663085937500000000e-01 1.992187500000000000e-01 4.316406250000000000e-01
4.931640625000000000e-01 1.210937500000000000e-01 4.228515625000000000e-01
4.633789062500000000e-01 1.997070312500000000e-01 4.355468750000000000e-01
4.946289062500000000e-01 1.757812500000000000e-01 4.560546875000000000e-01
5.385742187500000000e-01 1.064453125000000000e-01 2.143554687500000000e-01
4.667968750000000000e-01 1.054687500000000000e-01 4.814453125000000000e-01
4.477539062500000000e-01 2.163085937500000000e-01 5.278320312500000000e-01
4.697265625000000000e-01 1.206054687500000000e-01 4.833984375000000000e-01
4.658203125000000000e-01 1.118164062500000000e-01 4.433593750000000000e-01
5.493164062500000000e-01 8.349609375000000000e-02 2.216796875000000000e-01
5.161132812500000000e-01 7.617187500000000000e-02 3.574218750000000000e-01
4.780273437500000000e-01 1.601562500000000000e-01 4.887695312500000000e-01
4.931640625000000000e-01 1.640625000000000000e-01 3.725585937500000000e-01
4.843750000000000000e-01 1.240234375000000000e-01 3.891601562500000000e-01
5.234375000000000000e-01 1.372070312500000000e-01 4.077148437500000000e-01
5.605468750000000000e-01 6.103515625000000000e-02 1.977539062500000000e-01
5.078125000000000000e-01 1.269531250000000000e-01 3.730468750000000000e-01
5.058593750000000000e-01 8.886718750000000000e-02 2.226562500000000000e-01
4.853515625000000000e-01 1.489257812500000000e-01 3.437500000000000000e-01
4.873046875000000000e-01 7.275390625000000000e-02 3.881835937500000000e-01
5.292968750000000000e-01 1.000976562500000000e-01 2.832031250000000000e-01
5.200195312500000000e-01 8.154296875000000000e-02 2.602539062500000000e-01
5.263671875000000000e-01 6.787109375000000000e-02 3.271484375000000000e-01
4.770507812500000000e-01 1.289062500000000000e-01 4.687500000000000000e-01
5.434570312500000000e-01 9.228515625000000000e-02 3.173828125000000000e-01
4.570312500000000000e-01 1.025390625000000000e-01 4.746093750000000000e-01
4.960937500000000000e-01 2.172851562500000000e-01 4.389648437500000000e-01
5.878906250000000000e-01 7.763671875000000000e-02 1.601562500000000000e-01
5.122070312500000000e-01 7.861328125000000000e-02 3.764648437500000000e-01
5.014648437500000000e-01 1.035156250000000000e-01 4.057617187500000000e-01
4.819335937500000000e-01 9.423828125000000000e-02 3.828125000000000000e-01
5.073242187500000000e-01 1.254882812500000000e-01 3.979492187500000000e-01
5.454101562500000000e-01 6.201171875000000000e-02 2.197265625000000000e-01
4.946289062500000000e-01 1.293945312500000000e-01 3.193359375000000000e-01
5.532226562500000000e-01 6.152343750000000000e-02 1.430664062500000000e-01
5.180664062500000000e-01 1.474609375000000000e-01 3.569335937500000000e-01
4.941406250000000000e-01 1.269531250000000000e-01 3.603515625000000000e-01
5.078125000000000000e-01 9.667968750000000000e-02 3.027343750000000000e-01
4.541015625000000000e-01 9.375000000000000000e-02 4.672851562500000000e-01
5.000000000000000000e-01 6.689453125000000000e-02 2.724609375000000000e-01
4.487304687500000000e-01 1.083984375000000000e-01 5.244140625000000000e-01
5.400390625000000000e-01 8.154296875000000000e-02 3.271484375000000000e-01
4.907226562500000000e-01 1.752929687500000000e-01 4.340820312500000000e-01
4.677734375000000000e-01 1.206054687500000000e-01 4.409179687500000000e-01
5.434570312500000000e-01 8.886718750000000000e-02 3.002929687500000000e-01
5.712890625000000000e-01 7.666015625000000000e-02 1.567382812500000000e-01
5.356445312500000000e-01 5.419921875000000000e-02 2.880859375000000000e-01
4.970703125000000000e-01 1.552734375000000000e-01 3.515625000000000000e-01
5.092773437500000000e-01 1.533203125000000000e-01 3.188476562500000000e-01
5.722656250000000000e-01 7.128906250000000000e-02 1.757812500000000000e-01
4.843750000000000000e-01 1.059570312500000000e-01 3.872070312500000000e-01
4.580078125000000000e-01 8.496093750000000000e-02 4.223632812500000000e-01
4.990234375000000000e-01 1.411132812500000000e-01 4.179687500000000000e-01
4.877929687500000000e-01 8.056640625000000000e-02 3.857421875000000000e-01
5.058593750000000000e-01 7.910156250000000000e-02 3.056640625000000000e-01
4.570312500000000000e-01 8.349609375000000000e-02 4.995117187500000000e-01
4.404296875000000000e-01 1.201171875000000000e-01 5.239257812500000000e-01
5.468750000000000000e-01 5.615234375000000000e-02 3.012695312500000000e-01
5.712890625000000000e-01 1.079101562500000000e-01 2.480468750000000000e-01
5.190429687500000000e-01 1.284179687500000000e-01 2.822265625000000000e-01
4.619140625000000000e-01 1.162109375000000000e-01 4.858398437500000000e-01
4.672851562500000000e-01 2.070312500000000000e-01 4.604492187500000000e-01
4.960937500000000000e-01 1.245117187500000000e-01 3.203125000000000000e-01
5.478515625000000000e-01 5.322265625000000000e-02 2.294921875000000000e-01
5.615234375000000000e-01 8.398437500000000000e-02 2.119140625000000000e-01
5.073242187500000000e-01 2.016601562500000000e-01 4.155273437500000000e-01
4.550781250000000000e-01 1.176757812500000000e-01 5.117187500000000000e-01
5.014648437500000000e-01 1.396484375000000000e-01 2.827148437500000000e-01
4.731445312500000000e-01 2.011718750000000000e-01 4.765625000000000000e-01
5.195312500000000000e-01 1.523437500000000000e-01 3.217773437500000000e-01
4.462890625000000000e-01 2.006835937500000000e-01 4.995117187500000000e-01
5.244140625000000000e-01 1.694335937500000000e-01 3.393554687500000000e-01
