1.884765625000000000e-01 2.080078125000000000e-01 7.636718750000000000e-01
2.070312500000000000e-01 2.089843750000000000e-01 4.995117187500000000e-01
1.997070312500000000e-01 1.425781250000000000e-01 4.589843750000000000e-01
1.923828125000000000e-01 9.277343750000000000e-02 7.202148437500000000e-01
1.835937500000000000e-01 2.880859375000000000e-01 7.124023437500000000e-01
2.143554687500000000e-01 1.123046875000000000e-01 3.940429687500000000e-01
2.045898437500000000e-01 2.348632812500000000e-01 5.380859375000000000e-01
1.958007812500000000e-01 3.486328125000000000e-01 7.387695312500000000e-01
2.036132812500000000e-01 2.021484375000000000e-01 5.229492187500000000e-01
1.777343750000000000e-01 2.207031250000000000e-01 7.255859375000000000e-01
1.586914062500000000e-01 3.281250000000000000e-01 8.413085937500000000e-01
2.045898437500000000e-01 1.738281250000000000e-01 7.607421875000000000e-01
2.119140625000000000e-01 1.640625000000000000e-01 3.852539062500000000e-01
2.167968750000000000e-01 1.782226562500000000e-01 3.608398437500000000e-01
2.094726562500000000e-01 1.220703125000000000e-01 4.296875000000000000e-01
1.962890625000000000e-01 1.083984375000000000e-01 4.921875000000000000e-01
2.045898437500000000e-01 2.065429687500000000e-01 6.015625000000000000e-01
2.163085937500000000e-01 1.674804687500000000e-01 5.883789062500000000e-01
1.728515625000000000e-01 3.671875000000000000e-01 8.002929687500000000e-01
2.128906250000000000e-01 1.938476562500000000e-01 4.423828125000000000e-01
1.982421875000000000e-01 1.772460937500000000e-01 4.501953125000000000e-01
1.958007812500000000e-01 2.114257812500000000e-01 6.000976562500000000e-01
1.923828125000000000e-01 1.572265625000000000e-01 6.826171875000000000e-01
1.845703125000000000e-01 2.397460937500000000e-01 7.041015625000000000e-01
1.796875000000000000e-01 2.578125000000000000e-01 8.203125000000000000e-01
2.128906250000000000e-01 1.416015625000000000e-01 4.394531250000000000e-01
1.865234375000000000e-01 3.183593750000000000e-01 7.377929687500000000e-01
1.904296875000000000e-01 1.289062500000000000e-01 5.151367187500000000e-01
2.119140625000000000e-01 2.114257812500000000e-01 4.492187500000000000e-01
1.972656250000000000e-01 1.816406250000000000e-01 3.857421875000000000e-01
2.294921875000000000e-01 1.230468750000000000e-01 3.076171875000000000e-01
1.870117187500000000e-01 1.855468750000000000e-01 6.425781250000000000e-01
1.738281250000000000e-01 1.684570312500000000e-01 8.261718750000000000e-01
1.835937500000000000e-01 1.728515625000000000e-01 6.772460937500000000e-01
1.982421875000000000e-01 1.376953125000000000e-01 7.343750000000000000e-01
1.865234375000000000e-01 1.811523437500000000e-01 7.026367187500000000e-01
1.757812500000000000e-01 1.655273437500000000e-01 7.695312500000000000e-01
1.860351562500000000e-01 1.733398437500000000e-01 7.177734375000000000e-01
2.163085937500000000e-01 2.363281250000000000e-01 5.385742187500000000e-01
1.811523437500000000e-01 1.791992187500000000e-01 7.827148437500000000e-01
1.879882812500000000e-01 1.391601562500000000e-01 7.055664062500000000e-01
1.928710937500000000e-01 2.377929687500000000e-01 6.767578125000000000e-01
1.933593750000000000e-01 1.254882812500000000e-01 4.829101562500000000e-01
2.275390625000000000e-01 1.196289062500000000e-01 2.773437500000000000e-01
2.304687500000000000e-01 1.435546875000000000e-01 2.973632812500000000e-01
2.060546875000000000e-01 1.499023437500000000e-01 6.367187500000000000e-01
1.831054687500000000e-01 1.557617187500000000e-01 6.240234375000000000e-01
2.065429687500000000e-01 1.303710937500000000e-01 6.157226562500000000e-01
2.060546875000000000e-01 1.499023437500000000e-01 5.966796875000000000e-01
1.962890625000000000e-01 2.470703125000000000e-01 4.599609375000000000e-01
1.806640625000000000e-01 1.284179687500000000e-01 6.782226562500000000e-01
1.811523437500000000e-01 2.573242187500000000e-01 7.583007812500000000e-01
2.089843750000000000e-01 2.416992187500000000e-01 5.351562500000000000e-01
1.889648437500000000e-01 3.041992187500000000e-01 6.933593750000000000e-01
1.713867187500000000e-01 2.001953125000000000e-01 8.149414062500000000e-01
2.177734375000000000e-01 1.806640625000000000e-01 4.130859375000000000e-01
1.918945312500000000e-01 2.236328125000000000e-01 5.468750000000000000e-01
1.860351562500000000e-01 2.758789062500000000e-01 6.010742187500000000e-01
2.011718750000000000e-01 2.197265625000000000e-01 5.693359375000000000e-01
1.787109375000000000e-01 3.295898437500000000e-01 6.816406250000000000e-01
2.114257812500000000e-01 1.796875000000000000e-01 4.624023437500000000e-01
1.928710937500000000e-01 1.855468750000000000e-01 5.712890625000000000e-01
2.324218750000000000e-01 1.606445312500000000e-01 3.266601562500000000e-01
1.909179687500000000e-01 2.475585937500000000e-01 7.968750000000000000e-01
2.045898437500000000e-01 1.450195312500000000e-01 5.512695312500000000e-01
2.138671875000000000e-01 1.118164062500000000e-01 3.173828125000000000e-01
1.787109375000000000e-01 1.904296875000000000e-01 7.895507812500000000e-01
1.723632812500000000e-01 4.082031250000000000e-01 8.173828125000000000e-01
1.748046875000000000e-01 1.123046875000000000e-01 7.958984375000000000e-01
1.850585937500000000e-01 1.474609375000000000e-01 6.225585937500000000e-01
2.124023437500000000e-01 2.221679687500000000e-01 4.687500000000000000e-01
1.870117187500000000e-01 2.148437500000000000e-01 7.880859375000000000e-01
2.084960937500000000e-01 2.861328125000000000e-01 5.747070312500000000e-01
2.148437500000000000e-01 1.313476562500000000e-01 3.364257812500000000e-01
1.938476562500000000e-01 1.855468750000000000e-01 6.562500000000000000e-01
1.943359375000000000e-01 1.694335937500000000e-01 4.360351562500000000e-01
2.041015625000000000e-01 1.489257812500000000e-01 6.728515625000000000e-01
2.026367187500000000e-01 1.582031250000000000e-01 3.779296875000000000e-01
1.992187500000000000e-01 1.801757812500000000e-01 4.838867187500000000e-01
1.909179687500000000e-01 2.866210937500000000e-01 5.908203125000000000e-01
1.943359375000000000e-01 2.309570312500000000e-01 5.620117187500000000e-01
1.972656250000000000e-01 2.714843750000000000e-01 6.108398437500000000e-01
1.752929687500000000e-01 3.422851562500000000e-01 7.685546875000000000e-01
1.962890625000000000e-01 2.241210937500000000e-01 5.229492187500000000e-01
1.894531250000000000e-01 3.676757812500000000e-01 7.690429687500000000e-01
1.987304687500000000e-01 2.294921875000000000e-01 5.507812500000000000e-01
1.845703125000000000e-01 2.646484375000000000e-01 7.592773437500000000e-01
1.992187500000000000e-01 2.382812500000000000e-01 5.800781250000000000e-01
1.977539062500000000e-01 1.333007812500000000e-01 7.832031250000000000e-01
1.953125000000000000e-01 1.279296875000000000e-01 4.399414062500000000e-01
2.114257812500000000e-01 1.860351562500000000e-01 4.775390625000000000e-01
2.026367187500000000e-01 1.850585937500000000e-01 5.493164062500000000e-01
1.928710937500000000e-01 1.191406250000000000e-01 6.074218750000000000e-01
2.153320312500000000e-01 1.396484375000000000e-01 4.604492187500000000e-01
2.089843750000000000e-01 1.074218750000000000e-01 4.770507812500000000e-01
1.953125000000000000e-01 2.387695312500000000e-01 6.889648437500000000e-01
2.324218750000000000e-01 1.611328125000000000e-01 3.232421875000000000e-01
2.211914062500000000e-01 1.240234375000000000e-01 3.554687500000000000e-01
1.694335937500000000e-01 2.451171875000000000e-01 7.861328125000000000e-01
1.918945312500000000e-01 1.230468750000000000e-01 4.677734375000000000e-01
