7.763671875000000000e-02 2.949218750000000000e-01 9.223632812500000000e-01
7.226562500000000000e-02 2.109375000000000000e-01 5.434570312500000000e-01
6.835937500000000000e-02 3.115234375000000000e-01 7.626953125000000000e-01
6.201171875000000000e-02 2.309570312500000000e-01 8.281250000000000000e-01
5.566406250000000000e-02 3.657226562500000000e-01 9.443359375000000000e-01
6.103515625000000000e-02 3.974609375000000000e-01 9.389648437500000000e-01
8.203125000000000000e-02 2.441406250000000000e-01 6.494140625000000000e-01
8.105468750000000000e-02 2.509765625000000000e-01 9.189453125000000000e-01
4.638671875000000000e-02 3.457031250000000000e-01 9.536132812500000000e-01
6.689453125000000000e-02 2.558593750000000000e-01 8.110351562500000000e-01
5.908203125000000000e-02 2.216796875000000000e-01 5.522460937500000000e-01
7.958984375000000000e-02 2.592773437500000000e-01 5.986328125000000000e-01
9.130859375000000000e-02 2.768554687500000000e-01 7.739257812500000000e-01
7.177734375000000000e-02 3.872070312500000000e-01 8.305664062500000000e-01
7.714843750000000000e-02 3.769531250000000000e-01 9.228515625000000000e-01
8.740234375000000000e-02 2.314453125000000000e-01 5.532226562500000000e-01
5.273437500000000000e-02 3.662109375000000000e-01 9.472656250000000000e-01
9.472656250000000000e-02 2.187500000000000000e-01 7.119140625000000000e-01
8.984375000000000000e-02 2.543945312500000000e-01 7.514648437500000000e-01
7.666015625000000000e-02 2.197265625000000000e-01 7.416992187500000000e-01
6.201171875000000000e-02 2.382812500000000000e-01 9.379882812500000000e-01
6.640625000000000000e-02 2.207031250000000000e-01 6.523437500000000000e-01
3.906250000000000000e-02 3.398437500000000000e-01 9.609375000000000000e-01
6.835937500000000000e-02 2.324218750000000000e-01 7.055664062500000000e-01
7.519531250000000000e-02 3.613281250000000000e-01 9.248046875000000000e-01
6.201171875000000000e-02 2.944335937500000000e-01 9.379882812500000000e-01
6.445312500000000000e-02 3.505859375000000000e-01 8.168945312500000000e-01
9.912109375000000000e-02 4.223632812500000000e-01 9.008789062500000000e-01
4.833984375000000000e-02 1.669921875000000000e-01 9.516601562500000000e-01
8.154296875000000000e-02 2.236328125000000000e-01 9.184570312500000000e-01
5.908203125000000000e-02 3.452148437500000000e-01 9.409179687500000000e-01
5.957031250000000000e-02 3.637695312500000000e-01 9.404296875000000000e-01
9.082031250000000000e-02 1.831054687500000000e-01 6.962890625000000000e-01
6.787109375000000000e-02 2.944335937500000000e-01 7.700195312500000000e-01
7.519531250000000000e-02 2.856445312500000000e-01 6.279296875000000000e-01
7.373046875000000000e-02 2.661132812500000000e-01 8.232421875000000000e-01
8.642578125000000000e-02 2.890625000000000000e-01 6.044921875000000000e-01
6.982421875000000000e-02 3.388671875000000000e-01 7.163085937500000000e-01
6.884765625000000000e-02 4.233398437500000000e-01 9.311523437500000000e-01
6.298828125000000000e-02 4.418945312500000000e-01 9.370117187500000000e-01
5.322265625000000000e-02 4.619140625000000000e-01 9.467773437500000000e-01
6.103515625000000000e-02 2.968750000000000000e-01 9.389648437500000000e-01
4.345703125000000000e-02 4.453125000000000000e-01 9.565429687500000000e-01
6.152343750000000000e-02 4.008789062500000000e-01 9.384765625000000000e-01
6.396484375000000000e-02 4.472656250000000000e-01 9.360351562500000000e-01
7.568359375000000000e-02 4.189453125000000000e-01 9.243164062500000000e-01
6.884765625000000000e-02 2.109375000000000000e-01 6.347656250000000000e-01
6.347656250000000000e-02 2.592773437500000000e-01 7.226562500000000000e-01
5.859375000000000000e-02 4.365234375000000000e-01 9.414062500000000000e-01
1.005859375000000000e-01 1.875000000000000000e-01 3.906250000000000000e-01
6.982421875000000000e-02 2.827148437500000000e-01 9.301757812500000000e-01
6.591796875000000000e-02 3.076171875000000000e-01 7.382812500000000000e-01
8.349609375000000000e-02 3.632812500000000000e-01 7.519531250000000000e-01
6.689453125000000000e-02 3.393554687500000000e-01 9.331054687500000000e-01
6.835937500000000000e-02 2.363281250000000000e-01 9.316406250000000000e-01
4.589843750000000000e-02 3.979492187500000000e-01 9.541015625000000000e-01
7.275390625000000000e-02 4.223632812500000000e-01 9.272460937500000000e-01
7.226562500000000000e-02 2.099609375000000000e-01 6.079101562500000000e-01
7.080078125000000000e-02 2.719726562500000000e-01 8.291015625000000000e-01
6.982421875000000000e-02 2.504882812500000000e-01 6.972656250000000000e-01
6.738281250000000000e-02 2.973632812500000000e-01 6.870117187500000000e-01
6.884765625000000000e-02 3.881835937500000000e-01 9.311523437500000000e-01
7.568359375000000000e-02 1.704101562500000000e-01 7.763671875000000000e-01
8.593750000000000000e-02 2.734375000000000000e-01 5.683593750000000000e-01
7.617187500000000000e-02 2.373046875000000000e-01 9.238281250000000000e-01
7.373046875000000000e-02 2.944335937500000000e-01 9.262695312500000000e-01
8.300781250000000000e-02 3.466796875000000000e-01 9.169921875000000000e-01
6.103515625000000000e-02 3.286132812500000000e-01 9.389648437500000000e-01
4.589843750000000000e-02 4.316406250000000000e-01 9.541015625000000000e-01
5.810546875000000000e-02 4.570312500000000000e-01 9.418945312500000000e-01
7.470703125000000000e-02 3.081054687500000000e-01 6.728515625000000000e-01
5.908203125000000000e-02 3.120117187500000000e-01 9.409179687500000000e-01
8.154296875000000000e-02 2.094726562500000000e-01 5.083007812500000000e-01
6.396484375000000000e-02 2.177734375000000000e-01 7.661132812500000000e-01
8.496093750000000000e-02 2.592773437500000000e-01 9.150390625000000000e-01
6.884765625000000000e-02 2.622070312500000000e-01 5.649414062500000000e-01
5.957031250000000000e-02 2.602539062500000000e-01 8.266601562500000000e-01
7.128906250000000000e-02 2.680664062500000000e-01 8.173828125000000000e-01
8.789062500000000000e-02 2.050781250000000000e-01 7.822265625000000000e-01
6.787109375000000000e-02 1.879882812500000000e-01 7.451171875000000000e-01
8.984375000000000000e-02 1.743164062500000000e-01 6.337890625000000000e-01
8.886718750000000000e-02 2.084960937500000000e-01 7.744140625000000000e-01
4.052734375000000000e-02 3.339843750000000000e-01 9.594726562500000000e-01
6.884765625000000000e-02 2.734375000000000000e-01 7.856445312500000000e-01
7.177734375000000000e-02 1.865234375000000000e-01 8.061523437500000000e-01
5.419921875000000000e-02 4.125976562500000000e-01 9.458007812500000000e-01
7.763671875000000000e-02 1.787109375000000000e-01 7.265625000000000000e-01
6.250000000000000000e-02 2.431640625000000000e-01 9.375000000000000000e-01
7.324218750000000000e-02 2.705078125000000000e-01 9.267578125000000000e-01
6.201171875000000000e-02 3.452148437500000000e-01 9.379882812500000000e-01
7.275390625000000000e-02 2.890625000000000000e-01 9.272460937500000000e-01
8.642578125000000000e-02 3.120117187500000000e-01 7.221679687500000000e-01
8.691406250000000000e-02 2.788085937500000000e-01 7.583007812500000000e-01
6.201171875000000000e-02 1.884765625000000000e-01 7.568359375000000000e-01
7.128906250000000000e-02 3.544921875000000000e-01 8.007812500000000000e-01
8.398437500000000000e-02 3.339843750000000000e-01 8.769531250000000000e-01
5.908203125000000000e-02 2.739257812500000000e-01 7.416992187500000000e-01
8.349609375000000000e-02 2.094726562500000000e-01 6.840820312500000000e-01
6.542968750000000000e-02 3.823242187500000000e-01 9.345703125000000000e-01
5.468750000000000000e-02 3.554687500000000000e-01 9.453125000000000000e-01
