4.199218750000000000e-02 3.422851562500000000e-01 9.580078125000000000e-01
3.564453125000000000e-02 4.711914062500000000e-01 9.643554687500000000e-01
3.417968750000000000e-02 4.326171875000000000e-01 9.658203125000000000e-01
4.296875000000000000e-02 2.993164062500000000e-01 9.570312500000000000e-01
2.832031250000000000e-02 4.741210937500000000e-01 9.716796875000000000e-01
4.101562500000000000e-02 2.885742187500000000e-01 7.255859375000000000e-01
3.417968750000000000e-02 4.448242187500000000e-01 9.658203125000000000e-01
3.515625000000000000e-02 4.536132812500000000e-01 9.648437500000000000e-01
4.394531250000000000e-02 3.393554687500000000e-01 9.560546875000000000e-01
3.515625000000000000e-02 4.628906250000000000e-01 9.648437500000000000e-01
4.150390625000000000e-02 3.227539062500000000e-01 7.270507812500000000e-01
4.638671875000000000e-02 2.807617187500000000e-01 6.865234375000000000e-01
4.443359375000000000e-02 2.929687500000000000e-01 9.555664062500000000e-01
3.906250000000000000e-02 3.994140625000000000e-01 9.609375000000000000e-01
4.492187500000000000e-02 4.140625000000000000e-01 9.550781250000000000e-01
3.857421875000000000e-02 4.438476562500000000e-01 9.614257812500000000e-01
4.150390625000000000e-02 4.174804687500000000e-01 9.584960937500000000e-01
4.150390625000000000e-02 3.974609375000000000e-01 9.584960937500000000e-01
5.078125000000000000e-02 3.574218750000000000e-01 9.492187500000000000e-01
4.980468750000000000e-02 2.973632812500000000e-01 9.501953125000000000e-01
3.369140625000000000e-02 2.836914062500000000e-01 9.663085937500000000e-01
3.710937500000000000e-02 3.374023437500000000e-01 9.628906250000000000e-01
4.003906250000000000e-02 3.847656250000000000e-01 9.599609375000000000e-01
3.613281250000000000e-02 3.676757812500000000e-01 9.638671875000000000e-01
3.320312500000000000e-02 4.692382812500000000e-01 9.667968750000000000e-01
3.955078125000000000e-02 4.550781250000000000e-01 9.604492187500000000e-01
3.271484375000000000e-02 4.409179687500000000e-01 9.672851562500000000e-01
4.785156250000000000e-02 4.389648437500000000e-01 9.521484375000000000e-01
4.492187500000000000e-02 4.179687500000000000e-01 9.550781250000000000e-01
3.466796875000000000e-02 4.433593750000000000e-01 9.653320312500000000e-01
3.076171875000000000e-02 4.301757812500000000e-01 9.692382812500000000e-01
4.101562500000000000e-02 4.399414062500000000e-01 9.589843750000000000e-01
4.687500000000000000e-02 3.422851562500000000e-01 8.144531250000000000e-01
4.443359375000000000e-02 3.872070312500000000e-01 9.555664062500000000e-01
4.443359375000000000e-02 3.652343750000000000e-01 7.978515625000000000e-01
3.906250000000000000e-02 2.724609375000000000e-01 9.609375000000000000e-01
3.369140625000000000e-02 4.697265625000000000e-01 9.663085937500000000e-01
5.078125000000000000e-02 2.749023437500000000e-01 7.133789062500000000e-01
5.371093750000000000e-02 3.300781250000000000e-01 7.221679687500000000e-01
4.052734375000000000e-02 4.790039062500000000e-01 9.594726562500000000e-01
3.857421875000000000e-02 3.256835937500000000e-01 9.614257812500000000e-01
4.345703125000000000e-02 2.856445312500000000e-01 6.884765625000000000e-01
4.785156250000000000e-02 3.310546875000000000e-01 7.197265625000000000e-01
5.175781250000000000e-02 3.046875000000000000e-01 9.482421875000000000e-01
6.201171875000000000e-02 3.369140625000000000e-01 7.578125000000000000e-01
4.345703125000000000e-02 4.008789062500000000e-01 9.565429687500000000e-01
4.296875000000000000e-02 3.295898437500000000e-01 9.570312500000000000e-01
3.613281250000000000e-02 4.658203125000000000e-01 9.638671875000000000e-01
4.345703125000000000e-02 4.321289062500000000e-01 9.565429687500000000e-01
3.320312500000000000e-02 4.799804687500000000e-01 9.667968750000000000e-01
5.078125000000000000e-02 3.198242187500000000e-01 9.492187500000000000e-01
4.003906250000000000e-02 4.697265625000000000e-01 9.599609375000000000e-01
3.906250000000000000e-02 4.404296875000000000e-01 9.609375000000000000e-01
3.027343750000000000e-02 4.731445312500000000e-01 9.697265625000000000e-01
4.980468750000000000e-02 2.504882812500000000e-01 9.501953125000000000e-01
2.587890625000000000e-02 4.462890625000000000e-01 9.741210937500000000e-01
5.273437500000000000e-02 4.350585937500000000e-01 9.472656250000000000e-01
4.248046875000000000e-02 2.954101562500000000e-01 9.575195312500000000e-01
3.417968750000000000e-02 3.828125000000000000e-01 9.658203125000000000e-01
3.906250000000000000e-02 4.370117187500000000e-01 9.609375000000000000e-01
5.078125000000000000e-02 3.002929687500000000e-01 7.675781250000000000e-01
3.369140625000000000e-02 4.331054687500000000e-01 9.663085937500000000e-01
3.076171875000000000e-02 3.256835937500000000e-01 9.692382812500000000e-01
3.564453125000000000e-02 3.935546875000000000e-01 9.643554687500000000e-01
3.222656250000000000e-02 4.375000000000000000e-01 9.677734375000000000e-01
5.468750000000000000e-02 2.353515625000000000e-01 5.253906250000000000e-01
4.052734375000000000e-02 4.101562500000000000e-01 9.594726562500000000e-01
5.224609375000000000e-02 2.856445312500000000e-01 9.477539062500000000e-01
4.492187500000000000e-02 4.121093750000000000e-01 9.550781250000000000e-01
4.980468750000000000e-02 2.656250000000000000e-01 9.501953125000000000e-01
4.638671875000000000e-02 3.798828125000000000e-01 9.536132812500000000e-01
2.832031250000000000e-02 4.824218750000000000e-01 9.707031250000000000e-01
5.957031250000000000e-02 2.128906250000000000e-01 5.341796875000000000e-01
2.783203125000000000e-02 4.145507812500000000e-01 9.721679687500000000e-01
4.687500000000000000e-02 2.519531250000000000e-01 7.534179687500000000e-01
2.832031250000000000e-02 3.242187500000000000e-01 9.716796875000000000e-01
3.906250000000000000e-02 2.836914062500000000e-01 7.646484375000000000e-01
4.589843750000000000e-02 3.037109375000000000e-01 6.596679687500000000e-01
4.541015625000000000e-02 4.375000000000000000e-01 9.545898437500000000e-01
4.199218750000000000e-02 4.418945312500000000e-01 9.580078125000000000e-01
5.126953125000000000e-02 3.930664062500000000e-01 9.487304687500000000e-01
3.710937500000000000e-02 4.511718750000000000e-01 9.628906250000000000e-01
4.052734375000000000e-02 4.589843750000000000e-01 9.594726562500000000e-01
3.369140625000000000e-02 3.393554687500000000e-01 9.663085937500000000e-01
6.005859375000000000e-02 3.510742187500000000e-01 7.988281250000000000e-01
4.785156250000000000e-02 3.974609375000000000e-01 9.521484375000000000e-01
2.734375000000000000e-02 4.008789062500000000e-01 9.726562500000000000e-01
5.322265625000000000e-02 2.651367187500000000e-01 7.485351562500000000e-01
3.857421875000000000e-02 4.643554687500000000e-01 9.614257812500000000e-01
4.492187500000000000e-02 3.076171875000000000e-01 7.114257812500000000e-01
3.759765625000000000e-02 3.764648437500000000e-01 9.624023437500000000e-01
6.396484375000000000e-02 2.563476562500000000e-01 7.314453125000000000e-01
3.466796875000000000e-02 4.291992187500000000e-01 9.653320312500000000e-01
3.515625000000000000e-02 4.506835937500000000e-01 9.648437500000000000e-01
3.369140625000000000e-02 4.809570312500000000e-01 9.663085937500000000e-01
3.076171875000000000e-02 2.773437500000000000e-01 9.692382812500000000e-01
3.515625000000000000e-02 2.666015625000000000e-01 9.648437500000000000e-01
3.955078125000000000e-02 4.394531250000000000e-01 9.604492187500000000e-01
4.150390625000000000e-02 4.472656250000000000e-01 9.584960937500000000e-01
5.273437500000000000e-02 3.334960937500000000e-01 9.472656250000000000e-01
