2.832031250000000000e-01 1.752929687500000000e-01 5.214843750000000000e-01
3.208007812500000000e-01 1.069335937500000000e-01 3.510742187500000000e-01
2.983398437500000000e-01 1.362304687500000000e-01 5.034179687500000000e-01
3.046875000000000000e-01 1.723632812500000000e-01 3.706054687500000000e-01
3.125000000000000000e-01 1.337890625000000000e-01 3.779296875000000000e-01
2.910156250000000000e-01 1.997070312500000000e-01 4.975585937500000000e-01
2.973632812500000000e-01 1.811523437500000000e-01 5.000000000000000000e-01
2.973632812500000000e-01 1.259765625000000000e-01 6.064453125000000000e-01
2.998046875000000000e-01 1.645507812500000000e-01 5.258789062500000000e-01
2.817382812500000000e-01 1.865234375000000000e-01 5.024414062500000000e-01
2.968750000000000000e-01 1.083984375000000000e-01 4.702148437500000000e-01
2.968750000000000000e-01 2.143554687500000000e-01 5.380859375000000000e-01
2.905273437500000000e-01 3.071289062500000000e-01 6.572265625000000000e-01
2.783203125000000000e-01 1.518554687500000000e-01 5.932617187500000000e-01
2.924804687500000000e-01 2.768554687500000000e-01 5.610351562500000000e-01
2.939453125000000000e-01 1.220703125000000000e-01 3.886718750000000000e-01
2.875976562500000000e-01 1.630859375000000000e-01 6.860351562500000000e-01
3.154296875000000000e-01 1.000976562500000000e-01 2.451171875000000000e-01
3.027343750000000000e-01 1.713867187500000000e-01 4.584960937500000000e-01
3.183593750000000000e-01 9.570312500000000000e-02 4.975585937500000000e-01
2.885742187500000000e-01 1.777343750000000000e-01 6.523437500000000000e-01
3.051757812500000000e-01 1.796875000000000000e-01 4.243164062500000000e-01
2.797851562500000000e-01 1.269531250000000000e-01 7.045898437500000000e-01
3.149414062500000000e-01 1.767578125000000000e-01 4.179687500000000000e-01
3.144531250000000000e-01 9.570312500000000000e-02 2.817382812500000000e-01
2.749023437500000000e-01 2.026367187500000000e-01 7.246093750000000000e-01
2.988281250000000000e-01 2.426757812500000000e-01 5.766601562500000000e-01
3.115234375000000000e-01 1.240234375000000000e-01 4.301757812500000000e-01
2.846679687500000000e-01 2.573242187500000000e-01 5.859375000000000000e-01
3.037109375000000000e-01 1.381835937500000000e-01 4.326171875000000000e-01
2.836914062500000000e-01 2.622070312500000000e-01 6.538085937500000000e-01
3.222656250000000000e-01 1.606445312500000000e-01 3.813476562500000000e-01
3.203125000000000000e-01 6.787109375000000000e-02 3.310546875000000000e-01
2.968750000000000000e-01 8.544921875000000000e-02 5.258789062500000000e-01
2.880859375000000000e-01 2.915039062500000000e-01 6.230468750000000000e-01
2.900390625000000000e-01 1.826171875000000000e-01 5.585937500000000000e-01
3.105468750000000000e-01 2.016601562500000000e-01 4.296875000000000000e-01
3.027343750000000000e-01 2.504882812500000000e-01 5.361328125000000000e-01
2.792968750000000000e-01 1.235351562500000000e-01 6.630859375000000000e-01
2.983398437500000000e-01 1.787109375000000000e-01 4.873046875000000000e-01
3.002929687500000000e-01 2.050781250000000000e-01 4.785156250000000000e-01
2.846679687500000000e-01 1.899414062500000000e-01 5.146484375000000000e-01
2.880859375000000000e-01 3.095703125000000000e-01 6.528320312500000000e-01
3.129882812500000000e-01 1.767578125000000000e-01 4.355468750000000000e-01
3.203125000000000000e-01 1.450195312500000000e-01 3.764648437500000000e-01
2.832031250000000000e-01 2.954101562500000000e-01 6.547851562500000000e-01
2.802734375000000000e-01 2.099609375000000000e-01 6.225585937500000000e-01
3.017578125000000000e-01 1.850585937500000000e-01 4.541015625000000000e-01
3.125000000000000000e-01 1.777343750000000000e-01 4.790039062500000000e-01
2.851562500000000000e-01 2.631835937500000000e-01 6.806640625000000000e-01
2.773437500000000000e-01 1.630859375000000000e-01 6.845703125000000000e-01
2.944335937500000000e-01 2.001953125000000000e-01 6.206054687500000000e-01
2.832031250000000000e-01 2.529296875000000000e-01 6.342773437500000000e-01
2.949218750000000000e-01 1.909179687500000000e-01 4.018554687500000000e-01
3.002929687500000000e-01 2.382812500000000000e-01 5.859375000000000000e-01
3.027343750000000000e-01 1.787109375000000000e-01 6.567382812500000000e-01
3.061523437500000000e-01 1.625976562500000000e-01 3.422851562500000000e-01
3.032226562500000000e-01 2.065429687500000000e-01 5.136718750000000000e-01
2.861328125000000000e-01 1.728515625000000000e-01 5.629882812500000000e-01
2.861328125000000000e-01 1.933593750000000000e-01 6.445312500000000000e-01
3.125000000000000000e-01 2.011718750000000000e-01 4.042968750000000000e-01
2.968750000000000000e-01 3.051757812500000000e-01 6.108398437500000000e-01
2.778320312500000000e-01 7.910156250000000000e-02 6.347656250000000000e-01
2.817382812500000000e-01 2.109375000000000000e-01 5.932617187500000000e-01
3.061523437500000000e-01 1.142578125000000000e-01 2.773437500000000000e-01
3.100585937500000000e-01 1.523437500000000000e-01 4.731445312500000000e-01
2.910156250000000000e-01 2.177734375000000000e-01 5.844726562500000000e-01
2.910156250000000000e-01 1.445312500000000000e-01 5.366210937500000000e-01
2.924804687500000000e-01 2.392578125000000000e-01 4.838867187500000000e-01
3.046875000000000000e-01 1.015625000000000000e-01 4.707031250000000000e-01
3.149414062500000000e-01 1.416015625000000000e-01 2.832031250000000000e-01
2.958984375000000000e-01 1.728515625000000000e-01 4.257812500000000000e-01
3.022460937500000000e-01 1.601562500000000000e-01 4.375000000000000000e-01
3.037109375000000000e-01 2.885742187500000000e-01 6.000976562500000000e-01
2.851562500000000000e-01 2.783203125000000000e-01 6.298828125000000000e-01
3.007812500000000000e-01 1.669921875000000000e-01 5.888671875000000000e-01
2.802734375000000000e-01 1.152343750000000000e-01 6.909179687500000000e-01
3.007812500000000000e-01 1.391601562500000000e-01 5.380859375000000000e-01
2.900390625000000000e-01 1.123046875000000000e-01 5.791015625000000000e-01
2.763671875000000000e-01 2.675781250000000000e-01 6.728515625000000000e-01
3.095703125000000000e-01 8.300781250000000000e-02 3.593750000000000000e-01
3.002929687500000000e-01 1.552734375000000000e-01 4.550781250000000000e-01
2.900390625000000000e-01 2.729492187500000000e-01 6.318359375000000000e-01
3.266601562500000000e-01 1.162109375000000000e-01 3.041992187500000000e-01
3.198242187500000000e-01 7.763671875000000000e-02 4.262695312500000000e-01
2.832031250000000000e-01 2.563476562500000000e-01 6.464843750000000000e-01
3.085937500000000000e-01 1.235351562500000000e-01 5.312500000000000000e-01
2.783203125000000000e-01 2.587890625000000000e-01 6.469726562500000000e-01
2.929687500000000000e-01 2.529296875000000000e-01 5.219726562500000000e-01
3.071289062500000000e-01 1.962890625000000000e-01 5.405273437500000000e-01
2.973632812500000000e-01 1.586914062500000000e-01 5.249023437500000000e-01
2.856445312500000000e-01 2.192382812500000000e-01 6.337890625000000000e-01
3.129882812500000000e-01 1.308593750000000000e-01 3.696289062500000000e-01
2.695312500000000000e-01 1.196289062500000000e-01 6.845703125000000000e-01
2.817382812500000000e-01 2.724609375000000000e-01 6.313476562500000000e-01
2.958984375000000000e-01 2.099609375000000000e-01 5.961914062500000000e-01
2.978515625000000000e-01 2.377929687500000000e-01 4.794921875000000000e-01
3.037109375000000000e-01 2.348632812500000000e-01 4.819335937500000000e-01
3.183593750000000000e-01 1.557617187500000000e-01 3.461914062500000000e-01
2.919921875000000000e-01 2.954101562500000000e-01 6.435546875000000000e-01
