11903
514
42
24
101
27
1
1
15
8
2
24
5
19
2
1
2
1
3
1
5
2
1
2
4
1
1
1
2
5
1
1
1
1
1
1
1
1
1
237
6797
6525
151
7863
3
29
14
52
229
1
1
5
1
35
4
2
1
6
5
7
3
1
2
3
3
3
4
1
2
2
4
2
1
1
1
1
1
3
1
1
3
1
1
1
1
7146
752
157
32
1
1
4
5
22
5
2
15
1
2
1
1
3
1
5
1
1
2
1
2
1
1
5
1
1
1
2
1
1
3
2
1
2
1
1
32
6
28
18
7
4
4
3
6
5
3
12
4
4
21
2
1
1
1
1
2
1
2
1
2
1
1
128
37
110
1
45
1
2
10
1
3
12
1
2
5
9
3
8
3
1
5
1
4
1
2
2
1
1
1
2
1
1
1
2
1
1
1
9688
6887
1003
106
15
37
1
26
2
14
16
1
5
1
15
1
1
2
5
1
1
10
4
2
3
2
3
1
3
3
3
3
3
1
4
1
1
1
1
2
1
1
7
1
2
44
4
1
5
3
1
5
2
14
12
1
2
3
2
1
1
4
1
2
1
1
2
2
2
2
1
1
1
2
1
1
1
1
1
1
1
8177
4
4
6
9
1
1
5
7
12
1
1
3
2
3
6
2
7
1
1
2
3
1
1
3
4
5
2
7
1
1
1
1
1
1
1
1
1
1
4491
289
123
5
3
5
1
1
6
1
9
4
5
1
2
3
1
6
1
4
3
4
5
6
2
2
1
1
2
2
1
2
1
1
3
2
1
1
1
8784
55
69
19
47
9
14
5
4
2
2
10
1
1
3
1
4
1
1
1
1
1
1
2
2
1
1
2
1
1
1
1
1
1
17
57
37
1
16
1
11
18
3
1
2
4
1
1
1
4
1
2
1
4
2
2
1
1
1
3
1
2
1
1
1
1071
5894
5619
4652
1126
28
465
1
1
3
8
1
3
5
1
3
1
4
1
2
4
1
3
2
2
6
6
2
1
1
1
1
2
2
1
1
1
91
12
4
1
13
1
2
1
9
2
3
1
2
2
1
2
1
1
2
2
2
1
1
1
1
1
957
5795
23
4
43
7
5
6
1
35
1
6
4
2
8
8
6
1
9
6
10
1
1
1
1
1
5
2
1
2
1
1
1
2
1
1
7
1
1
1
1
1
1
13037
263
8
219
4
5
15
4
2
15
16
2
4
7
2
1
8
2
4
1
1
1
2
1
2
1
1
2
1
2
1
1
2
1
2
1
76
1
229
2
78
511
5
17
3
34
34
2
1
20
11
5
1
5
6
14
7
4
1
1
4
4
2
2
1
1
2
1
3
1
3
1
1
1
1
5439
5343
8386
506
76
4
4
81
1
114
10
22
12
37
2
14
2
1
1
1
8
3
1
2
1
5
2
3
4
2
1
1
1
1
1
1
1
1
7831
4741
125
75
26
3
107
52
178
28
8
8
72
1
4
1
11
5
6
2
7
6
3
1
4
8
4
7
1
1
3
2
2
9
1
2
1
1
1
1
1
1
1
1
14525
7
8
21
28
4
2
7
4
3
6
5
1
2
1
2
4
1
3
1
2
2
4
1
1
2
2
1
1
2
1
1
1
1
1
8396
3975
14
72
1
2
1
10
3
3
5
6
6
1
1
9
1
1
3
2
1
1
6
1
3
1
1
1
1
1
2
2
1
1
1
1
1
244
32
296
1
29
2
2
26
14
7
2
2
2
1
7
11
1
3
1
3
1
13
1
7
5
5
6
10
4
3
3
1
1
3
2
2
1
1
1
3
1
4
6
68
5
1
29
2
2
1
1
3
7
3
2
1
2
1
1
1
5
2
1
4
1
1
1
1
2
1
1
1
1
1
8463
227
27
29
19
1
1
3
3
3
9
3
1
3
1
3
1
4
2
3
1
4
1
1
1
1
2
1
1
27
10
50
3
22
1
4
12
7
7
20
11
7
3
2
9
18
2
1
3
1
7
7
2
2
1
1
4
4
4
2
2
1
2
2
1
3
2
1
1
1
1
1
1
1
1
1
1
1
1
1
1
8234
100
7538
459
2
14
833
1
181
314
41
1
55
17
33
18
3
5
18
3
1
3
1
2
7
2
4
4
7
9
1
1
2
2
2
2
1
1
1
1
1
1
1
2
1
1
1
2390
403
19
19
2
1
24
2
7
1
15
1
1
1
2
2
2
1
2
15
1
2
2
3
1
2
1
1
1
2
1
1
2
1
1
1
43
21
15
30
1
12
1
3
1
5
2
8
1
1
1
1
2
2
1
1
2
1
1
1
1
2
1
2
1
1
1
1
1
8203
7835
77
24
21
219
80
393
85
77
153
79
1
41
1
32
6
2
7
3
1
1
4
1
1
1
6
7
2
2
1
1
1
1
1
1
6654
715
1000
8
76
83
76
1
9
3
3
1
3
2
1
3
5
3
1
3
3
7
1
2
3
1
1
4
1
1
1
1
1
1
1
1
5890
2248
4486
2
8
110
23
12
11
11
5
18
15
28
2
2
4
16
6
1
4
1
1
14
2
8
1
5
5
2
4
3
1
1
2
5
3
1
4
1
4
1
1
1
6960
2
7
2
1
16
11
1
2
1
4
2
2
1
2
3
3
1
2
1
1
1
1
1
1
1
1
803
3
1
4
15
6
3
10
5
4
2
4
3
1
1
1
6
1
6
1
2
4
1
1
1
7292
6631
6438
478
71
5
8
3
2
7
1
9
3
17
10
3
1
2
2
2
1
4
1
1
2
1
4
1
2
4
1
1
2
2
1
7349
5867
1078
391
104
721
11
292
47
82
16
1
18
3
1
2
5
11
3
2
2
5
2
1
5
1
1
2
2
1
4
1
3
2
1
1
3
1
1
2
2
1
1
1
1
1
1
1
1
5405
2993
4836
3119
3080
559
599
260
36
26
8
1
38
8
7
3
3
7
9
2
1
10
1
3
2
3
2
2
2
1
1
2
1
3
1
1
1
1
1
6229
39
29
14
71
5
48
1
55
7
9
8
1
3
2
13
1
3
1
3
2
3
1
1
1
1
4
1
1
1
1
1
2
1
1
1
6655
5689
126
2501
1112
56
157
322
4
4
3
9
19
3
31
13
2
8
1
5
3
13
2
4
1
1
1
5
2
1
6
2
1
2
1
2
1
2
1
1
2
1
1
1
8478
26
382
116
15
4
1
1
10
3
3
10
1
3
2
3
1
1
1
1
1
1
1
1
1
1
486
3
35
47
5
105
8
2
5
1
2
1
1
6
1
1
1
2
11
2
12
1
2
2
2
2
2
1
2
1
1
1
1
5268
1492
7968
930
10
392
392
2
1
1
15
15
9
21
3
1
1
5
11
1
9
20
1
1
1
2
7
3
2
1
12
4
2
1
1
1
2
6
2
2
1
2
2
1
2
2
2
2
1
1
1
1
1
1
1
8227
6198
5013
680
72
20
517
72
47
1
5
7
3
24
2
11
4
2
8
2
1
3
2
10
6
1
6
2
1
1
1
2
5
2
2
1
6
1
1
1
1
1
1
1
1
2
1
1
1
1
1
1
111
3
219
8
48
1
1
30
7
6
17
5
8
1
1
4
2
6
2
2
2
4
2
3
1
1
3
1
3
1
1
1
2
1
1
1
968
346
1038
43
2
131
17
3
6
5
3
1
3
2
1
1
3
6
6
5
1
2
1
1
1
1
1
2
1
2
1
3
1
1
1
1
2
1
4
1
1
762
604
78
186
2
3
1
71
1
9
45
3
11
2
9
3
22
2
16
1
2
5
2
4
2
1
10
1
2
1
1
1
3
3
4
2
1
4
2
2
1
1
1
2
1
1
1
1
2
7250
961
3
1
7
32
11
26
6
2
9
1
11
3
3
21
4
2
2
4
5
1
1
1
1
1
1
1
6
2
3
1
1
1
1
1
1
1
1
4
1
1
478
79
15
19
3
58
6
1
33
15
14
11
10
6
15
5
2
6
11
1
3
1
10
1
10
2
2
1
1
1
6
7
1
2
1
2
1
1
2
3
2
1
1
1
14151
179
434
11
1
10
28
8
12
21
1
2
4
3
2
2
3
3
1
3
3
2
2
1
5
1
1
3
1
2
3
1
1
1
1
1
1
4
1
2
1
1
1
1
1
1
1
13621
1068
4
18
105
55
4
2
2
32
26
29
111
2
7
2
12
5
2
1
1
1
5
4
2
2
2
1
1
6
3
2
1
1
1
1
1
2
1
2
1
1
2
1
1
1
2
6504
8672
491
834
15
39
190
35
3
13
1
1
7
4
2
2
12
4
7
1
1
2
1
2
6
2
4
3
3
1
2
1
2
1
2
2
2
1
2
1
1
1
1
1
1
482
934
871
19
10
1
13
14
1
6
8
16
4
1
17
2
12
1
4
6
2
4
8
4
3
9
10
2
1
1
1
4
3
4
2
2
1
2
1
3
1
1
1
1
2
1
1
1
1
1
1
1
1
1
8663
330
159
240
22
3
1
19
10
5
6
3
16
22
2
2
1
1
5
1
2
2
1
1
1
2
1
1
1
1
1
1
5131
17
5
2
5
8
2
1
25
2
5
1
6
1
10
21
5
1
1
5
4
2
2
3
1
2
1
1
2
2
1
2
1
1
1
1
6607
47
95
19
113
26
3
1
17
16
5
8
7
9
1
1
2
1
1
1
1
2
1
2
1
2
1
1
1
1
1
1
1
8760
7647
81
642
140
103
421
56
4
28
1
57
1
58
47
28
8
11
1
2
31
1
12
6
3
8
1
1
4
2
4
2
1
1
1
2
7
1
3
2
1
2
2
4
1
2
2
1
1
8592
112
213
14
2
50
3
3
8
4
3
23
2
2
1
20
12
24
1
2
3
1
1
1
2
1
2
2
1
1
1
1
13345
427
32
145
1
40
42
57
10
2
5
2
1
7
2
1
16
1
4
3
3
1
2
2
1
1
1
1
1
2
1
1
1
1
1
1
1
1618
9877
1565
763
48
71
22
6
4
4
1
11
47
26
4
11
3
1
2
3
32
19
11
5
3
1
1
5
1
2
5
1
1
3
1
1
3
4
2
1
2
2
1
1
1
2
1
1
1
1
1
7304
7
5
19
26
2
15
2
57
1
15
2
3
14
1
1
3
2
1
1
1
1
1
1
3445
3
1
11
59
2
44
1
5
3
12
5
10
1
2
4
2
2
2
6
1
1
2
5
1
1
2
5
3
1
1
2
1
1
1
1
1
1
1
1
2
2
1
2
1
1
1
1
1
2
2
381
256
5
1
15
11
4
11
1
5
1
4
7
8
1
1
3
1
2
1
5
1
2
2
3
1
1
1
1
1
1
2
1
1
2054
99
25
57
27
3
28
111
12
36
2
9
10
2
2
2
5
1
10
1
1
1
2
4
1
3
1
2
1
1
2
1
3
1
1
2
1
2
1
1005
206
41
21
74
31
69
17
2
5
49
72
2
8
9
10
4
4
2
3
2
5
7
1
1
1
3
1
2
1
1
1
3
2
1
1
27
2
1
1
170
61
55
3
48
1
5
1
1
13
11
9
1
2
3
2
3
1
2
1
1
1
1
1
14787
108
13
90
228
23
55
3
4
2
7
9
2
13
1
3
1
6
1
3
1
1
1
2
1
2
3
1
7
2
2
2
3
1
1
4
1
1
1
2
1
1
1
1
1
1
4293
907
72
3
15
35
10
5
1
3
1
6
15
3
1
8
12
1
2
2
5
2
1
2
2
4
6
2
1
3
2
4
1
1
2
1
2
3
1
1
2
1
1
1
107
5788
1
97
67
32
2
35
6
6
17
4
34
4
16
3
3
4
1
1
6
3
3
1
1
1
1
1
3
2
2
1
1
1
1
2
1
1
1
1
3
1
1
1
1
1
1
1
1
496
6970
42
38
7
16
10
3
1
6
3
13
5
9
4
1
5
2
3
7
3
2
4
2
3
1
1
3
2
5
1
3
1
1
2
1
1
1
1
24
35
8
8
34
1
2
14
21
40
4
2
6
1
6
1
2
2
1
1
1
1
1
1
2
4
1
1
1
2
1
1
1
1
42
1012
61
18
2
8
3
11
5
15
4
19
45
1
1
3
8
6
5
9
4
2
3
1
1
5
1
1
3
3
1
1
1
1
1
1
1
1
1
1467
4335
1278
4586
454
5
24
22
6
49
1
35
2
6
22
2
2
1
1
3
1
1
2
4
1
1
1
1
1
1
2
2
3
2
1
1
2
1
1
1
1
2
1
1
1
6004
1148
66
8199
11
18
5
11
6
3
1
2
2
3
3
2
5
1
9
3
2
1
2
1
6
1
2
3
1
1
2
3
3
1
1
1
1
2
1
2
1574
2
7
8
6
16
15
18
18
1
11
50
5
15
2
7
1
1
1
2
1
4
1
1
3
1
1
1
2
2
1
1
1
2
2
2
1
1
1
3
1
2
1
1
1
1
38
253
8
13
5
34
5
18
2
1
10
4
6
5
16
3
2
2
2
2
2
1
2
1
1
2
1
7
3
1
2
2
2
3
1
1
1
1
1
1
1
1
1
6271
8318
5337
4
405
2
5
5
1
6
1
3
2
5
1
1
1
1
3
1
1
1
2
1
1
3
1
1
1
1
2
5541
2197
6972
1211
22
637
1
117
45
38
42
11
5
51
8
1
24
1
2
10
1
16
1
1
11
1
1
1
3
3
1
5
18
3
4
2
2
2
2
1
1
2
3
1
1
1
1
1
1
1
1
2
1
1
1
5
192
225
21
1
5
20
54
5
57
62
1
6
18
2
7
1
6
3
1
3
2
2
2
1
1
4
1
2
3
1
3
1
2
1
2
2
1
2
1934
69
32
27
9
69
107
1
10
1
3
2
6
1
2
2
2
1
1
4
1
3
2
1
3
1
2
1
1
1
1
1
2
1
1
1
2
1
1
1
1
7179
9572
791
347
45
6
15
44
13
69
1
4
12
22
1
2
1
6
5
2
3
2
3
1
1
1
1
4
1
2
1
1
1
1
1
1
2
2
1
1
1
1
944
5419
7593
46
5
5
1
14
5
4
9
5
3
3
8
2
3
1
4
4
1
3
1
2
3
3
1
1
1
1
4
1
1
1
1
1
1
1
1
1
1
1
15
53
70
10
30
19
20
12
2
4
5
14
2
8
3
11
2
1
1
1
2
5
1
4
1
1
1
2
1
1
1
1
1
1
1
1
1
1
2
1
1
14777
19
227
43
8
71
11
35
2
9
9
1
1
1
1
4
1
1
1
1
1
3
3
2
5
1
1
1
1
3
1
1
1
1
21
684
1
184
9
40
1
18
3
5
4
2
44
1
9
3
1
4
1
6
2
3
2
1
5
2
1
1
1
1
1
6183
8035
7695
5
8
20
14
5
3
2
34
1
34
11
3
1
1
2
1
4
7
4
7
2
1
1
3
1
2
3
3
2
1
2
2
1
2
1
1
1
1
1
1
1
6777
12
41
33
13
28
10
8
3
2
28
16
2
13
7
2
1
1
3
1
2
1
1
7
1
2
2
1
1
1
2
1
8369
9375
61
13
19
18
7
21
1
11
8
2
17
2
1
4
1
6
2
4
2
5
3
1
7
1
1
4
1
5
1
1
2
2
2
2
1
6
1
1
1
1
1
1
1
1
1
6730
1083
417
66
48
36
11
3
2
2
7
1
2
11
3
2
1
1
1
1
2
2
1
1
1
1
3
1
1
1
1
1
1
1
1
1
3
6
203
29
22
20
1
2
7
2
2
17
4
7
5
1
2
2
1
1
2
6
2
1
2
1
1
1
2
1
3
1
1
52
38
6
16
19
4
2
19
2
9
3
7
4
1
11
7
1
1
2
3
1
4
6
3
1
1
1
1
1
1
1
1
1
1
7328
8253
3
1581
52
3
2
153
1
41
1
10
24
3
20
70
51
2
4
4
3
6
2
2
1
11
1
1
1
3
1
3
1
1
5
2
2
1
1
1
2
3
1
4
1
1
1
1
1
1
6
22
60
16
20
3
8
1
11
1
3
13
1
1
1
1
2
1
1
1
2
1
1
1
1
1
43
36
22
26
4
7
1
2
8
5
9
1
5
4
1
3
5
5
2
2
2
1
1
1
1
2
3
1
1
1
1
1
3
2
4
1
1
1
1
1
1
1
13785
223
127
32
30
18
7
2
4
2
2
1
1
9
1
12
1
1
1
3
4
1
1
1
2
7
1
3
1
2
1
1
1
1
6072
7952
1645
252
112
107
1
12
20
105
1
6
1
4
3
1
1
9
1
1
2
2
1
5
2
1
3
1
2
1
2
2
3
1
2
5
2
1
2
2
2
1
2
1
357
1134
119
62
2
5
4
15
3
8
1
1
2
1
6
4
1
1
2
1
1
2
1
1
1
1
1
1
1
2
1
42
1
1
22
10
12
5
19
1
19
10
5
2
1
1
1
1
3
2
1
1
1
1
1
2
1
2
1
1
1
11113
6
106
10
73
27
7
9
1
2
15
3
2
1
4
2
1
3
1
1
2
1
2
2
9326
653
29
116
10
6
36
4
2
1
1
1
4
7
11
10
2
2
4
2
1
2
1
4
3
6
2
2
2
1
7
2
3
2
1
1
3
2
1
1
1
2
2
1
5
1
1
1
1
1
1
1
164
290
5
30
30
32
3
55
19
26
5
4
1
1
2
8
7
3
4
3
2
3
3
1
3
1
2
1
1
1
2
1
1
1
1
1
1
52
7
2
25
10
1
4
6
2
5
5
1
1
2
3
4
1
1
1
3
1
1
1
2
1
1
1
1
1
1
1
1
707
396
204
517
101
4
27
5
1
2
4
10
1
1
1
9
2
12
1
4
3
5
3
2
1
1
6
1
1
1
1
1
1
1
1
8821
386
7458
106
5
94
68
25
5
10
23
2
5
1
60
9
9
3
2
1
1
4
2
7
1
7
2
7
2
2
1
18
1
2
2
1
1
1
1
1
1
1
1
2
3
1
1
2
1
284
756
15
45
4
9
3
4
11
4
1
1
3
2
1
1
3
1
4
2
1
1
2
1
1
1
1
1
1
1
1
1
1
1
2
6670
9107
3
71
8
33
2
12
1
10
1
1
11
17
5
1
3
4
1
12
1
1
1
2
1
1
2
1
4
12
1
1
1
4
1
3
1
3
1
4
2
2
1
1
2
1
1
2
1
1
8775
484
2
51
117
10
2
2
3
15
6
3
7
5
4
12
4
5
19
1
6
4
5
1
1
3
1
2
1
1
1
1
1
2
1
1
6243
618
801
451
1
142
59
7
2
4
2
14
1
4
6
1
8
6
4
1
1
4
3
1
5
2
2
3
2
2
1
1
1
1
1
1
2
1
2784
3926
6409
6775
638
1250
37
2
464
90
20
12
7
26
2
17
2
3
5
4
5
5
8
1
6
5
1
1
3
6
1
1
1
3
1
2
1
3
6
2
2
2
1
1
2
1
1
1
2
1
1
1
2
1
1
1
1
1
1
1
3928
11
124
81
7
17
10
7
3
8
7
4
1
1
17
12
1
2
1
2
1
3
5
1
3
1
1
6
2
1
2
4
3
7
1
1
1
1
1
1222
12
19
35
2
73
4
29
10
3
3
1
2
3
21
1
3
1
3
2
3
1
3
1
1
1
1
1
6
1
1
1
1
1
1
1
1
1
7239
10
31
7
65
26
18
4
13
6
10
3
14
9
1
3
3
2
2
5
4
1
1
7
1
2
1
1
1
1
1
2
1
1
5291
218
146
30
181
25
419
65
55
46
8
1
5
1
11
1
1
1
1
1
3
15
1
1
1
1
2
3
1
2
3
1
1
1
1
2
1
1
1
1
1
3
2
1
1
1
1
2
1
14155
925
80
58
1
4
6
70
4
9
6
1
4
3
2
1
2
4
9
1
1
1
1
1
1
1
1
1
1
1
6
5
2
28
42
22
23
15
15
1
1
1
4
9
6
1
4
1
1
5
1
2
3
2
1
2
1
2
1
2
1
2
1
5
2
1
3
1
1
1
1
8001
7080
893
12
5
14
22
6
2
26
1
1
2
9
1
1
4
1
6
8
7
2
1
1
7
2
1
1
5
1
1
2
1
1
2
1
1
1
1
1
1
1
1
1
1
1
44
2
17
266
55
4
8
10
2
18
6
8
2
6
1
3
1
1
8
4
2
1
4
1
2
1
1
1
2
1
1
3
1
1
2
1
1
1
1
1
1
6873
11004
83
4
31
11
3
41
4
3
2
1
18
1
14
5
3
1
2
6
1
1
2
6
1
3
3
2
1
2
1
1
1
1
1
7853
8161
121
130
179
3
4
25
5
19
54
1
1
10
27
2
2
8
6
5
2
2
1
4
3
1
2
13
3
2
1
1
10
1
3
5
1
2
1
1
2
1
2
1
1
1
1
1
1
1
4745
976
204
26
45
5
11
14
7
46
1
5
1
12
4
1
1
3
2
2
3
4
1
1
1
4
1
2
1
1
1
1
2
1
1
1
1
1
1
194
205
9
3
22
2
9
2
2
5
3
4
11
1
1
5
2
7
1
1
1
2
1
1
2
1
1
1
1
2
1
1
1
1
1
1
8222
184
1
3
36
16
2
3
20
27
6
1
16
1
3
2
1
1
1
8
1
1
2
2
4
2
1
1
1
1
1
1
1
1
1
1
1
10727
549
31
1
6
1
20
151
5
5
29
3
3
1
15
3
3
1
1
8
1
1
3
3
3
1
1
1
1
1
1
1
2
1
1
1
1
1
1
1
1
1
1
153
6189
810
62
651
28
193
17
24
3
10
4
6
11
2
3
2
3
1
4
1
1
1
2
2
1
2
1
1
1
1
1
1
4
2
1
1
2
1
1
1
1
1
4
111
8
4
130
4
1
17
4
2
2
1
8
5
2
3
1
1
3
1
1
1
2
1
1
1
1
6562
304
6350
1217
12
10
5
5
59
24
5
2
5
23
22
4
12
1
3
4
10
2
7
8
1
3
1
7
2
1
2
2
1
2
1
1
1
1562
12619
1422
1
5
22
2
17
30
1
3
1
2
2
12
1
3
1
4
10
3
1
1
1
1
3
1
1
1
4
1
1
2
1
1
1
1
12186
412
2
1632
24
42
73
29
56
2
26
21
4
18
15
12
43
4
19
3
1
2
6
3
3
1
1
1
10
1
1
2
1
1
2
1
2
1
1
2
1
1
1
1
2
1
1
1
4
6666
6251
5987
2063
72
17
1
72
28
1
1
15
9
6
6
5
2
1
12
1
3
3
1
3
2
11
1
2
3
1
1
1
4
2
1
1
1
2
1
1
139
6459
5839
2525
219
68
3
10
18
1
4
2
7
3
2
1
3
2
5
6
7
1
4
4
1
4
3
2
1
1
1
1
1
1
1
1
1
1
1
1
1
1
1
1
1
7982
9
63
342
227
47
20
107
1
2
4
1
2
4
6
20
1
2
1
4
1
1
2
4
1
1
1
2
2
1
1
1
1
1
2
1
2
1
1
2
1
1
7910
2
53
23
6
8
14
2
1
1
1
2
5
4
1
9
3
2
2
3
1
4
1
2
2
1
1
1
1
1
1
1
1
5995
1370
167
155
720
10
89
1
60
2
2
1
1
3
2
1
2
2
3
3
2
4
3
2
1
1
6
1
1
5
1
1
3
2
1
2
3
3
1
1
1
2
1
1
1
1
1
2
9
5
5
15
3
1
7
2
49
9
1
3
3
6
1
6
3
1
1
2
1
1
1
3
3
1
1
1
1
1
1
1
1
1
1
1
1
1
614
45
16
25
14
3
4
5
3
1
2
4
2
3
1
1
3
3
1
1
1
2
1
1
1
1
1
1
1
1
1
171
19
2
255
19
4
19
1
1
1
2
6
7
1
8
6
8
3
1
2
2
4
2
2
5
1
2
4
2
2
1
1
1
1
1
1
968
83
148
73
16
25
83
2
19
1
10
19
11
1
1
3
1
1
2
6
3
1
3
3
2
5
1
1
1
1
1
2
1
1
3
1
1
1
3
1
3
1
1
1
1
1
1
1
1
12976
26
719
12
41
24
4
19
2
12
1
2
6
1
2
1
1
8
1
3
3
1
3
1
1
1
1
1
2
3
1
1
1
1
1
1
1
1
1
1
1
1
1
59
15
2
118
136
1
6
3
1
7
1
7
1
2
2
13
10
9
2
1
2
1
2
3
1
4
5
4
3
2
5
2
1
1
1
1
1
4
1
4
1
1
1120
37
43
17
43
5
4
10
4
2
21
26
4
1
1
1
6
2
4
4
1
2
1
1
4701
5657
2313
8003
95
20
30
4
104
96
12
28
73
25
8
26
31
4
1
4
19
12
2
8
2
2
2
6
1
4
1
3
1
1
1
2
3
1
2
1
2
2
1
1
1
1
1
2272
12899
284
353
426
130
12
13
15
25
3
1
11
3
8
4
18
2
2
2
2
5
5
2
11
1
1
2
3
2
3
5
1
1
1
1
1
1
1
2
1
2
1
2
2
1
13475
993
45
158
128
1
136
9
1
1
1
7
6
3
28
8
2
10
1
3
5
2
5
3
1
2
6
4
1
1
2
4
1
1
1
1
1
1
1
1
1
1
1
12280
22
130
264
5
12
52
19
173
1
40
48
5
9
2
35
1
2
4
3
1
1
2
1
1
3
3
1
6
2
1
3
3
1
7
1
1
1
1
1
1
1
1
1
1
1
8417
6
62
11
38
1
4
2
1
6
3
4
1
3
2
2
1
1
2
1
1
5
1
1
1
2
1
1
1
1
1
1
1
8312
5537
6731
214
336
359
63
12
3
1
9
3
9
3
37
1
1
1
1
4
11
2
1
2
1
1
1
3
3
1
1
1
1
1
1
1
14734
16
1
9
2
4
17
2
15
1
2
1
4
21
4
4
3
5
1
1
6
2
3
1
2
7
3
1
1
2
2
2
1
1
1
2
2
2
1
1
2
1
1
1
1
6343
143
877
169
40
64
77
67
4
1
14
19
20
2
3
10
1
2
8
4
3
2
1
2
3
4
2
9
1
3
3
3
1
1
2
4
1
1
1
1
1
10298
8728
39
32
45
10
34
5
7
1
16
59
1
2
2
7
2
2
11
1
1
2
1
20
1
3
1
1
2
4
1
1
2
2
4
2
2
1
1
1
2
1
1
144
6580
534
1400
47
37
4
19
10
2
3
3
48
1
17
4
9
16
4
3
3
2
10
2
7
2
6
3
1
3
2
1
9
2
1
1
4
1
1
2
4
1
1
4
2
1
1
1
3
1
4
1
1
1
1
1
1
1
1
58
32
20
53
30
15
21
7
5
8
5
7
1
4
1
1
1
1
4
1
3
2
2
2
1
1
3
1
373
1
4
7
8
4
2
7
8
1
3
6
10
5
1
1
14
2
11
3
7
3
5
2
3
1
2
1
2
1
3
2
1
1
2
2
1
1
1
1
1
1
2
1
94
9282
7767
81
13
19
344
20
25
92
80
9
64
5
7
5
2
16
9
4
7
5
3
1
2
6
2
1
1
1
2
5
2
1
1
1
1
4
2
1
1
1
1
1
1
8614
511
14
50
6
1
1
37
16
2
5
3
1
1
2
2
5
2
5
2
2
2
1
1
2
1
3
2
1
1
1
3
1
1
1
1
6758
5228
1500
1211
4345
1061
1607
15
266
1
24
98
26
2
11
2
1
5
4
5
3
3
1
10
4
4
1
2
3
1
4
3
1
1
1
2
2
1
1
1
1
1
1
1
2
1
1
1
5134
451
200
4
25
23
7
38
1
9
5
1
5
1
1
5
4
2
1
2
5
2
1
1
2
1
1
3
1
1
1
1
1
1
1
1
14786
32
3
48
28
4
12
1
65
3
3
7
1
11
2
6
6
1
2
7
1
1
1
2
1
1
1
1
2
2
2
2
1
2
1
1
2
1
1
629
13793
818
216
5
4
194
21
43
91
15
7
1
1
5
3
1
7
2
1
8
8
2
4
7
7
4
1
1
3
2
1
3
1
2
1
1
1
1
1
1
1
1
1
1
1
1
1
1
274
553
534
920
31
38
26
25
7
8
1
1
4
2
1
1
5
2
4
2
2
3
1
2
1
1
1
1
1
1
1
1
1
1
1
1
1
1
1
1
10
10
1
7
4
3
4
1
6
1
2
2
1
7
2
2
4
1
1
2
7
1
1
1
1
1
1
1
1
2
1
1
1
1
1
1
1
1
1
1
1
678
559
5558
23
197
37
32
2
2
2
3
2
2
1
12
3
3
6
2
2
3
1
1
2
2
4
2
1
2
3
2
1
1
3
2
1
1
1
1
1
1
1
1
1
1
1
65
65
198
10
88
1
31
2
70
2
22
3
8
6
11
1
1
1
7
12
13
1
2
1
7
4
2
1
1
1
1
2
1
1
1
1
1
2
1
2
1
1
1
8227
4953
1107
129
1
1
148
8
2
1
2
4
5
2
4
1
2
4
1
3
2
3
2
1
1
1
2
3
1
3
1
1
1
2
1
1
1
1
2
1
8858
415
962
92
50
2
26
27
6
29
3
14
2
1
3
27
1
2
2
2
1
15
8
4
4
1
1
2
1
1
1
1
1
1
2
1
1
1
1
8125
5859
7207
3
42
22
231
15
1
27
2
74
10
3
2
31
5
2
3
4
7
1
2
13
1
3
3
5
8
10
4
3
1
1
2
1
1
1
1
1
1
1
1
1
1
9014
915
12
4
2
22
10
2
52
6
21
11
3
12
19
14
1
2
3
2
3
1
5
1
1
1
1
1
2
2
1
3
1
1
1
1
838
5483
1526
17
67
56
3
3
25
43
8
21
30
2
6
4
8
4
7
11
1
9
1
9
4
2
3
3
2
1
1
1
1
1
1
1
5
2
1
3
1
1
1
1
48
11
2
10
18
3
1
2
2
2
7
3
4
5
1
1
7
1
2
3
1
1
2
1
3
1
1
3
522
982
121
124
5
29
5
8
1
14
2
1
1
11
1
7
14
1
1
7
1
3
7
1
1
2
1
1
2
1
1
1
1
1
2
1
1
1
1
1
112
20
3
7
8
1
4
3
7
2
5
3
3
10
1
1
7
5
1
1
4
5
6
5
4
6
1
5
2
1
2
1
1
1
1
1
1
1
1
1
267
3
19
46
20
7
1
8
2
6
2
3
1
5
3
2
6
15
19
5
1
9
2
1
1
6
3
1
1
2
3
2
1
2
1
1
1
1
1
174
19
2
64
195
6
3
18
4
4
13
5
28
6
1
1
11
18
3
3
4
3
1
15
1
1
4
1
2
1
1
2
3
6
1
1
1
1
1
2
1
1
13889
55
65
1
3
8
61
7
8
12
4
5
19
2
11
5
5
2
12
1
3
4
2
1
1
1
2
2
1
2
1
1
1
1
2
1
1
1
1
1
1
629
6
101
4
13
30
6
3
20
1
5
21
10
3
2
1
26
1
1
1
4
2
5
9
1
1
1
1
2
2
2
1
2
4
1
1
1
1
1
1
1
7427
8120
710
82
186
116
71
2
4
7
50
2
75
2
7
12
1
5
6
1
4
1
2
1
2
2
1
1
3
1
2
1
1
2
1
1
1
1
1
1
1
1
4
18
19
7
39
4
10
1
5
2
27
1
19
25
2
3
1
13
2
3
3
1
1
1
1
1
2
1
1
1
2
3
2
1
1
1
2
1
1
107
9
2
11
13
7
6
49
1
2
2
1
12
3
1
1
17
5
4
9
3
3
4
2
5
2
1
1
2
1
1
2
2
2
1
1
1
1
1
1
1
1
1479
11250
1875
440
97
593
61
22
4
3
10
1
7
4
9
4
2
9
6
3
2
5
2
7
1
1
1
2
1
2
1
2
1
1
2
2
2
1
426
5
38
33
7
7
20
19
1
10
4
1
22
4
5
7
1
3
1
1
1
2
1
1
1
1
8328
39
6100
111
1131
535
11
3
1
49
14
1
13
8
3
2
5
2
7
1
3
6
4
2
1
1
1
1
1
1
1
1
1
588
13
1
15
3
12
2
52
15
1
1
2
3
5
3
2
6
1
2
1
5
1
1
2
2
1
2
1
2
1
3
1
1
1
1
1
1
2
1
1
1
1
1
484
16
3
31
163
10
2
9
20
1
4
2
1
2
3
11
2
2
1
1
3
17
1
8
4
2
1
1
2
2
1
2
1
1
2
1
1
1
1
1
1
2
1
2
1
2101
11135
1367
66
51
113
25
7
36
1
5
1
1
3
12
9
4
13
1
1
7
1
3
3
3
3
1
1
3
1
7
1
1
1
2
2
1
1
7650
31
263
10
212
73
15
31
3
6
19
4
2
12
4
12
2
1
2
1
7
1
1
2
1
2
2
3
2
1
1
2
1
1
1
1
3
1
2
1
1
1
2456
3898
1
489
2
23
6
54
1
49
1
1
1
3
3
1
3
2
1
2
9
9
1
3
1
2
2
2
2
2
2
1
1
1
2
2
1
1
1
1
1
1
1
1
4
4
10
19
8
26
2
2
2
9
36
19
19
2
1
1
3
3
4
2
2
1
1
1
4
2
1
2
1
2
1
2
1
1
1
1
1
1
1
1
352
3529
2
16
9
51
3
1
1
1
12
4
3
1
8
2
2
4
2
1
2
1
1
2
2
2
1
1
2
2
1
2
2
1
1
3
1
1
4
2
1
2
1
1
1
444
4717
1886
682
74
578
49
116
86
91
106
57
2
1
1
4
9
78
18
2
2
1
6
5
2
2
2
1
1
1
2
1
2
2
1
1
1
7657
82
48
6
1
13
24
10
2
1
40
3
4
2
26
3
7
22
1
1
11
2
5
1
1
1
3
2
1
1
3
2
1
1
1
1
1
1
5790
1098
529
89
101
50
5
2
15
1
28
3
2
3
24
1
1
1
2
8
2
2
3
3
1
12
1
1
6
5
6
3
2
3
1
1
1
2
1
9168
140
247
324
152
119
76
24
9
11
4
12
20
13
12
2
1
1
2
1
1
1
1
6
2
1
1
1
2
1
1
5
7
1
1
3
1
1
7527
1630
154
162
83
4
9
3
13
14
2
7
4
5
5
21
9
3
3
5
1
2
2
4
2
3
1
1
4
1
1
1
1
2
1
1
1
1
3
1
1
1
1
1
1
1
13337
704
323
35
29
22
8
2
1
3
1
17
3
3
5
1
4
1
1
1
1
1
5
2
3
2
2
1
1
1
1
1
1
1
1
1
1
1
1
1780
6528
40
328
165
133
27
4
133
79
17
19
13
2
2
36
5
2
2
24
2
1
1
2
2
2
3
3
1
1
1
2
4
1
2
3
2
7622
5860
26
11
26
11
1
1
4
3
2
9
2
9
4
5
1
1
1
3
1
1
2
1
9
1
2
2
1
2
1
1
1
1
2
1
2
1
7094
4
32
4
1
10
5
1
1
1
10
4
1
2
1
2
1
2
4
1
2
4
1
1
4
1
1
1
1
1
1
37
9
8
11
22
18
7
1
10
8
3
1
1
1
4
1
4
3
1
7
1
1
2
2
2
1
2
1
1
1
1
1
1
2
1
1
1
1
49
52
5
87
4
1
2
3
1
3
7
2
1
1
1
2
3
2
1
1
1
7
1
1
3
1
1
2
1
2
1
2
3
1
1
53
4
1
4
20
2
26
6
1
1
2
3
1
9
1
10
1
1
1
3
1
1
2
1
1
2
1
2
2
2
1
1
1
1
1
2
1
27
288
527
22
5
3
12
3
15
4
6
1
1
2
1
4
3
2
1
2
1
2
1
1
1
1
2
1
1
1
1
6
407
63
1
9
5
2
3
3
22
14
3
2
1
3
1
1
4
3
3
3
2
4
2
1
1
3
1
5
3
1
2
1
2
1
1
3
1
1
5
1
1
1
1
2
1
1
2424
3562
1212
22
1227
8
95
1
3
64
19
4
3
2
5
12
1
8
5
11
3
1
2
3
4
2
3
1
2
5
1
2
2
1
1
1
3
1
1
1
1
1
1
1
287
98
180
44
158
23
74
11
2
8
44
3
6
25
36
4
4
1
1
27
2
2
2
3
3
2
2
5
2
2
3
6
5
4
2
3
1
2
1
1
1
1
1
1
1
1
1
1
7005
17
40
2
1
2
89
3
4
14
2
8
3
1
3
1
1
1
2
3
4
2
11
2
5
1
3
3
4
1
1
2
1
1
1
1
1
7412
5
582
58
156
3
37
7
7
2
2
9
1
1
4
1
3
4
1
1
2
1
5
1
1
2
3
1
3
1
1
1
14342
1
15
1
1
5
1
3
6
1
5
5
3
14
3
2
3
1
1
2
1
2
1
1
1
1
1
2
2
1
5
1
1
1
1
1
1
1
1
1
1
1
3
2
1
1
1
1
14918
27
52
2
5
2
2
1
7
1
11
40
5
2
1
1
3
1
3
2
1
3
4
6
3
1
1
1
1
2
1
1
1
1
1
2
1
2
1
2
1
1
9681
44
7593
23
12
293
75
5
9
30
1
3
9
1
2
1
1
4
2
2
3
4
3
5
1
1
2
1
1
2
1
1
2
1
1
1
1
1245
5824
7364
631
942
5
1
5
6
6
1
4
4
15
1
2
7
2
3
6
10
2
1
1
4
8
6
5
1
1
8
2
10
2
4
3
1
1
2
2
2
1
2
1
3
2
1
1
1
1
47
33
74
5
2
4
7
1
5
7
10
1
6
27
11
1
4
1
1
16
5
1
1
6
1
6
3
1
1
2
1
2
2
1
1
1
2
1
1
1
1
1
7388
6966
4
48
14
24
16
147
35
427
25
4
42
58
3
21
9
1
2
7
3
6
3
3
3
9
10
2
3
1
2
1
1
1
1
1
1
1
1
1
9454
6282
2
159
27
272
3
32
2
7
14
27
1
5
5
17
5
4
1
6
1
1
7
2
1
1
1
1
1
1
1
1
1
1
1
2
1
1
6223
31
10
9
3
3
7
26
2
2
3
1
7
2
2
1
12
1
2
3
1
5
4
1
1
1
1
1
1
1
1
1
1
6053
1229
48
392
41
20
7
2
1
3
1
1
12
1
1
1
16
3
1
5
4
6
2
2
5
5
2
2
3
1
4
2
9
2
1
8
2
3
1
1
1
1
2
1
2
1
1
1
1
1
1
1
14674
3
155
99
7
9
8
27
4
7
11
13
1
6
3
14
1
1
7
12
2
4
1
1
5
1
1
6
2
1
2
1
2
1
1
1
1
1
2
1
1
1
1
1
1
5379
147
10
2
14
2
10
5
16
15
1
6
9
5
9
2
3
1
13
6
6
1
1
4
4
1
1
2
2
4
1
1
1
1
1
1
1
5070
1442
58
906
596
58
3
9
61
21
19
1
10
8
11
8
2
1
4
1
1
1
4
2
4
1
4
13
1
5
1
1
5
5
1
2
1
1
1
1
1
1
1
1
1
1
1
7444
1607
4751
9
16
3
2
35
56
1
12
3
1
1
15
10
3
1
12
4
13
1
4
1
2
5
1
3
1
1
4
1
1
1
2
2
1
1
1
1
2
2
1
1
1
14127
162
95
5
99
10
1
1
15
41
5
15
36
3
1
12
9
4
5
1
1
8
6
3
4
1
2
2
1
3
2
1
1
2
4
1
1
2
3
1
1
2
1
3
1
1
1
1
1
1
1
1
11
1
4
5
5
2
19
3
4
5
3
12
1
2
1
2
2
1
3
2
2
2
2
2
4
1
1
1
1
2
1
1
1
1
1
1
6088
2081
140
121
97
276
14
1
16
2
1
43
74
1
1
3
6
1
1
4
5
2
6
1
1
5
1
1
2
1
1
1
1
2
1
1
1
1
1
67
5
7
135
2
4
22
1
23
28
2
1
5
5
2
9
1
1
16
1
1
1
1
3
2
1
1
2
1
3
2
2
1
1
1
2
1
2
1
1
1
1
4738
2
4
38
23
2
1
14
3
1
6
1
1
1
1
1
5
9
1
6
2
2
3
2
1
2
2
1
2
1
1
1
1
1
4
1
1
1
6615
29
2
74
14
2
1
1
5
1
1
5
2
26
5
16
1
6
2
1
3
2
2
1
2
2
3
1
2
2
1
1
1
2
1
1
1
1
2698
167
34
41
21
21
63
21
1
1
11
7
6
8
2
2
1
2
1
1
1
3
1
1
1
1
5
2
2
3
1
1
1
1
1
1
1
1
8443
83
5
1
121
7
10
2
25
22
10
3
26
10
3
6
30
4
7
1
15
1
2
1
2
1
1
1
4
2
2
1
2
1
1
1
1
1
1
1
1
1
1
1
169
1191
51
3
4
5
82
47
18
3
1
3
1
1
1
1
4
1
1
2
1
2
1
1
1
1
1
2
1
1
89
7396
7560
126
32
389
2
14
18
4
21
4
20
3
6
5
4
30
6
2
1
6
1
1
2
2
1
1
1
1
2
3
2
1
2
2
1
1
1
1
8050
679
2217
87
2
7
71
6
34
3
10
6
23
6
9
7
3
4
1
4
10
2
1
3
3
5
3
1
3
5
1
2
1
1
1
1
1
2
1
2
1
1
1
1
1
1
26
9576
1136
25
2
16
22
77
291
11
43
1
63
2
1
1
2
1
1
2
15
1
35
5
5
2
3
1
3
2
1
1
1
2
1
2
1
1
1
1
1
1
1
1
1
2
4
1
57
7
3
3
1
1
2
2
7
5
1
7
1
1
3
1
1
1
1
1
1
1
1
1
5474
7316
711
10
374
60
10
11
83
11
17
3
6
1
6
12
7
8
8
2
1
3
3
7
1
3
1
1
2
4
1
1
2
2
1
3
1
1
1
2577
7254
277
15
52
3
1
23
22
4
10
18
1
4
2
13
3
2
8
2
2
7
2
1
8
1
1
4
1
1
2
1
1
3
2
1
1
1
2
2
1
1
1
1
1
4270
1459
113
971
2254
4
139
327
38
1
2
63
5
6
1
33
26
1
12
4
11
1
1
5
1
4
12
5
6
4
1
1
1
1
2
1
1
1
1
1
7158
66
926
833
127
27
31
4
1
16
1
2
2
1
4
5
1
1
2
1
4
1
3
1
2
1
2
5
1
1
2
1
2
1
2
1
1
2
2
1
1
1
1
1
1
14199
412
104
1
3
6
3
57
51
38
33
2
5
3
1
3
8
1
1
2
2
2
4
1
3
1
2
1
1
1
1
3
4
2
2
1
1
2
1
2
1
1
1
1
186
142
48
2
15
4
15
1
2
1
4
6
2
3
11
3
2
5
2
1
1
1
2
1
1
2
2
3
2
6
6
2
1
1
4
1
1
1
1
1
1
3
1
1
1
5045
9
436
48
5
21
24
69
38
32
2
1
3
16
9
5
4
3
4
2
2
2
1
1
2
2
1
1
1
1
1
8477
1897
54
43
5
1
101
103
2
45
14
1
2
2
1
2
2
6
1
2
1
2
1
1
2
5
3
1
1
1
1
1
2
1
2
1
1
1
1
1
1
1
6327
6736
5178
1913
1469
987
3
1
153
13
24
14
1
1
8
11
8
12
4
1
3
1
4
1
3
1
1
1
2
3
1
2
2
1
2
1
1
2
1
1
1
1
1
1
1
1
2
1
14
747
237
65
6
3
1
2
13
3
6
5
7
5
7
1
6
2
1
1
1
2
1
1
1
2
1
1
1
1
1
1
1
5646
6621
4961
378
2091
572
69
133
5
20
38
3
24
112
6
1
2
2
3
4
1
19
9
1
1
1
3
1
1
3
1
1
2
1
6
1
2
1
1
1
2
1
3
2
1
1
1
1
2968
5338
3
13
15
24
5
26
1
30
12
7
3
4
10
35
2
1
2
2
1
1
1
5
1
1
1
2
3
1
2
1
1
1
1
1
1
1
1
1
1
1
1
1
1
697
4062
774
396
4
9
1
3
7
2
15
4
16
4
2
8
1
1
2
1
2
1
4
1
1
2
2
1
1
1
1
1
28
1256
569
6
46
8
36
5
1
3
3
1
1
3
2
1
4
3
1
3
6
5
1
1
1
3
1
1
1
1
1
2
1
1
7267
176
123
622
3
1
5
5
4
2
6
3
6
3
2
1
7
6
2
1
1
1
2
2
2
3
1
1
2
1
1
1
1
2
1
1
1
1
1
237
264
327
439
1
60
181
1
32
8
10
11
1
6
9
2
4
5
1
5
1
1
1
1
3
2
3
4
1
1
2
1
1
3
1
1
1
1
1
9003
6334
2
85
5
12
4
42
72
2
2
3
2
1
6
4
2
6
1
1
1
1
3
1
1
1
1
1
2
1
1
1
2
1
1
1
1
742
211
1054
6
33
12
9
4
8
2
1
16
2
2
9
1
14
10
3
2
1
3
2
2
1
1
1
1
2
1
1
2
1
1
1
1
1
1
1
1
9668
253
263
94
167
4
134
15
1
49
3
2
3
2
1
3
5
1
7
4
1
1
8
1
2
2
4
2
2
1
2
2
1
1
2
2
1
1
1
3
579
79
9
180
6
104
5
2
4
15
36
1
6
10
1
3
3
1
3
3
5
2
1
4
1
1
1
1
1
3
1
1
1
1
1
1
1
9917
4
19
66
33
2
53
150
72
210
82
1
3
25
30
4
8
4
2
2
9
5
6
5
3
1
1
1
1
3
2
5
3
1
1
2
1
2
1
1
2
1
1
60
4
41
171
13
3
16
10
7
24
1
13
3
1
25
1
1
3
11
1
2
1
1
2
2
1
1
2
2
1
3
1
3
2
1
1
1
8016
4673
1219
588
156
19
99
49
34
43
2
2
10
1
2
3
1
1
2
8
3
3
2
2
1
6
1
2
4
4
2
1
1
1
1
1
2
1
1
1
1
1
1
251
3
14
178
65
6
1
2
11
1
4
1
14
1
5
10
6
1
1
1
1
1
6
7
1
2
3
1
1
6
1
1
1
5
1
2
1
2
1
1
1
2
1
188
2
219
3
19
16
24
6
2
2
6
3
1
10
13
1
2
6
3
5
1
2
1
9
1
2
1
1
1
3
1
1
2
1
2
1
1
1
1
3931
981
1156
166
34
20
7
120
8
4
1
1
14
5
1
2
16
13
1
2
3
2
1
2
4
1
1
1
1
2
1
3
1
1
2
1
1
1
1
104
5
2
21
2
53
5
20
18
5
41
4
1
2
13
12
8
1
5
1
1
1
1
1
1
1
1
1
1
12
1
196
26
2
3
6
7
1
14
8
7
1
2
5
2
4
1
1
1
3
1
1
1
1
1
1
1
1
1
11202
30
15
15
35
3
16
6
6
1
1
6
1
3
5
3
2
6
4
1
5
1
4
1
1
1
1
3
2
1
1
2
1
1
1
1
1
6263
6772
205
220
2
10
46
238
1
58
7
2
5
2
42
5
3
2
1
2
8
3
2
4
2
5
1
2
1
1
2
1
2
2
1
1
1
1
1
1
1
1
1
1
12028
1167
444
24
118
95
115
123
90
6
1
5
16
4
14
8
2
5
22
3
2
2
3
1
15
1
2
2
2
2
5
2
1
1
1
1
3
3
1
1
1
1
2
1
2
1
1
1
1
7944
4066
552
1
5
7
4
1
2
4
6
4
1
10
2
1
1
2
1
1
2
1
1
1
1
1
6993
7178
7008
671
139
12
12
19
11
1
3
7
3
2
6
1
8
1
1
2
3
1
1
2
1
3
1
2
2
1
1
2
1
5
1
1
9
17
8
13
4
6
6
6
7
14
1
6
7
2
1
1
1
1
1
1
1
1
2
1
2
2
1
6883
5104
562
130
64
25
13
8
5
16
2
6
7
7
1
3
9
2
1
2
2
4
1
1
4
1
1
1
1
2
1
1
1
1
2
687
6540
819
5896
5146
1989
754
81
31
138
341
140
576
216
98
4
48
4
5
1
16
5
1
1
4
1
2
6
5
2
5
1
2
4
9
2
3
1
1
3
1
2
1
2
1
1
1
1
1
1
1
1
1
7380
7
10
9
2
7
2
4
1
8
1
5
1
4
4
2
3
4
6
2
2
4
2
1
1
1
1
1
3
1
1
1
1
1
1
1
1
6983
8093
162
77
124
23
7
19
2
3
4
19
130
1
10
2
12
2
9
5
2
3
1
1
9
3
2
1
1
1
2
3
2
1
1
1
1
1
1
1
2
1
1
1
1
1
1
7626
7
69
70
13
9
12
18
42
6
1
82
47
29
2
4
3
4
2
5
1
2
1
3
1
1
1
1
1
1
7884
3
627
4
132
14
39
4
1
4
2
2
1
2
3
1
2
2
2
1
1
4
1
1
1
1
1
1
1
1
1
2
1
1
1
1
1
1
1
1
1
1
1
1
2
1
1
15
188
10
60
11
12
6
2
24
25
17
2
2
10
6
1
3
1
2
1
1
1
3
2
3
2
2
1
3
1
1
1
5386
1145
375
64
384
19
8
44
1
10
14
12
1
15
13
3
1
4
2
5
3
1
3
1
3
2
1
1
2
2
1
1
1
1
1
2
2
1
7372
29
292
42
2
4
2
1
4
1
4
3
7
3
5
1
2
2
1
15
2
6
3
1
4
1
1
1
3
1
2
1
1
1
1
1
1
1
1
1
10
41
460
33
60
2
35
1
12
1
2
5
3
5
2
5
1
1
4
6
1
1
1
1
1
1
1
14655
2
19
6
10
30
1
4
19
10
7
2
2
1
4
7
1
1
4
7
5
5
7
2
2
2
2
1
1
1
2
1
1
10039
6501
593
629
41
2
5
8
5
12
2
2
1
9
23
8
2
2
2
3
4
2
1
3
1
1
1
1
1
3
1
2
3
1
1
1
1
1
1
1
1
5848
4
34
4
23
3
23
25
11
10
1
2
1
1
4
1
6
2
1
2
2
3
1
4
3
1
1
2
1
1
1
1
1
3
1
1
2
1
2
1
1
1
1
6558
5799
851
125
1496
1251
51
13
2
2
3
1
1
24
3
1
1
6
2
1
1
2
1
2
3
2
1
1
2
1
1
1
1
1861
4892
5799
12
42
58
6
90
8
61
90
38
11
1
9
15
20
1
8
9
3
2
2
4
3
3
1
2
1
9
2
1
1
2
2
1
1
1
1
1
1
1
2
1
2
1
1
8082
72
336
5
46
28
5
13
7
1
1
1
4
16
6
7
1
3
1
2
6
1
4
11
1
1
1
1
3
1
1
2
1
1
14
1907
13
46
46
83
2
19
9
11
5
1
5
5
1
2
2
1
1
1
2
3
2
1
4
4
1
1
1
1
1
1
2
1
3
1
2
1
1
5451
1495
19
156
292
76
5
4
58
34
6
1
8
3
2
12
10
4
5
12
2
1
5
4
1
1
1
6
6
2
1
6
1
2
2
1
2
1
1
1
1
1
5919
106
247
6784
544
1131
76
8
7
1
24
5
36
1
27
1
17
4
1
7
2
2
3
5
1
1
2
4
5
5
1
1
1
22
1
1
1
1
1
2
1
1
1
1
2199
5156
1014
1
106
104
17
17
14
3
3
20
6
1
2
11
26
5
3
3
2
1
1
5
2
1
2
4
2
3
1
6
5
4
3
1
3
1
1
2
2
1
1
1
1
1
1
1
1
2
1
2
37
125
3
22
5
5
6
8
7
5
4
1
1
4
5
1
2
4
2
2
1
4
2
2
2
1
1
1
2
1
1
1
1
1
2
1
1
1
2
2388
13
100
25
257
61
588
67
34
59
127
59
31
6
2
5
3
10
36
6
8
25
9
6
3
2
1
2
2
1
2
1
1
3
3
2
1
2
1
1
2
1
1
1
1
1
1
780
59
21
97
5
151
12
7
32
4
19
1
4
1
1
2
12
1
4
1
4
9
2
2
2
2
1
4
1
1
1
1
1
1223
335
2
155
2
2
6
24
21
3
8
4
23
5
3
2
13
1
3
4
1
2
1
1
3
1
2
1
7
2
1
1
1
1
1
2
12434
24
108
75
126
89
132
27
15
2
2
13
4
1
7
1
11
6
2
1
8
2
8
4
2
1
2
6
3
2
1
1
2
1
4
2
1
1
1
1
14773
9
5
117
31
20
9
52
5
8
39
6
4
5
5
2
8
7
1
2
1
1
5
4
1
2
1
1
1
1
1
1
1
1
1
1
1
1
1
1
1
1
1
1
8283
936
601
15
137
18
8
8
2
19
8
12
1
7
4
4
1
3
3
5
2
4
4
1
1
3
3
5
2
1
1
2
1
2
1
1
1
4
1
1
1
1
1
3
1
1
2
1
1
249
30
7
182
8
1
4
18
18
1
13
27
1
13
1
6
2
4
2
1
1
3
2
1
1
1
1
2
2
1
1
1
1
1
1
337
128
1
3
278
43
13
4
3
13
7
7
3
5
1
1
1
4
1
1
5
3
1
3
2
3
2
1
1
1
3
6
1
3
1
2
2
2
3
1
1
1
7011
2774
167
121
4
103
1
33
11
7
5
9
1
3
1
2
1
1
2
4
1
6
2
1
1
1
2
2
2
3
1
3
1
1
1
1
6547
6107
3092
906
184
33
11
5
8
7
5
13
21
2
29
5
12
2
4
6
3
1
1
2
1
1
2
2
5
2
5
10
3
3
1
1
1
3
1
2
1
1
2
1
1
1
1
11703
410
2
128
434
249
142
45
10
1
5
10
8
1
7
9
11
4
8
6
1
9
2
2
1
1
1
2
1
4
4
5
1
1
1
1
7693
4997
56
1296
163
4
17
2
89
5
16
28
1
13
1
3
2
2
1
1
2
3
1
1
3
2
1
1
1
1
1
1
145
2
16
3
28
11
1
4
13
8
3
4
1
1
2
1
1
2
3
3
4
1
1
1
1
2
1
1
1
1
1
1
1
7602
6438
864
279
126
25
188
46
6
2
1
7
6
1
11
2
5
4
4
2
4
1
2
2
7
1
1
3
1
2
2
2
1
2
1
2
1
1
1
1
1
1
1
1
1
693
227
68
7
1
19
5
1
15
6
1
2
19
1
4
9
2
2
6
2
3
3
1
5
1
2
1
1
1
4
1
1
1
1
1
1
1
1
14386
1
205
6
4
9
6
1
5
18
1
30
1
1
11
7
2
8
1
1
2
4
2
3
3
9
5
1
1
3
1
1
1
1
1
1
1
1
1
1
1
1
53
225
4
2
5
1
1
18
1
3
2
3
2
3
3
2
1
1
6
1
1
1
1
9033
7324
93
127
277
142
7
119
5
88
15
35
17
1
1
6
2
1
1
1
1
1
10
5
14
3
1
3
3
6
1
1
2
1
3
1
1
1
1
4
1
1
2
1
1
1
1
1
1
1999
33
2
32
83
105
10
47
5
2
7
1
19
1
1
3
1
3
1
11
1
2
1
4
1
3
2
2
1
4
1
1
3
3
1
1
2
1
1
1
2
1
1
1
8807
6210
55
49
62
5
36
2
6
3
38
6
18
1
2
4
1
1
3
1
1
1
1
1
1
1
1
1
1
1
1423
8441
4812
60
109
31
3
3
1
18
61
18
3
8
1
2
3
13
24
10
10
8
1
2
1
2
1
1
1
2
1
1
2
1
1
1
1
1
1
12
73
45
2
18
18
2
14
2
2
3
1
4
1
2
1
1
2
1
1
1
7
1
1
1
1
1
1
1
1
1
1
1225
129
5
28
12
41
36
2
1
1
8
2
3
9
1
5
2
6
6
2
1
2
2
2
1
1
3
4
3
1
1
1
1
1
2
1
1
2
2
3
1
1
1
1
1
7097
240
1
409
5
1
5
2
1
10
40
3
3
2
12
1
1
3
2
6
6
3
2
1
1
1
1
1
3
1
2
2
2
1
2
1
2
2
1
1
1
1
1
1
3
2
1
3
1
1
1
1
1
1215
21
1
10
20
7
3
56
4
1
3
1
10
13
4
1
1
3
1
1
1
1
3
1
1
4
1
1
2
1
1
1
1
1
1
725
4
628
318
156
6
1
19
2
4
44
3
8
1
7
1
3
1
8
1
1
6
1
4
2
2
2
1
1
6
1
1
2
1
1
2
2
1
14525
25
68
2
85
1
1
1
1
4
1
30
9
2
10
8
2
2
1
6
2
1
3
1
2
5
1
2
3
1
3
1
1
2
1
1
1
1
1
9738
7016
125
4
145
50
11
16
2
2
1
1
4
3
1
1
2
2
4
10
3
1
3
1
1
1
1
1
1
2
1
1
1
498
415
2
695
2
1
26
4
1
1
3
6
1
1
1
2
1
4
1
5
1
2
2
2
2
2
1
1
1
2
2
660
153
3
164
6
2
9
3
7
5
3
3
7
5
1
3
6
2
2
2
1
1
5
5
1
1
2
1
3
1
1
1
1
1
2
1
1
1
1
1
1
1
12
19
11
15
10
3
4
6
2
1
2
1
1
3
5
1
1
1
1
4
5
1
2
2
1
3
1
2
1
1
1
1
1
1
1
1466
8692
7036
183
43
164
3
1
1
20
1
5
3
16
2
8
33
2
2
2
1
4
1
1
3
3
1
2
1
1
1
1
1
1
2
1
1
1
1
1
1
7214
386
607
87
3
108
2
12
1
13
3
1
7
2
2
3
1
2
2
1
1
1
2
2
1
3
1
1
1
1
1047
71
5
18
103
63
4
11
4
1
14
1
1
3
5
7
3
1
15
1
1
2
3
3
2
1
1
2
3
1
1
2
1
1
1
1
1
13143
3
1
15
7
21
149
1
11
11
4
2
13
4
2
1
3
1
4
2
2
1
3
4
2
21
2
2
1
3
1
4
2
3
1
1
1
3
1
1
1
1
1
7766
6
38
2
3
3
7
18
17
17
13
6
4
5
1
3
1
2
1
2
1
1
1
6
1
2
3
1
1
1
1
1
1
1
6523
36
10
762
57
5
14
7
7
10
25
23
3
8
13
6
1
3
2
3
3
1
1
2
2
1
1
1
1
1
1
4374
3360
760
7167
103
5875
88
40
76
5
194
25
1
1
18
10
3
3
1
4
6
14
7
1
9
1
5
5
2
4
1
16
4
3
1
1
1
1
2
3
2
2
2
1
1
1
1
1
4577
771
3463
2742
906
190
950
195
85
21
95
2
4
23
38
2
8
10
9
4
2
2
1
1
6
1
8
1
3
1
1
1
1
1
1
1
1
1
5895
1658
792
1
38
722
8
4
8
22
34
23
2
2
1
1
3
2
3
4
2
2
4
1
1
1
1
2
1
1
1
1
1
1
1
340
65
5
31
5
5
2
4
6
4
5
1
1
2
1
2
1
3
3
2
1
1
1
2
1
1
2
1
1
6717
22
39
15
14
19
3
2
15
15
15
1
1
12
12
1
2
4
3
3
7
1
9
2
1
2
2
1
1
1
1
3
3
62
42
3
98
109
2
1
10
6
2
3
1
6
2
3
1
1
1
2
1
1
1
1
5228
5
31
101
3
3
12
4
5
4
2
16
1
4
1
3
1
1
4
3
1
2
1
1
1
1
2
1
1
1
1
1
1
5
1
1
1
7695
7
5608
60
217
45
13
1
4
14
30
1
5
6
2
6
18
1
1
1
1
1
3
5
2
3
1
3
3
1
2
1
1
4
2
1
1
1
1
1
1
1
10106
1517
62
220
61
6
1
11
4
5
1
2
1
7
1
3
5
7
1
5
4
1
1
1
1
1
1
1
1
1
1
1
1
1
1
1
1
1
6359
1
14
30
106
46
68
9
10
5
21
2
12
16
2
6
19
8
8
12
2
1
4
1
1
6
1
3
2
3
5
1
1
1
2
1
2
2
2
2
2
1
1
1
1
9636
5239
204
1
6
279
29
39
2
2
33
1
5
2
4
1
4
4
1
5
3
6
3
1
2
2
1
1
9480
9
77
97
2
39
5
2
8
1
11
17
1
1
1
6
14
3
2
1
1
1
2
2
1
3
6
1
1
1
2
4
1
2
1
1
1
1
1
1
1
1
1
1
1
1
1
1
1
75
36
11
15
47
71
1
1
8
6
2
16
3
5
2
2
1
5
7
2
1
1
1
1
3
4
19
4
1
1
1
1
2
1
2
7017
8678
96
37
92
122
14
12
2
75
9
5
1
2
3
3
1
1
10
3
1
1
1
1
1
2
1
2
2
1
1
1
1
1
1
1
7
124
28
61
3
122
2
7
8
10
9
1
6
17
2
13
7
14
4
1
1
2
1
1
1
4
1
2
2
1
1
2
2
1
1
1
1
1
1
1
345
22
20
1
3
2
4
1
1
4
1
7
1
10
1
8
1
3
2
1
1
1
1
2
3
1
1
1
1
1
1
4806
24
18
7
7
2
1
84
6
22
16
4
10
1
9
19
7
1
2
1
1
3
1
2
5
1
1
2
1
1
3
1
1
1
1
1
1
6051
2266
5
2
1
10
3
11
3
2
4
20
16
12
3
5
3
3
1
1
11
1
1
3
14
4
1
13
3
4
2
5
2
1
4
4
1
3
1
1
1
1
1
1
1
1
13503
469
14
2
222
356
98
3
18
21
350
41
7
16
1
10
10
3
6
2
1
1
43
8
6
1
2
2
4
7
1
1
3
3
1
1
1
1
1
1
7365
1842
444
296
15
47
17
40
9
1
27
15
7
29
5
3
1
2
5
1
2
2
6
3
1
5
1
1
8
1
1
1
1
1
1
1
2
1
2
1
895
819
485
2
1
2
7
8
16
2
51
1
3
3
1
5
4
4
10
3
1
1
2
1
2
1
1
5
1
1
1
2
1
1
1
1
1
1
1
1
1
1
1
1
10721
5349
9
356
21
23
40
49
4
3
56
4
8
3
7
1
1
1
2
1
1
3
4
1
2
1
2
1
1
4
1
2
1
2
2
1
1
1
1
1
107
15
3
29
62
7
8
11
2
11
8
1
2
3
2
12
5
4
8
5
5
2
1
1
1
1
3
1
1
1
1
1
1
1
14177
2
215
3
2
12
12
2
41
2
5
3
15
1
3
11
1
2
1
1
6
1
1
1
2
1
3
1
2
1
1
2
1
1
1
1
1
1
1
1
1
2
1
1
6875
7368
760
4
46
1
52
3
5
6
6
5
8
1
2
14
7
7
11
5
4
3
5
2
1
2
2
1
2
2
1
1
1
2
1
1
1
1
2
1
1
1
25
1
39
33
1
4
1
41
9
5
2
5
1
1
1
6
2
1
1
1
2
3
1
3
1
3
1
1
2
2
1
2
1
4
2
1
4
1
1
3
1
2
1
1
2
1
9493
6389
208
715
65
108
47
37
2
6
9
14
4
1
6
5
3
4
1
6
1
3
1
2
3
1
3
1
1
2
2
1
1
2
1
2
1
2
2
1
1
2
1
1
1
1
1
1
1
177
6511
64
351
380
1
7
131
8
41
1
1
10
11
1
10
7
4
11
1
3
1
2
4
3
1
4
2
3
1
2
3
1
1
1
1
1
2
2
1
1
1
6648
5317
7324
1847
45
74
1
50
58
15
14
7
19
3
1
7
20
8
1
1
2
1
2
3
2
2
2
2
1
1
3
2
1
1
1
1
1
1791
6750
294
1
7
3
1
12
146
3
2
5
1
2
12
6
2
1
6
1
1
2
1
2
1
1
2
6
996
205
3
1
77
4
61
4
1
2
9
2
3
1
1
1
4
2
1
1
2
1
1
3
1
1
3
1
2
1
1
1
1
1
3
1355
41
3
4
108
3
1
10
26
7
6
5
1
1
6
2
4
6
1
3
7
2
1
2
1
1
1
2
1
1
1
1
6754
5562
4484
290
2216
674
1622
115
294
10
2
22
1
2
23
16
1
6
1
5
1
1
2
11
3
2
1
14
2
1
3
3
1
3
1
1
1
2
1
1
1
1
1
1
1
1
4160
224
36
84
115
26
11
13
29
4
1
2
8
10
3
3
3
1
1
1
1
1
2
1
1
1
1
6952
7
3
49
68
3
1
3
2
2
6
3
16
11
6
14
4
1
3
1
1
2
1
1
1
1
1
1
1
3
1
1
2
1514
1233
6
55
24
4
29
2
3
8
40
3
4
2
2
2
1
1
2
5
1
1
5
2
2
2
1
1
1
1
1
1
1
1
1
2
1
1
1192
177
246
58
2
1
80
2
3
26
22
19
1
3
1
2
4
2
1
7
1
1
2
2
1
2
1
1
1
223
1116
34
7
30
31
7
4
29
2
23
5
4
12
1
2
11
3
1
1
1
1
2
1
1
1
1
2
1
1
1
1
3
2
1
5736
6384
2197
5164
58
1154
10
321
9
23
3
15
2
6
6
1
6
4
1
4
1
3
2
1
4
1
1
1
1
1
1
2
1
1
5
1
2
1
2
1
1
1
1
1
1
1
5
6180
117
574
16
30
75
9
19
19
6
6
2
10
1
2
8
6
2
1
4
5
2
2
1
1
14
1
2
2
4
1
5
3
1
2
2
1
1
1
1
1
1
1
1
1
1573
7350
7310
5124
666
279
234
12
5
11
3
101
1
28
1
3
12
21
13
3
4
1
1
3
1
2
9
1
3
2
1
1
1
1
2
3
1
1
3
2
1
1
1
1
1
1
1
1
2
2
1
1
1
1
6337
1186
32
2
32
5
76
55
12
1
3
7
4
1
4
6
1
5
8
5
1
2
3
1
1
1
5
2
1
2
1
2
1
2
1
1
3
2
1
1
1
1
4
1
2
1
2
1
2357
193
9
126
131
12
5
23
7
2
1
3
1
1
1
3
1
2
1
1
2
1
1
2
1
1
1
2
1
1
1
1
2388
8049
5399
7
8
247
20
22
4
1
7
8
2
6
22
2
4
2
4
1
1
1
3
1
1
1
2
1
1
1
3
2
1
1
1
1
1
6204
9706
101
19
20
8
13
14
3
1
5
1
1
2
5
1
1
1
1
1
1
2
14554
59
78
27
75
13
3
86
1
1
4
3
1
21
3
13
2
5
6
1
1
3
6
2
1
8
3
3
2
3
1
1
2
1
1
1
2081
6004
438
2
11
6
59
30
3
5
9
16
6
4
1
1
2
1
3
2
1
2
1
1
4
1
2
1
2
1
1
1
1
1
1340
7763
549
31
15
9
3
7
4
1
14
2
1
1
10
2
2
10
2
3
4
1
4
1
1
2
1
1
1
1
2
3
1
5
2
1
2
1
1
1
2
1
1
1
1
5656
6258
2578
161
38
25
77
1
8
10
1
5
71
45
2
11
3
1
10
2
5
2
3
2
1
1
3
1
2
1
1
4
1
1
1
1
1
1
225
5
59
1
3
3
2
1
2
7
2
1
2
3
1
1
1
1
7
1
5
1
3
1
1
1
1
1
1
1
1
6394
5079
2
78
1570
17
4
2
1
69
24
2
5
1
1
4
1
1
1
1
5
3
2
1
2
2
1
1
1
2
2
2
1
1
2
1
14451
11
9
83
10
120
10
2
1
1
1
2
2
2
6
2
3
5
8
2
3
4
3
2
3
2
6
4
3
3
1
2
1
2
1
2
1
2
1
1
1
1
1
4057
2693
724
232
23
9
2
11
8
3
1
17
3
1
2
5
4
4
10
3
2
9
2
8
1
6
1
1
1
3
1
2
1
1
1
1
1
1
1
1
972
38
6
135
3
7
10
6
11
1
4
1
1
13
11
3
1
1
4
3
1
2
4
1
5
1
3
1
1
2
1
4
1
1
1
1
1
1
1
1
1
1
2148
3133
9718
520
73
180
57
98
1
20
24
2
5
13
31
2
1
7
18
3
3
9
1
5
2
7
1
10
1
4
4
1
1
1
4
1
1
2
1
1
1
2
2
1
1
1
2
1
1
1
1
8500
483
443
54
71
134
10
1
12
44
3
6
12
3
9
7
3
5
3
3
1
1
5
1
3
4
1
3
3
1
4
3
1
1
1
3
1
1
2
1
1
1
1
1
1
2
320
308
3
77
196
33
115
77
84
2
4
6
1
4
4
5
3
2
6
1
2
1
1
1
1
1
1
2
1
1
1
108
524
10
34
101
126
121
1
130
5
19
4
2
2
3
16
8
17
38
5
3
2
3
1
1
1
3
1
1
2
3
2
1
1
1
1
1
2
1
1
1
444
109
53
33
19
1
3
13
1
5
3
1
1
15
1
2
2
5
7
2
3
1
2
2
4
2
1
3
1
1
3
1
1
1
1
1
1
6956
53
3053
153
3
201
2
59
2
7
24
12
2
4
4
16
2
31
3
3
2
27
3
5
6
4
1
4
3
2
11
3
2
2
3
10
2
3
1
1
1
1
6
1
1
2
1
1
2
1
9278
2591
4662
1
2
10
1
7
4
24
9
16
2
1
11
8
2
12
1
1
2
2
2
1
1
1
2
2
1
1
1
1
1
6586
468
41
11
281
10
4
7
5
2
4
29
5
1
4
1
11
5
1
1
2
1
1
3
1
1
1
1
1
6
1
1
3
1
1
1
1
7157
51
5
72
74
6
5
28
9
6
1
1
1
10
3
1
3
2
7
6
1
6
1
3
2
1
1
1
4
1
1
1
1
1
1
1
1
2
1
1
9
1374
265
72
9
6
71
2
9
1
10
28
1
30
1
2
9
2
4
1
1
1
2
1
5
1
10
1
1
2
3
2
1
2
1
1
1
1
1
1
1
1
1763
4133
5
109
355
24
181
4
17
9
41
15
17
25
21
3
1
1
2
2
1
1
1
2
2
1
3
1
1
1
1
1
1
1
1
2
1
1
1
1
1
1
1
6388
266
23
42
1
3
2
4
1
5
10
3
1
3
13
2
1
1
1
1
1
1
4
1
2
1
1
1
2
1
1
1
1
26
123
18
1
84
1
28
82
27
6
9
3
7
3
2
4
1
16
4
6
5
1
2
8
1
3
4
1
1
1
1
1
1
1
1
1
1
1
6883
2242
6836
4043
29
9
222
113
37
138
8
120
1
50
16
21
2
1
19
9
1
2
4
1
20
1
3
5
1
4
2
1
1
1
2
1
1
3
1
2
1
2
1
1
2333
4
14
10
77
1
34
34
91
36
22
3
9
6
1
1
2
2
2
1
1
5
2
1
1
1
2
5
2
1
2
4
1
1
5
1
1
1
1
1
2
6233
21
55
3
10
32
17
9
3
19
5
2
1
1
1
2
2
4
1
2
2
3
1
1
2
4
4
2
2
1
3
1
1
6
1
3
3
1
2
1
1
1
851
3646
4884
2614
980
1
17
133
14
19
8
20
1
2
1
5
4
1
4
1
1
1
2
1
1
1
3
1
1
1
1
3
1
1
1
1
1
1220
106
11
14
14
13
30
4
3
9
4
7
4
5
12
5
1
2
2
4
1
5
3
2
2
1
2
2
3
1
2
1
5
2
1
1
3
1
1
1
1
15
29
3
58
20
22
3
1
1
5
1
1
2
6
9
2
2
6
1
5
2
4
1
3
7
2
3
2
3
1
1
1
1
9666
19
7
4
2
29
1
6
2
8
2
6
27
2
1
1
3
2
1
1
1
2
3
1
1
2
2
1
1
1
1
1
1
1
1
1
1
14
3
30
14
12
2
18
63
12
18
8
13
1
21
4
15
1
10
1
1
1
1
2
2
1
1
1
1
1
1
1
2
1
1
1
7390
7262
103
6316
561
192
1
73
1
1
1
1
4
3
6
4
1
1
2
3
1
2
3
2
1
3
1
1
1
2
1
6402
6363
7169
558
199
16
353
862
97
347
59
40
36
7
1
1
1
15
3
3
5
2
3
3
3
3
1
2
3
8
1
2
2
1
2
1
2
1
1
1
1
1
1
1
1
1
1
7547
6918
20
53
513
43
8
11
2
6
30
1
1
1
12
1
1
2
1
1
2
1
1
1
1
1
2
1
2
3
2
1
1
1
1
1
1
1
13191
489
43
97
235
52
1
2
16
8
42
1
2
8
1
10
9
5
11
1
1
1
2
1
1
1
1
1
1
1
1
1
1
1
1
1
1
8948
192
333
145
39
55
30
19
55
2
16
12
2
5
4
1
5
2
8
3
3
5
1
13
4
2
1
1
2
4
2
4
1
1
1
1
119
4361
1904
32
137
25
1
6
3
2
1
3
1
1
5
2
15
2
2
2
2
1
1
1
1
1
1
1
1
1
1
1
1
947
53
5
21
1
3
3
18
5
3
2
2
2
3
1
1
1
3
3
1
1
2
1
1
3
2
1
1
2
2
1
1
7814
558
4723
442
39
24
5
5
85
1
2
14
23
2
1
4
6
2
4
2
2
1
1
1
1
1
1
1
1
1
2
1
1
1
1
1
2
1
1
10204
1563
5343
328
317
2
10
3
15
1
23
18
9
28
5
1
2
1
1
4
5
2
17
1
3
5
3
1
1
2
3
1
1
1
2
1
2
1
1
1
2
1
1
1
1
1
1
5937
6722
9
53
3
1
1
3
12
2
5
5
1
19
2
4
2
3
2
7
1
1
4
2
2
1
3
1
1
2
1
4
2
1
1
1
1
2
2
2
1
1
1
1
1
60
89
15
63
96
27
10
4
23
8
2
33
40
2
2
4
1
1
1
1
1
1
1
1
1
1
1
3
1
1
1
1
2
1
1
1
1448
5082
3098
162
54
7
6
74
26
3
12
41
38
1
3
2
2
3
8
1
1
3
3
2
1
3
1
1
1
2
1
1
2
2
1
1
1
2
1
1
1
1
1
1
1
1
1
1506
401
6
3
25
58
1
9
26
2
1
3
7
15
19
1
9
1
12
1
2
3
1
3
1
1
1
1
1
2
1
1
1
1
177
53
47
6
1
4
21
14
13
3
2
2
1
13
4
1
1
2
2
2
1
1
1
1
1
1
1
2
2
1
2
1
1
1
2
444
2380
1
13
1
1
1
1
16
25
15
1
17
2
5
3
3
3
3
1
3
2
3
1
1
1
3
1
1
1
1
11210
3632
454
5
50
255
3
37
1
6
29
7
14
3
1
2
1
4
2
6
2
1
3
5
1
1
1
1
1
1
14695
104
329
47
8
10
20
106
3
2
6
4
1
2
1
3
2
3
16
6
2
5
2
1
1
2
1
1
1
4
1
1
1
3
1
1
2
1
1
9127
1106
4
28
1
6
1
11
3
24
5
4
3
1
4
2
5
7
1
3
3
1
3
3
2
1
1
2
1
1
4
1
3
1
1
2
1
2
1
1
1
1
2
1
1
1
1
6068
112
455
32
17
15
18
4
44
28
2
20
18
9
2
2
1
14
2
4
2
4
7
5
1
1
5
2
2
1
1
2
1
1
1
1
1
1
1
1
1
265
11
76
152
8
4
7
1
4
4
3
26
7
8
2
2
15
1
5
8
1
1
2
1
1
1
1
1
3
1
2
1
1
3
1
1
1
2
1
1
107
1
10
17
10
2
3
22
2
7
5
1
1
5
1
1
1
11
2
2
6
5
1
2
1
1
1
1
1
1
1
1
1
6702
6752
509
71
976
202
43
786
318
5
29
17
2
59
12
14
2
12
10
5
6
4
1
3
6
1
3
5
2
1
2
1
1
1
2
3
1
2
1
1
1
2
1
1
1
1
1
1
245
672
39
22
23
37
2
12
21
7
34
70
4
5
3
1
3
2
6
1
1
2
4
3
5
1
2
1
1
5
2
1
1
2
2
1
2
1
1
1
1
14158
86
10
1
11
33
50
86
2
1
7
3
1
7
3
10
1
3
4
1
2
1
7
1
2
2
3
1
1
2
2
2
1
1
1
1
1
1
1
1
1
8214
6928
5
60
201
11
275
67
12
9
82
39
51
5
3
48
9
1
29
2
22
2
14
5
3
2
1
2
1
1
1
1
1
1
2
2
1
1
1
1
1
1
6034
1297
16
115
6
11
5
4
12
3
10
8
7
4
1
3
2
5
9
1
8
1
3
3
1
2
5
1
3
2
2
1
5
2
1
1
2
1
1
1
7108
14
3
9
16
2
18
52
16
3
13
1
2
1
11
1
1
1
10
1
5
2
1
2
1
4
1
2
2
1
1
1
2
9001
5260
214
70
213
24
404
1
52
20
2
16
2
2
8
8
1
1
43
3
1
7
7
2
2
2
3
2
1
12
3
2
1
1
2
2
1
1
2
2
1
1
1
1
1
1
1
1
92
213
29
2
14
1
103
79
11
5
1
2
2
12
2
2
2
1
1
1
2
2
3
1
1
2
1
1
3
1
2
3
1
1
1
1828
14076
167
15
2
8
7
6
30
4
2
2
3
6
2
3
1
9
4
1
6
2
2
2
2
2
1
1
2
1
1
1
1
3
1
1
1
1
1
45
241
8
1
13
3
6
2
1
3
2
1
4
2
9
5
2
6
3
1
1
1
2
1
1
1
1
1
1
2
1
1
1
1
1
1
1
1
1
1
1
4882
7833
1129
30
183
36
1
9
14
28
2
5
1
6
1
5
1
7
1
11
1
1
3
2
2
1
1
1
1
1
2
2
1
1
1
2
1
1
3
7
4
1
6
1
2
2
5
5
10
2
18
1
2
4
3
1
4
4
3
2
1
4
3
1
1
1
4
1
5
1
1
2
1
1
1
705
13816
301
1
9
40
34
30
5
11
8
2
4
12
8
4
4
1
2
1
1
2
1
1
3
1
1
1
1
2
2
1
1
1
1
1
1
1
1
1
1
32
1
33
3
3
2
3
2
2
2
5
2
4
1
2
1
1
2
1
2
1
2
1
1
2
2
1
1
5751
99
682
1101
85
4
8
19
31
6
2
7
1
2
2
1
3
11
6
3
3
2
2
1
1
1
1
1
1
1
3
1
1
1
1
1
1
1
1
6464
8624
16
328
486
59
7
1
5
51
8
3
33
28
11
3
2
2
12
14
2
7
7
7
1
2
1
1
2
4
8
1
1
2
1
1
1
1
1
1
1
2
2
1
4
1
4
2
1
1
1
8981
4015
43
4
3
7
7
73
16
21
26
38
26
1
2
4
4
3
1
1
2
2
1
5
2
1
1
2
1
2
1
1
1
1
1
3
1
2
1
1
1
1
8858
6029
43
32
31
79
5
84
2
10
88
28
6
6
27
10
1
2
11
2
11
5
1
3
1
4
2
1
1
2
1
1
3
1
1
2
1
6556
348
20
1
3
27
1
5
6
3
1
4
1
1
2
2
1
4
2
8
4
1
2
1
3
1
5
2
3
4
2
1
1
1
1
2
1
108
11
39
87
8
12
2
12
1
2
4
4
1
19
5
19
1
2
1
4
1
1
3
1
2
2
3
3
1
2
3
1
1
1
1
1
1
1
1
2
1
1
236
2
1
14
1
3
8
2
9
16
7
14
3
4
1
3
2
1
1
6
7
5
2
1
1
1
3
2
2
2
1
1
3
2
1
2
1
2
1
1
1
1
9
10
56
48
4
1
2
18
1
24
4
2
1
1
3
2
1
1
1
1
1
1
1
128
41
1
25
22
4
4
5
2
8
3
7
7
8
6
1
3
1
1
2
6
1
2
6
4
1
4
1
1
1
4
2
1
2
3
1
2
1
1
184
354
10
7
47
159
6
5
1
1
3
1
12
2
8
2
3
5
1
1
8
3
8
1
1
2
1
1
1
1
1
1
2
1
1
3
1
1
6796
124
193
95
8
12
1
2
5
4
21
33
22
5
4
4
3
1
6
3
4
5
2
1
1
1
2
3
5
1
2
1
1
1
5579
1485
2
40
59
31
14
2
7
2
2
3
3
2
3
3
1
1
1
3
1
1
4
1
3
2
1
3
2
1
1
2
1
2
1
1
288
29
51
31
4
1
3
2
3
10
4
6
27
7
2
1
1
1
1
5
1
3
3
2
3
1
1
7
3
1
1
1
1
1
7456
6949
31
1
7
17
2
128
8
5
4
6
7
2
12
28
7
5
1
3
11
1
1
1
4
2
2
1
3
1
2
9
1
1
1
1
1
1
3
1
1
6664
6417
1493
3
1
4
8
5
1
2
5
9
1
5
1
2
2
2
8
6
2
7
1
3
4
2
1
1
1
3
1
1
5136
7032
100
22
35
2
4
5
26
2
8
2
3
7
8
14
2
1
4
1
5
1
3
1
1
1
1
4
3
1
3
1
1
1
1
1
1
1
1
1
1
8799
7754
583
417
31
2
5
50
8
74
16
7
1
14
8
2
2
2
2
4
5
3
1
1
4
3
1
1
1
2
1
1
2
1
1
1
1
2
1
3
1
1
1
1
7139
6279
750
1223
73
87
9
1
24
14
2
1
7
2
1
8
1
1
8
1
2
2
1
1
4
2
2
1
1
1
1
1
1
1
1
1
1
1
1107
609
75
20
11
69
1
5
2
3
2
1
1
13
3
1
3
1
2
1
1
1
1
1
1
2
1
1
1
1
1
1
1
1
6167
144
205
1106
30
52
17
1
9
21
35
6
2
15
22
11
5
4
1
3
1
4
4
4
1
1
1
2
1
1
1
1
1
1
13200
11
99
3
1
3
1
2
15
5
1
6
63
18
2
1
3
7
3
10
1
16
4
3
2
1
12
1
2
7
4
1
1
1
1
1
2
1
1
952
3715
472
197
8
26
1
2
23
2
2
2
2
5
2
2
3
1
8
2
2
1
4
6
1
1
2
4
1
2
1
1
3
3
2
1
1
1
1
1
1
1
1
1
1
7969
5879
286
1863
300
1
14
2
3
2
41
8
2
1
9
10
5
6
1
3
3
7
10
1
1
6
2
1
2
1
1117
5979
7210
6
210
8
3
39
37
21
2
1
2
1
3
35
1
11
1
1
1
7
4
2
5
1
1
3
2
2
1
1
1
1
1
1
1
1
467
31
1
2
101
76
65
24
5
2
14
3
1
5
1
11
2
3
5
3
1
6
1
1
1
1
2
1
7
1
3
4
3
2
2
7
1
1
1
2
1
2
1
6573
6108
6483
1101
876
299
79
171
127
96
5
3
6
2
4
5
1
3
2
5
1
3
2
6
3
3
2
1
1
3
1
1
1
1
1
1
1
1
4820
19
2
9
4
3
21
22
11
11
3
19
2
10
34
5
8
1
1
1
1
1
2
2
2
1
1
6
1
7
1
1
1
1
1
1
1
1
1
1
32
56
20
14
4
4
31
3
6
5
12
2
13
1
2
7
2
3
1
3
10
1
3
2
2
1
2
1
2
2
3
1
1
1
1
1
2
1
1
1
1
1
6434
7905
25
138
24
26
271
48
2
67
9
3
7
4
1
1
17
10
4
1
1
7
6
1
2
5
3
1
1
1
1
1
1
4
2
1009
29
11
2
21
4
1
2
1
3
1
6
2
32
3
2
2
6
2
3
5
2
2
3
4
1
3
1
1
2
2
2
2
1
1
6808
6622
1064
206
238
55
124
11
16
84
154
10
4
44
9
1
15
5
7
2
3
4
1
3
4
2
1
4
1
2
4
1
1
1
2
1
2
1
1
1
8039
6122
6595
154
1
1
77
1
7
1
1
5
16
3
2
4
4
4
3
2
15
4
2
7
4
4
2
1
1
1
4
4
1
3
2
3
1
8317
16
7
37
81
3
2
1
4
3
2
5
3
1
1
1
7
2
1
4
1
2
3
3
2
1
2
1
1
1
1
1
2
1
1
1
1
1
1186
12
58
82
17
29
5
1
3
20
2
1
1
4
11
3
6
2
3
1
1
5
1
1
1
1
4
1
2
1
1
1
1
1
1
4437
8753
89
985
48
138
28
8
15
5
8
2
1
1
1
2
2
7
2
2
2
1
1
3
1
2
1
2
1
1
1
1
1
1
1
3
2
30
3
10
8
9
3
40
2
7
1
1
1
3
3
3
1
1
1
1
1
1
1
1
7
1
1
1
1
1
1
1
1
11013
2971
31
11
1
29
7
10
16
45
2
1
15
1
1
6
1
1
7
3
1
1
4
5
1
4
1
1
1
2
1
1
1
1
1
7
1
1
1
1
1
1
1
1
2
1
1
1
1
1
665
14
2
57
93
1
18
2
3
8
1
2
2
2
3
4
1
5
3
1
1
4
7
1
2
3
1
1
2
1
1
2
1
1
1
1
1
1495
7142
5263
5318
527
985
554
1
2
11
27
1
1
24
50
1
41
17
3
3
4
7
1
2
1
9
5
4
4
2
1
2
2
1
1
1
1
1
1
3
1
1
1
2
2
5979
109
127
16
15
2
3
46
5
3
3
4
13
2
1
6
8
1
2
6
2
3
1
1
1
1
1
1
1
1
1
1
7608
6826
6925
128
97
76
29
20
11
19
14
6
38
5
18
6
3
52
21
5
16
2
1
1
10
11
5
6
1
1
3
1
2
4
3
3
1
1
2
2
2
2
1
1
1
1
1
1
1
2
1166
19
3
449
1
5
13
1
9
3
2
4
1
6
1
2
24
3
1
1
1
2
2
1
3
1
1
2
2
1
2
1
1
1
1
1
1
1
4962
1848
6129
3
48
20
9
2
41
5
6
1
31
6
14
6
15
6
6
4
2
1
1
2
1
1
1
1
2
1
3
1
2
1
2
1
1
1
3374
942
54
411
69
32
6
70
1
4
22
14
1
16
1
2
1
9
8
8
4
1
1
1
1
2
1
1
2
1
1
2
1
2
1
2
1
1
1
1
2
1
1
1
1
54
7
3
11
23
1
1
4
4
5
11
1
5
4
7
6
1
10
1
3
2
5
2
1
1
3
5
5
1
1
1
1
1
1
1
2
1
1
1
1
1
1
1
1
1
1
1075
6889
3996
1285
1184
4
51
4
3
69
2
13
3
14
7
1
4
2
4
2
7
3
2
3
4
1
1
3
1
1
1
2
1
1
1
1
1
5608
1253
2071
3
1063
1527
22
2
53
69
13
1
24
2
24
35
3
4
11
2
1
4
2
1
2
2
3
1
1
1
1
1
1
2
3
1
1
1
1
1
1
1
1
1
30
7800
961
5531
1262
4940
294
13
14
99
5
1
1
21
54
1
15
29
1
9
5
1
7
9
2
4
2
3
2
2
2
1
1
1
1
1
1
1
1
1
2
1
1
1
7397
5599
1414
175
63
54
3
22
4
3
1
1
9
17
1
1
1
2
2
20
11
2
6
2
4
4
6
1
3
2
1
1
1
1
1
1
1
1
1
1
1
2
1
1
13865
239
107
1
8
6
15
42
5
9
1
7
2
12
13
3
2
1
1
6
1
2
2
1
5
1
1
1
1
1
1
1
1
1
1
1108
21
5
26
18
3
8
7
3
22
16
1
4
2
1
3
1
2
14
6
12
5
12
1
1
1
5
1
1
1
2
1
1
2
1
1
1
2
7902
4478
6444
537
4
1650
165
72
10
1
113
21
33
2
1
8
2
5
2
1
1
25
3
1
2
5
1
2
1
8
3
2
1
1
1
7
1
1
1
1
1
1
69
1188
146
16
4
25
10
1
1
7
1
5
1
3
4
2
1
2
4
1
1
1
1
3
1
1
1
2
1
1
1
1
1
8612
2296
614
4622
354
88
125
8
13
154
10
1
11
8
9
2
3
17
1
7
4
5
2
4
4
1
1
2
2
2
1
1
1
2
1
1
2
1
1
1
1
1
2
1
1
1
8437
702
93
23
10
12
15
19
8
5
7
8
18
1
1
18
1
4
5
3
20
2
1
2
2
2
7
2
3
1
4
2
1
1
1
2
2
1
1
1
1
5921
821
8395
688
565
634
51
46
145
51
10
5
27
14
2
4
8
5
6
1
7
6
1
1
2
9
1
1
5
1
3
1
2
1
1
2
2
1
1
2
1
2
1
4
4
1
1
1
2
1
1
1
1
11555
2235
88
300
317
90
3
67
8
4
4
14
1
2
10
4
1
2
1
4
4
2
6
3
7
4
1
1
4
1
1
1
2
1
3
1
1
1
2
4
2
1
2
1
1
1
6817
8198
694
197
1
404
156
14
5
30
27
54
4
2
1
9
4
1
2
2
1
4
2
1
1
3
3
4
1
1
4
2
2
1
3
1
3
3
1
2
2
1
1
1
1
7577
4496
1613
108
403
17
732
9
60
83
1
83
26
5
3
19
8
15
3
1
2
1
8
3
5
6
2
4
3
3
3
5
5
1
2
2
1
2
1
1
2
1
2
1
1
1879
6
3
2
100
40
13
7
33
20
2
9
1
3
11
1
3
1
1
1
11
2
2
2
1
1
1
2
2
1
1
2
1
1
1
2346
8383
29
14
207
130
8
23
43
12
2
3
1
1
3
2
2
1
4
6
1
2
2
1
2
1
4
1
1
1
1
2
1
1
1
1
1
1
1
154
18
3
85
18
6
90
28
3
4
1
4
3
1
9
1
1
5
2
2
1
1
1
2
1
1
1
2
2
1
2
2
2
3
1
1
1
1
1
1
1
1
1
1
1
1
1
14489
50
79
5
62
15
5
2
16
1
10
3
4
1
2
1
1
5
1
1
3
2
2
1
1
1
1
2
1
1
1
1
1
1
1
1
20
28
11
2
11
1
1
10
6
3
2
4
3
2
3
1
2
1
5
2
4
3
6
2
1
2
3
1
1
1
1
3
1
1
1
1
1
1
1
1
1
1
6031
526
6922
7119
16
570
329
1
1
515
2
6
1
16
12
5
18
21
3
1
1
2
4
1
2
1
3
1
1
1
1
1
1
1
1
1
3
2
3
1
1
1
2
1
1
1
1
1
6177
1430
611
2
20
19
133
48
14
7
13
7
2
2
2
1
10
1
12
4
5
2
2
3
1
1
5
2
1
1
1
2
1
1
1
1
1
1
1
1
1
1814
13
2
8
1
1
3
2
10
3
3
5
2
2
4
1
7
1
1
1
2
2
3
1
1
1
3
1
2
1
1
1
1
1
1
12
1
4
8
10
2
8
11
3
23
1
1
1
10
1
1
1
1
5
2
2
1
1
1
1
1
1
1
1
1
3
1
1
1
1
1
12766
89
405
2231
36
32
17
4
4
1
38
7
24
7
6
2
3
5
4
2
5
2
4
3
1
5
4
2
1
1
1
1
2
1
4
2
2
1
1
1
1
1
1
1
1
1
1
1
1
5767
13
36
121
4
2
1
16
33
14
1
1
5
3
1
7
3
3
1
2
1
1
1
3
1
1
1
1
1
1
1
6196
7654
599
6565
28
1
253
22
37
213
183
2
6
1
12
1
8
1
2
1
1
5
1
1
5
1
1
2
1
1
3
2
1
2
1
3
1
2
1
3
1
1
2
1
5474
38
1270
50
45
26
4
1
17
3
4
1
3
8
1
3
2
2
2
3
1
1
2
1
1
1
1
2
1
1
6140
7641
7010
1009
675
15
10
4
1
17
20
4
3
3
1
1
1
12
2
5
2
1
4
1
1
1
4
2
1
1
1
4
2
3
2
1
1
4
2
1
3
2
2
1
2
1
1
24
231
4
1
1
7
5
2
6
1
13
4
6
6
10
1
1
1
1
1
3
1
2
2
2
1
3
2
1
2
1
1
1
9452
5035
1045
1
116
5
8
14
2
65
2
10
2
15
5
7
10
4
28
2
1
6
4
4
3
2
1
1
3
4
1
5
2
5
2
2
4
1
1
1
1
2
1
1
2
1
1
1
1
2
1
1
1
1
1
728
478
8
19
1
24
4
8
3
1
1
7
1
1
4
8
3
8
11
1
2
1
1
1
1
2
4
1
1
1
1
1
2
57
9
29
8
14
15
1
9
4
2
10
1
3
3
14
10
1
1
12
2
1
3
2
2
1
1
2
1
2
2
3
1
1
2
1
1
1
1
1
1
9526
41
41
1
81
17
1
1
2
3
5
16
17
8
1
1
3
1
1
10
1
6
5
1
5
4
2
1
1
2
1
1
2
2
1
1
1
1
1
7826
295
5563
2006
13
43
269
40
28
54
62
6
31
4
4
7
3
9
1
1
3
2
4
1
1
2
5
2
1
1
3
3
3
1
9
4
1
5
1
4
1
2
2
5
1
1
2
1
3
1
1
2
1
1
1
1
1
293
972
17
87
28
14
16
15
19
2
3
19
5
4
1
2
10
1
1
8
9
1
5
1
1
1
2
2
1
3
4
2
2
2
1
2
1
1
1
1
4
1
2
1
1
1
1
1
1
1
1
1
825
13
112
312
283
35
159
636
7
1
9
1
3
21
3
7
1
19
2
15
5
5
3
6
1
2
5
4
2
5
3
1
2
1
1
3
2
1
1
1
1
2
1
2
6911
90
12
19
56
15
15
35
4
3
2
1
1
3
3
2
1
2
1
2
4
3
6
2
2
3
3
1
1
1
2
3
7
1
1
1
1
4
1
1
2
1
1
1
2
1
1
1
1
1
1
8863
8191
102
5
170
139
100
3
4
9
3
14
48
5
60
4
1
6
1
2
3
3
2
4
6
4
1
12
1
2
3
1
1
1
1
1
1
1
1
1
1
1030
641
465
5
1
4
1
33
4
29
1
47
3
2
3
5
2
1
2
2
7
1
1
13
1
1
1
4
1
2
3
4
4
1
1
1
1
3
1
1
1
1
1
3
1
2
1
1
8081
1884
5308
306
171
11
42
5
6
1
4
5
13
7
2
1
1
1
1
2
1
1
1
3
2
1
1
1
1
14196
69
9
9
1
2
20
48
9
2
5
6
1
1
1
3
1
3
1
1
1
3
3
3
2
3
2
2
1
1
3
1
4
1
2
1
1336
153
259
47
100
47
38
39
15
1
10
1
1
4
3
9
6
1
4
1
2
1
1
2
1
1
2
1
1
1
1
5
2
2
5
1
1
1
1
1
1
1
488
53
94
272
2
19
4
5
61
1
4
5
10
2
10
1
2
3
1
3
2
1
1
1
3
8
2
1
1
2
2
1
1
1
7491
210
96
29
44
4
26
1
5
5
4
4
1
4
3
1
8
2
5
1
4
3
1
1
1
1
1
1
1
1
1
2
1
2
7377
588
262
246
382
53
15
55
4
39
5
1
14
8
1
7
1
5
1
5
1
2
1
1
1
1
1
1
1
4
1
1
1
1
1
1
1
1596
5
14
154
50
6
12
1
4
2
6
4
1
7
23
1
2
1
3
4
1
1
1
3
3
2
1
1
1
1
1
3
1
1
1
1
1
1
5458
1
381
24
1
3
5
14
29
27
1
49
1
4
2
8
1
2
3
7
3
1
1
8
1
2
1
1
1
1
1
2
1
2
68
67
2
21
6
1
1
1
15
2
1
4
3
8
2
2
7
12
14
1
3
1
3
6
2
2
1
4
1
1
1
1
7219
2093
5140
6420
133
749
682
356
54
10
3
48
6
13
15
7
2
4
1
1
1
1
4
3
2
2
1
2
3
6
2
5
1
1
1
1
1
2
423
5544
69
7261
3150
4854
156
161
154
23
14
22
157
2
4
9
4
3
24
4
19
13
4
3
3
6
1
1
2
7
11
10
1
2
9
1
1
2
2
1
1
1
2
1
1
1
1
1
1
1
1
3
139
4
42
14
9
1
1
8
7
13
2
3
2
15
7
3
2
1
4
4
10
1
8
2
2
6
3
2
2
2
1
1
6
1
1
2
2
1
1
1
1
1
1
237
12
53
2
18
2
1
5
1
6
2
2
14
3
6
9
1
2
2
1
2
1
2
2
2
1
2
1
2
2
1
1
1
1
1
1
8025
4219
188
2036
106
10
78
138
3
9
90
3
40
2
1
4
3
5
9
2
7
6
8
13
1
4
2
2
13
1
2
4
3
1
1
2
1
1
5
2
1
3
3
1
6
1
1
1
1
3
1
1
1
1
1
2
2
1
1
1
1
1
694
918
1800
4
43
16
2
14
58
8
24
1
2
2
19
3
2
1
2
2
3
3
3
1
3
4
1
4
1
1
1
4
1
1
1
1
5
2
1
1
2
1
1
1
1
1
1
1
2
1
1
1
7006
6722
328
2585
61
211
2
117
11
1
15
7
20
3
7
10
13
2
2
8
7
10
3
21
3
1
10
1
1
1
1
1
1
1
1
1
3
2
3
1
1
1
1
1
2
138
117
1
32
1
2
3
4
3
29
4
3
1
1
2
4
4
3
1
1
1
2
3
1
1
2
1
2
1
1
1
1
6282
1800
7367
591
196
1
183
16
1
5
7
11
6
18
11
1
4
1
3
1
2
5
1
4
5
3
2
1
2
1
1
1
1
1
1
1
3194
5147
5385
6612
1962
63
224
42
68
3
7
4
26
7
3
1
38
10
1
12
2
2
1
6
8
3
15
13
3
2
2
1
1
3
8
1
1
1
1
1
2
1
1
1
198
18
5
14
118
149
13
5
5
2
6
7
5
3
2
7
2
1
4
5
2
1
4
1
1
1
9
3
3
2
2
2
1
1
2
1
3
4
1
1
5879
6202
1129
2621
1
16
3
4
2
5
5
3
2
1
1
5
1
7
3
2
3
2
1
1
7
1
2
2
1
4
1
1
1
2
1
3
1
1
1
1
1
6726
3672
6470
717
486
510
95
137
43
112
21
12
1
4
1
1
13
2
1
13
3
7
2
2
5
1
2
9
1
4
5
1
9
1
1
2
1
2
1
1
2
1
1
1
1
1
33
28
16
172
102
3
2
55
23
2
5
3
1
8
3
1
5
4
2
3
1
1
2
4
3
1
2
2
1
1
1
1
1
1
1
3
1
1381
4100
487
5
1
7
9
17
2
16
1
9
3
10
4
3
1
2
1
2
1
1
2
1
1
1
1
2
1
8513
44
4
144
59
2
1
1
2
14
3
7
5
1
6
17
1
1
1
2
1
2
1
3
1
1
4
2
1
1
1
1
2
1
1
2
6781
7236
110
946
3
44
3
31
19
1
3
3
9
10
3
4
1
3
11
2
2
4
1
2
5
6
1
1
1
1
1
3
1
2
1
1
1
1
1
1
165
96
6
3
25
1
15
2
7
11
1
5
4
4
2
2
2
7
2
2
5
2
7
2
2
5
2
2
3
5
1
4
1
1
1
2
1
1
1
1
3
1
1
1
1
1
5317
6419
1252
1107
231
106
1248
1
79
118
5
15
9
1
41
4
2
3
4
5
5
1
5
4
1
1
2
1
1
1
3
1
1
1
1
1
1
1
1
1
1
1
1
4940
3101
291
1092
171
5
239
7
41
1
94
7
12
2
1
6
1
13
1
1
2
2
1
1
1
1
1
2
5
1
2
1
1
1
1
5173
205
775
253
22
8
10
13
3
2
20
4
24
3
1
3
7
5
3
2
4
3
1
3
4
4
1
1
6
1
1
2
1
1
1
11839
1463
1784
34
2
24
1
16
3
13
9
1
3
20
3
1
6
1
1
3
6
1
3
2
5
1
1
1
1
1
1
1
1
3
1
1
1
1
1
2
1
1
3109
65
81
43
6
146
28
28
1
7
1
8
2
3
2
1
1
4
1
11
1
3
3
2
1
2
3
1
2
1
1
2
1
1
1
1
1
1
1
1
8308
6343
16
2
28
120
12
5
1
1
1
4
1
2
3
3
3
11
1
12
1
1
3
2
5
1
2
1
5
5
2
1
2
1
1
1
2
1
1117
1068
13
175
93
1
126
2
51
2
3
1
9
12
18
2
7
2
5
1
1
3
4
5
3
7
2
3
1
4
1
3
2
1
2
1
1
2
3
2
2
1
1
1
7571
42
2
12
11
15
10
3
4
4
2
3
2
17
2
1
1
2
2
2
1
1
3
1
3
3
2
6
1
1
2
1
2
1
2
1
1
1
1
2
1
5
3
1
1
39
7
1
17
2
3
1
4
10
3
2
2
3
1
1
1
2
2
6
1
1
2
1
1
1
4
1
1
1
1
1
1
1
2
11652
1911
425
4
16
297
41
3
1
7
10
4
12
19
3
5
9
9
1
1
1
1
2
1
1
1
1
1
2
1
3
1
1
1
1
1
4007
2331
10596
1749
456
106
13
28
13
7
2
21
7
1
2
4
1
15
1
1
1
5
1
1
1
1
2
2
1
1
1
1
1
1
7183
6517
5478
994
295
307
324
2
3
41
11
3
11
1
20
4
3
1
22
2
2
2
6
1
2
3
2
1
4
2
2
1
1
1
2
1
1
1
1
2
2
1
1
1
1
1
1
13752
345
736
2
5
467
2
3
3
40
28
2
3
6
4
1
5
3
1
5
2
2
1
1
1
1
1
1
3
1
1
1
2
1
1
1
1
1
2332
161
929
6
8
35
9
29
1
3
3
12
4
4
4
10
1
5
9
12
1
1
8
2
1
1
1
4
3
5
1
2
1
4
1
2
2
1
1
1
1
1
1
1
1
34
145
5
6
8
6
39
6
2
1
1
16
1
1
3
2
5
6
1
6
1
1
3
1
2
1
1
1
2
1
1
1
1
1
1
1
1
7018
61
4
908
1434
196
27
358
53
10
17
26
2
2
3
22
1
1
2
1
5
1
2
4
3
2
2
4
7
1
2
1
1
2
4
1
1
1
2
1
2
1
1
1
1
1
1
1
1
1
7532
5569
6226
890
1451
97
1
1
147
6
51
15
5
1
13
3
2
1
2
1
2
4
8
1
1
2
2
1
4
1
4
2
5
2
4
2
1
1
2
1
1
1
1
2
4
1
1
1
1
1
1
8070
7847
79
108
10
5
47
4
26
10
3
25
21
7
1
2
1
6
1
2
1
1
1
1
2
1
1
1
789
1
1
8
1
8
6
14
3
1
3
2
4
1
8
12
4
2
2
3
3
1
3
4
1
1
1
2
1
1
1
1
2
2
2
1
2
1
1
1
1116
200
159
3
3
26
2
1
1
3
4
5
59
5
1
3
5
8
7
24
14
1
1
4
2
1
2
2
4
3
1
2
1
1
1
1
1
1
1
1
1
1
13023
708
1075
23
46
77
65
6
45
8
7
16
7
3
22
1
3
1
1
2
1
12
6
9
9
7
2
9
6
5
3
2
1
3
2
1
7
1
1
1
2
1
1
1
1
1
1
2
2
1
14360
43
43
172
11
10
15
33
12
5
1
39
7
1
5
6
1
1
3
1
6
3
1
1
1
1
3
1
1
4
1
1
1
2
1
1
1
1
1
1
1
1
1
5620
3
2405
2
118
51
2
5
2
2
2
10
1
14
7
4
2
3
1
3
18
3
3
1
1
1
1
2
2
1
2
1
2
3
1
1
2
1
1
1
6
14
49
3
2
3
28
23
3
7
3
12
27
12
32
4
4
8
1
23
4
4
3
2
1
1
1
1
1
1
1
1
1
2383
20
80
4
3
15
8
3
30
5
34
4
5
2
1
8
2
2
5
6
1
2
1
4
1
2
1
2
2
2
1
1
1
1
1
2
1
2645
355
7068
1613
4955
8
6
13
33
1
11
2
5
10
1
1
1
2
1
2
2
2
2
2
1
1
1
1
1
1
1
1
1
6793
7805
46
244
13
28
37
24
4
5
1
4
13
1
1
3
1
13
5
1
3
4
2
1
8
1
1
1
1
2
2
2
2
1
2
1
2
1
1
1
1
2
2
1
1
12299
3908
37
10
1
71
4
5
2
1
1
9
18
2
2
1
2
2
1
1
1
1
1
1
1
1
1
1
1
1
37
9
12
114
7
40
1
38
3
5
7
7
2
5
1
9
6
2
6
1
3
1
3
3
1
1
3
1
1
1
1
2
1
1
1
1
1
2
1
1670
12996
345
990
241
21
5
48
101
7
5
5
1
1
20
1
1
5
1
4
1
1
3
3
1
1
1
1
1
2
2
1
12879
1189
32
152
10
3
47
348
192
31
9
11
3
10
8
46
2
22
23
54
1
10
2
2
2
3
1
5
2
1
25
5
2
1
3
1
2
1
2
1
2
2
1
1
6
1
1
1
5740
48
94
62
1
1
2
1
7
7
1
4
4
5
5
3
3
4
2
13
3
1
3
6
1
2
3
3
3
1
1
1
2
1
1
1
1
1
1
2
1
1
12787
130
186
41
13
1
5
10
2
2
3
10
4
5
9
6
4
12
21
4
17
7
2
13
1
6
2
6
9
5
1
7
1
3
1
1
1
4
1
1
1
1
1
3
1
1
1
1
2
1
1
2074
6144
1317
5279
92
73
9
4
1
5
5
1
17
4
4
2
2
6
2
1
2
1
1
1
5
3
1
5
4
1
1
2
1
1
2
1
1
1
4
2
1
1
1
1
1
1
1
1
1
963
3979
17
3
6
42
21
6
5
3
1
7
10
1
12
2
1
1
1
3
1
3
1
1
1
1
1
1
2
1
1
1
3
1
2
1
12858
732
7
32
15
7
5
92
4
5
3
1
74
2
1
1
2
1
7
4
4
1
1
2
1
1
1
1
1
1
2
2
1
6445
48
1873
735
561
109
150
30
46
51
12
2
3
8
1
13
4
4
9
2
3
4
10
2
1
1
5
2
2
2
2
2
4
1
1
2
1
1
1
1
1
1
1
1
7979
681
62
35
11
41
6
4
5
21
6
101
13
12
8
8
20
11
7
20
4
1
1
4
11
3
5
1
6
1
1
1
4
1
1
3
1
1
1
1
3
1105
839
77
674
201
35
2
5
1
9
4
14
5
1
1
2
10
4
2
4
1
1
1
2
1
6
1
1
2
1
1
1
7
7336
805
53
278
196
190
47
26
6
1
25
5
17
36
52
4
1
23
5
6
3
2
1
6
5
3
4
2
1
1
2
1
1
1
1
1
1
1
1
1
41
13
2
4
60
2
12
5
56
11
1
12
3
2
3
13
4
7
4
1
2
1
2
1
1
1
3
1
1
1
1
1
1
1
1
7706
7
711
510
9
2
10
18
9
3
15
9
1
2
5
2
2
17
4
2
5
8
1
1
2
1
4
1
1
1
1
1
1
1
14574
123
62
51
1
3
2
2
3
14
6
1
4
2
4
1
4
1
3
1
9
1
1
1
2
1
1
1
584
5
1
1
5
2
7
4
3
1
2
1
2
5
5
1
2
3
2
1
1
2
1
1
1
1
1
6335
1409
9
54
9
23
4
11
1
2
16
12
3
3
4
7
10
2
2
1
3
1
2
1
1
1
1
1
3
127
4
4
6
27
5
1
7
2
13
1
1
1
1
2
5
1
3
8
1
3
2
1
1
1
2
1
1
1
1
47
62
4
11
2
37
14
9
1
1
10
1
4
3
7
11
2
4
3
2
3
3
3
1
1
1
1
1
463
5743
62
70
51
311
72
19
64
31
3
1
5
31
1
4
2
3
5
4
5
1
1
6
1
3
2
2
2
3
1
1
4
1
1
1
1
1
2
1
1
7761
7126
1878
144
555
3
366
169
56
118
1
1
17
16
13
32
7
4
12
4
1
3
1
1
2
3
1
1
5
5
1
1
1
1
3
4
1
1
1
7824
5022
370
1
157
32
6
117
13
6
11
3
1
16
2
1
2
24
3
1
2
1
1
2
1
2
2
1
1
4
1
1
3
2
3
2
1
1
1
2
1
132
2
154
1
7
8
17
14
4
2
4
2
2
1
1
6
3
3
1
2
1
1
1
1
2
2
1
2
1
2
1
1
1
6778
3
1
14
5
9
21
2
10
1
2
2
1
5
2
1
3
1
1
1
3
4
5
2
3
1
4
1
1
1
2
1
1
2
1
1
6
28
3
2
16
3
7
48
16
3
1
10
1
6
6
4
6
7
2
1
1
1
4
2
3
5
1
1
1
1
1
1
2
457
182
139
12
4
49
73
1
6
7
2
1
17
14
1
2
2
2
1
1
4
3
2
2
2
1
3
2
2
1
1
1
1
1
1
1
1
1
151
33
6
58
22
1
1
6
4
7
1
5
2
5
2
4
4
2
1
3
3
1
3
1
4
2
3
1
1
1
1
1
6740
12
229
3
128
16
31
36
5
50
1
54
3
21
10
12
13
1
6
3
2
1
1
3
4
1
1
1
4
1
3
1
2
1
1
2
2
1
2
1
1
1
1
1
1
9
3
16
4
17
1
4
14
4
5
3
9
6
6
18
3
2
1
1
1
3
1
2
1
1
2
1
3
1
2
2
1
1
6
1
3
1
1
2
1
3
1
1
1
1
1
6276
485
2
16
80
8
12
1
10
1
2
1
1
3
2
1
3
1
5
5
16
2
1
6
3
2
2
1
3
1
1
1
1
1
1
1
1
1
1
1
1
8286
7144
1263
92
182
5
170
3
1
30
6
3
9
1
2
8
2
1
1
2
1
1
3
1
1
2
2
7
1
1
1
2
1
8390
148
50
9
1
15
34
6
70
5
1
6
6
7
7
1
3
1
4
2
2
2
1
1
1
1
1
1
2
1
1
1
1
1
1
1
1
1
1
5790
1444
94
5
501
15
2
18
1
10
2
1
11
2
3
12
2
5
1
5
1
1
1
2
1
4
1
1
2
3
3
1
1
1
2
1
1
1
1
1
1
1
1
3
3
2
1
1
873
472
1056
159
108
6
53
31
6
25
1
1
4
2
2
1
2
3
1
4
14
2
1
1
1
1
1
1
1
1
1
1
3
1
1
3
1
1
1
1
1
12397
719
919
2
102
8
65
88
14
5
1
20
13
1
1
2
8
9
3
2
2
3
14
2
1
1
1
4
2
1
1
5
3
3
3
4
1
1
1
1
1
2
1
1
1
248
12599
588
1049
23
7
48
27
1
24
1
5
2
1
6
2
2
4
4
5
1
3
3
4
2
1
2
3
2
3
1
1
1
1
3
1
1
1
2
1
1
1
1
1
1
2
153
5
6
33
7
4
7
8
2
7
3
2
5
3
1
7
12
3
2
2
3
4
2
1
3
1
2
2
2
1
1
1
1
1
1
2
1
1
1
1
1
1
1
9074
602
264
216
37
3
3
1
6
2
4
17
2
14
1
2
17
5
4
2
5
8
9
1
1
1
3
4
4
3
2
2
1
1
2
1
2
1
2
2
1
1
1
1
1
1
12619
112
419
30
305
99
4
2
4
5
9
7
6
2
4
1
16
7
2
1
1
2
3
6
2
2
5
2
1
1
1
1
1
3
1
1
2580
1441
50
5
1
4
11
12
16
34
1
2
3
10
11
4
1
2
5
2
1
1
1
1
2
2
3
1
1
1
1
1
1
1
1
1
1
7015
2
31
54
17
8
3
7
4
1
1
8
1
1
2
2
2
1
2
2
1
2
1
1
1
8961
3069
3887
512
204
16
39
18
2
58
36
3
9
6
2
16
13
42
35
7
2
1
3
11
4
3
3
1
3
3
1
1
1
1
1
1
2
3
1
1
2
1
1
1
1
1
7371
42
1
13
10
15
7
1
38
12
8
1
2
4
3
5
6
6
2
2
4
6
1
1
1
2
1
2
1
1
1
1
2
841
101
145
1
123
1
33
4
6
5
5
2
2
3
1
1
4
2
7
2
1
1
7
1
1
1
1
2
1
3
1
1
1
40
56
12
6
1
23
123
1
5
13
2
2
2
6
3
1
1
2
11
1
1
5
2
1
2
8
1
1
1
1
2
1
1
2
1
1
1
1
2
1
411
750
25
79
7
14
13
13
5
1
5
2
1
2
4
2
9
2
2
1
1
1
5
12
2
2
8
1
1
2
1
3
2
3
1
1
2
1
6066
7968
7720
15
31
8
30
37
1
1
8
13
12
11
2
15
1
6
7
4
1
1
13
1
3
2
1
2
1
1
3
2
1
1
2
2
1
1
1
1
1
1
1
1
1
1
1
1
6426
192
477
783
5
8
208
7
6
65
15
20
16
2
2
5
1
9
2
1
4
2
1
2
2
1
1
1
1
2
1
1
1
1
2
1
1
1
1
5668
1171
256
37
75
317
2
27
47
25
4
3
1
1
8
1
1
1
1
1
5
1
1
1
1
6
3
2
1
1
2
2
1
2
1
2
1
1
1
1
1
1
6578
555
108
86
4
368
14
1
16
51
1
3
1
1
5
1
4
1
3
1
6
2
2
1
2
1
1
1
2
1
1
1
1
1
4421
5829
618
7
7
6
3
11
61
5
1
17
3
14
14
8
4
3
2
7
9
2
1
4
5
2
3
2
1
2
7
1
1
1
3
1
1
3
1
1
2
1
2
1
2
1
1
7805
5627
12
195
7784
684
11
1
3
26
2
2
28
1
2
7
1
7
1
2
2
1
1
3
3
2
1
1
1
1
1
2
1
1
1
2
1
1
1
1
1
1
1
4818
8832
441
372
1059
1
24
14
1
3
17
7
2
3
27
16
2
9
3
6
3
5
7
2
2
5
1
2
2
1
2
1
1
1
1
1
1
1
1
1
184
63
12
1
3
3
7
3
17
1
2
1
2
1
2
1
10
2
1
1
3
2
1
2
1
1
1
1
1
1
1
1
1
1
1
12139
1298
1596
539
14
98
408
282
13
26
67
1
4
1
42
2
13
5
4
1
1
2
12
3
4
2
3
1
2
2
1
3
3
4
1
1
1
1
1
1
2
1
1
2
5760
384
15
21
4
16
1
1
2
4
5
1
14
2
4
4
4
1
1
4
3
2
4
2
2
2
8
1
1
1
1
1
1
1
2
1
1
1
5356
7286
655
91
14
4
2
7
1
8
1
6
7
3
2
9
4
9
4
4
1
1
2
3
3
5
1
1
2
2
2
2
2
1
1
1
1
1
1
1
1
2
1
1
2
1
2
1
1
1
6396
6612
448
149
48
8
1
15
27
7
2
4
11
1
1
6
3
1
1
2
3
1
1
1
3
1
2
1
1
1
2
1
1
1
1
3
123
19
16
36
5
8
28
7
7
2
15
1
1
1
1
2
3
6
4
1
1
3
3
1
1
2
2
1
1
1
1
1
1
1
5318
7311
1490
16
10
5
3
4
5
10
19
2
4
1
6
9
1
2
3
2
1
1
1
1
1
1
3
4
1
1
1
1
1
4
1
1
1
1
1
1
1
12700
985
8
1732
1032
551
5
140
45
4
22
15
21
9
14
2
7
6
3
4
7
7
7
2
1
5
6
1
5
2
1
1
1
2
2
1
1
2
5
3
1
1
1
1
1
1
1
1
2
819
7
70
181
37
24
16
47
6
4
1
28
6
8
9
39
9
2
14
1
1
3
4
5
3
1
2
1
1
2
2
3
1
1
2
6790
7187
5590
230
7
565
167
371
17
116
33
16
2
1
79
3
3
6
3
4
2
4
11
2
5
3
3
1
1
3
1
1
6
5
2
2
2
1
1
1
1
1
1
1
1
1
1
1
1
1
2
5396
529
29
175
2
33
1
12
1
1
3
2
5
1
5
9
1
10
1
1
1
1
1
2
1
3
3
1
1
1
1
3
1
1
2
1
2
1
1
1
9395
2
230
831
23
13
2
3
1
1
5
8
5
1
1
19
8
1
1
2
14
1
1
7
2
4
5
4
3
4
2
5
2
2
2
1
3
1
1
1
1
1
1
1
1
1
1
1
1
1214
5
28
38
5
2
2
2
4
2
7
2
2
2
4
5
4
1
2
1
2
1
1
1
1
1
1
1
3
1
8193
193
11
16
3
11
1
46
4
37
2
2
2
19
4
20
6
1
1
3
5
6
4
3
1
1
2
2
3
1
1
1
1
2
1
4
1
1
1
1
1
1281
84
55
11
6
1
2
5
1
1
2
2
4
1
1
1
2
2
2
1
1
1
2
1
1
2
1
1
1
2
1
221
2
2
10
4
7
1
2
15
11
2
13
7
1
1
1
4
3
6
3
1
3
4
3
1
6
1
1
3
1
1
1
1
2
1
1
1
1
5315
9172
2
21
2
26
59
75
38
76
4
5
1
12
1
3
1
8
2
6
14
3
1
4
1
1
2
1
2
8
1
1
1
1
1
1
2
1
1
1
1
1
1
1
1
79
727
12355
945
2095
17
11
57
8
14
37
56
12
6
16
12
6
2
5
2
1
1
1
2
1
1
1
1
2
1
1
1
1
1
1
1
1
1
1
1
95
51
3
24
9
51
16
3
60
1
1
4
11
9
12
7
2
1
11
5
2
1
1
3
3
4
1
4
1
1
1
1
2
2
1
126
31
4
20
70
27
34
6
1
2
6
6
1
4
7
4
3
1
7
2
6
8
1
5
6
2
1
1
2
2
1
1
1
1
2
1
1
1
1
1
1
1
1296
166
149
20
10
9
5
13
3
1
14
2
1
9
1
1
1
1
1
2
1
2
1
4
1
2
6
2
1
1
1
1
1
1
1
1
1
371
121
349
148
1
2
5
10
8
2
1
5
4
3
1
1
2
4
2
1
1
1
1
1
2
1
1
1
1
2
1
1
1
1
1
194
1
4
2
38
19
3
4
1
2
2
4
5
1
5
2
1
1
1
1
2
1
1
8
6
17
8
40
3
1
5
3
2
1
1
3
2
1
15
2
4
4
3
2
2
6
1
1
3
1
1
2
2
1
1
1
1
1
2
1
4
2
2
1
1
1
1
90
36
28
41
5
21
2
5
3
9
6
5
1
2
2
9
2
1
1
3
2
10
2
21
1
1
6
7
3
1
4
1
2
3
1
1
1
5
1
1
1
1
1
1
1
2934
2750
18
150
1
1
8
1
1
11
12
13
23
2
1
5
1
2
1
1
1
3
2
1
2
3
1
1
2
1
1
2
1
1
1
1
1
14050
115
1
19
4
14
13
14
21
4
2
5
17
2
7
1
1
1
3
4
4
4
1
5
2
2
3
1
1
5
1
1
3
3
1
1
1
3045
6791
1340
134
9
16
1
29
69
78
2
1
1
17
2
1
1
6
2
1
3
2
2
3
6
4
6
2
1
2
2
1
1
1
1
1
1
1
1
1
1
1
1
37
893
7
14
71
1
11
31
14
5
7
24
21
2
3
3
4
1
2
2
2
2
4
5
1
1
2
2
1
1
1
3
1
1
1
1
1
470
123
1
15
14
1
3
2
3
4
1
21
4
1
2
3
1
5
2
1
2
1
1
2
1
1
1
2
1
1
1
1
1
285
6
2
101
21
13
21
9
5
9
2
1
1
3
4
8
2
1
1
6
4
1
6
1
2
1
1
4
1
5
1
2
1
1
2
2
1
1
1
36
2
17
15
85
3
19
1
2
5
26
6
1
8
2
1
1
15
1
2
4
2
5
1
1
3
1
1
1
2
1
1
1
1
1
1
1
1
1
1
1
1786
6961
480
103
4
67
4
7
4
15
12
3
9
15
1
6
1
9
2
2
3
1
2
1
1
1
3
1
1
1
1
1
1
1
1
6667
5710
8152
554
7
18
279
20
12
4
14
14
2
26
1
2
7
19
6
1
14
1
1
21
1
5
2
2
3
1
2
1
5
3
1
1
1
1
1
3
1
1
3
2
1
2
2
1
4
1
1
112
216
7
1
11
52
2
1
11
1
1
5
3
1
2
1
1
1
1
1
2
1
1
1
1
1
713
6128
6426
72
5697
1990
404
43
4
113
256
3
15
1
3
2
1
1
13
13
3
2
1
1
24
1
1
4
2
1
6
3
1
1
1
1
5
1
1
1
5
1
1
1
4
1
1
1
7069
7482
7455
47
1
80
4
5
3
1
2
5
2
12
4
3
10
15
3
1
11
12
2
4
2
3
1
1
3
3
1
1
2
1
2
1
1
1
1
1
4082
7597
4
6
35
2
1
1
8
12
9
3
29
15
1
6
3
7
2
1
3
2
1
3
2
1
1
1
1
1
2
2
2
2
1
4
2
1
1
1
1
1
1
1
1422
21
35
2
9
25
6
1
14
40
47
6
3
1
8
2
9
1
3
2
1
4
1
3
5
1
1
1
1
2
1
1
1
13443
588
278
293
294
2
82
6
4
11
12
5
6
14
2
1
1
3
2
1
4
2
1
17
11
2
2
2
7
4
1
1
2
1
2
3
1
2
3
1
1
1
1
2
1
1
1
1
1
1
354
47
225
9
1
2
2
19
5
1
7
4
2
6
1
1
1
2
2
7
4
8
6
1
1
2
1
3
3
1
1
1
1
1
1
1
1
1
1
1
1
1
1
6132
637
1648
405
2
42
39
1
33
4
1
1
2
2
9
6
2
3
3
6
1
1
1
1
2
1
1
2
1
2
2
1
1
1
1
6569
5706
849
264
52
49
6
27
13
29
20
3
3
7
2
20
1
1
9
4
4
1
1
1
1
1
2
2
2
1
3
1
1
1
1
1
1
1
1
1
1
1
8126
6737
499
382
49
8
27
20
26
4
45
24
10
36
9
1
1
1
7
4
4
5
4
1
7
3
1
2
2
5
1
3
3
2
1
1
1
2
1
2
1
1
1
1
6114
8951
2260
1508
277
320
227
28
2
11
7
17
5
8
5
7
2
20
5
2
2
2
4
2
1
3
1
1
1
1
1
1
1
2
1
4
16
137
9
26
4
11
1
19
11
14
2
2
3
13
1
1
4
2
1
3
1
2
1
2
3
1
6
5
1
1
2
2
1
1
1
1
1
1
1
1
1
1
1
1
1
1
1
4828
364
29
3
2
1
2
8
1
2
5
1
13
3
3
1
1
1
1
14
8
7
2
1
4
1
2
2
1
1
1
4
1
2
1
1
1
1
1
1
1
1
694
1
2
39
2
3
1
57
8
17
1
14
3
1
8
4
6
10
2
2
7
1
7
1
1
1
3
4
2
3
4
1
1
1
2
2
2
2
4
1
1
1
1
1
1
1
1
1
7072
7927
210
19
21
7
25
51
1
1
2
24
2
1
9
1
22
9
6
3
1
1
1
1
11
1
1
1
1
1
5
3
6
1
1
3
1
2
1
1
1
1
1
1
2
1
8048
4799
912
510
168
37
16
1
15
15
3
8
18
6
7
14
4
2
1
2
1
2
2
2
1
1
8
1
2
1
3
2
1
7
3
1
2
1
1
1
1
1
1
6817
8348
156
787
3
403
5
46
70
210
8
1
9
9
3
2
6
9
1
1
2
5
3
5
4
3
1
1
1
6
1
5
2
1
1
1
3
3
1
2
1
1
1
6894
6589
1468
855
254
418
8
1004
499
2
4
5
1
3
1
2
3
1
2
1
2
3
5
1
1
4
2
2
1
1
1
1
1
1
3
1
1
1
1
4
1
1
1
6819
97
21
63
4
35
2
1
2
1
1
4
2
4
1
4
3
2
18
4
4
2
1
1
4
4
1
4
1
1
1
3
1
3
3
3
4
3
1
1
1
1
1
1
1
13717
159
283
36
128
95
8
92
43
13
17
1
10
1
3
20
2
3
6
6
6
14
3
1
4
2
1
3
4
1
6
1
2
2
1
1
3
1
1
1
1
1
1
1
1
5484
3
7146
11
307
32
39
24
11
5
1
1
4
2
9
1
11
4
7
2
7
1
1
4
3
6
3
2
1
2
1
2
3
1
3
2
3
1
1
2
2
1
1
3
1
1
1
1
1
944
73
6
389
136
8
12
13
6
19
2
3
1
2
3
1
2
2
1
1
1
1
1
5
11
1
1
1
1
1
1
1
1
1
2
1
131
6978
2
45
1
4
48
12
40
5
3
3
1
2
19
4
3
2
1
3
19
2
6
5
1
1
2
1
1
3
1
1
1
2
3
1
1
1
1
3
2
1
1
1
1
1
1005
5
47
2
3
30
13
1
49
2
1
3
1
3
3
1
2
2
1
1
1
1
1
2
1
1
2
1
1
2
1
1
1
1
1
1
1
6360
146
73
75
13
1
3
14
1
18
2
1
8
10
1
3
1
1
5
2
3
2
3
5
2
3
1
1
1
1
1
3
1
2
1
1
2
1
1
1
1
1
163
148
15
337
173
10
46
18
80
1
18
1
5
6
10
2
2
1
10
2
1
4
10
4
5
6
2
1
1
2
1
1
4
3
1
1
1
2
1
1
1
1
2
1
1
1
1
1
7571
7348
44
19
14
49
43
3
49
2
2
38
2
1
11
1
27
5
15
2
9
12
5
2
1
1
1
1
2
1
4
13
1
2
3
1
1
1
2
1
1
1
1
2
1
1
1
5847
55
1242
79
3
1
7
6
9
54
47
20
14
12
3
2
8
2
3
4
8
8
6
1
3
1
1
1
2
1
1
3
3
1
1
1
1
1
10
95
2
2
4
20
9
4
3
6
1
2
1
1
1
1
7
2
1
2
1
6
1
1
2
6
1
1
1
1
3
1
1
1
1
1
1
68
1451
10
8424
2
502
6
2
80
14
5
2
2
37
5
5
5
41
2
3
11
5
2
12
5
1
1
2
1
1
2
2
1
1
1
1
1
5
312
48
446
19
97
1
1
6
29
27
1
6
1
6
1
2
4
17
1
2
2
1
3
10
3
1
1
2
1
1
4
1
2
1
1
1
1
1
1
1
1
1
5173
6569
1657
52
5
3
1
3
16
2
2
2
2
11
1
4
6
1
1
3
2
2
2
1
4
2
1
1
1
1
1
1
1
1
1
6176
126
1644
121
1
4
50
17
14
2
47
2
17
2
6
2
5
2
3
6
2
2
1
9
2
1
1
1
1
2
3
2
1
1
1
2
1
14
5
26
1
16
7
9
2
4
9
2
3
5
1
11
3
2
4
4
1
2
1
3
1
1
2
1
1
4
2
1
1
1
51
158
364
9
17
1
4
20
5
9
8
1
1
6
3
3
1
1
2
2
1
1
2
2
3
1
5
1
1
2
1
3
1
1
1
8498
330
191
558
13
2
5
16
1
24
1
11
11
1
1
2
3
2
3
1
3
1
2
1
1
1
1
1
2
1
1
1
8014
144
1295
32
53
1
1
223
48
27
7
34
1
56
3
6
5
2
16
8
13
2
2
1
1
4
1
1
1
1
1
2
1
1
2
1
1
1
2
1
1
1
1
1
9
5
25
3
6
26
1
1
1
2
1
2
2
3
1
15
1
1
1
3
1
4
7
2
2
1
3
1
1
3
5
1
1
1
1
2
1
1
1
1
1
476
99
126
14
1
11
7
11
1
1
2
4
4
3
3
2
1
2
2
2
2
1
1
1
2
1
1
1
1
1091
70
5
1
1
3
25
2
31
3
28
7
4
4
6
6
2
1
4
1
1
1
1
1
2
1
1
1
1
1
1
1
1
1
6650
884
209
293
203
81
2
40
1
3
1
1
2
4
2
4
2
1
1
1
1
1
2
3
1
1
1
1
1
11
1
1
1
6698
169
86
14
554
2
52
2
17
3
22
31
3
4
1
4
1
1
20
5
1
4
5
3
1
1
1
3
3
1
1
1
1
2
1
1
1
1
1
1
1
1
1
968
3
189
10
106
12
30
4
31
10
5
3
1
22
1
1
25
4
1
1
1
1
3
1
1
2
1
1
1
6
1
3
4
1
1
1
1
1
1
1
1
2
2
1
1
1
1
88
7068
6160
1684
104
174
10
2
4
6
4
59
14
8
4
1
7
1
1
5
7
1
1
2
1
1
1
1
2
4
1
1
1
2190
5384
7354
718
95
1
101
253
1
78
4
45
3
9
26
1
6
3
2
1
5
1
6
1
1
1
2
1
2
1
1
2
2
1
1
1
2
2
1
1
1
79
203
3
97
29
5
6
9
1
10
31
3
1
3
1
2
1
3
1
1
2
1
3
3
6
2
1
1
1
2
1
1
1
1
1
1
3
2
1
1
1
7634
6809
939
174
10
7
236
58
30
7
1
1
8
1
9
3
1
3
11
1
6
1
2
1
1
1
3
1
3
1
1
1
6
2
1
2
1
4
1
1
1
1
1
1
6316
833
342
469
788
14
20
5
3
2
14
7
27
4
16
3
4
2
5
1
1
1
3
10
1
2
1
1
1
1
1
1
1
1
1
1
1
1
578
374
164
27
71
23
5
6
9
10
23
4
1
2
2
2
2
1
1
1
1
4
1
1
4
2
3
1
3
6
2
1
1
1
1
1
1
1
2750
1300
4265
480
7
40
8
7
27
14
25
4
5
1
2
15
12
4
5
1
13
4
1
1
2
1
1
1
2
1
4
1
1
1
1
2
2
1
1
1
1
1
1
1
1
14
26
10
11
1
12
20
2
2
6
3
4
4
1
1
2
8
1
1
5
2
3
1
2
1
2
1
2
1
2
1
1
1
1
1
2
1
13237
889
2
15
50
1
20
2
3
1
8
19
5
1
3
5
1
2
1
1
5
3
1
1
1
2
3
1
2
2
1
4
1
5
1
1
1
1
1
1
2
1
1
1295
269
3
22
39
21
58
71
5
5
6
2
7
4
2
1
8
1
6
3
1
2
1
3
1
1
2
1
1
2
1
1
1
1
1
1709
152
4
3
8
59
25
9
4
5
2
1
3
5
22
2
2
2
1
2
1
5
1
7
2
1
4
1
1
2
1
1
1
103
8
169
66
17
28
15
8
9
3
1
3
5
3
4
4
6
2
4
1
4
1
3
1
1
3
1
1
1
1
1
1
2
2
2
1
1
4469
81
19
2
13
39
8
1
34
2
19
31
4
18
1
2
5
6
41
2
3
4
1
4
16
13
6
1
12
2
7
9
2
4
1
1
1
3
3
1
1
1
2
1
3
1
1
1
1
1
1
1131
643
29
631
654
294
5
1
2
16
3
6
5
1
37
2
4
3
3
2
1
19
11
5
9
4
4
1
2
1
1
5
2
3
1
2
3
2
1
2
1
1
3
1
1
1
1
1
6383
363
39
53
1
4
32
32
16
2
9
10
6
13
3
1
6
1
1
3
3
2
1
2
3
3
3
1
1
1
1
1
2
1
4
1
1
2
2
2
1
1
1
1
1
220
142
15
16
7
30
7
8
2
6
4
3
25
1
7
6
1
1
5
1
1
1
3
4
2
3
1
1
1
1
1
1
1
1
1
8963
1
15
2
195
126
17
2
7
1
4
29
7
22
5
1
1
12
3
1
3
1
2
1
1
5
2
1
1
3
1
2
1
1
1
1
1988
28
6
5
2
1
31
3
2
1
1
9
3
3
6
3
1
1
1
2
4
1
2
1
1
2
3
1
1
2
2
1
1
1
1
1
209
848
30
16
212
14
9
25
2
21
13
1
4
1
3
1
2
1
3
1
1
4
1
2
2
2
1
1
3
1
1
1
6102
1146
2
5
48
69
26
64
1
3
1
5
4
4
2
4
1
2
1
1
2
2
2
3
5
4
1
4
1
1
1
1
1
1
2
2
1
1
1
1
1
1
1
6622
8
177
19
3
18
18
57
2
1
2
3
2
3
1
2
1
4
1
7
7
1
2
2
1
1
2
1
2
1
2
2
1
1
1
1
1
1233
4650
1829
82
2867
331
177
6
6
14
8
6
39
3
1
2
1
12
3
3
5
2
1
6
1
1
1
1
1
2
1
1
1
1
2
1
2
1
1
2
2
2
1
1
8754
8763
51
2
4
98
21
37
1
3
1
4
4
15
6
3
5
2
2
3
3
1
1
1
1
1
1
3
1
1
1
1
1
1
1
1
1
1
1
1
1326
6751
370
19
3
1
25
5
9
4
17
1
2
1
1
5
2
4
2
1
1
5
1
1
2
3
1
8
1
3
1
2
2
2
1
2
2
3
4
1
3
1
2
1
1
1
1
2
1
1
1
5373
7838
5085
2100
63
285
85
852
27
1
6
32
12
5
9
12
5
1
1
4
2
3
2
2
1
1
5
1
2
1
1
1
1
1
1
1
1
7204
1464
9718
312
163
114
10
74
68
26
59
12
24
33
2
21
11
13
15
5
1
5
3
5
7
6
2
1
1
1
1
2
1
1
1
2
1
1
8316
2409
218
2534
128
76
6
868
4
162
1
1
3
10
11
14
2
2
1
2
2
1
1
8
8
3
5
1
11
6
2
16
2
1
4
3
4
1
1
2
1
1
1
1
1
1
2
1
1
1
1
1
1
4649
9816
955
287
1369
38
164
47
29
13
16
1
2
2
2
3
1
9
1
8
1
3
5
4
1
5
1
4
3
1
1
1
1
1
4
1
1
1
5225
177
447
1
5
49
79
2
2
1
7
40
4
3
1
5
9
2
2
4
1
1
3
1
1
8
3
2
2
1
1
2
1
1
2
1
1
2
1
1
1
1
6020
8650
787
21
165
265
7
19
7
14
36
4
4
5
1
4
3
7
1
4
3
1
1
4
1
2
1
1
2
6
1
1
1
1
1
1
2
1
1
1
1
1
1
5373
5
342
300
179
22
17
1
1
16
8
3
1
4
9
3
2
3
1
3
4
3
3
2
1
1
1
1
277
50
113
89
24
1
11
3
28
24
30
1
15
2
1
2
2
3
1
2
2
1
1
2
1
4
1
4
1
2
2
1
1
1
2
1
1
1
1
1
1
1
1
1390
18
16
19
20
3
2
1
1
1
1
1
1
1
1
2
3
1
4
3
1
1
2
3
1
1
1
1
1
1
1
1
1
1
7927
43
547
93
104
3
4
5
4
26
3
10
30
11
3
7
2
1
1
1
3
5
7
5
1
2
1
1
2
1
2
2
3
1
1
1
1
1
1
6439
5256
61
191
555
5
13
1
130
5
11
8
10
9
8
2
5
1
1
2
2
3
1
1
2
1
1
3
4
3
1
2
1
2
1
1
5
1
2
1
1
2
1
1
1
1
2
1
1
14185
1456
118
21
65
2
4
1
5
1
34
8
2
4
2
6
1
5
8
1
3
2
2
1
1
1
1
1
1
1
36
49
347
3
9
15
17
35
10
1
2
5
4
10
2
36
5
1
11
3
2
2
9
2
1
1
1
3
4
53
2
1
3
3
1
5
1
5
1
1
1
3
2
1
1
4
1
1
2
2
1
1
1
6568
3319
1309
3645
1745
1998
687
576
175
1042
10
165
45
169
170
40
41
1
2
2
2
8
3
1
9
24
1
1
7
2
6
14
2
1
1
2
1
4
2
7
1
2
1
1
2
1
1
1
1
1
1
1
1
2
3
1
1
1
1
14088
20
2
2
1
15
1
2
6
6
3
2
6
4
1
1
2
2
1
3
1
1
1
1
1
2
1
1
5477
1364
734
14
8
3
1
3
3
1
3
3
1
1
1
5
2
1
3
3
2
4
1
2
3
1
1
1
1
1
1
1
1
1
1
1
1
769
127
30
209
39
5
4
3
10
3
1
1
1
2
1
2
2
2
5
1
2
1
1
2
2
1
2
1
1
1
7
100
28
8
15
2
5
15
7
12
1
4
1
1
1
1
1
2
1
3
3
1
1
1
1
1
1
4
1
2
1
1
1
2
1
1
1
1
1
1
1
862
11921
907
62
46
17
1
161
7
4
4
17
8
20
4
1
3
1
24
17
14
1
2
4
7
2
6
1
4
1
2
2
5
1
1
1
1
3
3
1
2
2
1
1
1
1
1
1
1
7332
6636
7395
358
91
55
4
5
8
60
5
64
6
2
7
11
2
2
3
7
1
1
2
1
5
10
1
1
1
1
3
4
3
2
1
1
2
1
1
1
2
1
1
1
1
1
1
3
1
1
1
1
1
8112
1192
66
1
23
33
13
5
10
2
4
1
7
10
2
1
3
3
1
1
3
1
1
5
3
1
2
2
1
1
1
1
1
2
1
1
1
1
8083
6832
6451
324
162
40
6
14
14
37
10
3
5
2
3
2
4
2
6
14
1
15
2
5
3
2
1
2
2
1
2
1
1
3
1
1
3
2
1
1
1
1
1
1
1
1
1
1
1
9308
8
69
1
1
23
6
2
46
7
2
26
15
26
5
1
1
1
26
4
8
2
1
2
13
1
4
5
1
1
3
4
3
2
3
2
1
1
3
1
9
2
1
1
1
3
1
2
3
1
1
1
1
1
1
1
2
1
1
12051
1676
2187
8
50
22
13
42
19
27
3
12
1
2
1
2
3
5
4
2
11
1
4
1
5
1
2
2
2
3
1
1
1
1
1
3
1
1
1
1
1
1
1
3638
380
15
239
7
20
3
22
23
2
28
1
8
17
8
5
3
10
5
2
1
2
2
2
2
1
1
3
1
1
1
2
1
2
1
1
1
1
1
11602
674
3
4
45
1
5
61
31
6
46
23
4
3
2
1
1
2
1
1
9
2
1
2
2
2
1
2
2
1
2
1
1
1
2
1
1
1
1
1
1
1
2308
69
2
256
15
1
8
8
6
2
5
13
5
6
4
1
2
2
3
1
1
1
3
1
2
1
1
1
1
1
1
2
1
1
6484
291
6251
3163
252
73
146
1
2
28
1
1
1
1
21
2
2
1
7
1
1
1
8
4
4
4
4
1
1
2
1
2
1
1
1
1
1
2
1
5897
1
1439
15
9
40
1
70
6
9
9
4
3
25
22
1
2
2
1
2
2
1
1
3
4
3
1
1
1
1
1
1
1
2
1
2
1
1
1
1
1642
12204
812
33
24
10
12
16
11
18
12
2
43
13
4
2
11
5
2
3
3
1
4
3
9
9
1
2
1
1
2
1
2
4
2
1
1
7
1
1
1
1
2
1
1
4616
4570
6
1
72
14
25
39
47
13
4
34
1
5
1
10
2
1
2
1
1
1
1
1
3
1
1
1
1
1
1
1
2090
4643
1814
1515
5399
35
157
1
75
14
8
19
2
5
42
3
17
10
5
19
16
3
10
3
1
8
4
3
1
2
4
1
1
2
2
1
1
1
2
2
1
1
1
2
1
4665
24
167
70
6
1
19
10
79
21
10
1
4
2
2
1
11
5
4
2
1
7
1
5
6
2
1
1
1
2
3
1
2
1
1
1
1
1
2
1
14224
53
91
40
9
9
3
3
4
15
6
1
1
2
2
8
10
1
6
1
1
2
2
7
1
2
7
2
3
1
1
1
1
1
4
2
1
1
1
1
325
121
19
11
1
37
56
6
4
18
23
1
18
3
1
4
6
2
2
2
1
2
2
2
2
1
1
1
1
1
3
1
1
2
1
1
433
1898
20
213
3
3
3
1
9
6
1
67
6
14
2
1
3
8
1
8
8
1
1
1
2
5
1
3
1
2
1
1
2
1
2
1
1
1
1
1
1
1
820
1525
22
1
16
225
4
74
5
6
1
2
2
1
5
1
1
5
2
1
1
3
5
1
1
1
1
3
1
1
1
1
1
1
1
1
3
1
3
1
1
2
1
180
68
27
12
2
17
3
1
2
3
2
1
2
2
1
4
2
2
1
2
1
1
1
1
1
1
1
14510
254
355
93
3
114
16
1
31
8
2
13
6
1
16
12
1
3
1
2
9
11
1
6
3
8
1
2
4
2
4
1
2
1
1
1
1
1
2
1
1
1
1
2
1
1
264
812
478
80
280
1
74
39
1
2
28
1
17
2
26
2
1
2
54
10
6
3
2
8
5
3
1
1
3
3
1
3
1
2
4
1
1
1
1
1
1
1
1
1
1
12930
5
75
1
1
5
7
19
2
1
1
4
3
3
1
4
1
4
2
1
3
2
1
2
1
1
1
1
1
1
1
20
20
2
34
1
5
1
3
6
6
27
10
9
18
5
3
7
5
6
2
2
3
5
1
1
2
1
1
2
2
1
27
1
4
1
17
37
3
2
5
4
10
5
2
6
5
2
4
3
4
5
3
1
1
1
2
1
1
2
1
1
1
1
1
1
1
1
1
1
1
35
4
2
3
1
1
24
10
1
6
12
3
1
1
2
1
2
1
1
2
6
1
1
2
2
4
1
4
2
1
1
3
1
1
1
1
1
1
1
1
763
7
2
8
2
18
2
6
6
4
4
3
4
4
1
6
6
1
2
4
1
2
2
2
1
1
1
1
1
1
1
2
1
1
1
1
3
1
1
1
2
2
1
1960
6416
6081
1340
232
88
20
3
4
30
12
38
18
2
1
26
4
1
2
2
1
3
3
12
1
1
4
1
4
1
1
1
2
10
1
1
1
2
2
1
1
1
2
1
2
1
1
1
1
8123
448
6694
149
315
521
45
72
5
62
32
39
5
1
1
3
1
1
1
2
8
2
1
2
3
1
1
6
2
2
1
3
1
1
1
1
1
3
2
1
1
1
9499
26
1
30
45
23
10
1
2
3
3
8
1
7
1
2
1
5
1
3
3
2
1
3
5
2
1
3
2
11
3
3
2
1
1
1
1
1
4
1
1
1
1
1
1
1
1
1
1
1
1
1
1
8740
3044
260
100
6
1
198
20
60
26
16
7
7
1
2
2
4
5
1
4
3
1
1
1
1
2
1
1
2
1
1
2
1
1
1
1
1
5746
1811
25
802
116
102
2
22
29
1
2
18
2
18
3
20
1
1
1
6
1
2
4
1
2
1
1
1
4
1
1
1
1
5
1
1
4
1
1
1
2
2
8374
5625
1569
723
28
3
11
59
1
5
9
1
3
19
1
1
1
4
1
2
1
2
7
1
3
1
1
3
1
3
1
1
3
3
1
13599
203
12
470
5
16
20
155
2
12
2
12
6
2
10
8
8
2
2
2
4
1
1
5
4
1
2
2
2
1
1
1
1
3
2
1
1
1
1
1
1
1
1
6374
65
11
126
2
53
26
18
1
10
79
29
4
1
14
1
4
1
1
3
8
2
1
7
8
1
2
1
1
1
1
1
2
1
1
1
1
1
1
6730
4236
562
3590
49
857
3
8
15
53
1
5
1
1
5
18
2
3
3
2
1
1
3
2
1
1
2
5
3
1
1
3
1
1
1
1
1
1
1
1
1
229
86
1
124
6
26
8
3
1
2
44
8
1
2
4
1
1
1
1
3
3
1
1
3
1
1
2
3
1
1
1
1
1
1
1
1
1
1
1
11779
52
139
115
60
3
11
1
6
1
7
1
6
5
1
3
1
1
1
2
1
2
3
1
1
1
1
1
1
1
3
1
7228
6671
245
1
135
72
50
3
1
26
11
9
9
19
24
3
1
12
2
3
2
2
2
4
1
2
4
2
3
1
1
1
1
2
1
1
1
5
2
26
7
13
5
9
5
1
1
10
2
8
2
2
2
2
1
1
1
1
2
2
1
1
1
6700
488
6
106
35
1
1
7
2
1
2
2
8
3
1
1
1
8
6
2
2
1
4
1
1
2
1
2
1
1
2
1
1
1
1
1
2
1
2
2
2
1
1
2
9
8
1
1
1
12
36
1
1
1
3
1
6
1
1
1
1
1
3
1
1
2
1
1
6991
1055
3
3
1
45
4
1
4
11
1
9
2
6
5
9
2
2
2
4
1
4
2
1
1
2
3
1
2
15
2
4
5
2
1
3
1
1
3
1
1
1
2
2
1
1
2
1
1
8413
5066
611
595
322
68
48
33
5
20
1
2
29
37
7
11
2
5
23
13
3
14
1
5
2
29
3
7
1
2
4
2
9
4
3
2
1
1
2
1
4
1
2
1
1
1
3
1
3
2
2
2
1
1
1
1
1
1
8430
25
16
35
2
20
4
1
5
22
5
1
16
2
4
1
1
1
3
3
5
2
4
2
1
2
3
1
4
1
1
2
1
1
1
1
1
2
1
2
1
1
1
1
47
26
5
22
39
6
1
4
16
1
1
1
1
8
1
2
3
2
1
2
2
1
2
1
4
2
2
2
1
2
2
1
1
1
851
11
48
137
16
11
1
2
2
6
3
6
2
1
1
4
6
2
1
5
2
1
4
11
1
1
3
2
2
1
1
2
1
1
1
4206
1
1308
3
29
17
6
4
32
2
1
3
2
4
2
2
3
1
12
4
1
5
1
3
1
3
2
1
6
1
1
1
3
1
2
1
2
4
1
2
5
2
1
1
1
1
23
4
18
1
1
5
4
1
6
2
3
8
1
3
1
1
3
1
1
2
1
1
1
2
1
1
1
1
1
1
1
1
982
7045
5132
6355
187
2044
384
30
167
2
5
1
1
1
3
12
7
3
3
2
3
2
13
1
2
2
1
2
1
2
1
1
4
1
4
1
2
1
1
1
2
1
1
1
1
1
837
109
34
125
399
310
11
3
2
8
1
5
18
2
23
4
1
34
1
4
3
1
2
1
2
2
1
6
1
1
2
1
1
1
1
3
1
1
1
1
1
16
38
52
23
5
12
3
12
1
4
3
9
2
6
6
2
1
2
2
1
3
1
2
1
2
2
1
1
3
1
1
4
1
1
1
1
1
6305
6615
1390
6349
1530
420
32
11
13
10
3
3
6
1
10
5
1
2
1
1
4
1
3
2
2
2
2
4
6
2
1
1
1
1
1
1
1
155
94
267
20
6
5
14
1
2
1
3
1
3
3
1
1
1
1
2
2
4
1
1
2
3
1
1
2
37
390
2
2
22
53
30
17
5
59
2
10
6
9
2
1
1
1
5
3
4
1
5
1
1
1
1
2
1
3
1
2
2
2
1
1
2
1
1693
8
288
14
2
3
27
2
8
46
15
7
12
15
1
5
2
1
2
2
2
2
3
1
2
2
1
2
5
1
2
2
1
1
1
1
2
1
1
1
1
1
1
1
1
1
1
7404
666
309
4
2
15
74
76
2
1
8
2
2
1
1
1
4
15
2
1
2
1
1
1
5
1
1
1
2
2
1
6275
9404
13
456
116
8
2
48
76
13
2
2
15
1
3
3
2
2
10
1
2
1
1
1
7
1
1
1
3
2
1
1
9
3
1
1
1
1
2
1
1
2
1
3
1
1
1
1
1
1
2
2
1
1
1
1
161
19
12
2
1
61
89
4
1
11
2
16
29
9
2
2
1
2
2
3
3
1
1
1
1
1
1
1
1
1
1
1
2
1
2
1
1
2
3
1
1
1
3374
4748
8198
314
11
32
8
8
3
24
78
15
14
1
1
1
1
4
1
2
1
6
1
1
1
1
2
1
1
1
1
5905
439
550
20
250
21
1
13
3
9
5
8
10
7
2
3
1
4
2
7
8
4
1
1
1
1
3
1
1
1
1
1
1
1
1
1
1
1
1
1
8781
53
14
14
29
2
2
4
19
4
2
5
7
5
6
4
8
4
3
1
3
5
1
1
1
1
1
1
2
1
1
1
1
8155
241
290
4
1818
217
23
9
14
3
2
4
17
5
33
21
34
2
2
1
9
1
1
3
1
1
2
1
2
1
2
1
1
6
1
2
1
3
5
2
1
1
2
1
1
1
1
1
1
1
1
245
56
595
36
2
6
15
4
3
5
32
4
9
2
2
1
2
2
1
11
2
2
2
1
1
1
1
1
1
1
2
1
1
2
3
1
1
1
1
9452
100
322
1
7
27
2
4
2
10
4
2
1
1
3
9
2
7
1
4
1
4
6
3
9
4
8
1
2
1
1
1
2
1
1
1
1
7940
58
37
9
61
5
28
1
4
4
7
1
13
1
2
1
2
4
6
1
3
1
1
1
1
1
2
1
1
24
70
17
23
13
4
2
8
1
3
5
3
1
2
4
1
2
2
1
1
1
1
2
1
1494
7067
611
3
1
149
29
1
65
10
1
3
11
1
1
4
1
2
1
8
7
1
1
4
3
1
2
1
3
1
1
2
2
1
1
1
1
1
1
6899
363
463
30
65
2
6
19
1
23
2
9
7
8
12
1
2
1
3
3
1
1
3
1
1
1
12887
2814
823
1
82
152
93
2
36
26
12
62
39
37
15
1
3
7
11
2
1
1
1
3
1
1
1
1
1
1
1
2
1
1
1
1
33
7065
1060
6435
7116
44
118
89
69
1
9
2
2
4
6
2
19
5
9
2
1
4
1
2
3
1
1
1
1
3
1
1
3
1
1
1
8086
154
1353
160
30
171
5
9
50
16
1
23
1
1
1
6
9
4
4
1
1
6
2
3
1
1
1
1
1
2
1
2
1
1
2
1
1
1
1
6762
61
194
447
10
11
763
2
12
1
3
2
14
1
9
46
16
2
1
4
1
1
10
1
1
2
1
3
7
1
4
3
4
2
1
7
3
2
3
3
3
2
4
3
10
3
3
2
1
1
1
1
1
1
1
1
1
4093
1963
2173
103
4
3
15
47
19
29
7
45
1
11
8
1
7
7
2
3
2
5
2
1
14
1
1
1
2
1
1
2
1
2
2
1
2
1
3
1
1
2
1
6946
652
1205
432
4
17
44
5
3
6
3
4
1
5
5
4
2
3
1
1
2
2
3
1
1
1
2
1
1
1
2
3
94
10
133
31
4
2
14
9
5
9
1
2
4
2
3
1
5
1
6
3
2
13
8
5
2
1
3
1
1
1
1
1
2
1
2
1
1
1
1
2
26
2
1
11
2
1
25
7
3
4
2
4
3
1
1
2
1
1
4
1
3
1
1
2
2
2
1
2
2
1
1
1
1
1
1
1
6504
111
2604
4188
909
8
301
4
19
17
2
14
19
12
15
11
1
12
1
1
1
4
2
3
2
3
18
9
1
1
3
2
1
1
6
1
1
3
1
1
1
1
1
1
1
1
1
1
1
3
1
1
8777
655
21
247
192
278
5
50
3
3
137
83
12
4
8
1
1
2
1
1
1
3
1
1
1
1
1
1
1
1
1
1
9089
55
5
2
1
7
2
28
2
4
9
4
2
1
4
2
2
3
3
2
3
4
2
1
1
1
1
1
1
1
1
1
17
42
12
10
1
2
2
12
2
7
1
8
7
4
8
2
2
3
1
1
1
1
2
1
4
3
1
1
2
9
2
1
1
1
1
1
1
6161
3
46
5
3
48
11
15
1
25
1
5
26
1
29
6
1
3
5
17
2
2
6
3
2
3
1
2
2
3
6
1
2
3
1
6138
209
2335
7047
4514
333
458
272
130
181
31
22
9
57
6
3
16
18
1
2
3
10
6
3
2
1
7
1
2
2
2
1
1
4
3
1
1
4
1
3
1
1
1
1
2
1
1
1
1
6452
5296
535
2045
2404
187
6
38
8
29
10
16
1
5
5
2
21
57
1
18
7
5
17
6
17
4
4
1
12
4
2
2
10
5
1
2
4
6
5
3
7
2
5
1
1
3
4
1
1
3
1
1
1
1
1
1
1
1
1
1
1
1
7030
1019
106
18
8
4
33
12
1
7
5
7
3
2
3
14
1
1
1
1
1
1
1
2
1
1
14158
80
4
11
1
3
1
1
22
5
6
5
13
2
11
3
3
2
2
7
1
4
2
1
1
3
1
3
1
2
1
1
2
1
1
1
1
1
1
1
2
1
1
1
1
1
2
1
1
1
9135
26
122
8
965
13
43
3
37
1
1
16
2
4
4
4
1
7
3
1
1
1
3
5
4
2
1
2
2
1
1
4
2
1
1
1
2
1
1
1
10174
6222
567
5
4
22
16
42
5
3
10
39
4
2
1
1
1
13
5
4
1
3
1
5
3
4
5
2
1
2
1
1
1
1
2
2
1
1
4
2
1
1
3
1
2
1
6455
71
125
8
20
6
5
4
1
2
7
1
3
3
2
6
4
3
1
1
1
2
1
2
1
1
1
2
3
1
1
1
1
1
1
1
1
1
8
111
938
23
1
453
31
24
3
27
13
2
4
4
11
3
1
1
1
5
2
1
4
1
4
1
2
1
1
1
1
1
1
1
1
1
1
1
5494
1014
4040
15
305
21
19
20
17
43
4
1
16
17
5
1
5
1
3
7
4
1
5
2
2
1
1
1
1
1
1
1
1
1
1
1
1
14729
59
8
4
124
5
2
9
31
5
1
5
7
2
1
31
5
3
1
8
5
1
1
6
2
1
1
1
1
7
8
84
30
2
4
8
13
1
4
8
10
1
4
3
1
2
3
1
1
1
2
2
1
1
1
1
1
1
1
1
1
6628
6929
10
9
32
4
13
78
1
4
14
68
1
16
2
25
2
1
1
28
3
2
43
4
5
10
6
13
3
11
2
9
2
3
2
4
1
2
2
1
2
1
2
1
1
2
1
1
1
1
4295
6404
5716
1658
2
581
502
24
53
138
478
68
924
25
58
16
14
1
3
12
1
1
1
2
1
2
2
10
3
1
1
1
1
2
2
1
1
2
1
1
1
1
3
1
1
1
1
1
1
1
1338
937
5989
36
131
13
19
58
35
35
32
2
2
1
1
6
7
6
4
4
5
4
2
1
1
1
2
8
1
1
1
1
2
1
2
1
1
1
1
1
1
1
1
1
1
1
1
66
6105
3549
208
1
14
4
4
2
17
3
4
1
5
3
11
1
5
1
4
2
6
18
3
1
4
1
8
6
1
1
1
1
2
1
1
1
1
1
6660
6503
1368
45
77
9
47
2
1
1
6
9
1
1
1
1
6
2
3
4
1
1
3
1
2
2
5
1
2
2
1
1
1
1
1
6633
67
797
54
8
5
1
6
17
19
2
13
1
2
18
75
2
1
2
4
9
1
2
5
2
3
1
1
1
1
2
1
1
3
2
1
1
1
3
1
1
1
1
2
1
1
11069
5003
835
4
43
2
59
6
10
9
23
1
9
5
2
3
2
2
2
1
1
2
4
4
2
1
1
1
3
1
1
1
2
1
1
1
8985
7518
1316
127
6
79
5
1
28
14
5
6
1
1
3
10
3
16
4
9
7
5
24
3
1
3
1
1
2
2
4
2
1
2
1
1
1
1
1
1
1
1
1
1
2
1
1
1
1387
218
13357
60
3
11
2
13
2
5
1
2
1
14
7
2
6
2
2
2
2
1
4
2
1
12
2
1
3
1
2
1
1
1
2
1
1
1
1
1
13668
2
169
163
19
41
49
13
17
2
56
9
8
6
3
9
1
5
1
2
1
14
1
1
3
1
1
2
2
1
1
2
2
1
2
2
1
1
1
2
1
1
1
1
1
1
1
1
1
1
1
3
196
13
6
15
1
11
1
7
1
1
4
3
6
1
1
1
1
2
1
2
1
1
1
1
1
6233
5
32
502
1
2
4
260
7
3
26
2
1
4
20
1
8
4
8
1
1
5
4
2
2
2
4
1
1
2
1
7
1
1
1
1
1
1
1
1
1776
8198
37
5418
413
278
12
3
1
9
9
16
7
3
3
3
4
6
6
23
1
3
1
1
1
6
1
5
1
3
9
5
1
1
3
1
2
1
1
1
1
1
1
2
18
205
3
3
9
1
1
4
4
4
2
5
5
4
3
4
1
2
8
1
1
2
2
1
1
1
1
2
1
2
1
1
1
5873
6083
5
1702
24
81
3
66
27
13
2
8
1
1
9
1
1
5
13
3
1
5
1
2
1
2
1
1
2
1
1
2
1
1
13473
974
1596
75
136
3
123
14
97
1
26
19
16
27
4
6
1
4
2
1
2
4
1
4
1
1
1
2
1
1
6
2
1
1
1
1
1
1
1
1
2
8660
1280
8101
703
159
3
269
1
13
29
5
32
5
5
3
9
6
3
6
1
4
1
2
2
1
1
1
3
3
2
1
2
1
1
1
1
1
1
1
1
1
1
1
1
1
1
1
1
3925
8095
2295
113
22
13
7
6
3
8
1
5
1
2
17
12
2
2
10
1
1
2
5
1
2
6
4
2
1
3
5
1
1
1
2
1
1
1
1
1
2
1
1
7433
79
103
81
32
3
5
1
2
4
8
1
2
2
2
1
1
6
1
2
3
2
2
1
2
1
3
1
1
2
2
1
1
6809
5772
2019
351
2
16
15
240
4
13
6
1
14
2
72
2
4
1
12
2
1
4
1
3
1
1
1
1
3
1
1
1
2
1
1
1
1
1
1
1
1
10879
618
11
575
215
111
12
67
1
28
22
78
4
3
25
37
2
3
12
2
3
4
2
2
1
2
1
1
2
1
1
1
1
1
1
1
1
1
1
9405
327
2
1
40
1
2
59
18
3
2
4
14
2
3
1
1
4
8
3
4
5
5
2
2
1
1
1
2
1
3
1
1
3
1
3
3
1
1
1
1
7872
4961
102
464
58
268
462
31
1
7
96
52
25
36
5
10
25
1
4
3
2
4
10
7
1
12
2
2
3
1
1
1
1
1
1
1
1
12953
3
20
8
99
7
4
3
1
1
1
1
2
1
1
2
2
2
1
1
1
1
3
1
1
7834
1639
6143
2327
320
44
119
60
9
3
10
2
3
8
1
8
8
5
19
5
3
2
1
1
4
2
3
1
1
1
5
2
1
1
1
3
1
2
1
1
1
1
51
5
35
2
1
4
2
11
1
19
2
3
2
3
3
4
1
11
3
2
1
1
9
1
1
1
1
1
1
1
2
1
1
1
3
1
2
1
2
1
8254
7803
215
292
49
34
10
1
7
105
8
51
9
18
3
1
1
5
3
2
2
1
3
1
1
5
1
1
1
2
3
1
3
1
2
1
9245
2
2
74
100
20
8
2
67
2
9
1
13
3
2
4
5
1
4
5
11
4
1
5
1
3
1
1
5
2
1
1
2
1
2
3
1
7720
111
8
407
60
50
58
20
48
68
153
2
1
14
38
3
10
3
4
7
1
1
1
5
2
2
4
12
9
3
1
3
1
3
1
3
1
3
1
1
1
1
2
1
3
1
1
1
8524
1053
434
9
708
4
4
16
13
7
2
2
25
4
12
3
6
3
7
18
6
1
4
1
1
4
1
1
1
5
1
1
1
1
2
2
2
1
7286
229
1512
86
194
18
40
17
18
8
3
2
1
22
41
18
21
11
12
1
4
4
2
9
2
1
1
2
7
3
2
4
2
2
3
4
1
1
2
3
2
1
1
1
1
1
1
1
1
1
1
29
544
24
16
37
1
8
4
3
3
2
3
1
9
2
2
1
1
1
2
1
2
2
2
5
1
1
1
2
2
2
1
1
1
1
1
1
1
3410
6771
4413
9
42
18
89
8
3
14
1
3
9
1
1
6
1
2
6
1
1
1
1
2
1
1
1
1
1
1632
957
5769
19
223
21
22
34
59
36
9
21
24
13
12
20
3
1
1
5
2
1
9
2
6
2
2
3
1
2
1
1
2
1
3
1
2
1
2
1
1
1
7146
7460
6066
266
81
199
138
16
19
5
262
7
27
76
19
1
34
4
5
36
2
11
20
10
37
18
1
6
1
1
8
1
3
1
9
3
1
2
2
2
1
1
1
1
1
1
2
1
1
1
1
1
1
1
22
7133
1446
11
586
5
198
39
552
8
127
83
60
104
1
6
1
1
25
2
2
1
2
3
1
1
3
1
7
1
1
2
5
1
1
2
1
9
1
2
1
1
1
1
1
1
1
6694
130
219
40
5
19
2
24
8
13
3
7
5
1
13
5
2
3
4
9
1
11
1
1
1
1
1
1
1
1
1
1
3
1
1
1
1
7621
4985
2460
3023
588
185
58
53
3
2
5
1
19
1
63
8
34
3
1
3
2
3
3
3
5
2
4
2
1
2
4
1
1
2
1
1
1
1
3
7849
7
23
12
11
4
3
2
24
19
1
16
1
6
1
3
1
2
1
2
2
1
1
1
1
1
1
1
2
1
1
7373
2897
1784
6213
1012
94
105
1
1
9
3
22
13
8
1
2
19
1
2
5
2
1
1
2
2
1
4
4
1
1
1
4
5
1
1
3
1
1
2
1
1
1
1
1
1
1
1
1
1
1
1
1
20
88
2
7
55
3
6
4
2
2
20
1
1
3
2
5
2
11
2
1
1
3
2
1
1
1
1
1
163
250
179
105
5
7
14
2
9
5
5
1
1
1
1
1
1
1
1
2
2
1
5
1
1
2
1
1
1
2
1
1
3567
819
712
51
30
9
1
40
25
5
7
16
1
5
2
7
1
9
1
7
7
1
4
11
3
1
1
1
1
2
1
1
1
2748
1
5
4
27
62
5
1
1
11
1
2
1
2
20
2
7
1
6
2
3
7
2
4
1
1
1
1
1
4
1
3
2
2
3
1
1
1
1
1
1
7448
6702
3
72
11
81
22
5
64
26
8
1
1
3
10
1
5
4
4
1
1
6
4
4
1
1
3
1
1
1
1
1
1
1
6
14
8
11
14
32
1
2
1
13
1
4
3
2
29
12
1
1
1
2
7
1
1
3
2
2
1
4
1
1
1
4
2
1
1
1
1
1
1
3324
6553
1952
1
32
26
5
5
10
2
2
4
9
2
1
1
1
9
2
3
2
1
1
2
1
2
1
1
1
2
1
1
1
1
1
1
9353
1674
475
4
10
46
4
20
3
52
2
2
6
5
5
7
3
1
9
4
2
1
2
1
1
1
1
2
1
1
1
1
1
1
1
22
3
1
7
5
11
9
31
11
1
8
1
12
5
2
2
1
8
1
6
2
2
2
2
3
5
2
1
1
1
1
1
1
1
2
1
1
1
1
10944
217
12
2
4
51
8
6
6
12
2
3
19
1
3
2
1
1
1
9
2
1
1
1
1
2
3
1
1
1
1
1
1
1
14
202
178
124
3
28
15
2
4
1
1
2
15
1
3
2
1
1
9
2
3
1
2
2
1
4
1
1
3
1
2
1
1
1
1
1
1
1
1
1
7053
9008
304
5
354
3
11
4
2
2
5
1
1
1
1
1
5
1
2
6
3
1
1
1
1
1
2
1
1
2
4
1
1
1
1
1
1
1
72
2
4
75
128
60
15
2
5
8
6
3
7
1
3
2
2
4
2
2
1
1
3
1
2
1
1
2
1
1
2
1
2
1
1
1
1
1
7879
5534
838
442
201
131
10
3
11
73
3
21
1
1
4
2
2
2
3
7
3
3
9
1
3
2
2
1
1
1
2
3
1
2
2
3
2
1
1
3
1
2
5
1
1
1
1
2
1
1
1
1
8321
450
5684
810
20
2
11
10
61
1
3
48
9
13
2
3
8
2
1
3
1
2
4
2
2
1
1
3
1
4
2
4
3
1
1
1
1
2
1
1
1
1
1
1
1
1
30
9825
287
129
3
14
37
15
6
6
1
6
3
1
1
1
1
1
1
1
1
1
1
1
1
1
1
1
1
2
1
1
1
1
8466
7227
5629
3
6
39
4
2
140
2
41
39
11
56
3
1
27
20
6
12
1
5
2
15
2
1
3
1
3
1
3
1
1
8
1
2
1
1
4
1
1
1
1
1
1
1
1
11899
1322
63
77
72
2
3
1
2
3
1
2
2
4
2
2
1
2
3
1
1
1
2
1
1
1
2
1
1
2
1
1
1
6365
6060
1672
7782
365
70
7
4
4
22
6
5
1
2
7
2
6
3
3
1
1
1
2
1
4
1
3
2
1
1
2
2
1
1
1
1
2
1
1
8537
331
5597
862
20
495
146
1
1
4
1
6
5
1
13
2
2
2
6
3
11
2
2
1
7
6
1
1
1
1
1
4
1
3
2
1
1
1
3
1
1
1
2
1
3
7
5
118
46
1
5
20
16
6
23
6
6
10
1
1
11
3
6
4
3
13
1
3
1
2
2
1
1
1
2
1
1
1
1
1
1
1
9603
938
17
34
14
20
102
11
4
1
2
3
8
2
4
12
10
5
2
1
3
1
1
5
1
2
4
2
16
3
3
1
6
1
2
1
1
1
1
2
2
7
2
7
5
6
58
9
6
11
1
1
4
6
1
14
2
1
1
3
3
1
1
1
1
2
3
2
1
1
2
1
21
3
19
1
5
5
1
35
38
8
2
10
1
3
2
2
3
1
7
5
1
2
1
1
3
1
3
2
1
3
1
1
2
1
1
5685
1157
12
33
71
187
11
1
5
5
2
1
6
25
3
1
3
2
2
5
6
3
5
5
8
3
2
1
5
1
2
4
4
3
6
3
1
2
1
1
1
1
3
1
1
2
1
1
1
2
93
27
1945
8
5
82
7
1
1
2
9
2
4
4
1
1
3
1
3
7
18
1
6
4
2
2
2
2
3
1
5
3
1
1
1
1
3
1
1
1
521
228
28
28
6
3
4
2
18
13
5
7
10
1
3
3
3
3
4
1
1
1
1
1
1
1
1
1
3
1
1
4
1
1
1
1
1
1
37
1
15
2
2
5
1
3
3
2
1
3
1
6
11
3
3
1
1
1
3
1
1
1
1
1
2
1
1
1
1
5404
7903
39
799
60
22
5
4
1
97
3
6
19
1
7
6
1
1
3
2
4
2
1
1
1
2
1
2
2
1
1
1
1
1
6698
3440
2330
712
17
77
68
1
13
9
33
38
9
37
18
5
17
9
8
1
2
1
1
3
2
3
2
2
2
8
1
3
1
2
1
1
2
1
1
1
1
1
1777
8
6
11
22
11
6
2
2
4
7
4
1
3
2
1
3
1
5
5
1
1
8
2
2
5
2
2
1
1
1
5
2
1
1
1
1
1
8629
9
401
145
76
33
18
46
13
3
4
3
6
3
5
10
3
2
1
2
1
2
1
1
3
6
1
1
1
1
2
2
1
3
2
1
1
1
6634
38
6857
77
31
113
711
32
5
7
47
5
22
2
1
1
3
2
5
16
2
2
5
10
1
2
2
3
2
1
2
2
1
2
1
2
2
1
1
2
1
1
1
1
1
1
1
1
1
1
2
1
1
6243
6
793
3
6
32
3
49
10
9
15
10
21
36
4
2
2
1
1
3
4
5
3
2
1
2
14
3
2
1
1
2
3
3
1
3
4
15
1
6
1
1
3
1
2
1
1
1
1
2
1
2
1
1
14211
35
93
18
25
16
4
5
11
3
9
1
38
3
6
2
6
4
2
1
2
2
2
1
1
1
1
1
1
1
3
4
2
1
1
2
7
2
4
1
1
1
1
1
1
1
10
17
29
1
7
43
5
2
35
2
2
1
5
5
1
2
1
1
1
3
7
3
1
3
3
4
2
1
1
2
2
3
1
3
2
1
1
1
235
1
43
5
5
22
23
4
23
5
27
1
5
3
6
4
17
1
6
12
1
1
1
2
1
1
4
3
1
1
2
1
1
1344
8656
5077
30
3
1
10
13
2
18
1
5
1
2
5
8
1
1
2
2
1
2
2
1
2
3
2
2
2
2
1
1
693
16
119
7
4
2
3
15
2
5
3
11
2
12
5
3
2
1
4
2
1
9
30
1
1
4
2
1
1
1
1
1
1
6545
7357
114
4
1
6
14
2
4
16
3
4
2
3
1
12
1
2
2
1
3
1
1
1
1
1
1
1
1
1
72
1
23
3
2
3
7
3
3
14
1
1
7
8
3
2
1
1
1
2
8
1
1
3
4
2
1
1
2
2
1
3
1
1
1
1
2
1
1
1
1
1
1
1
6245
6226
186
71
1
2
159
3
103
4
14
2
4
1
4
1
8
1
2
10
14
1
1
1
5
2
1
1
3
2
2
2
2
1
4
3
3
2
1
1
1
1
1
24
27
6
42
20
9
116
62
21
5
1
39
3
10
5
1
7
1
3
1
1
1
3
3
1
1
2
1
1
1
1
1
7799
2610
5076
309
3766
3
151
132
184
41
6
1
1
1
3
2
5
7
6
17
3
7
3
9
2
1
2
2
8
2
2
5
1
1
2
1
1
1
1
1
7835
6916
56
27
3
176
241
76
3
1
10
2
1
2
12
4
1
2
4
8
3
1
1
8
1
5
1
11
3
1
1
1
1
3
1
1
2
2
1
1
1
1
1
2002
413
21
56
5
13
16
11
8
10
7
1
4
3
2
3
2
1
3
2
3
4
1
1
2
5
5
1
2
1
2
2
1
3
3
2
1
1
2
1
2
1
1
2
1
1
1
182
15
40
55
18
5
6
3
1
4
5
2
3
1
3
2
2
2
3
1
2
4
1
1
1
1
2
2
1
1
1
1
1
1
6676
4339
1468
4007
1660
9
1951
337
206
818
88
197
50
9
19
7
4
10
11
3
4
4
2
2
7
1
2
2
4
3
2
3
1
1
2
1
3
1
1
1
1
45
135
338
16
58
43
56
1
7
9
2
3
1
2
7
7
1
1
2
7
3
1
1
1
1
2
1
1
1
1
2
1
1
2
1
4893
269
91
2
91
63
51
2
8
9
15
1
1
69
5
5
15
2
3
2
1
3
1
1
1
1
2
2
2
1
3
1
1
1
1
1
1
1
1
1
1034
5160
1554
1091
60
11
31
22
3
40
13
1
2
4
4
2
1
7
4
1
5
1
3
2
2
1
2
2
1
1
2
1
2
1
1
1
1
1
1
1
1
1
1
1
616
34
1
2
19
1
3
28
25
1
1
9
1
5
1
1
2
1
1
1
1
3
2
1
1
1
1
1
1
1
1
1
228
2
36
47
1
2
2
2
2
1
1
1
5
1
3
2
2
4
4
10
1
2
1
2
1
1
2
2
1
2
1
1
2
2
1
1
5495
6
448
156
198
24
94
10
1
1
2
1
11
2
8
1
3
1
1
1
1
1
2
1
1
8537
947
4710
342
365
13
9
115
8
2
3
3
3
1
1
17
3
1
1
6
2
1
2
8
2
2
1
2
3
1
2
1
1
2
2
1
1
1
4
2
1
1
1
1
2
2
3660
7098
18
125
26
17
19
119
36
41
16
14
49
9
20
3
4
7
1
3
3
1
1
1
3
1
2
1
11
2
1
1
3
1
1
2
1
140
1
26
12
9
37
24
5
42
6
10
21
13
3
12
5
1
5
3
1
4
5
1
1
1
1
4
1
1
2
1
1
1
1
1
1
1
1
4082
8816
4299
209
1037
20
50
19
19
15
9
23
1
11
9
2
1
2
10
6
7
6
4
13
7
1
7
6
2
3
1
1
5
1
1
2
3
1
1
1
1
1
1
1
1
47
2
25
5
3
8
5
11
10
4
1
4
10
17
3
2
5
9
2
7
1
2
2
5
3
2
2
1
4
1
1
1
2
1
1
3
1
85
50
33
67
15
10
71
23
37
2
4
6
10
4
1
15
5
6
4
2
11
8
1
1
3
7
1
1
1
2
3
1
3
2
1
2
1
1
1
1
1
9240
53
126
132
8
27
1
7
2
14
1
3
2
4
1
2
1
1
1
15
5
1
11
3
3
1
1
1
1
1
2
1
1
1
1
1
5482
2556
5786
128
433
16
2
1
19
15
13
6
22
2
1
3
3
2
10
1
3
3
4
2
1
1
1
3
1
2
2
2
5
1
1
3
1
1
1
1
1
1
1
84
6069
2
446
253
241
50
163
3
273
30
3
16
4
3
2
8
5
3
6
1
1
2
2
1
1
2
5
1
2
1
3
2
1
1
1
1
1
1
1
1
1
1
1
1123
53
33
4
6
10
40
3
40
23
20
5
7
5
15
1
2
1
5
5
3
1
2
3
1
1
1
1
4
2
1
1
1
1
2
1
1
2
1
1
1008
1366
5
20
10
6
3
1
1
6
1
5
5
10
12
8
2
1
3
3
1
1
1
5
1
5
3
2
1
3
1
3
1
1
1
1
1
1
2
1
2
1
1
1
1
1
675
880
128
10
37
1
3
13
1
6
29
6
6
4
1
4
1
1
1
1
4
6
1
2
15
2
5
5
1
1
5
2
1
1
1
2
1
1
1
1
1
3713
1056
1306
44
213
3
9
110
17
5
10
4
2
3
4
4
4
1
10
2
6
6
3
1
2
1
3
3
2
20
1
1
1
1
2
1
1
1
1
1
1
1
1
5791
1814
1
101
3
38
3
63
2
12
21
21
7
2
3
1
1
2
1
4
3
6
1
2
3
2
1
1
1
5
1
1
2
1
1
1
1
1
4879
2269
283
4
7
110
34
67
7
41
3
3
3
5
9
1
2
1
1
3
5
1
2
2
2
2
2
2
1
1
2
1
1
1
1
1
1
2
2
1666
18
32
137
17
2
63
11
3
2
12
9
55
9
2
1
3
16
2
5
4
4
6
1
2
13
1
2
6
2
1
1
3
6
1
1
3
1
1
4
2
1
1
1
1
1
1
1
829
2
705
5
18
7
42
4
2
19
4
11
1
29
3
2
2
3
2
1
1
14
1
1
11
2
3
4
1
10
3
1
1
2
1
1
1
1
1
1
2
1
2
1
2
396
843
30
120
92
14
1
136
6
3
5
2
21
2
23
8
1
1
2
1
16
1
2
2
1
3
1
2
2
8
1
1
7
1
2
2
2
1
1
1
2
1
1
1
920
70
13
339
1
27
6
78
2
5
3
3
26
2
11
4
4
5
6
2
10
1
4
1
1
1
1
1
1
1
1
1375
95
1
18
17
28
4
9
4
64
6
10
6
12
1
35
3
1
1
25
7
3
3
1
1
1
19
9
2
1
2
1
5
1
1
1
1
1
1
1
1
1
5848
10108
8
10
7
18
14
2
2
13
16
1
1
4
1
2
8
1
5
5
2
1
1
4
2
1
1
5
1
1
2
1
1
2
1
1
1
1
1
3
4
2
1
1
1
1
1
1
53
1189
9
190
121
2
16
29
14
11
13
10
2
5
3
5
4
11
4
6
5
4
1
2
1
1
2
2
1
2
1
1
1
1
1
1
1
1130
92
1
2
1
4
46
12
31
2
6
1
3
1
1
2
2
5
9
1
5
1
2
1
2
1
1
2
3
1
1
4
1
2
1
1
1
1
1
1
1
1
1
1
1
2020
4802
6807
5525
366
1026
228
15
5
1367
350
74
2
13
5
7
2
5
6
7
1
7
2
10
3
4
1
1
2
1
2
8
4
1
8
1
2
1
1
2
1
2
2
2
1
1
1
1
2
1
2
1
1
6643
4924
2157
1189
1607
31
35
5
130
17
25
84
2
1
2
2
41
1
12
27
11
1
1
6
1
1
3
5
3
1
2
1
1
2
8
1
1
1
2
1
1
1
1
1
1
1215
2017
5214
4
273
3
29
75
40
56
1
22
11
14
10
2
4
5
2
33
3
3
1
4
1
4
4
2
2
1
2
1
1
2
7
3
2
1
5
1
1
1
1
2
3
1
1
3
1
1
1
1
1
6780
1109
111
305
17
1
3
5
17
3
42
3
4
2
28
2
1
4
3
1
2
3
4
4
1
2
8
1
1
2
1
1
1
1
1
1
1
1
1
1
1
1
1
1
1
1
14031
4
41
2
2
151
8
5
36
4
3
3
6
3
3
11
7
5
1
3
1
2
5
1
1
2
1
2
2
1
1
2
3
1
2
1
1
1
1
1
1
1
1
1
6892
4904
1459
262
13
89
144
3
15
1
18
1
34
7
2
4
7
7
1
1
3
2
8
4
1
2
4
2
2
3
3
1
1
1
3
1
1
3
1
1
1
1
690
1
4
47
3
3
2
4
23
4
18
3
5
6
6
2
1
8
2
3
1
3
1
1
3
1
1
2
2
1
1
1
1
1
1
2
1
2
1
61
342
439
5
125
42
198
10
46
4
25
1
1
2
3
2
1
5
7
2
37
4
3
5
3
3
1
3
1
2
2
1
4
4
3
1
1
1
1
1
1
1
1
2
1
1
2
2
1
7706
6705
29
7
40
16
25
10
4
2
2
16
10
2
3
3
1
4
2
2
4
1
1
3
2
2
1
3
2
1
2
1
2
1
1
4
1
1
1
1
1
1
2
1
6522
5219
1938
158
371
2
9
4
13
3
1
3
10
5
17
4
1
2
7
2
9
2
4
2
3
1
1
1
3
1
1
1
6
1
1
2
1
1
1
1
1
1843
521
307
5
34
33
65
18
1
8
1
44
7
1
19
8
24
3
2
1
1
2
2
1
1
1
3
2
1
1
1
1
1
2
1
1
1
1
1
1
6
2
2
3
8
3
9
1
9
12
5
1
12
2
1
15
4
1
4
1
3
1
1
1
1
4
1
2
1
1
1
1
1
71
468
21
41
2
42
5
2
27
3
29
21
2
4
4
1
3
1
1
1
3
1
2
1
1
1
1
1
1
1
1
1
1
1
2
7281
27
3
93
3
19
46
11
20
6
1
2
11
2
5
4
1
47
6
4
1
1
2
6
1
3
5
1
2
1
1
2
1
3
1
1
1
2
7255
34
102
17
12
1
31
3
3
2
3
2
1
10
3
5
1
4
5
2
2
1
4
10
1
1
3
1
2
1
3
1
1
1
2
1
1
1
1
3
2
2
1
1
2
2
1
1
2
1
1595
39
20
1
6
5
1
1
9
25
2
10
4
1
3
2
5
11
1
6
5
4
4
2
5
1
1
1
1
1
2
1
2
2
1
1
1
3
2
3
1
1
1
2
1
363
470
1
285
23
13
39
11
7
14
6
4
1
3
1
1
1
1
2
1
1
1
1
2
2
1
1
1625
72
274
54
23
6
1
56
5
46
4
1
3
6
2
7
1
7
4
2
2
1
1
2
1
1
6
4
2
1
1
7
1
3
1
1
2
1
1
1
1
1
1
1
1
6446
1219
2386
180
5
94
2
5
6
8
6
4
3
1
4
7
2
8
2
5
6
3
2
2
1
1
1
1
1
1
1
2
3
1
1
1
1
1
1
5961
6282
1384
6752
157
826
4
328
3
96
63
1
22
1
8
6
2
2
1
1
1
17
2
12
10
10
1
4
2
3
2
2
2
1
1
1
1
1
1
1
1
1
1
25
12
3
2
68
20
12
60
1
1
1
2
2
1
13
2
3
4
3
1
1
2
1
2
2
2
1
1
1
1
1
1
1
1
1
1
1
1
1417
5
168
73
63
12
8
8
9
5
1
2
9
1
1
6
3
2
4
2
1
1
1
1
7
1
1
1
3
1
4
1
1
2
1
1
1
2
2
2
1
1
1
1
1
1
1
1
1
3
1
110
7867
4757
1064
94
6
3
33
34
3
3
27
2
8
20
2
2
2
2
1
1
3
12
1
2
1
5
3
5
1
3
1
1
3
1
2
1
1
1
2
1
3
1
1
3
1
1
1
1
7173
7317
287
5522
607
883
710
53
58
138
35
11
1
11
5
12
9
3
5
3
28
1
2
2
3
6
2
2
2
4
5
2
1
2
1
2
2
1
1
1
2
1
3
1
3
1
1
1
1054
12146
14
841
120
237
311
75
59
2
4
50
43
1
35
9
12
2
5
1
2
2
1
1
1
8
7
2
1
2
4
1
1
1
1
1
1
1
1
7234
1215
2
99
38
40
35
2
3
14
3
3
4
2
4
2
1
3
1
5
1
2
1
3
3
1
4
2
1
1
1
1
1069
8486
386
52
34
3
4
2
10
4
5
3
1
2
3
5
3
2
1
1
1
6
1
2
1
2
1
1
1
3
1
1
1
14309
45
570
4
291
7
1
34
4
8
4
2
1
1
2
1
1
2
1
1
1
1
2
2
1
1
1
1
1
2
1
3
1
1
1
1
1
1
7470
7
305
5
1
7
7
1
4
2
11
1
2
2
2
2
1
2
2
2
2
2
1
1
1
2
1
1
1
1
8048
605
56
6562
846
516
27
11
19
12
2
5
1
3
16
45
17
1
2
13
2
3
2
1
3
3
1
1
1
1
1
1
1
1
173
9556
5589
64
310
28
14
3
5
19
6
3
2
3
4
4
1
1
1
1
4
6
1
1
1
1
1
1
1
1
1
1
1
1
7554
7224
22
453
507
293
129
54
93
16
1
5
3
25
8
1
2
3
3
7
7
7
1
1
4
1
2
1
2
2
1
2
1
1
2
1
1
1
1206
15
36
2
7
97
31
27
2
8
1
2
2
1
5
1
1
5
12
1
2
2
5
1
2
1
1
1
2
7
1
1
2
1
1
3
1
1
1
1
1755
37
61
6
17
11
17
1
8
6
1
1
5
3
8
2
2
3
2
3
3
1
3
1
1
1
2
1
1
3
1
1
1
1
1
1
366
5557
6636
6754
2
2
965
415
25
19
3
4
37
2
4
2
2
2
42
5
2
1
1
5
1
2
9
2
6
5
8
1
1
1
1
3
1
1
1
1
1
1
1
1
1101
189
123
6
4
3
22
1
4
1
1
9
12
5
1
2
3
2
1
2
2
1
1
2
2
1
1
1
1
1
3
1
1
1
1
160
4
4
2
3
16
6
1
1
4
5
3
5
12
1
1
9
4
1
1
2
1
1
1
1
2
1
1
2
2
1
5809
8862
545
5
1
4
3
4
8
31
2
4
1
1
2
1
1
1
3
1
4
2
1
2
1
1
1
1
1
2
1
1
1
2
4
1
1
184
3
750
1156
7
171
5
30
133
13
7
9
16
39
12
3
10
1
3
1
52
1
19
1
1
4
9
1
4
1
2
1
3
2
1
1
1
2
1
2
2
3
1
2
1
2
1
2
1
1
6893
6240
9
2
68
403
213
16
8
6
20
3
48
20
22
1
8
9
5
1
5
2
4
1
2
1
2
1
3
1
2
3
1
1
1
2
2
1
1
2
1
234
392
42
65
86
6
163
2
10
7
3
2
2
25
31
8
3
3
19
16
7
1
1
2
2
1
3
1
1
3
1
1
1
1
4516
81
1216
102
1692
2
17
17
2
11
1
2
1
1
2
3
1
16
2
2
1
1
1
2
2
1
2
1
1
1
1
1
1
1
1
1
1
5624
390
419
20
3
10
1
29
4
2
5
3
3
14
2
2
1
7
1
2
6
1
1
1
1
1
1
1
1
2
1
1
1
1
1
1
1
1
6442
6699
26
3
539
583
21
6
2
12
6
1
7
1
5
2
4
1
1
1
10
2
4
5
1
3
6
1
2
1
1
2
2
1
3
1
1
4
1
1
1
1
146
127
10
28
6
5
118
16
8
34
1
10
1
1
2
3
2
2
2
2
1
2
1
1
2
1
1
2
1
1
1
1111
341
3
4
9
8
1
13
1
32
3
2
18
1
4
7
2
1
3
5
1
1
2
1
5
2
1
4
1
2
1
1
1
1
2
2
1
1
1
1
1
6609
6102
4
4
245
2
103
2
1
8
18
12
21
1
6
20
3
1
1
3
1
1
4
4
1
1
3
2
2
4
1
1
1
1
3
1
1
2
1
1
1
1
1
1
1
1
1
5856
6626
5
50
26
83
5
6
7
1
1
33
7
4
10
4
1
3
4
5
1
2
1
2
1
1
2
3
3
1
1
2
1
1
1
2
1
2
1
3804
30
51
539
80
2
451
4
10
37
23
14
18
5
1
1
1
4
1
1
3
6
2
1
2
2
1
10
1
2
1
1
2
3
3
1
2
1
1
1
