1.188964843750000000e-01 1.687011718750000000e-01 8.110351562500000000e-01
1.347656250000000000e-01 2.160644531250000000e-01 4.541015625000000000e-01
1.303710937500000000e-01 1.928710937500000000e-01 5.415039062500000000e-01
1.313476562500000000e-01 1.936035156250000000e-01 4.084472656250000000e-01
1.252441406250000000e-01 3.061523437500000000e-01 6.303710937500000000e-01
1.179199218750000000e-01 3.288574218750000000e-01 6.921386718750000000e-01
1.333007812500000000e-01 1.630859375000000000e-01 4.233398437500000000e-01
1.315917968750000000e-01 2.336425781250000000e-01 5.419921875000000000e-01
1.481933593750000000e-01 9.912109375000000000e-02 4.470214843750000000e-01
1.242675781250000000e-01 2.927246093750000000e-01 6.538085937500000000e-01
1.279296875000000000e-01 1.643066406250000000e-01 7.158203125000000000e-01
1.486816406250000000e-01 1.833496093750000000e-01 3.854980468750000000e-01
1.108398437500000000e-01 2.089843750000000000e-01 8.659667968750000000e-01
1.323242187500000000e-01 2.092285156250000000e-01 6.354980468750000000e-01
1.140136718750000000e-01 3.461914062500000000e-01 8.623046875000000000e-01
1.284179687500000000e-01 3.540039062500000000e-01 7.700195312500000000e-01
1.455078125000000000e-01 1.049804687500000000e-01 4.545898437500000000e-01
1.318359375000000000e-01 1.894531250000000000e-01 7.016601562500000000e-01
1.364746093750000000e-01 1.367187500000000000e-01 5.852050781250000000e-01
1.142578125000000000e-01 3.754882812500000000e-01 8.342285156250000000e-01
1.220703125000000000e-01 2.951660156250000000e-01 6.440429687500000000e-01
1.149902343750000000e-01 3.098144531250000000e-01 6.831054687500000000e-01
1.357421875000000000e-01 1.218261718750000000e-01 3.791503906250000000e-01
1.235351562500000000e-01 3.674316406250000000e-01 7.436523437500000000e-01
1.376953125000000000e-01 1.416015625000000000e-01 3.041992187500000000e-01
1.240234375000000000e-01 2.849121093750000000e-01 7.290039062500000000e-01
1.354980468750000000e-01 1.950683593750000000e-01 4.453125000000000000e-01
1.276855468750000000e-01 1.713867187500000000e-01 7.902832031250000000e-01
1.186523437500000000e-01 2.299804687500000000e-01 8.078613281250000000e-01
1.318359375000000000e-01 2.644042968750000000e-01 7.072753906250000000e-01
1.459960937500000000e-01 2.263183593750000000e-01 5.129394531250000000e-01
1.259765625000000000e-01 2.995605468750000000e-01 8.574218750000000000e-01
1.352539062500000000e-01 2.341308593750000000e-01 5.744628906250000000e-01
1.379394531250000000e-01 3.242187500000000000e-01 7.614746093750000000e-01
1.301269531250000000e-01 3.181152343750000000e-01 7.451171875000000000e-01
1.538085937500000000e-01 1.269531250000000000e-01 2.822265625000000000e-01
1.069335937500000000e-01 2.543945312500000000e-01 8.054199218750000000e-01
1.423339843750000000e-01 2.634277343750000000e-01 7.404785156250000000e-01
1.477050781250000000e-01 1.291503906250000000e-01 6.096191406250000000e-01
1.198730468750000000e-01 3.554687500000000000e-01 7.819824218750000000e-01
1.188964843750000000e-01 1.794433593750000000e-01 8.496093750000000000e-01
1.254882812500000000e-01 2.946777343750000000e-01 7.829589843750000000e-01
1.218261718750000000e-01 3.796386718750000000e-01 7.780761718750000000e-01
1.306152343750000000e-01 2.646484375000000000e-01 5.888671875000000000e-01
1.357421875000000000e-01 1.591796875000000000e-01 6.584472656250000000e-01
1.296386718750000000e-01 3.215332031250000000e-01 6.809082031250000000e-01
1.171875000000000000e-01 3.876953125000000000e-01 7.932128906250000000e-01
1.267089843750000000e-01 2.397460937500000000e-01 5.585937500000000000e-01
1.005859375000000000e-01 2.692871093750000000e-01 8.994140625000000000e-01
1.311035156250000000e-01 3.073730468750000000e-01 6.535644531250000000e-01
1.530761718750000000e-01 1.301269531250000000e-01 3.820800781250000000e-01
1.333007812500000000e-01 1.572265625000000000e-01 4.387207031250000000e-01
1.108398437500000000e-01 3.078613281250000000e-01 8.039550781250000000e-01
1.376953125000000000e-01 2.177734375000000000e-01 5.524902343750000000e-01
1.364746093750000000e-01 3.034667968750000000e-01 6.906738281250000000e-01
1.354980468750000000e-01 2.407226562500000000e-01 5.761718750000000000e-01
1.147460937500000000e-01 3.574218750000000000e-01 8.037109375000000000e-01
1.347656250000000000e-01 3.127441406250000000e-01 6.630859375000000000e-01
1.374511718750000000e-01 1.884765625000000000e-01 6.501464843750000000e-01
9.814453125000000000e-02 1.899414062500000000e-01 9.018554687500000000e-01
1.196289062500000000e-01 2.092285156250000000e-01 6.911621093750000000e-01
1.135253906250000000e-01 2.553710937500000000e-01 7.868652343750000000e-01
1.301269531250000000e-01 2.531738281250000000e-01 7.124023437500000000e-01
1.308593750000000000e-01 2.380371093750000000e-01 7.441406250000000000e-01
1.110839843750000000e-01 1.564941406250000000e-01 8.662109375000000000e-01
1.328125000000000000e-01 3.310546875000000000e-01 7.568359375000000000e-01
1.137695312500000000e-01 3.132324218750000000e-01 8.286132812500000000e-01
1.201171875000000000e-01 2.502441406250000000e-01 7.810058593750000000e-01
1.125488281250000000e-01 1.899414062500000000e-01 6.733398437500000000e-01
1.093750000000000000e-01 2.270507812500000000e-01 6.804199218750000000e-01
1.306152343750000000e-01 1.501464843750000000e-01 6.962890625000000000e-01
1.323242187500000000e-01 2.038574218750000000e-01 6.555175781250000000e-01
1.318359375000000000e-01 1.799316406250000000e-01 6.289062500000000000e-01
1.186523437500000000e-01 1.062011718750000000e-01 8.176269531250000000e-01
1.376953125000000000e-01 2.148437500000000000e-01 4.567871093750000000e-01
1.516113281250000000e-01 1.101074218750000000e-01 3.593750000000000000e-01
1.357421875000000000e-01 1.379394531250000000e-01 6.667480468750000000e-01
1.357421875000000000e-01 2.573242187500000000e-01 5.954589843750000000e-01
1.447753906250000000e-01 1.518554687500000000e-01 4.733886718750000000e-01
1.154785156250000000e-01 2.722167968750000000e-01 8.203125000000000000e-01
1.076660156250000000e-01 2.438964843750000000e-01 8.698730468750000000e-01
1.298828125000000000e-01 1.477050781250000000e-01 5.141601562500000000e-01
1.301269531250000000e-01 3.452148437500000000e-01 7.897949218750000000e-01
1.157226562500000000e-01 3.686523437500000000e-01 8.562011718750000000e-01
9.863281250000000000e-02 2.729492187500000000e-01 9.013671875000000000e-01
1.315917968750000000e-01 2.326660156250000000e-01 7.216796875000000000e-01
1.481933593750000000e-01 1.267089843750000000e-01 2.866210937500000000e-01
1.450195312500000000e-01 1.320800781250000000e-01 4.187011718750000000e-01
1.423339843750000000e-01 1.462402343750000000e-01 6.560058593750000000e-01
1.230468750000000000e-01 1.596679687500000000e-01 7.519531250000000000e-01
1.311035156250000000e-01 1.875000000000000000e-01 7.312011718750000000e-01
1.213378906250000000e-01 1.813964843750000000e-01 8.364257812500000000e-01
1.445312500000000000e-01 1.789550781250000000e-01 3.967285156250000000e-01
1.162109375000000000e-01 3.405761718750000000e-01 7.785644531250000000e-01
1.411132812500000000e-01 1.513671875000000000e-01 3.991699218750000000e-01
