2.995605468750000000e-01 1.926269531250000000e-01 4.145507812500000000e-01
2.976074218750000000e-01 1.362304687500000000e-01 4.858398437500000000e-01
2.944335937500000000e-01 1.623535156250000000e-01 4.802246093750000000e-01
3.041992187500000000e-01 1.315917968750000000e-01 3.505859375000000000e-01
3.139648437500000000e-01 1.687011718750000000e-01 3.588867187500000000e-01
2.949218750000000000e-01 1.826171875000000000e-01 5.727539062500000000e-01
3.198242187500000000e-01 6.005859375000000000e-02 1.875000000000000000e-01
2.797851562500000000e-01 1.333007812500000000e-01 6.486816406250000000e-01
3.090820312500000000e-01 7.983398437500000000e-02 4.755859375000000000e-01
3.090820312500000000e-01 1.567382812500000000e-01 3.508300781250000000e-01
3.137207031250000000e-01 8.642578125000000000e-02 3.332519531250000000e-01
2.956542968750000000e-01 1.159667968750000000e-01 4.240722656250000000e-01
3.129882812500000000e-01 2.075195312500000000e-01 4.545898437500000000e-01
2.958984375000000000e-01 1.574707031250000000e-01 4.753417968750000000e-01
2.978515625000000000e-01 1.472167968750000000e-01 4.392089843750000000e-01
3.010253906250000000e-01 1.630859375000000000e-01 4.536132812500000000e-01
3.039550781250000000e-01 1.811523437500000000e-01 3.803710937500000000e-01
3.005371093750000000e-01 1.477050781250000000e-01 4.191894531250000000e-01
3.002929687500000000e-01 2.556152343750000000e-01 5.864257812500000000e-01
3.161621093750000000e-01 7.275390625000000000e-02 1.911621093750000000e-01
3.061523437500000000e-01 2.016601562500000000e-01 4.318847656250000000e-01
3.020019531250000000e-01 1.315917968750000000e-01 4.667968750000000000e-01
3.059082031250000000e-01 1.379394531250000000e-01 3.522949218750000000e-01
2.929687500000000000e-01 2.338867187500000000e-01 5.922851562500000000e-01
3.037109375000000000e-01 2.055664062500000000e-01 4.758300781250000000e-01
3.151855468750000000e-01 1.110839843750000000e-01 3.750000000000000000e-01
3.000488281250000000e-01 2.573242187500000000e-01 5.546875000000000000e-01
2.998046875000000000e-01 1.821289062500000000e-01 5.988769531250000000e-01
3.103027343750000000e-01 1.481933593750000000e-01 3.962402343750000000e-01
2.915039062500000000e-01 2.280273437500000000e-01 5.351562500000000000e-01
3.107910156250000000e-01 1.040039062500000000e-01 4.069824218750000000e-01
2.868652343750000000e-01 7.690429687500000000e-02 4.824218750000000000e-01
3.049316406250000000e-01 2.790527343750000000e-01 5.805664062500000000e-01
2.985839843750000000e-01 2.089843750000000000e-01 6.411132812500000000e-01
2.990722656250000000e-01 1.923828125000000000e-01 4.377441406250000000e-01
3.144531250000000000e-01 8.422851562500000000e-02 3.168945312500000000e-01
3.090820312500000000e-01 1.152343750000000000e-01 4.399414062500000000e-01
2.939453125000000000e-01 1.879882812500000000e-01 6.145019531250000000e-01
2.941894531250000000e-01 2.219238281250000000e-01 4.609375000000000000e-01
2.770996093750000000e-01 1.618652343750000000e-01 6.643066406250000000e-01
2.971191406250000000e-01 1.687011718750000000e-01 4.748535156250000000e-01
3.085937500000000000e-01 1.237792968750000000e-01 4.489746093750000000e-01
2.995605468750000000e-01 2.277832031250000000e-01 5.419921875000000000e-01
3.005371093750000000e-01 2.014160156250000000e-01 4.689941406250000000e-01
2.802734375000000000e-01 1.823730468750000000e-01 6.625976562500000000e-01
2.883300781250000000e-01 1.494140625000000000e-01 6.296386718750000000e-01
2.878417968750000000e-01 1.921386718750000000e-01 6.110839843750000000e-01
3.068847656250000000e-01 1.979980468750000000e-01 4.775390625000000000e-01
2.985839843750000000e-01 2.490234375000000000e-01 6.196289062500000000e-01
3.115234375000000000e-01 1.303710937500000000e-01 3.557128906250000000e-01
2.990722656250000000e-01 1.816406250000000000e-01 5.844726562500000000e-01
3.073730468750000000e-01 1.970214843750000000e-01 3.933105468750000000e-01
3.078613281250000000e-01 1.740722656250000000e-01 4.001464843750000000e-01
3.061523437500000000e-01 1.782226562500000000e-01 5.288085937500000000e-01
2.661132812500000000e-01 9.350585937500000000e-02 6.767578125000000000e-01
3.173828125000000000e-01 1.225585937500000000e-01 2.949218750000000000e-01
3.083496093750000000e-01 1.123046875000000000e-01 2.421875000000000000e-01
2.937011718750000000e-01 2.802734375000000000e-01 6.220703125000000000e-01
3.015136718750000000e-01 1.481933593750000000e-01 3.198242187500000000e-01
2.988281250000000000e-01 8.374023437500000000e-02 5.522460937500000000e-01
2.961425781250000000e-01 2.329101562500000000e-01 4.880371093750000000e-01
3.110351562500000000e-01 1.118164062500000000e-01 3.837890625000000000e-01
2.980957031250000000e-01 1.230468750000000000e-01 5.178222656250000000e-01
3.037109375000000000e-01 1.379394531250000000e-01 3.000488281250000000e-01
2.956542968750000000e-01 1.015625000000000000e-01 3.398437500000000000e-01
3.027343750000000000e-01 1.704101562500000000e-01 3.723144531250000000e-01
2.880859375000000000e-01 2.238769531250000000e-01 6.311035156250000000e-01
2.976074218750000000e-01 1.313476562500000000e-01 4.516601562500000000e-01
3.417968750000000000e-01 1.035156250000000000e-01 2.092285156250000000e-01
3.071289062500000000e-01 2.204589843750000000e-01 4.858398437500000000e-01
2.858886718750000000e-01 1.550292968750000000e-01 5.522460937500000000e-01
3.107910156250000000e-01 1.240234375000000000e-01 3.015136718750000000e-01
3.039550781250000000e-01 1.293945312500000000e-01 3.637695312500000000e-01
2.956542968750000000e-01 1.987304687500000000e-01 4.548339843750000000e-01
2.954101562500000000e-01 1.086425781250000000e-01 5.749511718750000000e-01
2.854003906250000000e-01 1.286621093750000000e-01 5.979003906250000000e-01
3.088378906250000000e-01 1.389160156250000000e-01 2.927246093750000000e-01
3.002929687500000000e-01 7.373046875000000000e-02 4.079589843750000000e-01
3.178710937500000000e-01 7.666015625000000000e-02 2.890625000000000000e-01
3.256835937500000000e-01 9.790039062500000000e-02 2.839355468750000000e-01
3.061523437500000000e-01 2.204589843750000000e-01 4.758300781250000000e-01
3.107910156250000000e-01 2.053222656250000000e-01 4.155273437500000000e-01
2.961425781250000000e-01 2.416992187500000000e-01 4.851074218750000000e-01
2.866210937500000000e-01 7.861328125000000000e-02 6.171875000000000000e-01
3.088378906250000000e-01 1.467285156250000000e-01 5.185546875000000000e-01
2.990722656250000000e-01 1.691894531250000000e-01 5.461425781250000000e-01
3.132324218750000000e-01 1.203613281250000000e-01 3.947753906250000000e-01
2.919921875000000000e-01 2.768554687500000000e-01 6.337890625000000000e-01
3.041992187500000000e-01 1.650390625000000000e-01 5.322265625000000000e-01
2.998046875000000000e-01 1.418457031250000000e-01 4.499511718750000000e-01
3.012695312500000000e-01 1.083984375000000000e-01 3.664550781250000000e-01
2.858886718750000000e-01 2.145996093750000000e-01 5.825195312500000000e-01
2.844238281250000000e-01 2.751464843750000000e-01 6.445312500000000000e-01
3.076171875000000000e-01 1.696777343750000000e-01 4.128417968750000000e-01
2.854003906250000000e-01 1.472167968750000000e-01 6.096191406250000000e-01
2.983398437500000000e-01 1.606445312500000000e-01 3.330078125000000000e-01
2.788085937500000000e-01 2.907714843750000000e-01 6.657714843750000000e-01
2.951660156250000000e-01 6.665039062500000000e-02 4.926757812500000000e-01
2.944335937500000000e-01 1.584472656250000000e-01 3.176269531250000000e-01
3.029785156250000000e-01 1.748046875000000000e-01 5.373535156250000000e-01
