1.132812500000000000e-01 1.486816406250000000e-01 7.763671875000000000e-01
1.213378906250000000e-01 1.599121093750000000e-01 6.547851562500000000e-01
1.174316406250000000e-01 2.993164062500000000e-01 6.325683593750000000e-01
8.764648437500000000e-02 2.697753906250000000e-01 9.123535156250000000e-01
1.228027343750000000e-01 2.077636718750000000e-01 5.524902343750000000e-01
1.059570312500000000e-01 3.991699218750000000e-01 8.298339843750000000e-01
1.093750000000000000e-01 1.586914062500000000e-01 8.203125000000000000e-01
1.159667968750000000e-01 2.739257812500000000e-01 7.919921875000000000e-01
1.311035156250000000e-01 1.306152343750000000e-01 4.340820312500000000e-01
1.066894531250000000e-01 1.899414062500000000e-01 7.124023437500000000e-01
1.206054687500000000e-01 2.578125000000000000e-01 8.010253906250000000e-01
1.313476562500000000e-01 2.348632812500000000e-01 6.245117187500000000e-01
1.054687500000000000e-01 2.353515625000000000e-01 6.821289062500000000e-01
1.088867187500000000e-01 1.982421875000000000e-01 8.911132812500000000e-01
1.137695312500000000e-01 2.717285156250000000e-01 8.544921875000000000e-01
1.284179687500000000e-01 2.583007812500000000e-01 7.719726562500000000e-01
1.276855468750000000e-01 2.238769531250000000e-01 5.009765625000000000e-01
1.269531250000000000e-01 2.106933593750000000e-01 6.999511718750000000e-01
1.198730468750000000e-01 1.552734375000000000e-01 5.844726562500000000e-01
1.105957031250000000e-01 2.861328125000000000e-01 8.718261718750000000e-01
1.257324218750000000e-01 3.244628906250000000e-01 6.796875000000000000e-01
1.279296875000000000e-01 2.416992187500000000e-01 5.158691406250000000e-01
1.079101562500000000e-01 4.306640625000000000e-01 8.920898437500000000e-01
1.345214843750000000e-01 3.054199218750000000e-01 6.896972656250000000e-01
1.203613281250000000e-01 1.760253906250000000e-01 6.171875000000000000e-01
1.254882812500000000e-01 2.512207031250000000e-01 6.997070312500000000e-01
1.147460937500000000e-01 2.878417968750000000e-01 7.585449218750000000e-01
1.186523437500000000e-01 2.700195312500000000e-01 5.805664062500000000e-01
1.127929687500000000e-01 3.271484375000000000e-01 7.714843750000000000e-01
1.284179687500000000e-01 2.358398437500000000e-01 6.247558593750000000e-01
1.315917968750000000e-01 2.395019531250000000e-01 4.992675781250000000e-01
1.289062500000000000e-01 2.380371093750000000e-01 5.341796875000000000e-01
1.286621093750000000e-01 1.840820312500000000e-01 5.104980468750000000e-01
1.328125000000000000e-01 2.788085937500000000e-01 5.729980468750000000e-01
1.220703125000000000e-01 3.613281250000000000e-01 7.641601562500000000e-01
1.389160156250000000e-01 1.945800781250000000e-01 4.926757812500000000e-01
1.049804687500000000e-01 2.424316406250000000e-01 6.755371093750000000e-01
1.442871093750000000e-01 2.011718750000000000e-01 4.367675781250000000e-01
1.298828125000000000e-01 2.553710937500000000e-01 5.383300781250000000e-01
1.101074218750000000e-01 1.484375000000000000e-01 7.451171875000000000e-01
1.115722656250000000e-01 2.573242187500000000e-01 8.569335937500000000e-01
1.069335937500000000e-01 2.341308593750000000e-01 8.166503906250000000e-01
1.037597656250000000e-01 3.090820312500000000e-01 7.714843750000000000e-01
1.235351562500000000e-01 2.062988281250000000e-01 4.628906250000000000e-01
1.030273437500000000e-01 4.230957031250000000e-01 8.969726562500000000e-01
9.863281250000000000e-02 1.611328125000000000e-01 8.854980468750000000e-01
1.215820312500000000e-01 1.923828125000000000e-01 5.256347656250000000e-01
1.015625000000000000e-01 1.804199218750000000e-01 8.762207031250000000e-01
9.204101562500000000e-02 2.702636718750000000e-01 9.079589843750000000e-01
1.311035156250000000e-01 1.179199218750000000e-01 5.273437500000000000e-01
1.269531250000000000e-01 3.078613281250000000e-01 6.748046875000000000e-01
1.152343750000000000e-01 3.388671875000000000e-01 7.309570312500000000e-01
1.293945312500000000e-01 1.904296875000000000e-01 5.571289062500000000e-01
1.203613281250000000e-01 1.748046875000000000e-01 5.251464843750000000e-01
1.254882812500000000e-01 2.282714843750000000e-01 6.762695312500000000e-01
1.245117187500000000e-01 1.250000000000000000e-01 6.542968750000000000e-01
1.286621093750000000e-01 2.036132812500000000e-01 4.199218750000000000e-01
1.337890625000000000e-01 2.092285156250000000e-01 5.429687500000000000e-01
1.379394531250000000e-01 1.564941406250000000e-01 6.433105468750000000e-01
1.022949218750000000e-01 2.253417968750000000e-01 8.977050781250000000e-01
1.196289062500000000e-01 2.636718750000000000e-01 7.890625000000000000e-01
1.171875000000000000e-01 1.457519531250000000e-01 4.082031250000000000e-01
1.235351562500000000e-01 2.622070312500000000e-01 8.061523437500000000e-01
1.193847656250000000e-01 1.821289062500000000e-01 5.969238281250000000e-01
1.315917968750000000e-01 1.289062500000000000e-01 3.605957031250000000e-01
1.230468750000000000e-01 2.299804687500000000e-01 6.887207031250000000e-01
1.374511718750000000e-01 9.912109375000000000e-02 2.385253906250000000e-01
1.176757812500000000e-01 2.409667968750000000e-01 7.915039062500000000e-01
1.276855468750000000e-01 2.194824218750000000e-01 4.782714843750000000e-01
9.277343750000000000e-02 3.542480468750000000e-01 8.239746093750000000e-01
1.240234375000000000e-01 2.343750000000000000e-01 5.270996093750000000e-01
1.074218750000000000e-01 2.106933593750000000e-01 8.735351562500000000e-01
1.027832031250000000e-01 1.030273437500000000e-01 8.972167968750000000e-01
1.069335937500000000e-01 2.583007812500000000e-01 7.504882812500000000e-01
1.179199218750000000e-01 2.031250000000000000e-01 7.478027343750000000e-01
1.259765625000000000e-01 1.083984375000000000e-01 7.370605468750000000e-01
1.010742187500000000e-01 2.390136718750000000e-01 8.989257812500000000e-01
1.335449218750000000e-01 1.516113281250000000e-01 4.946289062500000000e-01
1.171875000000000000e-01 2.731933593750000000e-01 8.403320312500000000e-01
1.066894531250000000e-01 2.580566406250000000e-01 8.239746093750000000e-01
1.108398437500000000e-01 2.529296875000000000e-01 7.236328125000000000e-01
1.196289062500000000e-01 3.273925781250000000e-01 6.867675781250000000e-01
1.276855468750000000e-01 2.419433593750000000e-01 5.812988281250000000e-01
1.381835937500000000e-01 1.381835937500000000e-01 4.035644531250000000e-01
1.135253906250000000e-01 1.860351562500000000e-01 7.663574218750000000e-01
1.186523437500000000e-01 1.914062500000000000e-01 4.221191406250000000e-01
1.179199218750000000e-01 1.877441406250000000e-01 7.839355468750000000e-01
1.218261718750000000e-01 2.060546875000000000e-01 6.423339843750000000e-01
1.044921875000000000e-01 4.011230468750000000e-01 8.955078125000000000e-01
9.399414062500000000e-02 1.569824218750000000e-01 9.060058593750000000e-01
1.374511718750000000e-01 1.745605468750000000e-01 3.723144531250000000e-01
1.145019531250000000e-01 2.531738281250000000e-01 8.498535156250000000e-01
1.247558593750000000e-01 1.457519531250000000e-01 6.086425781250000000e-01
9.863281250000000000e-02 3.864746093750000000e-01 8.737792968750000000e-01
1.228027343750000000e-01 2.602539062500000000e-01 6.044921875000000000e-01
