3.200683593750000000e-01 1.486816406250000000e-01 5.407714843750000000e-01
3.535156250000000000e-01 1.044921875000000000e-01 2.893066406250000000e-01
3.371582031250000000e-01 9.082031250000000000e-02 4.875488281250000000e-01
3.352050781250000000e-01 1.975097656250000000e-01 5.046386718750000000e-01
3.522949218750000000e-01 1.511230468750000000e-01 3.405761718750000000e-01
3.215332031250000000e-01 1.052246093750000000e-01 6.040039062500000000e-01
3.110351562500000000e-01 2.187500000000000000e-01 6.267089843750000000e-01
3.281250000000000000e-01 1.784667968750000000e-01 5.717773437500000000e-01
3.308105468750000000e-01 2.399902343750000000e-01 5.468750000000000000e-01
3.337402343750000000e-01 1.762695312500000000e-01 4.619140625000000000e-01
3.344726562500000000e-01 1.491699218750000000e-01 3.952636718750000000e-01
3.266601562500000000e-01 1.840820312500000000e-01 5.378417968750000000e-01
3.361816406250000000e-01 1.435546875000000000e-01 3.830566406250000000e-01
3.525390625000000000e-01 1.752929687500000000e-01 4.299316406250000000e-01
3.176269531250000000e-01 3.068847656250000000e-01 6.469726562500000000e-01
3.093261718750000000e-01 2.214355468750000000e-01 6.496582031250000000e-01
3.542480468750000000e-01 1.210937500000000000e-01 2.766113281250000000e-01
3.461914062500000000e-01 1.442871093750000000e-01 4.296875000000000000e-01
3.310546875000000000e-01 2.600097656250000000e-01 6.140136718750000000e-01
3.525390625000000000e-01 7.299804687500000000e-02 3.046875000000000000e-01
3.391113281250000000e-01 1.103515625000000000e-01 4.350585937500000000e-01
3.295898437500000000e-01 1.613769531250000000e-01 6.086425781250000000e-01
3.288574218750000000e-01 2.097167968750000000e-01 5.349121093750000000e-01
3.400878906250000000e-01 7.861328125000000000e-02 2.888183593750000000e-01
3.256835937500000000e-01 2.131347656250000000e-01 5.939941406250000000e-01
3.330078125000000000e-01 1.845703125000000000e-01 4.907226562500000000e-01
3.356933593750000000e-01 1.918945312500000000e-01 4.807128906250000000e-01
3.400878906250000000e-01 2.231445312500000000e-01 4.536132812500000000e-01
3.417968750000000000e-01 1.870117187500000000e-01 3.803710937500000000e-01
3.134765625000000000e-01 2.338867187500000000e-01 6.389160156250000000e-01
3.530273437500000000e-01 1.459960937500000000e-01 3.095703125000000000e-01
3.349609375000000000e-01 1.105957031250000000e-01 4.428710937500000000e-01
3.305664062500000000e-01 1.833496093750000000e-01 5.373535156250000000e-01
3.244628906250000000e-01 1.203613281250000000e-01 5.827636718750000000e-01
3.498535156250000000e-01 8.764648437500000000e-02 2.004394531250000000e-01
3.178710937500000000e-01 1.179199218750000000e-01 6.174316406250000000e-01
3.186035156250000000e-01 1.816406250000000000e-01 5.864257812500000000e-01
3.471679687500000000e-01 1.284179687500000000e-01 3.549804687500000000e-01
3.293457031250000000e-01 1.643066406250000000e-01 4.394531250000000000e-01
3.317871093750000000e-01 1.745605468750000000e-01 4.270019531250000000e-01
3.349609375000000000e-01 1.372070312500000000e-01 2.980957031250000000e-01
3.417968750000000000e-01 1.523437500000000000e-01 3.764648437500000000e-01
3.237304687500000000e-01 2.106933593750000000e-01 5.134277343750000000e-01
3.442382812500000000e-01 1.772460937500000000e-01 4.284667968750000000e-01
3.256835937500000000e-01 2.553710937500000000e-01 5.520019531250000000e-01
3.232421875000000000e-01 1.684570312500000000e-01 6.145019531250000000e-01
3.381347656250000000e-01 1.938476562500000000e-01 4.289550781250000000e-01
3.405761718750000000e-01 1.293945312500000000e-01 2.617187500000000000e-01
3.281250000000000000e-01 1.416015625000000000e-01 5.061035156250000000e-01
3.266601562500000000e-01 2.319335937500000000e-01 5.605468750000000000e-01
3.261718750000000000e-01 2.453613281250000000e-01 5.625000000000000000e-01
3.591308593750000000e-01 1.293945312500000000e-01 3.024902343750000000e-01
3.383789062500000000e-01 1.254882812500000000e-01 3.015136718750000000e-01
3.334960937500000000e-01 2.099609375000000000e-01 4.794921875000000000e-01
3.417968750000000000e-01 7.080078125000000000e-02 4.218750000000000000e-01
3.247070312500000000e-01 1.416015625000000000e-01 4.697265625000000000e-01
3.400878906250000000e-01 1.601562500000000000e-01 3.842773437500000000e-01
2.778320312500000000e-01 1.088867187500000000e-01 7.080078125000000000e-01
3.354492187500000000e-01 1.726074218750000000e-01 5.190429687500000000e-01
3.422851562500000000e-01 1.064453125000000000e-01 3.278808593750000000e-01
3.225097656250000000e-01 2.924804687500000000e-01 6.279296875000000000e-01
3.461914062500000000e-01 1.093750000000000000e-01 3.105468750000000000e-01
3.278808593750000000e-01 2.678222656250000000e-01 5.375976562500000000e-01
3.398437500000000000e-01 1.232910156250000000e-01 2.661132812500000000e-01
3.544921875000000000e-01 9.790039062500000000e-02 3.254394531250000000e-01
3.171386718750000000e-01 2.138671875000000000e-01 6.274414062500000000e-01
3.242187500000000000e-01 1.486816406250000000e-01 5.053710937500000000e-01
3.166503906250000000e-01 1.789550781250000000e-01 6.088867187500000000e-01
3.354492187500000000e-01 7.226562500000000000e-02 5.019531250000000000e-01
3.344726562500000000e-01 1.896972656250000000e-01 3.957519531250000000e-01
3.349609375000000000e-01 9.497070312500000000e-02 4.885253906250000000e-01
3.215332031250000000e-01 2.067871093750000000e-01 5.834960937500000000e-01
3.288574218750000000e-01 1.445312500000000000e-01 3.906250000000000000e-01
3.337402343750000000e-01 1.599121093750000000e-01 4.155273437500000000e-01
3.134765625000000000e-01 3.110351562500000000e-01 6.491699218750000000e-01
3.359375000000000000e-01 1.674804687500000000e-01 4.184570312500000000e-01
3.208007812500000000e-01 1.169433593750000000e-01 5.671386718750000000e-01
3.459472656250000000e-01 1.428222656250000000e-01 3.693847656250000000e-01
3.308105468750000000e-01 1.899414062500000000e-01 5.468750000000000000e-01
3.422851562500000000e-01 1.696777343750000000e-01 5.078125000000000000e-01
3.349609375000000000e-01 1.433105468750000000e-01 3.923339843750000000e-01
3.488769531250000000e-01 1.032714843750000000e-01 2.753906250000000000e-01
3.381347656250000000e-01 1.154785156250000000e-01 3.498535156250000000e-01
3.281250000000000000e-01 1.411132812500000000e-01 4.304199218750000000e-01
3.227539062500000000e-01 2.324218750000000000e-01 5.761718750000000000e-01
3.278808593750000000e-01 1.667480468750000000e-01 3.732910156250000000e-01
3.347167968750000000e-01 1.679687500000000000e-01 5.373535156250000000e-01
3.476562500000000000e-01 1.132812500000000000e-01 3.527832031250000000e-01
3.317871093750000000e-01 1.750488281250000000e-01 3.586425781250000000e-01
3.398437500000000000e-01 1.159667968750000000e-01 3.581542968750000000e-01
3.437500000000000000e-01 1.418457031250000000e-01 3.645019531250000000e-01
3.237304687500000000e-01 1.850585937500000000e-01 5.681152343750000000e-01
3.493652343750000000e-01 1.289062500000000000e-01 3.195800781250000000e-01
3.308105468750000000e-01 1.518554687500000000e-01 4.973144531250000000e-01
3.637695312500000000e-01 1.057128906250000000e-01 2.243652343750000000e-01
3.305664062500000000e-01 8.300781250000000000e-02 4.965820312500000000e-01
3.442382812500000000e-01 1.267089843750000000e-01 3.742675781250000000e-01
3.247070312500000000e-01 1.770019531250000000e-01 5.178222656250000000e-01
3.208007812500000000e-01 2.961425781250000000e-01 5.983886718750000000e-01
3.388671875000000000e-01 1.914062500000000000e-01 4.189453125000000000e-01
