8.398437500000000000e-02 2.253417968750000000e-01 6.704101562500000000e-01
8.886718750000000000e-02 2.272949218750000000e-01 8.344726562500000000e-01
6.054687500000000000e-02 3.068847656250000000e-01 9.394531250000000000e-01
8.666992187500000000e-02 2.526855468750000000e-01 5.468750000000000000e-01
7.495117187500000000e-02 3.410644531250000000e-01 7.580566406250000000e-01
9.375000000000000000e-02 1.513671875000000000e-01 5.041503906250000000e-01
8.398437500000000000e-02 1.547851562500000000e-01 4.548339843750000000e-01
7.812500000000000000e-02 2.619628906250000000e-01 9.218750000000000000e-01
8.105468750000000000e-02 3.085937500000000000e-01 6.672363281250000000e-01
7.543945312500000000e-02 3.730468750000000000e-01 7.551269531250000000e-01
6.933593750000000000e-02 2.746582031250000000e-01 9.306640625000000000e-01
7.470703125000000000e-02 1.975097656250000000e-01 9.252929687500000000e-01
8.642578125000000000e-02 1.831054687500000000e-01 4.309082031250000000e-01
6.860351562500000000e-02 3.144531250000000000e-01 7.036132812500000000e-01
9.399414062500000000e-02 2.424316406250000000e-01 6.562500000000000000e-01
8.007812500000000000e-02 2.473144531250000000e-01 5.026855468750000000e-01
8.349609375000000000e-02 2.370605468750000000e-01 5.747070312500000000e-01
8.276367187500000000e-02 3.085937500000000000e-01 8.393554687500000000e-01
7.519531250000000000e-02 2.111816406250000000e-01 9.248046875000000000e-01
7.690429687500000000e-02 3.217773437500000000e-01 8.662109375000000000e-01
9.570312500000000000e-02 2.109375000000000000e-01 7.204589843750000000e-01
8.740234375000000000e-02 1.987304687500000000e-01 7.602539062500000000e-01
8.422851562500000000e-02 4.396972656250000000e-01 9.157714843750000000e-01
8.007812500000000000e-02 3.811035156250000000e-01 9.199218750000000000e-01
8.422851562500000000e-02 2.370605468750000000e-01 8.530273437500000000e-01
8.691406250000000000e-02 2.934570312500000000e-01 8.603515625000000000e-01
8.862304687500000000e-02 2.380371093750000000e-01 5.847167968750000000e-01
8.496093750000000000e-02 2.253417968750000000e-01 4.777832031250000000e-01
6.591796875000000000e-02 2.280273437500000000e-01 9.340820312500000000e-01
8.276367187500000000e-02 2.507324218750000000e-01 5.756835937500000000e-01
8.251953125000000000e-02 2.709960937500000000e-01 7.412109375000000000e-01
8.178710937500000000e-02 1.320800781250000000e-01 8.554687500000000000e-01
6.762695312500000000e-02 3.547363281250000000e-01 9.323730468750000000e-01
7.153320312500000000e-02 2.680664062500000000e-01 7.480468750000000000e-01
7.983398437500000000e-02 2.851562500000000000e-01 8.395996093750000000e-01
7.421875000000000000e-02 1.887207031250000000e-01 6.240234375000000000e-01
8.471679687500000000e-02 1.760253906250000000e-01 6.728515625000000000e-01
6.762695312500000000e-02 3.891601562500000000e-01 9.323730468750000000e-01
8.764648437500000000e-02 3.752441406250000000e-01 9.123535156250000000e-01
6.567382812500000000e-02 1.857910156250000000e-01 7.785644531250000000e-01
7.397460937500000000e-02 2.482910156250000000e-01 9.260253906250000000e-01
8.325195312500000000e-02 4.187011718750000000e-01 9.167480468750000000e-01
7.202148437500000000e-02 3.254394531250000000e-01 7.561035156250000000e-01
7.592773437500000000e-02 4.140625000000000000e-01 8.696289062500000000e-01
7.958984375000000000e-02 1.943359375000000000e-01 8.107910156250000000e-01
7.519531250000000000e-02 3.134765625000000000e-01 7.600097656250000000e-01
8.813476562500000000e-02 2.570800781250000000e-01 6.074218750000000000e-01
9.082031250000000000e-02 1.513671875000000000e-01 7.976074218750000000e-01
7.397460937500000000e-02 2.817382812500000000e-01 8.247070312500000000e-01
6.860351562500000000e-02 1.237792968750000000e-01 8.364257812500000000e-01
8.618164062500000000e-02 2.868652343750000000e-01 9.138183593750000000e-01
8.178710937500000000e-02 2.741699218750000000e-01 7.065429687500000000e-01
8.447265625000000000e-02 1.740722656250000000e-01 5.825195312500000000e-01
9.375000000000000000e-02 2.331542968750000000e-01 5.441894531250000000e-01
6.396484375000000000e-02 4.641113281250000000e-01 9.360351562500000000e-01
7.080078125000000000e-02 1.948242187500000000e-01 9.291992187500000000e-01
7.983398437500000000e-02 3.627929687500000000e-01 9.201660156250000000e-01
6.616210937500000000e-02 2.800292968750000000e-01 6.965332031250000000e-01
9.301757812500000000e-02 2.075195312500000000e-01 5.700683593750000000e-01
7.641601562500000000e-02 2.006835937500000000e-01 9.235839843750000000e-01
6.298828125000000000e-02 2.819824218750000000e-01 9.370117187500000000e-01
6.811523437500000000e-02 2.397460937500000000e-01 9.318847656250000000e-01
8.227539062500000000e-02 1.608886718750000000e-01 5.822753906250000000e-01
6.933593750000000000e-02 2.443847656250000000e-01 9.306640625000000000e-01
7.788085937500000000e-02 3.925781250000000000e-01 9.221191406250000000e-01
8.471679687500000000e-02 3.161621093750000000e-01 6.984863281250000000e-01
8.081054687500000000e-02 1.369628906250000000e-01 7.150878906250000000e-01
8.081054687500000000e-02 2.116699218750000000e-01 6.262207031250000000e-01
8.129882812500000000e-02 3.664550781250000000e-01 7.377929687500000000e-01
7.104492187500000000e-02 2.478027343750000000e-01 6.030273437500000000e-01
8.203125000000000000e-02 3.779296875000000000e-01 8.103027343750000000e-01
8.129882812500000000e-02 2.119140625000000000e-01 9.187011718750000000e-01
7.446289062500000000e-02 3.342285156250000000e-01 7.641601562500000000e-01
7.202148437500000000e-02 2.297363281250000000e-01 8.762207031250000000e-01
6.103515625000000000e-02 4.611816406250000000e-01 9.389648437500000000e-01
7.934570312500000000e-02 2.150878906250000000e-01 9.206542968750000000e-01
9.350585937500000000e-02 1.496582031250000000e-01 5.312500000000000000e-01
9.082031250000000000e-02 2.377929687500000000e-01 5.673828125000000000e-01
8.837890625000000000e-02 2.456054687500000000e-01 4.990234375000000000e-01
7.275390625000000000e-02 4.155273437500000000e-01 9.272460937500000000e-01
6.176757812500000000e-02 2.766113281250000000e-01 8.420410156250000000e-01
7.641601562500000000e-02 1.855468750000000000e-01 9.235839843750000000e-01
8.740234375000000000e-02 2.067871093750000000e-01 6.564941406250000000e-01
6.933593750000000000e-02 2.385253906250000000e-01 6.994628906250000000e-01
8.056640625000000000e-02 2.072753906250000000e-01 5.505371093750000000e-01
7.592773437500000000e-02 2.951660156250000000e-01 6.262207031250000000e-01
8.056640625000000000e-02 1.379394531250000000e-01 7.814941406250000000e-01
8.398437500000000000e-02 1.455078125000000000e-01 5.820312500000000000e-01
8.447265625000000000e-02 2.070312500000000000e-01 7.927246093750000000e-01
7.861328125000000000e-02 2.768554687500000000e-01 8.041992187500000000e-01
8.300781250000000000e-02 1.604003906250000000e-01 8.322753906250000000e-01
9.301757812500000000e-02 2.329101562500000000e-01 5.480957031250000000e-01
8.642578125000000000e-02 1.950683593750000000e-01 7.302246093750000000e-01
6.762695312500000000e-02 2.299804687500000000e-01 8.149414062500000000e-01
8.422851562500000000e-02 2.836914062500000000e-01 5.742187500000000000e-01
7.446289062500000000e-02 1.621093750000000000e-01 8.483886718750000000e-01
7.836914062500000000e-02 2.663574218750000000e-01 9.216308593750000000e-01
9.448242187500000000e-02 1.604003906250000000e-01 5.153808593750000000e-01
8.105468750000000000e-02 1.682128906250000000e-01 4.528808593750000000e-01
7.080078125000000000e-02 2.229003906250000000e-01 9.291992187500000000e-01
