6.762695312500000000e-02 2.182617187500000000e-01 4.392089843750000000e-01
6.884765625000000000e-02 4.467773437500000000e-01 9.311523437500000000e-01
4.345703125000000000e-02 3.032226562500000000e-01 9.565429687500000000e-01
7.592773437500000000e-02 2.707519531250000000e-01 6.354980468750000000e-01
5.322265625000000000e-02 4.055175781250000000e-01 8.395996093750000000e-01
6.811523437500000000e-02 2.404785156250000000e-01 7.705078125000000000e-01
5.444335937500000000e-02 3.781738281250000000e-01 7.871093750000000000e-01
7.275390625000000000e-02 1.884765625000000000e-01 7.158203125000000000e-01
4.443359375000000000e-02 2.084960937500000000e-01 9.555664062500000000e-01
7.177734375000000000e-02 1.323242187500000000e-01 5.004882812500000000e-01
6.738281250000000000e-02 2.973632812500000000e-01 8.337402343750000000e-01
6.274414062500000000e-02 3.742675781250000000e-01 7.524414062500000000e-01
3.588867187500000000e-02 2.785644531250000000e-01 9.641113281250000000e-01
5.712890625000000000e-02 2.502441406250000000e-01 5.278320312500000000e-01
5.664062500000000000e-02 2.502441406250000000e-01 9.433593750000000000e-01
5.468750000000000000e-02 2.966308593750000000e-01 9.453125000000000000e-01
5.639648437500000000e-02 1.503906250000000000e-01 9.436035156250000000e-01
5.664062500000000000e-02 3.496093750000000000e-01 7.570800781250000000e-01
6.420898437500000000e-02 2.185058593750000000e-01 5.717773437500000000e-01
7.812500000000000000e-02 1.518554687500000000e-01 4.296875000000000000e-01
5.541992187500000000e-02 3.076171875000000000e-01 9.445800781250000000e-01
7.153320312500000000e-02 2.114257812500000000e-01 5.224609375000000000e-01
4.956054687500000000e-02 2.414550781250000000e-01 9.504394531250000000e-01
5.786132812500000000e-02 2.561035156250000000e-01 9.421386718750000000e-01
6.372070312500000000e-02 2.646484375000000000e-01 7.492675781250000000e-01
4.980468750000000000e-02 4.714355468750000000e-01 9.501953125000000000e-01
6.762695312500000000e-02 1.760253906250000000e-01 5.156250000000000000e-01
5.859375000000000000e-02 2.324218750000000000e-01 8.046875000000000000e-01
6.860351562500000000e-02 1.960449218750000000e-01 6.979980468750000000e-01
4.760742187500000000e-02 2.163085937500000000e-01 9.523925781250000000e-01
6.127929687500000000e-02 4.189453125000000000e-01 9.387207031250000000e-01
5.517578125000000000e-02 3.491210937500000000e-01 9.448242187500000000e-01
6.079101562500000000e-02 3.430175781250000000e-01 8.261718750000000000e-01
6.225585937500000000e-02 2.495117187500000000e-01 8.513183593750000000e-01
5.493164062500000000e-02 4.448242187500000000e-01 9.450683593750000000e-01
5.908203125000000000e-02 2.526855468750000000e-01 8.073730468750000000e-01
4.199218750000000000e-02 2.966308593750000000e-01 9.580078125000000000e-01
6.030273437500000000e-02 2.404785156250000000e-01 7.724609375000000000e-01
6.982421875000000000e-02 3.496093750000000000e-01 9.301757812500000000e-01
4.492187500000000000e-02 3.459472656250000000e-01 9.550781250000000000e-01
6.152343750000000000e-02 3.049316406250000000e-01 6.672363281250000000e-01
7.934570312500000000e-02 2.683105468750000000e-01 5.969238281250000000e-01
5.029296875000000000e-02 2.861328125000000000e-01 8.010253906250000000e-01
5.688476562500000000e-02 2.526855468750000000e-01 7.075195312500000000e-01
5.371093750000000000e-02 2.924804687500000000e-01 7.128906250000000000e-01
5.932617187500000000e-02 2.431640625000000000e-01 9.406738281250000000e-01
7.177734375000000000e-02 2.729492187500000000e-01 6.318359375000000000e-01
5.493164062500000000e-02 4.450683593750000000e-01 9.450683593750000000e-01
5.419921875000000000e-02 3.740234375000000000e-01 9.458007812500000000e-01
6.518554687500000000e-02 2.292480468750000000e-01 6.979980468750000000e-01
5.834960937500000000e-02 3.632812500000000000e-01 7.382812500000000000e-01
7.470703125000000000e-02 2.275390625000000000e-01 6.103515625000000000e-01
7.690429687500000000e-02 2.612304687500000000e-01 5.856933593750000000e-01
4.833984375000000000e-02 2.873535156250000000e-01 9.516601562500000000e-01
6.152343750000000000e-02 3.090820312500000000e-01 9.384765625000000000e-01
6.127929687500000000e-02 2.531738281250000000e-01 9.387207031250000000e-01
5.419921875000000000e-02 4.545898437500000000e-01 9.458007812500000000e-01
6.176757812500000000e-02 4.238281250000000000e-01 9.382324218750000000e-01
6.274414062500000000e-02 3.166503906250000000e-01 8.286132812500000000e-01
4.516601562500000000e-02 3.459472656250000000e-01 9.548339843750000000e-01
4.467773437500000000e-02 4.599609375000000000e-01 9.553222656250000000e-01
7.397460937500000000e-02 2.304687500000000000e-01 7.145996093750000000e-01
5.737304687500000000e-02 3.317871093750000000e-01 9.426269531250000000e-01
6.542968750000000000e-02 2.575683593750000000e-01 6.193847656250000000e-01
6.835937500000000000e-02 1.696777343750000000e-01 6.584472656250000000e-01
6.030273437500000000e-02 3.403320312500000000e-01 7.182617187500000000e-01
5.029296875000000000e-02 4.575195312500000000e-01 9.492187500000000000e-01
5.029296875000000000e-02 2.446289062500000000e-01 9.497070312500000000e-01
5.932617187500000000e-02 4.379882812500000000e-01 9.406738281250000000e-01
5.737304687500000000e-02 3.459472656250000000e-01 9.426269531250000000e-01
6.298828125000000000e-02 4.006347656250000000e-01 8.444824218750000000e-01
4.785156250000000000e-02 3.759765625000000000e-01 9.521484375000000000e-01
7.006835937500000000e-02 2.011718750000000000e-01 4.423828125000000000e-01
6.909179687500000000e-02 1.770019531250000000e-01 7.160644531250000000e-01
6.323242187500000000e-02 2.351074218750000000e-01 6.149902343750000000e-01
7.568359375000000000e-02 2.253417968750000000e-01 6.127929687500000000e-01
5.639648437500000000e-02 2.358398437500000000e-01 9.431152343750000000e-01
5.908203125000000000e-02 2.648925781250000000e-01 5.422363281250000000e-01
6.420898437500000000e-02 3.828125000000000000e-01 7.878417968750000000e-01
4.907226562500000000e-02 4.135742187500000000e-01 9.509277343750000000e-01
5.493164062500000000e-02 3.085937500000000000e-01 9.450683593750000000e-01
6.860351562500000000e-02 3.242187500000000000e-01 7.824707031250000000e-01
6.005859375000000000e-02 1.987304687500000000e-01 9.399414062500000000e-01
5.712890625000000000e-02 3.203125000000000000e-01 9.428710937500000000e-01
6.005859375000000000e-02 3.081054687500000000e-01 7.441406250000000000e-01
5.541992187500000000e-02 2.700195312500000000e-01 7.446289062500000000e-01
7.080078125000000000e-02 4.045410156250000000e-01 8.286132812500000000e-01
5.029296875000000000e-02 3.041992187500000000e-01 9.497070312500000000e-01
5.249023437500000000e-02 1.960449218750000000e-01 9.475097656250000000e-01
6.884765625000000000e-02 3.249511718750000000e-01 9.311523437500000000e-01
5.590820312500000000e-02 2.141113281250000000e-01 9.440917968750000000e-01
5.126953125000000000e-02 2.106933593750000000e-01 8.659667968750000000e-01
7.519531250000000000e-02 3.129882812500000000e-01 6.604003906250000000e-01
7.104492187500000000e-02 3.996582031250000000e-01 8.249511718750000000e-01
4.296875000000000000e-02 2.128906250000000000e-01 9.570312500000000000e-01
7.299804687500000000e-02 1.499023437500000000e-01 5.996093750000000000e-01
4.150390625000000000e-02 3.354492187500000000e-01 7.253417968750000000e-01
5.639648437500000000e-02 2.751464843750000000e-01 9.436035156250000000e-01
5.908203125000000000e-02 2.333984375000000000e-01 8.112792968750000000e-01
6.591796875000000000e-02 2.377929687500000000e-01 5.751953125000000000e-01
