4.345703125000000000e-02 3.732910156250000000e-01 9.565429687500000000e-01
5.517578125000000000e-02 2.900390625000000000e-01 7.255859375000000000e-01
4.052734375000000000e-02 2.917480468750000000e-01 9.594726562500000000e-01
2.587890625000000000e-02 2.998046875000000000e-01 9.741210937500000000e-01
3.149414062500000000e-02 4.489746093750000000e-01 9.685058593750000000e-01
4.028320312500000000e-02 3.127441406250000000e-01 9.597167968750000000e-01
3.295898437500000000e-02 4.064941406250000000e-01 9.670410156250000000e-01
3.466796875000000000e-02 4.272460937500000000e-01 9.650878906250000000e-01
3.613281250000000000e-02 4.660644531250000000e-01 9.638671875000000000e-01
3.906250000000000000e-02 3.032226562500000000e-01 7.011718750000000000e-01
4.589843750000000000e-02 3.178710937500000000e-01 6.789550781250000000e-01
6.127929687500000000e-02 3.159179687500000000e-01 6.452636718750000000e-01
3.295898437500000000e-02 2.954101562500000000e-01 7.290039062500000000e-01
3.173828125000000000e-02 3.405761718750000000e-01 9.682617187500000000e-01
3.979492187500000000e-02 3.557128906250000000e-01 7.216796875000000000e-01
4.272460937500000000e-02 2.756347656250000000e-01 6.848144531250000000e-01
5.200195312500000000e-02 3.374023437500000000e-01 7.543945312500000000e-01
2.954101562500000000e-02 2.946777343750000000e-01 9.704589843750000000e-01
4.858398437500000000e-02 4.499511718750000000e-01 9.514160156250000000e-01
5.444335937500000000e-02 3.271484375000000000e-01 7.067871093750000000e-01
4.370117187500000000e-02 3.115234375000000000e-01 7.407226562500000000e-01
3.100585937500000000e-02 4.099121093750000000e-01 9.689941406250000000e-01
2.416992187500000000e-02 4.426269531250000000e-01 9.758300781250000000e-01
3.515625000000000000e-02 2.758789062500000000e-01 7.263183593750000000e-01
4.296875000000000000e-02 2.570800781250000000e-01 9.570312500000000000e-01
2.075195312500000000e-02 4.890136718750000000e-01 9.792480468750000000e-01
3.125000000000000000e-02 3.586425781250000000e-01 9.687500000000000000e-01
3.027343750000000000e-02 4.799804687500000000e-01 9.697265625000000000e-01
3.393554687500000000e-02 2.446289062500000000e-01 9.660644531250000000e-01
4.345703125000000000e-02 2.951660156250000000e-01 6.330566406250000000e-01
3.222656250000000000e-02 3.120117187500000000e-01 9.677734375000000000e-01
3.979492187500000000e-02 2.641601562500000000e-01 5.839843750000000000e-01
4.785156250000000000e-02 3.586425781250000000e-01 7.392578125000000000e-01
3.515625000000000000e-02 2.607421875000000000e-01 9.645996093750000000e-01
4.150390625000000000e-02 4.536132812500000000e-01 9.584960937500000000e-01
4.785156250000000000e-02 3.049316406250000000e-01 7.224121093750000000e-01
3.100585937500000000e-02 3.022460937500000000e-01 9.689941406250000000e-01
3.027343750000000000e-02 2.634277343750000000e-01 9.697265625000000000e-01
4.003906250000000000e-02 3.210449218750000000e-01 9.599609375000000000e-01
3.710937500000000000e-02 3.549804687500000000e-01 7.121582031250000000e-01
4.907226562500000000e-02 2.260742187500000000e-01 7.609863281250000000e-01
4.248046875000000000e-02 4.079589843750000000e-01 9.575195312500000000e-01
5.615234375000000000e-02 1.914062500000000000e-01 6.440429687500000000e-01
2.978515625000000000e-02 4.687500000000000000e-01 9.702148437500000000e-01
4.492187500000000000e-02 3.024902343750000000e-01 9.550781250000000000e-01
5.004882812500000000e-02 3.046875000000000000e-01 9.499511718750000000e-01
4.028320312500000000e-02 3.283691406250000000e-01 9.597167968750000000e-01
3.588867187500000000e-02 3.408203125000000000e-01 9.641113281250000000e-01
3.881835937500000000e-02 2.861328125000000000e-01 9.611816406250000000e-01
3.466796875000000000e-02 3.659667968750000000e-01 9.650878906250000000e-01
2.978515625000000000e-02 4.396972656250000000e-01 9.702148437500000000e-01
3.247070312500000000e-02 4.379882812500000000e-01 9.675292968750000000e-01
3.955078125000000000e-02 2.587890625000000000e-01 9.604492187500000000e-01
2.856445312500000000e-02 4.653320312500000000e-01 9.714355468750000000e-01
3.344726562500000000e-02 3.427734375000000000e-01 9.665527343750000000e-01
4.418945312500000000e-02 3.024902343750000000e-01 7.260742187500000000e-01
3.759765625000000000e-02 3.823242187500000000e-01 9.624023437500000000e-01
2.636718750000000000e-02 4.477539062500000000e-01 9.736328125000000000e-01
5.395507812500000000e-02 2.717285156250000000e-01 9.460449218750000000e-01
5.664062500000000000e-02 2.551269531250000000e-01 5.258789062500000000e-01
2.880859375000000000e-02 4.645996093750000000e-01 9.711914062500000000e-01
3.198242187500000000e-02 3.583984375000000000e-01 9.680175781250000000e-01
5.078125000000000000e-02 3.471679687500000000e-01 7.998046875000000000e-01
3.881835937500000000e-02 3.391113281250000000e-01 7.817382812500000000e-01
3.515625000000000000e-02 4.199218750000000000e-01 9.648437500000000000e-01
4.443359375000000000e-02 2.075195312500000000e-01 8.261718750000000000e-01
5.468750000000000000e-02 2.617187500000000000e-01 6.020507812500000000e-01
3.271484375000000000e-02 4.208984375000000000e-01 9.672851562500000000e-01
5.175781250000000000e-02 3.457031250000000000e-01 7.829589843750000000e-01
3.320312500000000000e-02 2.629394531250000000e-01 9.667968750000000000e-01
2.954101562500000000e-02 3.945312500000000000e-01 9.704589843750000000e-01
2.734375000000000000e-02 4.418945312500000000e-01 9.726562500000000000e-01
3.833007812500000000e-02 3.696289062500000000e-01 7.819824218750000000e-01
3.442382812500000000e-02 3.061523437500000000e-01 6.938476562500000000e-01
4.321289062500000000e-02 2.827148437500000000e-01 7.143554687500000000e-01
2.661132812500000000e-02 4.804687500000000000e-01 9.733886718750000000e-01
3.149414062500000000e-02 3.085937500000000000e-01 9.685058593750000000e-01
2.978515625000000000e-02 4.428710937500000000e-01 9.702148437500000000e-01
3.613281250000000000e-02 3.525390625000000000e-01 9.638671875000000000e-01
3.100585937500000000e-02 3.977050781250000000e-01 9.689941406250000000e-01
4.443359375000000000e-02 3.344726562500000000e-01 9.555664062500000000e-01
3.076171875000000000e-02 4.208984375000000000e-01 9.692382812500000000e-01
3.955078125000000000e-02 3.054199218750000000e-01 6.901855468750000000e-01
2.539062500000000000e-02 4.055175781250000000e-01 9.746093750000000000e-01
4.174804687500000000e-02 3.632812500000000000e-01 7.570800781250000000e-01
3.295898437500000000e-02 4.406738281250000000e-01 9.670410156250000000e-01
3.027343750000000000e-02 4.665527343750000000e-01 9.697265625000000000e-01
3.393554687500000000e-02 4.309082031250000000e-01 9.660644531250000000e-01
3.051757812500000000e-02 3.417968750000000000e-01 9.694824218750000000e-01
4.199218750000000000e-02 2.890625000000000000e-01 9.580078125000000000e-01
5.273437500000000000e-02 2.407226562500000000e-01 9.472656250000000000e-01
3.125000000000000000e-02 3.142089843750000000e-01 9.687500000000000000e-01
4.028320312500000000e-02 4.423828125000000000e-01 9.597167968750000000e-01
3.247070312500000000e-02 4.174804687500000000e-01 9.675292968750000000e-01
4.907226562500000000e-02 3.520507812500000000e-01 7.902832031250000000e-01
4.687500000000000000e-02 3.884277343750000000e-01 8.044433593750000000e-01
3.417968750000000000e-02 2.470703125000000000e-01 9.658203125000000000e-01
3.906250000000000000e-02 4.663085937500000000e-01 9.609375000000000000e-01
3.613281250000000000e-02 3.745117187500000000e-01 9.638671875000000000e-01
3.247070312500000000e-02 4.411621093750000000e-01 9.675292968750000000e-01
