2.905273437500000000e-01 1.430664062500000000e-01 3.813476562500000000e-01
3.085937500000000000e-01 2.241210937500000000e-01 4.548339843750000000e-01
2.968750000000000000e-01 1.276855468750000000e-01 3.562011718750000000e-01
3.190917968750000000e-01 9.765625000000000000e-02 2.666015625000000000e-01
2.973632812500000000e-01 9.277343750000000000e-02 5.551757812500000000e-01
2.976074218750000000e-01 1.528320312500000000e-01 6.220703125000000000e-01
2.832031250000000000e-01 2.844238281250000000e-01 5.969238281250000000e-01
2.844238281250000000e-01 1.789550781250000000e-01 5.671386718750000000e-01
3.137207031250000000e-01 1.113281250000000000e-01 4.399414062500000000e-01
2.634277343750000000e-01 1.694335937500000000e-01 6.281738281250000000e-01
3.203125000000000000e-01 1.157226562500000000e-01 2.373046875000000000e-01
2.912597656250000000e-01 1.970214843750000000e-01 5.720214843750000000e-01
2.998046875000000000e-01 2.495117187500000000e-01 5.644531250000000000e-01
2.761230468750000000e-01 2.619628906250000000e-01 6.210937500000000000e-01
3.139648437500000000e-01 1.752929687500000000e-01 4.040527343750000000e-01
2.993164062500000000e-01 1.093750000000000000e-01 2.988281250000000000e-01
2.993164062500000000e-01 1.284179687500000000e-01 4.121093750000000000e-01
2.836914062500000000e-01 2.502441406250000000e-01 5.773925781250000000e-01
3.022460937500000000e-01 1.953125000000000000e-01 4.995117187500000000e-01
2.958984375000000000e-01 1.584472656250000000e-01 6.191406250000000000e-01
2.924804687500000000e-01 1.584472656250000000e-01 6.176757812500000000e-01
2.773437500000000000e-01 2.375488281250000000e-01 6.511230468750000000e-01
3.044433593750000000e-01 1.430664062500000000e-01 4.265136718750000000e-01
2.890625000000000000e-01 1.845703125000000000e-01 4.743652343750000000e-01
2.922363281250000000e-01 2.746582031250000000e-01 6.115722656250000000e-01
2.834472656250000000e-01 2.465820312500000000e-01 5.107421875000000000e-01
3.132324218750000000e-01 1.625976562500000000e-01 4.484863281250000000e-01
2.976074218750000000e-01 9.179687500000000000e-02 4.702148437500000000e-01
2.746582031250000000e-01 8.642578125000000000e-02 6.220703125000000000e-01
2.763671875000000000e-01 1.972656250000000000e-01 5.507812500000000000e-01
2.590332031250000000e-01 2.871093750000000000e-01 6.674804687500000000e-01
2.841796875000000000e-01 1.687011718750000000e-01 6.359863281250000000e-01
2.949218750000000000e-01 1.210937500000000000e-01 4.694824218750000000e-01
2.954101562500000000e-01 2.011718750000000000e-01 4.299316406250000000e-01
2.858886718750000000e-01 2.153320312500000000e-01 5.170898437500000000e-01
2.932128906250000000e-01 7.324218750000000000e-02 5.002441406250000000e-01
3.059082031250000000e-01 1.633300781250000000e-01 3.391113281250000000e-01
3.024902343750000000e-01 1.433105468750000000e-01 3.947753906250000000e-01
2.890625000000000000e-01 2.043457031250000000e-01 5.178222656250000000e-01
3.000488281250000000e-01 1.015625000000000000e-01 2.768554687500000000e-01
3.032226562500000000e-01 1.237792968750000000e-01 3.005371093750000000e-01
3.146972656250000000e-01 6.860351562500000000e-02 3.732910156250000000e-01
2.875976562500000000e-01 2.404785156250000000e-01 5.656738281250000000e-01
3.059082031250000000e-01 1.682128906250000000e-01 5.297851562500000000e-01
2.807617187500000000e-01 1.218261718750000000e-01 5.510253906250000000e-01
3.146972656250000000e-01 1.186523437500000000e-01 2.443847656250000000e-01
2.827148437500000000e-01 1.118164062500000000e-01 4.543457031250000000e-01
3.005371093750000000e-01 8.178710937500000000e-02 3.415527343750000000e-01
3.115234375000000000e-01 2.446289062500000000e-01 5.100097656250000000e-01
2.810058593750000000e-01 1.550292968750000000e-01 5.764160156250000000e-01
2.651367187500000000e-01 2.971191406250000000e-01 6.950683593750000000e-01
2.954101562500000000e-01 1.645507812500000000e-01 5.019531250000000000e-01
2.734375000000000000e-01 1.228027343750000000e-01 6.115722656250000000e-01
2.976074218750000000e-01 2.290039062500000000e-01 5.458984375000000000e-01
3.134765625000000000e-01 1.120605468750000000e-01 2.302246093750000000e-01
2.932128906250000000e-01 1.718750000000000000e-01 3.935546875000000000e-01
3.061523437500000000e-01 9.497070312500000000e-02 3.879394531250000000e-01
2.888183593750000000e-01 1.965332031250000000e-01 5.070800781250000000e-01
2.875976562500000000e-01 2.326660156250000000e-01 5.344238281250000000e-01
3.005371093750000000e-01 9.204101562500000000e-02 5.390625000000000000e-01
3.002929687500000000e-01 1.982421875000000000e-01 3.994140625000000000e-01
2.675781250000000000e-01 2.087402343750000000e-01 6.953125000000000000e-01
2.773437500000000000e-01 2.546386718750000000e-01 6.582031250000000000e-01
2.934570312500000000e-01 1.713867187500000000e-01 4.250488281250000000e-01
2.832031250000000000e-01 2.678222656250000000e-01 5.734863281250000000e-01
2.951660156250000000e-01 1.655273437500000000e-01 4.743652343750000000e-01
3.012695312500000000e-01 1.894531250000000000e-01 3.940429687500000000e-01
3.083496093750000000e-01 1.394042968750000000e-01 4.167480468750000000e-01
2.902832031250000000e-01 1.787109375000000000e-01 5.942382812500000000e-01
2.731933593750000000e-01 2.353515625000000000e-01 6.530761718750000000e-01
2.985839843750000000e-01 1.042480468750000000e-01 5.725097656250000000e-01
2.678222656250000000e-01 2.001953125000000000e-01 6.403808593750000000e-01
2.910156250000000000e-01 1.811523437500000000e-01 3.713378906250000000e-01
2.978515625000000000e-01 1.967773437500000000e-01 5.419921875000000000e-01
3.098144531250000000e-01 1.328125000000000000e-01 3.166503906250000000e-01
3.002929687500000000e-01 8.691406250000000000e-02 4.194335937500000000e-01
3.061523437500000000e-01 1.296386718750000000e-01 3.332519531250000000e-01
2.939453125000000000e-01 1.545410156250000000e-01 5.249023437500000000e-01
2.915039062500000000e-01 2.885742187500000000e-01 6.062011718750000000e-01
3.259277343750000000e-01 8.227539062500000000e-02 2.746582031250000000e-01
3.168945312500000000e-01 7.495117187500000000e-02 1.777343750000000000e-01
2.705078125000000000e-01 1.743164062500000000e-01 6.198730468750000000e-01
2.888183593750000000e-01 1.806640625000000000e-01 5.283203125000000000e-01
3.039550781250000000e-01 6.469726562500000000e-02 4.123535156250000000e-01
2.814941406250000000e-01 2.385253906250000000e-01 5.974121093750000000e-01
2.868652343750000000e-01 1.689453125000000000e-01 5.524902343750000000e-01
2.890625000000000000e-01 2.060546875000000000e-01 6.184082031250000000e-01
2.758789062500000000e-01 1.303710937500000000e-01 6.494140625000000000e-01
3.041992187500000000e-01 9.716796875000000000e-02 4.741210937500000000e-01
3.037109375000000000e-01 1.933593750000000000e-01 4.228515625000000000e-01
2.355957031250000000e-01 1.064453125000000000e-01 7.485351562500000000e-01
2.907714843750000000e-01 1.477050781250000000e-01 5.175781250000000000e-01
3.012695312500000000e-01 1.916503906250000000e-01 5.722656250000000000e-01
2.600097656250000000e-01 1.550292968750000000e-01 5.988769531250000000e-01
3.271484375000000000e-01 8.056640625000000000e-02 3.117675781250000000e-01
2.868652343750000000e-01 1.499023437500000000e-01 5.417480468750000000e-01
3.098144531250000000e-01 1.079101562500000000e-01 3.159179687500000000e-01
2.653808593750000000e-01 1.252441406250000000e-01 6.804199218750000000e-01
2.924804687500000000e-01 1.760253906250000000e-01 5.913085937500000000e-01
2.619628906250000000e-01 2.895507812500000000e-01 6.623535156250000000e-01
