6.738281250000000000e-02 3.293457031250000000e-01 7.492675781250000000e-01
5.444335937500000000e-02 2.604980468750000000e-01 7.773437500000000000e-01
5.590820312500000000e-02 3.215332031250000000e-01 7.780761718750000000e-01
7.031250000000000000e-02 2.470703125000000000e-01 9.296875000000000000e-01
5.371093750000000000e-02 3.425292968750000000e-01 7.851562500000000000e-01
7.958984375000000000e-02 2.299804687500000000e-01 5.417480468750000000e-01
4.980468750000000000e-02 3.828125000000000000e-01 9.501953125000000000e-01
5.249023437500000000e-02 2.700195312500000000e-01 9.475097656250000000e-01
5.737304687500000000e-02 2.092285156250000000e-01 7.990722656250000000e-01
5.859375000000000000e-02 1.193847656250000000e-01 8.327636718750000000e-01
6.713867187500000000e-02 3.720703125000000000e-01 8.020019531250000000e-01
6.103515625000000000e-02 4.296875000000000000e-01 9.389648437500000000e-01
7.177734375000000000e-02 1.511230468750000000e-01 6.113281250000000000e-01
6.445312500000000000e-02 2.058105468750000000e-01 5.563964843750000000e-01
9.130859375000000000e-02 1.757812500000000000e-01 3.811035156250000000e-01
5.859375000000000000e-02 3.322753906250000000e-01 7.656250000000000000e-01
6.127929687500000000e-02 2.333984375000000000e-01 9.387207031250000000e-01
6.127929687500000000e-02 3.310546875000000000e-01 7.712402343750000000e-01
6.396484375000000000e-02 3.117675781250000000e-01 7.307128906250000000e-01
7.348632812500000000e-02 1.972656250000000000e-01 7.233886718750000000e-01
6.542968750000000000e-02 3.132324218750000000e-01 9.345703125000000000e-01
6.127929687500000000e-02 2.089843750000000000e-01 9.387207031250000000e-01
7.080078125000000000e-02 2.685546875000000000e-01 6.706542968750000000e-01
5.664062500000000000e-02 3.664550781250000000e-01 9.433593750000000000e-01
6.005859375000000000e-02 4.099121093750000000e-01 9.399414062500000000e-01
7.202148437500000000e-02 3.215332031250000000e-01 7.741699218750000000e-01
6.274414062500000000e-02 1.811523437500000000e-01 8.352050781250000000e-01
5.761718750000000000e-02 3.540039062500000000e-01 8.066406250000000000e-01
4.931640625000000000e-02 2.919921875000000000e-01 9.506835937500000000e-01
4.199218750000000000e-02 4.262695312500000000e-01 9.580078125000000000e-01
4.907226562500000000e-02 2.724609375000000000e-01 9.509277343750000000e-01
6.225585937500000000e-02 2.482910156250000000e-01 7.954101562500000000e-01
7.006835937500000000e-02 3.469238281250000000e-01 8.190917968750000000e-01
5.273437500000000000e-02 3.864746093750000000e-01 9.470214843750000000e-01
8.032226562500000000e-02 1.181640625000000000e-01 5.336914062500000000e-01
6.542968750000000000e-02 2.543945312500000000e-01 9.345703125000000000e-01
5.639648437500000000e-02 3.527832031250000000e-01 7.990722656250000000e-01
5.322265625000000000e-02 4.157714843750000000e-01 9.467773437500000000e-01
6.689453125000000000e-02 3.315429687500000000e-01 9.331054687500000000e-01
4.565429687500000000e-02 3.510742187500000000e-01 9.543457031250000000e-01
6.298828125000000000e-02 3.432617187500000000e-01 7.883300781250000000e-01
6.958007812500000000e-02 2.553710937500000000e-01 6.789550781250000000e-01
6.250000000000000000e-02 3.283691406250000000e-01 7.661132812500000000e-01
7.202148437500000000e-02 1.525878906250000000e-01 7.768554687500000000e-01
5.639648437500000000e-02 4.187011718750000000e-01 9.436035156250000000e-01
6.201171875000000000e-02 3.007812500000000000e-01 8.212890625000000000e-01
5.322265625000000000e-02 4.702148437500000000e-01 9.467773437500000000e-01
7.031250000000000000e-02 3.293457031250000000e-01 8.103027343750000000e-01
6.079101562500000000e-02 1.667480468750000000e-01 9.392089843750000000e-01
5.493164062500000000e-02 2.214355468750000000e-01 9.450683593750000000e-01
6.518554687500000000e-02 2.219238281250000000e-01 7.358398437500000000e-01
4.931640625000000000e-02 2.331542968750000000e-01 9.506835937500000000e-01
6.469726562500000000e-02 1.723632812500000000e-01 6.801757812500000000e-01
4.516601562500000000e-02 3.625488281250000000e-01 9.548339843750000000e-01
6.665039062500000000e-02 3.605957031250000000e-01 8.613281250000000000e-01
5.151367187500000000e-02 4.279785156250000000e-01 9.484863281250000000e-01
5.737304687500000000e-02 3.374023437500000000e-01 9.426269531250000000e-01
5.175781250000000000e-02 4.235839843750000000e-01 9.482421875000000000e-01
6.372070312500000000e-02 2.683105468750000000e-01 5.939941406250000000e-01
7.446289062500000000e-02 2.629394531250000000e-01 7.731933593750000000e-01
5.297851562500000000e-02 2.058105468750000000e-01 7.639160156250000000e-01
7.421875000000000000e-02 1.948242187500000000e-01 6.047363281250000000e-01
5.664062500000000000e-02 2.543945312500000000e-01 9.433593750000000000e-01
6.347656250000000000e-02 3.562011718750000000e-01 9.365234375000000000e-01
7.275390625000000000e-02 1.599121093750000000e-01 5.532226562500000000e-01
6.176757812500000000e-02 2.043457031250000000e-01 6.755371093750000000e-01
6.811523437500000000e-02 2.590332031250000000e-01 8.332519531250000000e-01
4.345703125000000000e-02 3.830566406250000000e-01 9.565429687500000000e-01
6.298828125000000000e-02 2.573242187500000000e-01 9.370117187500000000e-01
5.688476562500000000e-02 3.701171875000000000e-01 7.617187500000000000e-01
8.081054687500000000e-02 1.699218750000000000e-01 3.405761718750000000e-01
6.738281250000000000e-02 2.316894531250000000e-01 7.829589843750000000e-01
6.323242187500000000e-02 2.739257812500000000e-01 6.047363281250000000e-01
7.128906250000000000e-02 3.762207031250000000e-01 7.565917968750000000e-01
6.762695312500000000e-02 3.137207031250000000e-01 6.306152343750000000e-01
7.299804687500000000e-02 2.431640625000000000e-01 8.244628906250000000e-01
5.541992187500000000e-02 3.251953125000000000e-01 9.445800781250000000e-01
5.957031250000000000e-02 2.041015625000000000e-01 6.098632812500000000e-01
5.712890625000000000e-02 1.513671875000000000e-01 9.428710937500000000e-01
5.810546875000000000e-02 3.142089843750000000e-01 7.941894531250000000e-01
4.956054687500000000e-02 2.695312500000000000e-01 9.504394531250000000e-01
7.177734375000000000e-02 2.319335937500000000e-01 5.485839843750000000e-01
7.739257812500000000e-02 2.624511718750000000e-01 5.476074218750000000e-01
5.957031250000000000e-02 2.377929687500000000e-01 9.404296875000000000e-01
6.103515625000000000e-02 3.142089843750000000e-01 9.389648437500000000e-01
6.030273437500000000e-02 2.670898437500000000e-01 7.041015625000000000e-01
5.029296875000000000e-02 1.713867187500000000e-01 9.497070312500000000e-01
6.665039062500000000e-02 2.438964843750000000e-01 6.398925781250000000e-01
5.200195312500000000e-02 1.955566406250000000e-01 9.479980468750000000e-01
6.274414062500000000e-02 3.627929687500000000e-01 8.522949218750000000e-01
6.494140625000000000e-02 2.067871093750000000e-01 8.020019531250000000e-01
4.125976562500000000e-02 2.087402343750000000e-01 9.587402343750000000e-01
7.788085937500000000e-02 3.364257812500000000e-01 7.375488281250000000e-01
6.542968750000000000e-02 3.168945312500000000e-01 8.217773437500000000e-01
4.443359375000000000e-02 2.126464843750000000e-01 7.988281250000000000e-01
6.103515625000000000e-02 2.485351562500000000e-01 9.389648437500000000e-01
3.906250000000000000e-02 3.137207031250000000e-01 9.609375000000000000e-01
6.933593750000000000e-02 2.741699218750000000e-01 8.129882812500000000e-01
6.323242187500000000e-02 2.338867187500000000e-01 6.337890625000000000e-01
6.689453125000000000e-02 2.385253906250000000e-01 9.328613281250000000e-01
