1.342773437500000000e-01 2.231445312500000000e-01 8.457031250000000000e-01
1.540527343750000000e-01 1.645507812500000000e-01 3.415527343750000000e-01
1.242675781250000000e-01 3.161621093750000000e-01 7.329101562500000000e-01
1.286621093750000000e-01 1.484375000000000000e-01 7.824707031250000000e-01
1.335449218750000000e-01 1.359863281250000000e-01 6.579589843750000000e-01
1.237792968750000000e-01 3.801269531250000000e-01 8.513183593750000000e-01
1.418457031250000000e-01 1.628417968750000000e-01 4.340820312500000000e-01
1.450195312500000000e-01 1.047363281250000000e-01 4.018554687500000000e-01
1.416015625000000000e-01 2.634277343750000000e-01 7.219238281250000000e-01
1.433105468750000000e-01 1.643066406250000000e-01 5.000000000000000000e-01
1.411132812500000000e-01 1.660156250000000000e-01 7.812500000000000000e-01
1.369628906250000000e-01 1.765136718750000000e-01 7.910156250000000000e-01
1.484375000000000000e-01 2.644042968750000000e-01 5.766601562500000000e-01
1.401367187500000000e-01 3.266601562500000000e-01 6.784667968750000000e-01
1.596679687500000000e-01 1.625976562500000000e-01 3.488769531250000000e-01
1.518554687500000000e-01 1.037597656250000000e-01 4.023437500000000000e-01
1.411132812500000000e-01 9.887695312500000000e-02 7.358398437500000000e-01
1.481933593750000000e-01 1.406250000000000000e-01 4.780273437500000000e-01
1.547851562500000000e-01 1.984863281250000000e-01 4.624023437500000000e-01
1.467285156250000000e-01 2.019042968750000000e-01 4.663085937500000000e-01
1.372070312500000000e-01 2.355957031250000000e-01 7.722167968750000000e-01
1.418457031250000000e-01 2.373046875000000000e-01 6.320800781250000000e-01
1.416015625000000000e-01 2.307128906250000000e-01 5.603027343750000000e-01
1.340332031250000000e-01 2.431640625000000000e-01 5.612792968750000000e-01
1.625976562500000000e-01 9.985351562500000000e-02 5.334472656250000000e-01
1.193847656250000000e-01 2.709960937500000000e-01 8.557128906250000000e-01
1.206054687500000000e-01 2.507324218750000000e-01 8.151855468750000000e-01
1.101074218750000000e-01 1.433105468750000000e-01 8.737792968750000000e-01
1.379394531250000000e-01 1.684570312500000000e-01 7.824707031250000000e-01
1.369628906250000000e-01 2.846679687500000000e-01 5.825195312500000000e-01
1.516113281250000000e-01 1.596679687500000000e-01 3.859863281250000000e-01
1.442871093750000000e-01 2.031250000000000000e-01 5.661621093750000000e-01
1.455078125000000000e-01 1.630859375000000000e-01 6.564941406250000000e-01
1.340332031250000000e-01 2.890625000000000000e-01 8.317871093750000000e-01
1.455078125000000000e-01 2.045898437500000000e-01 5.500488281250000000e-01
1.503906250000000000e-01 2.297363281250000000e-01 5.664062500000000000e-01
1.545410156250000000e-01 1.545410156250000000e-01 4.941406250000000000e-01
1.530761718750000000e-01 1.672363281250000000e-01 4.926757812500000000e-01
1.586914062500000000e-01 1.855468750000000000e-01 5.214843750000000000e-01
1.435546875000000000e-01 2.453613281250000000e-01 6.269531250000000000e-01
1.538085937500000000e-01 1.279296875000000000e-01 3.491210937500000000e-01
1.467285156250000000e-01 8.398437500000000000e-02 4.721679687500000000e-01
1.430664062500000000e-01 2.492675781250000000e-01 7.685546875000000000e-01
1.430664062500000000e-01 2.644042968750000000e-01 7.915039062500000000e-01
1.381835937500000000e-01 2.426757812500000000e-01 6.286621093750000000e-01
1.428222656250000000e-01 1.940917968750000000e-01 4.438476562500000000e-01
1.462402343750000000e-01 1.965332031250000000e-01 4.882812500000000000e-01
1.433105468750000000e-01 1.882324218750000000e-01 6.513671875000000000e-01
1.398925781250000000e-01 1.367187500000000000e-01 6.818847656250000000e-01
1.386718750000000000e-01 2.329101562500000000e-01 6.418457031250000000e-01
1.384277343750000000e-01 3.110351562500000000e-01 8.613281250000000000e-01
1.643066406250000000e-01 1.074218750000000000e-01 3.286132812500000000e-01
1.433105468750000000e-01 1.789550781250000000e-01 5.905761718750000000e-01
1.337890625000000000e-01 2.087402343750000000e-01 6.696777343750000000e-01
1.262207031250000000e-01 2.568359375000000000e-01 8.461914062500000000e-01
1.423339843750000000e-01 2.143554687500000000e-01 4.809570312500000000e-01
1.467285156250000000e-01 2.058105468750000000e-01 7.641601562500000000e-01
1.420898437500000000e-01 1.818847656250000000e-01 5.739746093750000000e-01
1.276855468750000000e-01 1.442871093750000000e-01 8.723144531250000000e-01
1.442871093750000000e-01 2.048339843750000000e-01 4.975585937500000000e-01
1.303710937500000000e-01 2.900390625000000000e-01 8.198242187500000000e-01
1.262207031250000000e-01 2.104492187500000000e-01 8.193359375000000000e-01
1.491699218750000000e-01 1.252441406250000000e-01 4.829101562500000000e-01
1.464843750000000000e-01 2.744140625000000000e-01 6.748046875000000000e-01
1.354980468750000000e-01 1.457519531250000000e-01 5.712890625000000000e-01
1.440429687500000000e-01 1.662597656250000000e-01 6.223144531250000000e-01
1.621093750000000000e-01 1.330566406250000000e-01 2.814941406250000000e-01
1.381835937500000000e-01 2.543945312500000000e-01 5.915527343750000000e-01
1.381835937500000000e-01 2.492675781250000000e-01 7.363281250000000000e-01
1.320800781250000000e-01 1.562500000000000000e-01 5.495605468750000000e-01
1.330566406250000000e-01 2.504882812500000000e-01 5.231933593750000000e-01
1.232910156250000000e-01 1.110839843750000000e-01 8.308105468750000000e-01
1.406250000000000000e-01 1.955566406250000000e-01 5.979003906250000000e-01
1.308593750000000000e-01 1.674804687500000000e-01 7.678222656250000000e-01
1.423339843750000000e-01 1.601562500000000000e-01 4.338378906250000000e-01
1.442871093750000000e-01 3.857421875000000000e-01 8.239746093750000000e-01
1.567382812500000000e-01 1.057128906250000000e-01 2.915039062500000000e-01
1.345214843750000000e-01 3.361816406250000000e-01 7.529296875000000000e-01
1.484375000000000000e-01 1.770019531250000000e-01 4.306640625000000000e-01
1.115722656250000000e-01 1.538085937500000000e-01 8.742675781250000000e-01
1.538085937500000000e-01 2.561035156250000000e-01 7.021484375000000000e-01
1.518554687500000000e-01 2.246093750000000000e-01 4.589843750000000000e-01
1.374511718750000000e-01 2.055664062500000000e-01 7.312011718750000000e-01
1.357421875000000000e-01 1.999511718750000000e-01 8.305664062500000000e-01
1.206054687500000000e-01 1.740722656250000000e-01 8.576660156250000000e-01
1.396484375000000000e-01 2.980957031250000000e-01 6.257324218750000000e-01
1.413574218750000000e-01 2.861328125000000000e-01 7.238769531250000000e-01
1.347656250000000000e-01 1.674804687500000000e-01 7.880859375000000000e-01
1.425781250000000000e-01 2.346191406250000000e-01 5.473632812500000000e-01
1.379394531250000000e-01 2.409667968750000000e-01 6.530761718750000000e-01
1.313476562500000000e-01 4.008789062500000000e-01 8.149414062500000000e-01
1.267089843750000000e-01 2.307128906250000000e-01 8.151855468750000000e-01
1.499023437500000000e-01 1.652832031250000000e-01 6.025390625000000000e-01
1.389160156250000000e-01 2.265625000000000000e-01 6.940917968750000000e-01
1.320800781250000000e-01 1.743164062500000000e-01 7.719726562500000000e-01
1.345214843750000000e-01 2.011718750000000000e-01 8.398437500000000000e-01
1.433105468750000000e-01 2.285156250000000000e-01 7.331542968750000000e-01
1.428222656250000000e-01 1.520996093750000000e-01 5.825195312500000000e-01
1.206054687500000000e-01 2.194824218750000000e-01 7.624511718750000000e-01
1.264648437500000000e-01 1.625976562500000000e-01 6.511230468750000000e-01
