1.596679687500000000e-01 1.687011718750000000e-01 6.748046875000000000e-01
1.538085937500000000e-01 1.623535156250000000e-01 6.572265625000000000e-01
1.560058593750000000e-01 3.044433593750000000e-01 6.242675781250000000e-01
1.572265625000000000e-01 1.691894531250000000e-01 3.637695312500000000e-01
1.364746093750000000e-01 3.034667968750000000e-01 8.144531250000000000e-01
1.550292968750000000e-01 1.921386718750000000e-01 6.718750000000000000e-01
1.450195312500000000e-01 2.028808593750000000e-01 6.926269531250000000e-01
1.369628906250000000e-01 2.707519531250000000e-01 7.111816406250000000e-01
1.486816406250000000e-01 2.092285156250000000e-01 8.513183593750000000e-01
1.562500000000000000e-01 1.638183593750000000e-01 4.157714843750000000e-01
1.672363281250000000e-01 2.285156250000000000e-01 4.960937500000000000e-01
1.552734375000000000e-01 2.670898437500000000e-01 6.743164062500000000e-01
1.584472656250000000e-01 2.060546875000000000e-01 5.910644531250000000e-01
1.437988281250000000e-01 1.933593750000000000e-01 7.419433593750000000e-01
1.535644531250000000e-01 1.691894531250000000e-01 3.815917968750000000e-01
1.442871093750000000e-01 1.977539062500000000e-01 7.338867187500000000e-01
1.672363281250000000e-01 1.137695312500000000e-01 4.191894531250000000e-01
1.508789062500000000e-01 3.359375000000000000e-01 7.109375000000000000e-01
1.511230468750000000e-01 1.892089843750000000e-01 6.157226562500000000e-01
1.525878906250000000e-01 2.204589843750000000e-01 4.660644531250000000e-01
1.616210937500000000e-01 1.560058593750000000e-01 4.855957031250000000e-01
1.462402343750000000e-01 2.949218750000000000e-01 8.537597656250000000e-01
1.345214843750000000e-01 2.810058593750000000e-01 8.476562500000000000e-01
1.418457031250000000e-01 2.812500000000000000e-01 7.014160156250000000e-01
1.589355468750000000e-01 2.187500000000000000e-01 7.692871093750000000e-01
1.416015625000000000e-01 2.290039062500000000e-01 7.395019531250000000e-01
1.425781250000000000e-01 1.989746093750000000e-01 7.885742187500000000e-01
1.547851562500000000e-01 1.206054687500000000e-01 6.469726562500000000e-01
1.625976562500000000e-01 1.867675781250000000e-01 3.872070312500000000e-01
1.381835937500000000e-01 1.884765625000000000e-01 7.321777343750000000e-01
1.406250000000000000e-01 1.687011718750000000e-01 8.278808593750000000e-01
1.547851562500000000e-01 2.006835937500000000e-01 5.917968750000000000e-01
1.677246093750000000e-01 1.542968750000000000e-01 3.552246093750000000e-01
1.579589843750000000e-01 1.074218750000000000e-01 3.178710937500000000e-01
1.564941406250000000e-01 1.975097656250000000e-01 5.913085937500000000e-01
1.459960937500000000e-01 1.142578125000000000e-01 8.254394531250000000e-01
1.540527343750000000e-01 2.614746093750000000e-01 6.430664062500000000e-01
1.516113281250000000e-01 2.839355468750000000e-01 6.381835937500000000e-01
1.760253906250000000e-01 1.884765625000000000e-01 4.160156250000000000e-01
1.560058593750000000e-01 2.119140625000000000e-01 6.516113281250000000e-01
1.679687500000000000e-01 1.069335937500000000e-01 3.481445312500000000e-01
1.672363281250000000e-01 1.674804687500000000e-01 4.072265625000000000e-01
1.555175781250000000e-01 9.033203125000000000e-02 6.108398437500000000e-01
1.503906250000000000e-01 3.325195312500000000e-01 6.999511718750000000e-01
1.574707031250000000e-01 1.818847656250000000e-01 5.727539062500000000e-01
1.484375000000000000e-01 1.633300781250000000e-01 4.953613281250000000e-01
1.511230468750000000e-01 1.672363281250000000e-01 5.810546875000000000e-01
1.350097656250000000e-01 2.536621093750000000e-01 8.649902343750000000e-01
1.372070312500000000e-01 3.723144531250000000e-01 7.646484375000000000e-01
1.574707031250000000e-01 1.201171875000000000e-01 4.936523437500000000e-01
1.635742187500000000e-01 1.733398437500000000e-01 6.159667968750000000e-01
1.511230468750000000e-01 2.543945312500000000e-01 5.961914062500000000e-01
1.394042968750000000e-01 1.252441406250000000e-01 8.483886718750000000e-01
1.567382812500000000e-01 1.750488281250000000e-01 4.101562500000000000e-01
1.318359375000000000e-01 3.906250000000000000e-01 8.535156250000000000e-01
1.569824218750000000e-01 1.909179687500000000e-01 6.213378906250000000e-01
1.520996093750000000e-01 1.655273437500000000e-01 6.538085937500000000e-01
1.486816406250000000e-01 3.164062500000000000e-01 8.000488281250000000e-01
1.499023437500000000e-01 3.190917968750000000e-01 7.802734375000000000e-01
1.550292968750000000e-01 3.266601562500000000e-01 6.850585937500000000e-01
1.706542968750000000e-01 1.396484375000000000e-01 3.625488281250000000e-01
1.389160156250000000e-01 2.956542968750000000e-01 8.244628906250000000e-01
1.459960937500000000e-01 1.770019531250000000e-01 6.064453125000000000e-01
1.442871093750000000e-01 1.818847656250000000e-01 7.990722656250000000e-01
1.530761718750000000e-01 3.251953125000000000e-01 6.772460937500000000e-01
1.567382812500000000e-01 2.092285156250000000e-01 7.470703125000000000e-01
1.496582031250000000e-01 2.622070312500000000e-01 5.585937500000000000e-01
1.472167968750000000e-01 2.458496093750000000e-01 7.114257812500000000e-01
1.408691406250000000e-01 1.936035156250000000e-01 7.548828125000000000e-01
1.516113281250000000e-01 2.546386718750000000e-01 5.336914062500000000e-01
1.616210937500000000e-01 1.657714843750000000e-01 4.072265625000000000e-01
1.582031250000000000e-01 1.643066406250000000e-01 3.952636718750000000e-01
1.442871093750000000e-01 2.038574218750000000e-01 6.730957031250000000e-01
1.477050781250000000e-01 2.253417968750000000e-01 7.060546875000000000e-01
1.457519531250000000e-01 1.193847656250000000e-01 5.673828125000000000e-01
1.677246093750000000e-01 2.016601562500000000e-01 4.772949218750000000e-01
1.472167968750000000e-01 2.749023437500000000e-01 5.930175781250000000e-01
1.467285156250000000e-01 2.111816406250000000e-01 8.005371093750000000e-01
1.584472656250000000e-01 3.332519531250000000e-01 6.823730468750000000e-01
1.635742187500000000e-01 2.500000000000000000e-01 5.375976562500000000e-01
1.691894531250000000e-01 1.657714843750000000e-01 5.192871093750000000e-01
1.394042968750000000e-01 2.265625000000000000e-01 8.454589843750000000e-01
1.350097656250000000e-01 2.287597656250000000e-01 8.452148437500000000e-01
1.665039062500000000e-01 1.286621093750000000e-01 6.367187500000000000e-01
1.245117187500000000e-01 1.726074218750000000e-01 8.603515625000000000e-01
1.579589843750000000e-01 1.726074218750000000e-01 4.338378906250000000e-01
1.691894531250000000e-01 1.618652343750000000e-01 3.439941406250000000e-01
1.452636718750000000e-01 2.819824218750000000e-01 7.770996093750000000e-01
1.323242187500000000e-01 1.809082031250000000e-01 8.352050781250000000e-01
1.508789062500000000e-01 2.719726562500000000e-01 5.495605468750000000e-01
1.474609375000000000e-01 1.445312500000000000e-01 7.629394531250000000e-01
1.501464843750000000e-01 1.909179687500000000e-01 6.245117187500000000e-01
1.616210937500000000e-01 1.757812500000000000e-01 5.725097656250000000e-01
1.528320312500000000e-01 1.557617187500000000e-01 7.009277343750000000e-01
1.501464843750000000e-01 3.125000000000000000e-01 6.347656250000000000e-01
1.540527343750000000e-01 2.468261718750000000e-01 6.259765625000000000e-01
1.574707031250000000e-01 1.586914062500000000e-01 7.216796875000000000e-01
1.601562500000000000e-01 1.325683593750000000e-01 3.510742187500000000e-01
1.389160156250000000e-01 3.989257812500000000e-01 8.149414062500000000e-01
1.403808593750000000e-01 2.363281250000000000e-01 7.355957031250000000e-01
