4.538574218750000000e-01 7.055664062500000000e-02 5.083007812500000000e-01
4.909667968750000000e-01 1.191406250000000000e-01 4.616699218750000000e-01
5.256347656250000000e-01 9.912109375000000000e-02 2.382812500000000000e-01
4.841308593750000000e-01 2.155761718750000000e-01 4.453125000000000000e-01
4.919433593750000000e-01 1.738281250000000000e-01 3.879394531250000000e-01
5.231933593750000000e-01 9.643554687500000000e-02 2.792968750000000000e-01
5.297851562500000000e-01 1.313476562500000000e-01 2.939453125000000000e-01
5.222167968750000000e-01 1.545410156250000000e-01 3.100585937500000000e-01
5.192871093750000000e-01 1.052246093750000000e-01 2.182617187500000000e-01
4.982910156250000000e-01 5.932617187500000000e-02 3.991699218750000000e-01
5.344238281250000000e-01 7.861328125000000000e-02 1.984863281250000000e-01
4.965820312500000000e-01 1.347656250000000000e-01 3.464355468750000000e-01
4.750976562500000000e-01 1.262207031250000000e-01 4.780273437500000000e-01
5.009765625000000000e-01 1.166992187500000000e-01 2.578125000000000000e-01
5.104980468750000000e-01 1.589355468750000000e-01 3.500976562500000000e-01
4.614257812500000000e-01 1.472167968750000000e-01 4.042968750000000000e-01
4.946289062500000000e-01 1.494140625000000000e-01 3.894042968750000000e-01
5.439453125000000000e-01 6.274414062500000000e-02 1.679687500000000000e-01
4.953613281250000000e-01 1.513671875000000000e-01 3.898925781250000000e-01
4.987792968750000000e-01 1.704101562500000000e-01 4.003906250000000000e-01
4.560546875000000000e-01 1.237792968750000000e-01 5.178222656250000000e-01
5.102539062500000000e-01 1.357421875000000000e-01 3.742675781250000000e-01
5.434570312500000000e-01 6.835937500000000000e-02 2.487792968750000000e-01
5.031738281250000000e-01 6.494140625000000000e-02 3.818359375000000000e-01
5.566406250000000000e-01 6.640625000000000000e-02 1.406250000000000000e-01
5.222167968750000000e-01 8.300781250000000000e-02 3.093261718750000000e-01
5.092773437500000000e-01 1.616210937500000000e-01 3.688964843750000000e-01
5.275878906250000000e-01 7.202148437500000000e-02 2.075195312500000000e-01
4.946289062500000000e-01 2.041015625000000000e-01 4.431152343750000000e-01
5.324707031250000000e-01 1.445312500000000000e-01 2.893066406250000000e-01
4.663085937500000000e-01 9.448242187500000000e-02 4.663085937500000000e-01
4.902343750000000000e-01 1.296386718750000000e-01 4.020996093750000000e-01
4.953613281250000000e-01 1.364746093750000000e-01 3.625488281250000000e-01
5.083007812500000000e-01 1.379394531250000000e-01 3.205566406250000000e-01
4.909667968750000000e-01 1.762695312500000000e-01 4.182128906250000000e-01
5.371093750000000000e-01 8.178710937500000000e-02 2.575683593750000000e-01
5.239257812500000000e-01 5.297851562500000000e-02 2.770996093750000000e-01
4.946289062500000000e-01 1.340332031250000000e-01 3.696289062500000000e-01
5.354003906250000000e-01 1.015625000000000000e-01 2.409667968750000000e-01
5.180664062500000000e-01 8.300781250000000000e-02 2.656250000000000000e-01
4.916992187500000000e-01 1.149902343750000000e-01 4.077148437500000000e-01
5.139160156250000000e-01 1.364746093750000000e-01 3.093261718750000000e-01
5.654296875000000000e-01 5.981445312500000000e-02 1.435546875000000000e-01
4.887695312500000000e-01 1.677246093750000000e-01 3.669433593750000000e-01
4.851074218750000000e-01 1.281738281250000000e-01 4.401855468750000000e-01
5.051269531250000000e-01 1.013183593750000000e-01 4.238281250000000000e-01
4.746093750000000000e-01 2.055664062500000000e-01 4.799804687500000000e-01
4.731445312500000000e-01 7.324218750000000000e-02 4.655761718750000000e-01
4.960937500000000000e-01 8.227539062500000000e-02 3.632812500000000000e-01
4.716796875000000000e-01 1.857910156250000000e-01 4.641113281250000000e-01
5.109863281250000000e-01 1.059570312500000000e-01 4.033203125000000000e-01
5.454101562500000000e-01 1.081542968750000000e-01 2.465820312500000000e-01
5.258789062500000000e-01 8.032226562500000000e-02 3.972167968750000000e-01
4.719238281250000000e-01 2.170410156250000000e-01 4.411621093750000000e-01
5.178222656250000000e-01 1.235351562500000000e-01 2.875976562500000000e-01
4.785156250000000000e-01 8.129882812500000000e-02 4.843750000000000000e-01
5.202636718750000000e-01 1.079101562500000000e-01 2.646484375000000000e-01
5.305175781250000000e-01 1.296386718750000000e-01 2.915039062500000000e-01
5.102539062500000000e-01 1.855468750000000000e-01 3.955078125000000000e-01
4.775390625000000000e-01 1.020507812500000000e-01 4.580078125000000000e-01
4.814453125000000000e-01 1.125488281250000000e-01 4.074707031250000000e-01
4.892578125000000000e-01 9.130859375000000000e-02 4.409179687500000000e-01
4.948730468750000000e-01 1.804199218750000000e-01 4.211425781250000000e-01
5.036621093750000000e-01 8.691406250000000000e-02 2.492675781250000000e-01
5.100097656250000000e-01 1.604003906250000000e-01 3.891601562500000000e-01
5.012207031250000000e-01 1.418457031250000000e-01 3.227539062500000000e-01
4.726562500000000000e-01 7.934570312500000000e-02 4.941406250000000000e-01
5.166015625000000000e-01 9.960937500000000000e-02 2.758789062500000000e-01
4.931640625000000000e-01 8.276367187500000000e-02 4.223632812500000000e-01
5.324707031250000000e-01 8.569335937500000000e-02 1.735839843750000000e-01
4.741210937500000000e-01 1.606445312500000000e-01 4.445800781250000000e-01
4.665527343750000000e-01 1.799316406250000000e-01 4.992675781250000000e-01
4.853515625000000000e-01 1.091308593750000000e-01 3.635253906250000000e-01
4.956054687500000000e-01 1.845703125000000000e-01 3.808593750000000000e-01
5.068359375000000000e-01 1.220703125000000000e-01 2.585449218750000000e-01
5.285644531250000000e-01 7.568359375000000000e-02 2.805175781250000000e-01
5.104980468750000000e-01 1.345214843750000000e-01 3.266601562500000000e-01
4.689941406250000000e-01 1.247558593750000000e-01 4.467773437500000000e-01
5.151367187500000000e-01 8.398437500000000000e-02 3.937988281250000000e-01
5.095214843750000000e-01 1.386718750000000000e-01 3.405761718750000000e-01
5.273437500000000000e-01 1.201171875000000000e-01 2.827148437500000000e-01
5.742187500000000000e-01 5.541992187500000000e-02 1.276855468750000000e-01
5.112304687500000000e-01 1.452636718750000000e-01 3.110351562500000000e-01
5.212402343750000000e-01 1.113281250000000000e-01 2.268066406250000000e-01
4.558105468750000000e-01 1.406250000000000000e-01 4.897460937500000000e-01
5.087890625000000000e-01 1.022949218750000000e-01 2.590332031250000000e-01
5.336914062500000000e-01 5.639648437500000000e-02 3.005371093750000000e-01
5.192871093750000000e-01 1.328125000000000000e-01 3.225097656250000000e-01
4.841308593750000000e-01 1.242675781250000000e-01 4.401855468750000000e-01
4.960937500000000000e-01 1.066894531250000000e-01 3.154296875000000000e-01
5.092773437500000000e-01 6.811523437500000000e-02 3.984375000000000000e-01
4.926757812500000000e-01 9.790039062500000000e-02 3.767089843750000000e-01
5.007324218750000000e-01 8.227539062500000000e-02 2.702636718750000000e-01
4.970703125000000000e-01 7.958984375000000000e-02 3.977050781250000000e-01
5.458984375000000000e-01 6.323242187500000000e-02 2.138671875000000000e-01
5.415039062500000000e-01 1.215820312500000000e-01 2.687988281250000000e-01
4.982910156250000000e-01 1.025390625000000000e-01 3.122558593750000000e-01
4.958496093750000000e-01 1.066894531250000000e-01 2.636718750000000000e-01
5.214843750000000000e-01 1.364746093750000000e-01 3.491210937500000000e-01
5.146484375000000000e-01 1.726074218750000000e-01 3.459472656250000000e-01
