7.934570312500000000e-02 4.174804687500000000e-01 9.206542968750000000e-01
9.057617187500000000e-02 2.424316406250000000e-01 8.557128906250000000e-01
6.884765625000000000e-02 2.961425781250000000e-01 9.311523437500000000e-01
7.885742187500000000e-02 1.928710937500000000e-01 8.198242187500000000e-01
8.105468750000000000e-02 1.628417968750000000e-01 6.921386718750000000e-01
9.985351562500000000e-02 1.652832031250000000e-01 4.365234375000000000e-01
9.252929687500000000e-02 1.999511718750000000e-01 5.920410156250000000e-01
9.667968750000000000e-02 2.058105468750000000e-01 4.177246093750000000e-01
6.665039062500000000e-02 2.023925781250000000e-01 9.333496093750000000e-01
7.421875000000000000e-02 2.182617187500000000e-01 9.257812500000000000e-01
1.008300781250000000e-01 9.521484375000000000e-02 3.320312500000000000e-01
8.081054687500000000e-02 3.007812500000000000e-01 9.191894531250000000e-01
6.835937500000000000e-02 3.090820312500000000e-01 9.316406250000000000e-01
8.715820312500000000e-02 3.439941406250000000e-01 6.892089843750000000e-01
1.052246093750000000e-01 1.459960937500000000e-01 4.052734375000000000e-01
7.104492187500000000e-02 3.840332031250000000e-01 7.951660156250000000e-01
9.106445312500000000e-02 3.176269531250000000e-01 7.431640625000000000e-01
8.178710937500000000e-02 3.088378906250000000e-01 8.403320312500000000e-01
7.958984375000000000e-02 3.740234375000000000e-01 8.371582031250000000e-01
8.447265625000000000e-02 3.466796875000000000e-01 7.539062500000000000e-01
1.030273437500000000e-01 1.823730468750000000e-01 5.249023437500000000e-01
9.399414062500000000e-02 2.333984375000000000e-01 4.689941406250000000e-01
7.373046875000000000e-02 1.940917968750000000e-01 8.750000000000000000e-01
8.984375000000000000e-02 1.696777343750000000e-01 9.099121093750000000e-01
1.040039062500000000e-01 2.065429687500000000e-01 6.059570312500000000e-01
1.003417968750000000e-01 1.259765625000000000e-01 4.770507812500000000e-01
8.081054687500000000e-02 4.575195312500000000e-01 9.191894531250000000e-01
8.471679687500000000e-02 1.750488281250000000e-01 3.647460937500000000e-01
6.860351562500000000e-02 3.413085937500000000e-01 9.313964843750000000e-01
9.887695312500000000e-02 1.740722656250000000e-01 3.669433593750000000e-01
6.811523437500000000e-02 3.203125000000000000e-01 8.879394531250000000e-01
8.959960937500000000e-02 1.611328125000000000e-01 5.671386718750000000e-01
9.643554687500000000e-02 4.250488281250000000e-01 8.532714843750000000e-01
8.105468750000000000e-02 4.343261718750000000e-01 9.189453125000000000e-01
8.081054687500000000e-02 4.243164062500000000e-01 9.191894531250000000e-01
7.519531250000000000e-02 3.120117187500000000e-01 7.275390625000000000e-01
7.983398437500000000e-02 2.741699218750000000e-01 9.201660156250000000e-01
9.790039062500000000e-02 2.175292968750000000e-01 5.830078125000000000e-01
9.887695312500000000e-02 1.518554687500000000e-01 8.029785156250000000e-01
5.053710937500000000e-02 3.476562500000000000e-01 9.494628906250000000e-01
9.790039062500000000e-02 1.923828125000000000e-01 4.465332031250000000e-01
7.910156250000000000e-02 2.661132812500000000e-01 9.208984375000000000e-01
9.765625000000000000e-02 2.856445312500000000e-01 6.865234375000000000e-01
9.619140625000000000e-02 2.290039062500000000e-01 6.347656250000000000e-01
7.788085937500000000e-02 2.929687500000000000e-01 6.591796875000000000e-01
1.020507812500000000e-01 1.772460937500000000e-01 5.351562500000000000e-01
8.398437500000000000e-02 1.928710937500000000e-01 6.105957031250000000e-01
8.911132812500000000e-02 2.780761718750000000e-01 5.644531250000000000e-01
5.566406250000000000e-02 3.395996093750000000e-01 9.443359375000000000e-01
8.715820312500000000e-02 2.468261718750000000e-01 7.255859375000000000e-01
7.226562500000000000e-02 1.940917968750000000e-01 7.641601562500000000e-01
8.325195312500000000e-02 3.454589843750000000e-01 8.422851562500000000e-01
9.033203125000000000e-02 1.911621093750000000e-01 7.053222656250000000e-01
7.397460937500000000e-02 4.291992187500000000e-01 9.260253906250000000e-01
7.958984375000000000e-02 2.888183593750000000e-01 6.738281250000000000e-01
7.812500000000000000e-02 2.902832031250000000e-01 7.392578125000000000e-01
8.691406250000000000e-02 2.312011718750000000e-01 6.359863281250000000e-01
8.496093750000000000e-02 3.288574218750000000e-01 8.452148437500000000e-01
8.544921875000000000e-02 2.102050781250000000e-01 7.758789062500000000e-01
8.935546875000000000e-02 2.802734375000000000e-01 5.634765625000000000e-01
9.033203125000000000e-02 1.752929687500000000e-01 4.848632812500000000e-01
7.177734375000000000e-02 2.382812500000000000e-01 9.282226562500000000e-01
7.202148437500000000e-02 2.502441406250000000e-01 9.279785156250000000e-01
9.619140625000000000e-02 1.401367187500000000e-01 6.147460937500000000e-01
8.593750000000000000e-02 2.983398437500000000e-01 6.228027343750000000e-01
8.666992187500000000e-02 1.403808593750000000e-01 8.493652343750000000e-01
8.325195312500000000e-02 2.573242187500000000e-01 7.729492187500000000e-01
8.056640625000000000e-02 2.360839843750000000e-01 9.194335937500000000e-01
9.301757812500000000e-02 8.911132812500000000e-02 6.330566406250000000e-01
7.177734375000000000e-02 3.549804687500000000e-01 8.642578125000000000e-01
8.642578125000000000e-02 2.919921875000000000e-01 6.848144531250000000e-01
9.057617187500000000e-02 2.868652343750000000e-01 6.674804687500000000e-01
8.154296875000000000e-02 3.664550781250000000e-01 7.590332031250000000e-01
8.837890625000000000e-02 2.993164062500000000e-01 7.553710937500000000e-01
8.911132812500000000e-02 2.714843750000000000e-01 6.779785156250000000e-01
8.789062500000000000e-02 3.022460937500000000e-01 7.919921875000000000e-01
9.179687500000000000e-02 2.983398437500000000e-01 6.562500000000000000e-01
8.325195312500000000e-02 4.304199218750000000e-01 9.167480468750000000e-01
9.643554687500000000e-02 2.382812500000000000e-01 6.359863281250000000e-01
8.496093750000000000e-02 2.558593750000000000e-01 6.552734375000000000e-01
7.006835937500000000e-02 2.736816406250000000e-01 9.299316406250000000e-01
7.324218750000000000e-02 2.368164062500000000e-01 9.267578125000000000e-01
7.641601562500000000e-02 1.638183593750000000e-01 8.837890625000000000e-01
8.447265625000000000e-02 2.937011718750000000e-01 8.801269531250000000e-01
8.300781250000000000e-02 2.382812500000000000e-01 5.363769531250000000e-01
7.495117187500000000e-02 3.002929687500000000e-01 9.250488281250000000e-01
7.739257812500000000e-02 3.081054687500000000e-01 9.226074218750000000e-01
7.421875000000000000e-02 2.656250000000000000e-01 9.257812500000000000e-01
7.983398437500000000e-02 1.735839843750000000e-01 9.201660156250000000e-01
9.057617187500000000e-02 2.368164062500000000e-01 6.533203125000000000e-01
8.569335937500000000e-02 3.688964843750000000e-01 8.432617187500000000e-01
1.020507812500000000e-01 1.142578125000000000e-01 6.176757812500000000e-01
9.472656250000000000e-02 1.591796875000000000e-01 8.850097656250000000e-01
7.788085937500000000e-02 2.861328125000000000e-01 7.744140625000000000e-01
8.496093750000000000e-02 2.951660156250000000e-01 7.072753906250000000e-01
8.129882812500000000e-02 2.399902343750000000e-01 6.582031250000000000e-01
9.375000000000000000e-02 2.561035156250000000e-01 7.014160156250000000e-01
7.592773437500000000e-02 1.992187500000000000e-01 6.975097656250000000e-01
6.054687500000000000e-02 4.406738281250000000e-01 9.394531250000000000e-01
7.885742187500000000e-02 4.020996093750000000e-01 9.208984375000000000e-01
