5.224609375000000000e-02 2.614746093750000000e-01 8.098144531250000000e-01
4.956054687500000000e-02 3.498535156250000000e-01 9.504394531250000000e-01
5.615234375000000000e-02 3.151855468750000000e-01 8.010253906250000000e-01
4.492187500000000000e-02 3.041992187500000000e-01 9.550781250000000000e-01
5.273437500000000000e-02 4.138183593750000000e-01 8.398437500000000000e-01
7.739257812500000000e-02 1.977539062500000000e-01 5.820312500000000000e-01
5.639648437500000000e-02 3.886718750000000000e-01 9.436035156250000000e-01
6.616210937500000000e-02 4.626464843750000000e-01 9.338378906250000000e-01
6.005859375000000000e-02 4.440917968750000000e-01 9.399414062500000000e-01
6.152343750000000000e-02 3.125000000000000000e-01 9.384765625000000000e-01
6.909179687500000000e-02 2.939453125000000000e-01 9.309082031250000000e-01
5.908203125000000000e-02 1.916503906250000000e-01 6.289062500000000000e-01
3.002929687500000000e-02 2.788085937500000000e-01 9.699707031250000000e-01
5.419921875000000000e-02 2.470703125000000000e-01 7.573242187500000000e-01
4.516601562500000000e-02 2.531738281250000000e-01 7.375488281250000000e-01
5.102539062500000000e-02 2.912597656250000000e-01 9.489746093750000000e-01
5.737304687500000000e-02 2.910156250000000000e-01 6.118164062500000000e-01
6.127929687500000000e-02 1.816406250000000000e-01 7.851562500000000000e-01
5.419921875000000000e-02 2.961425781250000000e-01 9.458007812500000000e-01
4.516601562500000000e-02 2.976074218750000000e-01 9.548339843750000000e-01
5.908203125000000000e-02 3.000488281250000000e-01 9.409179687500000000e-01
6.005859375000000000e-02 2.136230468750000000e-01 8.310546875000000000e-01
5.004882812500000000e-02 3.120117187500000000e-01 7.785644531250000000e-01
6.103515625000000000e-02 2.656250000000000000e-01 9.389648437500000000e-01
6.982421875000000000e-02 1.516113281250000000e-01 5.305175781250000000e-01
5.664062500000000000e-02 3.435058593750000000e-01 9.433593750000000000e-01
5.322265625000000000e-02 2.661132812500000000e-01 9.467773437500000000e-01
6.127929687500000000e-02 2.998046875000000000e-01 6.914062500000000000e-01
4.150390625000000000e-02 3.779296875000000000e-01 9.584960937500000000e-01
4.809570312500000000e-02 4.331054687500000000e-01 9.519042968750000000e-01
4.931640625000000000e-02 3.212890625000000000e-01 9.506835937500000000e-01
6.616210937500000000e-02 2.380371093750000000e-01 6.008300781250000000e-01
5.761718750000000000e-02 4.584960937500000000e-01 9.423828125000000000e-01
5.346679687500000000e-02 2.641601562500000000e-01 7.524414062500000000e-01
6.884765625000000000e-02 2.263183593750000000e-01 6.184082031250000000e-01
7.519531250000000000e-02 2.072753906250000000e-01 4.584960937500000000e-01
4.199218750000000000e-02 2.883300781250000000e-01 9.580078125000000000e-01
4.809570312500000000e-02 4.577636718750000000e-01 9.519042968750000000e-01
6.884765625000000000e-02 4.055175781250000000e-01 9.311523437500000000e-01
4.370117187500000000e-02 3.891601562500000000e-01 9.562988281250000000e-01
5.883789062500000000e-02 3.586425781250000000e-01 7.570800781250000000e-01
5.541992187500000000e-02 2.434082031250000000e-01 9.445800781250000000e-01
5.151367187500000000e-02 3.857421875000000000e-01 9.484863281250000000e-01
4.125976562500000000e-02 2.717285156250000000e-01 9.587402343750000000e-01
5.346679687500000000e-02 3.481445312500000000e-01 9.465332031250000000e-01
6.323242187500000000e-02 1.833496093750000000e-01 7.314453125000000000e-01
7.421875000000000000e-02 2.221679687500000000e-01 5.795898437500000000e-01
5.786132812500000000e-02 3.305664062500000000e-01 9.421386718750000000e-01
6.616210937500000000e-02 4.633789062500000000e-01 9.338378906250000000e-01
7.031250000000000000e-02 1.694335937500000000e-01 5.834960937500000000e-01
7.006835937500000000e-02 2.617187500000000000e-01 7.243652343750000000e-01
6.567382812500000000e-02 2.854003906250000000e-01 5.795898437500000000e-01
5.932617187500000000e-02 2.883300781250000000e-01 9.406738281250000000e-01
4.663085937500000000e-02 2.875976562500000000e-01 9.533691406250000000e-01
4.589843750000000000e-02 3.151855468750000000e-01 9.541015625000000000e-01
5.249023437500000000e-02 3.381347656250000000e-01 9.475097656250000000e-01
5.664062500000000000e-02 3.439941406250000000e-01 9.433593750000000000e-01
6.079101562500000000e-02 2.177734375000000000e-01 6.706542968750000000e-01
7.006835937500000000e-02 2.248535156250000000e-01 6.577148437500000000e-01
5.737304687500000000e-02 4.353027343750000000e-01 9.426269531250000000e-01
3.710937500000000000e-02 2.568359375000000000e-01 9.628906250000000000e-01
4.956054687500000000e-02 2.180175781250000000e-01 9.504394531250000000e-01
6.640625000000000000e-02 2.854003906250000000e-01 6.699218750000000000e-01
3.100585937500000000e-02 2.558593750000000000e-01 9.689941406250000000e-01
4.711914062500000000e-02 2.009277343750000000e-01 9.528808593750000000e-01
5.126953125000000000e-02 3.388671875000000000e-01 9.487304687500000000e-01
4.907226562500000000e-02 4.572753906250000000e-01 9.504394531250000000e-01
4.125976562500000000e-02 3.615722656250000000e-01 9.587402343750000000e-01
4.931640625000000000e-02 3.454589843750000000e-01 9.506835937500000000e-01
5.639648437500000000e-02 2.905273437500000000e-01 9.436035156250000000e-01
6.884765625000000000e-02 2.373046875000000000e-01 6.674804687500000000e-01
4.687500000000000000e-02 4.199218750000000000e-01 9.531250000000000000e-01
5.639648437500000000e-02 1.972656250000000000e-01 7.729492187500000000e-01
4.370117187500000000e-02 2.409667968750000000e-01 9.562988281250000000e-01
6.860351562500000000e-02 1.962890625000000000e-01 4.299316406250000000e-01
5.126953125000000000e-02 4.184570312500000000e-01 9.487304687500000000e-01
5.175781250000000000e-02 2.319335937500000000e-01 9.477539062500000000e-01
5.834960937500000000e-02 4.040527343750000000e-01 9.416503906250000000e-01
6.225585937500000000e-02 2.199707031250000000e-01 7.897949218750000000e-01
5.175781250000000000e-02 1.601562500000000000e-01 6.511230468750000000e-01
6.323242187500000000e-02 3.066406250000000000e-01 6.804199218750000000e-01
6.127929687500000000e-02 3.771972656250000000e-01 7.717285156250000000e-01
6.616210937500000000e-02 2.653808593750000000e-01 6.301269531250000000e-01
5.810546875000000000e-02 3.205566406250000000e-01 9.418945312500000000e-01
6.469726562500000000e-02 2.663574218750000000e-01 7.380371093750000000e-01
5.151367187500000000e-02 2.687988281250000000e-01 7.482910156250000000e-01
5.590820312500000000e-02 2.551269531250000000e-01 9.440917968750000000e-01
6.982421875000000000e-02 2.011718750000000000e-01 5.974121093750000000e-01
5.151367187500000000e-02 2.951660156250000000e-01 7.309570312500000000e-01
6.201171875000000000e-02 2.836914062500000000e-01 9.379882812500000000e-01
6.054687500000000000e-02 1.821289062500000000e-01 9.394531250000000000e-01
4.101562500000000000e-02 2.111816406250000000e-01 9.589843750000000000e-01
6.445312500000000000e-02 3.208007812500000000e-01 9.355468750000000000e-01
6.713867187500000000e-02 2.604980468750000000e-01 7.038574218750000000e-01
4.467773437500000000e-02 2.109375000000000000e-01 7.897949218750000000e-01
6.494140625000000000e-02 3.803710937500000000e-01 8.264160156250000000e-01
3.955078125000000000e-02 3.354492187500000000e-01 7.253417968750000000e-01
6.689453125000000000e-02 1.784667968750000000e-01 7.338867187500000000e-01
5.102539062500000000e-02 3.750000000000000000e-01 8.190917968750000000e-01
6.274414062500000000e-02 3.598632812500000000e-01 8.503417968750000000e-01
