9.619140625000000000e-02 1.894531250000000000e-01 5.080566406250000000e-01
1.000976562500000000e-01 2.561035156250000000e-01 6.789550781250000000e-01
1.008300781250000000e-01 1.752929687500000000e-01 3.833007812500000000e-01
7.397460937500000000e-02 2.065429687500000000e-01 9.260253906250000000e-01
9.545898437500000000e-02 1.264648437500000000e-01 5.461425781250000000e-01
7.690429687500000000e-02 3.754882812500000000e-01 8.598632812500000000e-01
7.250976562500000000e-02 2.265625000000000000e-01 8.732910156250000000e-01
7.104492187500000000e-02 2.683105468750000000e-01 9.289550781250000000e-01
1.040039062500000000e-01 2.463378906250000000e-01 5.495605468750000000e-01
8.398437500000000000e-02 2.570800781250000000e-01 7.919921875000000000e-01
9.838867187500000000e-02 1.872558593750000000e-01 5.339355468750000000e-01
8.935546875000000000e-02 4.018554687500000000e-01 9.106445312500000000e-01
8.154296875000000000e-02 2.941894531250000000e-01 7.351074218750000000e-01
9.228515625000000000e-02 3.002929687500000000e-01 7.006835937500000000e-01
8.203125000000000000e-02 1.914062500000000000e-01 9.179687500000000000e-01
8.276367187500000000e-02 2.602539062500000000e-01 5.295410156250000000e-01
9.375000000000000000e-02 2.373046875000000000e-01 6.298828125000000000e-01
8.789062500000000000e-02 2.751464843750000000e-01 7.712402343750000000e-01
7.983398437500000000e-02 2.773437500000000000e-01 8.803710937500000000e-01
8.032226562500000000e-02 1.950683593750000000e-01 9.196777343750000000e-01
9.936523437500000000e-02 2.868652343750000000e-01 6.660156250000000000e-01
9.326171875000000000e-02 2.416992187500000000e-01 5.354003906250000000e-01
9.521484375000000000e-02 2.141113281250000000e-01 6.877441406250000000e-01
8.447265625000000000e-02 1.523437500000000000e-01 9.152832031250000000e-01
8.886718750000000000e-02 2.165527343750000000e-01 8.564453125000000000e-01
8.105468750000000000e-02 3.527832031250000000e-01 9.189453125000000000e-01
8.544921875000000000e-02 2.849121093750000000e-01 7.775878906250000000e-01
8.935546875000000000e-02 3.752441406250000000e-01 7.839355468750000000e-01
1.000976562500000000e-01 1.813964843750000000e-01 5.107421875000000000e-01
9.326171875000000000e-02 2.314453125000000000e-01 5.202636718750000000e-01
1.010742187500000000e-01 2.380371093750000000e-01 7.387695312500000000e-01
7.641601562500000000e-02 4.145507812500000000e-01 9.235839843750000000e-01
8.959960937500000000e-02 1.457519531250000000e-01 7.419433593750000000e-01
1.020507812500000000e-01 2.102050781250000000e-01 4.958496093750000000e-01
9.472656250000000000e-02 1.582031250000000000e-01 9.052734375000000000e-01
8.422851562500000000e-02 3.227539062500000000e-01 8.422851562500000000e-01
7.836914062500000000e-02 2.734375000000000000e-01 9.216308593750000000e-01
7.739257812500000000e-02 2.465820312500000000e-01 9.226074218750000000e-01
1.152343750000000000e-01 1.511230468750000000e-01 6.728515625000000000e-01
8.862304687500000000e-02 1.723632812500000000e-01 4.086914062500000000e-01
8.984375000000000000e-02 2.902832031250000000e-01 8.071289062500000000e-01
1.044921875000000000e-01 1.452636718750000000e-01 4.289550781250000000e-01
1.013183593750000000e-01 1.484375000000000000e-01 4.428710937500000000e-01
8.325195312500000000e-02 1.689453125000000000e-01 7.585449218750000000e-01
7.714843750000000000e-02 3.518066406250000000e-01 9.226074218750000000e-01
1.003417968750000000e-01 3.107910156250000000e-01 6.315917968750000000e-01
8.569335937500000000e-02 2.236328125000000000e-01 8.752441406250000000e-01
7.861328125000000000e-02 2.453613281250000000e-01 7.800292968750000000e-01
8.349609375000000000e-02 2.424316406250000000e-01 6.462402343750000000e-01
1.020507812500000000e-01 1.340332031250000000e-01 4.655761718750000000e-01
9.350585937500000000e-02 2.702636718750000000e-01 8.012695312500000000e-01
9.057617187500000000e-02 2.507324218750000000e-01 8.000488281250000000e-01
9.667968750000000000e-02 2.089843750000000000e-01 7.639160156250000000e-01
1.069335937500000000e-01 2.004394531250000000e-01 4.550781250000000000e-01
1.000976562500000000e-01 2.180175781250000000e-01 5.610351562500000000e-01
7.592773437500000000e-02 3.586425781250000000e-01 8.603515625000000000e-01
8.911132812500000000e-02 2.292480468750000000e-01 9.108886718750000000e-01
8.593750000000000000e-02 2.956542968750000000e-01 6.801757812500000000e-01
1.042480468750000000e-01 1.489257812500000000e-01 3.576660156250000000e-01
9.204101562500000000e-02 2.568359375000000000e-01 8.474121093750000000e-01
9.179687500000000000e-02 2.268066406250000000e-01 6.870117187500000000e-01
8.154296875000000000e-02 2.416992187500000000e-01 9.184570312500000000e-01
7.568359375000000000e-02 3.576660156250000000e-01 9.243164062500000000e-01
9.960937500000000000e-02 1.735839843750000000e-01 7.436523437500000000e-01
8.764648437500000000e-02 2.487792968750000000e-01 8.088378906250000000e-01
9.204101562500000000e-02 4.514160156250000000e-01 9.079589843750000000e-01
9.643554687500000000e-02 2.182617187500000000e-01 5.483398437500000000e-01
8.642578125000000000e-02 2.170410156250000000e-01 7.927246093750000000e-01
7.373046875000000000e-02 8.813476562500000000e-02 9.262695312500000000e-01
7.592773437500000000e-02 3.498535156250000000e-01 8.603515625000000000e-01
8.129882812500000000e-02 1.628417968750000000e-01 7.929687500000000000e-01
8.911132812500000000e-02 4.079589843750000000e-01 8.391113281250000000e-01
9.228515625000000000e-02 2.470703125000000000e-01 5.776367187500000000e-01
6.738281250000000000e-02 1.760253906250000000e-01 9.326171875000000000e-01
9.350585937500000000e-02 1.711425781250000000e-01 6.606445312500000000e-01
8.374023437500000000e-02 3.095703125000000000e-01 9.162597656250000000e-01
8.032226562500000000e-02 1.665039062500000000e-01 8.886718750000000000e-01
8.496093750000000000e-02 3.957519531250000000e-01 9.150390625000000000e-01
7.080078125000000000e-02 1.867675781250000000e-01 9.291992187500000000e-01
9.619140625000000000e-02 1.660156250000000000e-01 5.529785156250000000e-01
8.642578125000000000e-02 3.322753906250000000e-01 8.186035156250000000e-01
8.813476562500000000e-02 2.912597656250000000e-01 8.007812500000000000e-01
9.765625000000000000e-02 2.683105468750000000e-01 8.581542968750000000e-01
8.496093750000000000e-02 2.814941406250000000e-01 6.572265625000000000e-01
7.714843750000000000e-02 2.302246093750000000e-01 7.270507812500000000e-01
8.740234375000000000e-02 1.945800781250000000e-01 7.841796875000000000e-01
7.592773437500000000e-02 3.078613281250000000e-01 8.647460937500000000e-01
1.054687500000000000e-01 2.102050781250000000e-01 4.538574218750000000e-01
1.013183593750000000e-01 3.354492187500000000e-01 7.409667968750000000e-01
7.788085937500000000e-02 2.656250000000000000e-01 8.547363281250000000e-01
9.448242187500000000e-02 2.629394531250000000e-01 6.860351562500000000e-01
8.862304687500000000e-02 2.998046875000000000e-01 6.459960937500000000e-01
9.228515625000000000e-02 2.939453125000000000e-01 8.693847656250000000e-01
8.227539062500000000e-02 2.871093750000000000e-01 8.161621093750000000e-01
9.130859375000000000e-02 2.094726562500000000e-01 5.065917968750000000e-01
8.813476562500000000e-02 3.491210937500000000e-01 8.308105468750000000e-01
9.741210937500000000e-02 1.931152343750000000e-01 6.484375000000000000e-01
1.201171875000000000e-01 1.279296875000000000e-01 3.408203125000000000e-01
9.155273437500000000e-02 2.109375000000000000e-01 4.665527343750000000e-01
9.252929687500000000e-02 2.961425781250000000e-01 6.933593750000000000e-01
