2.854003906250000000e-01 1.442871093750000000e-01 3.254394531250000000e-01
2.937011718750000000e-01 1.264648437500000000e-01 3.291015625000000000e-01
2.839355468750000000e-01 1.938476562500000000e-01 4.409179687500000000e-01
2.795410156250000000e-01 2.314453125000000000e-01 5.671386718750000000e-01
2.912597656250000000e-01 1.083984375000000000e-01 3.110351562500000000e-01
2.707519531250000000e-01 2.353515625000000000e-01 6.674804687500000000e-01
2.702636718750000000e-01 2.211914062500000000e-01 5.759277343750000000e-01
2.727050781250000000e-01 8.276367187500000000e-02 3.720703125000000000e-01
2.985839843750000000e-01 2.041015625000000000e-01 4.731445312500000000e-01
2.810058593750000000e-01 1.479492187500000000e-01 3.496093750000000000e-01
2.778320312500000000e-01 1.379394531250000000e-01 5.883789062500000000e-01
2.751464843750000000e-01 1.542968750000000000e-01 4.750976562500000000e-01
2.829589843750000000e-01 1.750488281250000000e-01 5.156250000000000000e-01
2.790527343750000000e-01 1.730957031250000000e-01 3.815917968750000000e-01
2.651367187500000000e-01 3.378906250000000000e-01 6.862792968750000000e-01
2.646484375000000000e-01 1.604003906250000000e-01 6.904296875000000000e-01
2.929687500000000000e-01 9.594726562500000000e-02 1.972656250000000000e-01
2.707519531250000000e-01 3.212890625000000000e-01 6.423339843750000000e-01
2.910156250000000000e-01 1.044921875000000000e-01 2.636718750000000000e-01
3.095703125000000000e-01 7.397460937500000000e-02 1.848144531250000000e-01
2.795410156250000000e-01 1.679687500000000000e-01 6.621093750000000000e-01
2.849121093750000000e-01 2.060546875000000000e-01 5.021972656250000000e-01
2.744140625000000000e-01 1.313476562500000000e-01 4.943847656250000000e-01
2.722167968750000000e-01 2.277832031250000000e-01 6.020507812500000000e-01
2.893066406250000000e-01 1.176757812500000000e-01 4.282226562500000000e-01
2.893066406250000000e-01 1.096191406250000000e-01 4.304199218750000000e-01
3.059082031250000000e-01 9.277343750000000000e-02 2.133789062500000000e-01
2.741699218750000000e-01 2.314453125000000000e-01 6.433105468750000000e-01
2.858886718750000000e-01 1.347656250000000000e-01 3.581542968750000000e-01
2.910156250000000000e-01 8.398437500000000000e-02 2.416992187500000000e-01
2.941894531250000000e-01 1.308593750000000000e-01 3.898925781250000000e-01
2.578125000000000000e-01 1.218261718750000000e-01 6.853027343750000000e-01
2.695312500000000000e-01 1.921386718750000000e-01 6.313476562500000000e-01
2.758789062500000000e-01 2.170410156250000000e-01 6.325683593750000000e-01
2.841796875000000000e-01 1.608886718750000000e-01 4.294433593750000000e-01
2.761230468750000000e-01 1.933593750000000000e-01 5.605468750000000000e-01
2.709960937500000000e-01 1.691894531250000000e-01 5.603027343750000000e-01
3.002929687500000000e-01 1.022949218750000000e-01 2.534179687500000000e-01
2.810058593750000000e-01 1.286621093750000000e-01 4.091796875000000000e-01
2.851562500000000000e-01 1.281738281250000000e-01 3.413085937500000000e-01
2.727050781250000000e-01 1.250000000000000000e-01 6.105957031250000000e-01
2.768554687500000000e-01 1.547851562500000000e-01 4.880371093750000000e-01
2.773437500000000000e-01 1.931152343750000000e-01 4.760742187500000000e-01
2.790527343750000000e-01 1.572265625000000000e-01 5.649414062500000000e-01
2.824707031250000000e-01 1.962890625000000000e-01 4.528808593750000000e-01
2.731933593750000000e-01 2.106933593750000000e-01 5.659179687500000000e-01
2.751464843750000000e-01 1.884765625000000000e-01 4.548339843750000000e-01
2.724609375000000000e-01 2.397460937500000000e-01 5.744628906250000000e-01
2.885742187500000000e-01 1.240234375000000000e-01 3.134765625000000000e-01
2.824707031250000000e-01 1.350097656250000000e-01 3.103027343750000000e-01
2.756347656250000000e-01 1.494140625000000000e-01 5.100097656250000000e-01
2.680664062500000000e-01 1.882324218750000000e-01 6.320800781250000000e-01
2.866210937500000000e-01 1.638183593750000000e-01 4.477539062500000000e-01
2.778320312500000000e-01 2.521972656250000000e-01 6.289062500000000000e-01
2.714843750000000000e-01 1.032714843750000000e-01 5.097656250000000000e-01
2.753906250000000000e-01 2.028808593750000000e-01 4.799804687500000000e-01
2.636718750000000000e-01 1.967773437500000000e-01 6.728515625000000000e-01
2.863769531250000000e-01 7.739257812500000000e-02 5.444335937500000000e-01
2.714843750000000000e-01 1.669921875000000000e-01 4.450683593750000000e-01
2.451171875000000000e-01 1.855468750000000000e-01 7.473144531250000000e-01
2.792968750000000000e-01 8.422851562500000000e-02 4.602050781250000000e-01
2.517089843750000000e-01 3.408203125000000000e-01 7.028808593750000000e-01
2.683105468750000000e-01 1.955566406250000000e-01 5.622558593750000000e-01
2.741699218750000000e-01 1.420898437500000000e-01 4.216308593750000000e-01
2.668457031250000000e-01 2.790527343750000000e-01 5.900878906250000000e-01
2.656250000000000000e-01 2.326660156250000000e-01 6.384277343750000000e-01
2.849121093750000000e-01 2.536621093750000000e-01 5.031738281250000000e-01
2.687988281250000000e-01 2.321777343750000000e-01 6.359863281250000000e-01
2.812500000000000000e-01 2.114257812500000000e-01 5.600585937500000000e-01
2.824707031250000000e-01 1.757812500000000000e-01 5.217285156250000000e-01
2.814941406250000000e-01 2.060546875000000000e-01 5.515136718750000000e-01
2.629394531250000000e-01 1.428222656250000000e-01 6.528320312500000000e-01
2.851562500000000000e-01 1.799316406250000000e-01 4.580078125000000000e-01
2.905273437500000000e-01 1.884765625000000000e-01 3.859863281250000000e-01
2.670898437500000000e-01 1.362304687500000000e-01 5.827636718750000000e-01
2.690429687500000000e-01 2.385253906250000000e-01 6.179199218750000000e-01
2.622070312500000000e-01 1.481933593750000000e-01 6.743164062500000000e-01
2.724609375000000000e-01 2.023925781250000000e-01 6.838378906250000000e-01
2.822265625000000000e-01 1.965332031250000000e-01 4.816894531250000000e-01
2.951660156250000000e-01 1.865234375000000000e-01 3.791503906250000000e-01
2.734375000000000000e-01 1.452636718750000000e-01 3.642578125000000000e-01
2.846679687500000000e-01 2.248535156250000000e-01 4.697265625000000000e-01
2.763671875000000000e-01 1.420898437500000000e-01 5.449218750000000000e-01
2.902832031250000000e-01 1.318359375000000000e-01 2.695312500000000000e-01
2.519531250000000000e-01 3.356933593750000000e-01 7.043457031250000000e-01
2.963867187500000000e-01 5.712890625000000000e-02 3.276367187500000000e-01
2.880859375000000000e-01 1.875000000000000000e-01 4.980468750000000000e-01
2.949218750000000000e-01 9.887695312500000000e-02 3.942871093750000000e-01
2.744140625000000000e-01 2.192382812500000000e-01 4.890136718750000000e-01
2.763671875000000000e-01 1.643066406250000000e-01 4.011230468750000000e-01
2.470703125000000000e-01 2.331542968750000000e-01 7.373046875000000000e-01
2.675781250000000000e-01 1.562500000000000000e-01 5.991210937500000000e-01
2.973632812500000000e-01 1.196289062500000000e-01 2.580566406250000000e-01
2.954101562500000000e-01 1.591796875000000000e-01 3.254394531250000000e-01
2.756347656250000000e-01 1.477050781250000000e-01 5.781250000000000000e-01
2.836914062500000000e-01 1.159667968750000000e-01 3.693847656250000000e-01
2.844238281250000000e-01 1.152343750000000000e-01 4.196777343750000000e-01
2.810058593750000000e-01 1.269531250000000000e-01 4.631347656250000000e-01
2.751464843750000000e-01 1.188964843750000000e-01 5.139160156250000000e-01
2.758789062500000000e-01 1.323242187500000000e-01 5.537109375000000000e-01
