3.833007812500000000e-02 3.444824218750000000e-01 9.616699218750000000e-01
4.248046875000000000e-02 4.414062500000000000e-01 9.575195312500000000e-01
4.956054687500000000e-02 3.532714843750000000e-01 7.871093750000000000e-01
4.394531250000000000e-02 4.082031250000000000e-01 9.560546875000000000e-01
4.736328125000000000e-02 2.927246093750000000e-01 6.628417968750000000e-01
4.492187500000000000e-02 3.825683593750000000e-01 9.550781250000000000e-01
4.125976562500000000e-02 3.583984375000000000e-01 9.587402343750000000e-01
5.395507812500000000e-02 2.233886718750000000e-01 6.071777343750000000e-01
5.688476562500000000e-02 2.531738281250000000e-01 5.285644531250000000e-01
4.882812500000000000e-02 2.006835937500000000e-01 8.061523437500000000e-01
4.467773437500000000e-02 3.273925781250000000e-01 6.945800781250000000e-01
4.199218750000000000e-02 3.039550781250000000e-01 9.580078125000000000e-01
3.857421875000000000e-02 4.282226562500000000e-01 9.614257812500000000e-01
2.832031250000000000e-02 3.315429687500000000e-01 9.716796875000000000e-01
4.125976562500000000e-02 2.534179687500000000e-01 8.122558593750000000e-01
3.881835937500000000e-02 3.264160156250000000e-01 6.884765625000000000e-01
4.614257812500000000e-02 3.598632812500000000e-01 7.573242187500000000e-01
3.222656250000000000e-02 2.980957031250000000e-01 9.677734375000000000e-01
5.175781250000000000e-02 2.683105468750000000e-01 5.556640625000000000e-01
6.323242187500000000e-02 2.207031250000000000e-01 6.540527343750000000e-01
2.807617187500000000e-02 4.348144531250000000e-01 9.719238281250000000e-01
3.393554687500000000e-02 4.086914062500000000e-01 9.660644531250000000e-01
4.028320312500000000e-02 2.714843750000000000e-01 8.859863281250000000e-01
3.833007812500000000e-02 4.130859375000000000e-01 9.616699218750000000e-01
4.638671875000000000e-02 2.683105468750000000e-01 7.324218750000000000e-01
2.563476562500000000e-02 4.873046875000000000e-01 9.743652343750000000e-01
3.344726562500000000e-02 2.902832031250000000e-01 6.975097656250000000e-01
4.370117187500000000e-02 4.658203125000000000e-01 9.562988281250000000e-01
3.637695312500000000e-02 3.798828125000000000e-01 9.636230468750000000e-01
4.443359375000000000e-02 3.977050781250000000e-01 9.555664062500000000e-01
3.979492187500000000e-02 3.818359375000000000e-01 9.602050781250000000e-01
4.248046875000000000e-02 2.492675781250000000e-01 5.773925781250000000e-01
5.151367187500000000e-02 2.458496093750000000e-01 7.851562500000000000e-01
3.881835937500000000e-02 2.626953125000000000e-01 9.611816406250000000e-01
4.443359375000000000e-02 4.003906250000000000e-01 9.555664062500000000e-01
4.736328125000000000e-02 3.037109375000000000e-01 6.987304687500000000e-01
3.735351562500000000e-02 4.645996093750000000e-01 9.626464843750000000e-01
3.320312500000000000e-02 4.382324218750000000e-01 9.667968750000000000e-01
4.418945312500000000e-02 3.288574218750000000e-01 9.558105468750000000e-01
4.516601562500000000e-02 3.056640625000000000e-01 9.548339843750000000e-01
4.052734375000000000e-02 3.337402343750000000e-01 9.594726562500000000e-01
3.564453125000000000e-02 4.118652343750000000e-01 9.643554687500000000e-01
5.908203125000000000e-02 2.634277343750000000e-01 7.929687500000000000e-01
4.541015625000000000e-02 4.628906250000000000e-01 9.545898437500000000e-01
4.833984375000000000e-02 3.020019531250000000e-01 9.516601562500000000e-01
5.151367187500000000e-02 3.400878906250000000e-01 9.484863281250000000e-01
3.540039062500000000e-02 3.566894531250000000e-01 9.645996093750000000e-01
4.687500000000000000e-02 3.291015625000000000e-01 9.531250000000000000e-01
3.686523437500000000e-02 2.883300781250000000e-01 9.631347656250000000e-01
4.199218750000000000e-02 2.221679687500000000e-01 9.580078125000000000e-01
5.395507812500000000e-02 2.580566406250000000e-01 7.595214843750000000e-01
6.030273437500000000e-02 2.145996093750000000e-01 6.123046875000000000e-01
4.809570312500000000e-02 3.312988281250000000e-01 6.884765625000000000e-01
3.466796875000000000e-02 3.581542968750000000e-01 9.653320312500000000e-01
3.564453125000000000e-02 4.282226562500000000e-01 9.643554687500000000e-01
3.906250000000000000e-02 2.617187500000000000e-01 6.997070312500000000e-01
3.125000000000000000e-02 3.847656250000000000e-01 9.687500000000000000e-01
5.151367187500000000e-02 4.235839843750000000e-01 9.484863281250000000e-01
3.979492187500000000e-02 3.884277343750000000e-01 9.602050781250000000e-01
4.663085937500000000e-02 3.205566406250000000e-01 8.312988281250000000e-01
4.589843750000000000e-02 2.358398437500000000e-01 7.304687500000000000e-01
4.589843750000000000e-02 4.108886718750000000e-01 9.541015625000000000e-01
4.833984375000000000e-02 3.596191406250000000e-01 9.516601562500000000e-01
3.393554687500000000e-02 2.580566406250000000e-01 9.660644531250000000e-01
4.711914062500000000e-02 2.460937500000000000e-01 9.528808593750000000e-01
4.858398437500000000e-02 2.912597656250000000e-01 9.514160156250000000e-01
5.639648437500000000e-02 3.493652343750000000e-01 9.436035156250000000e-01
3.564453125000000000e-02 3.967285156250000000e-01 9.643554687500000000e-01
3.930664062500000000e-02 3.320312500000000000e-01 9.606933593750000000e-01
3.198242187500000000e-02 3.916015625000000000e-01 9.680175781250000000e-01
6.152343750000000000e-02 3.247070312500000000e-01 6.813964843750000000e-01
3.198242187500000000e-02 4.355468750000000000e-01 9.680175781250000000e-01
3.051757812500000000e-02 1.706542968750000000e-01 9.694824218750000000e-01
3.759765625000000000e-02 3.110351562500000000e-01 9.624023437500000000e-01
6.054687500000000000e-02 2.744140625000000000e-01 6.401367187500000000e-01
2.661132812500000000e-02 4.689941406250000000e-01 9.733886718750000000e-01
6.054687500000000000e-02 2.136230468750000000e-01 6.223144531250000000e-01
3.784179687500000000e-02 4.172363281250000000e-01 9.621582031250000000e-01
3.759765625000000000e-02 3.449707031250000000e-01 9.624023437500000000e-01
4.516601562500000000e-02 3.527832031250000000e-01 7.614746093750000000e-01
6.176757812500000000e-02 3.806152343750000000e-01 9.382324218750000000e-01
5.786132812500000000e-02 2.341308593750000000e-01 5.554199218750000000e-01
4.980468750000000000e-02 2.629394531250000000e-01 9.501953125000000000e-01
2.612304687500000000e-02 4.057617187500000000e-01 9.738769531250000000e-01
5.444335937500000000e-02 2.692871093750000000e-01 7.192382812500000000e-01
3.735351562500000000e-02 2.927246093750000000e-01 9.626464843750000000e-01
2.832031250000000000e-02 4.106445312500000000e-01 9.716796875000000000e-01
4.003906250000000000e-02 4.262695312500000000e-01 9.599609375000000000e-01
3.930664062500000000e-02 3.212890625000000000e-01 6.489257812500000000e-01
5.102539062500000000e-02 3.522949218750000000e-01 9.489746093750000000e-01
5.102539062500000000e-02 2.294921875000000000e-01 7.238769531250000000e-01
3.637695312500000000e-02 2.602539062500000000e-01 9.636230468750000000e-01
4.125976562500000000e-02 3.325195312500000000e-01 9.584960937500000000e-01
3.588867187500000000e-02 4.152832031250000000e-01 9.641113281250000000e-01
3.466796875000000000e-02 2.377929687500000000e-01 9.653320312500000000e-01
4.516601562500000000e-02 4.465332031250000000e-01 9.548339843750000000e-01
3.466796875000000000e-02 2.583007812500000000e-01 9.653320312500000000e-01
5.273437500000000000e-02 3.603515625000000000e-01 9.472656250000000000e-01
3.881835937500000000e-02 3.786621093750000000e-01 8.312988281250000000e-01
4.248046875000000000e-02 2.292480468750000000e-01 9.575195312500000000e-01
