6.860351562500000000e-02 2.902832031250000000e-01 7.431640625000000000e-01
6.079101562500000000e-02 2.646484375000000000e-01 6.838378906250000000e-01
5.029296875000000000e-02 3.879394531250000000e-01 9.497070312500000000e-01
6.909179687500000000e-02 2.438964843750000000e-01 9.309082031250000000e-01
5.346679687500000000e-02 4.343261718750000000e-01 9.465332031250000000e-01
8.569335937500000000e-02 2.358398437500000000e-01 5.546875000000000000e-01
7.153320312500000000e-02 3.449707031250000000e-01 8.413085937500000000e-01
7.397460937500000000e-02 1.835937500000000000e-01 6.608886718750000000e-01
7.177734375000000000e-02 1.960449218750000000e-01 5.000000000000000000e-01
7.788085937500000000e-02 1.948242187500000000e-01 6.152343750000000000e-01
6.518554687500000000e-02 3.613281250000000000e-01 8.371582031250000000e-01
6.152343750000000000e-02 4.235839843750000000e-01 9.384765625000000000e-01
6.250000000000000000e-02 3.386230468750000000e-01 9.375000000000000000e-01
7.080078125000000000e-02 1.850585937500000000e-01 9.291992187500000000e-01
5.810546875000000000e-02 3.483886718750000000e-01 8.239746093750000000e-01
6.372070312500000000e-02 4.436035156250000000e-01 9.362792968750000000e-01
7.812500000000000000e-02 1.972656250000000000e-01 5.112304687500000000e-01
8.447265625000000000e-02 2.182617187500000000e-01 8.452148437500000000e-01
7.080078125000000000e-02 2.077636718750000000e-01 9.291992187500000000e-01
7.519531250000000000e-02 1.757812500000000000e-01 7.199707031250000000e-01
7.543945312500000000e-02 3.571777343750000000e-01 8.623046875000000000e-01
5.883789062500000000e-02 2.177734375000000000e-01 7.587890625000000000e-01
6.347656250000000000e-02 1.750488281250000000e-01 8.635253906250000000e-01
7.543945312500000000e-02 1.916503906250000000e-01 8.728027343750000000e-01
6.274414062500000000e-02 2.539062500000000000e-01 7.983398437500000000e-01
7.690429687500000000e-02 3.947753906250000000e-01 7.954101562500000000e-01
8.325195312500000000e-02 2.238769531250000000e-01 6.608886718750000000e-01
6.909179687500000000e-02 3.298339843750000000e-01 8.100585937500000000e-01
6.762695312500000000e-02 3.183593750000000000e-01 8.337402343750000000e-01
4.541015625000000000e-02 3.239746093750000000e-01 9.545898437500000000e-01
7.836914062500000000e-02 2.683105468750000000e-01 7.297363281250000000e-01
5.786132812500000000e-02 3.457031250000000000e-01 9.421386718750000000e-01
6.347656250000000000e-02 3.579101562500000000e-01 9.365234375000000000e-01
5.102539062500000000e-02 2.785644531250000000e-01 9.489746093750000000e-01
7.495117187500000000e-02 2.502441406250000000e-01 9.250488281250000000e-01
7.080078125000000000e-02 2.243652343750000000e-01 5.290527343750000000e-01
6.396484375000000000e-02 3.967285156250000000e-01 9.360351562500000000e-01
6.030273437500000000e-02 3.610839843750000000e-01 7.822265625000000000e-01
8.496093750000000000e-02 2.055664062500000000e-01 9.150390625000000000e-01
5.078125000000000000e-02 3.474121093750000000e-01 9.492187500000000000e-01
7.983398437500000000e-02 1.708984375000000000e-01 7.287597656250000000e-01
6.298828125000000000e-02 3.427734375000000000e-01 9.370117187500000000e-01
8.471679687500000000e-02 2.492675781250000000e-01 6.884765625000000000e-01
7.031250000000000000e-02 2.617187500000000000e-01 9.296875000000000000e-01
6.396484375000000000e-02 3.435058593750000000e-01 8.288574218750000000e-01
7.153320312500000000e-02 2.661132812500000000e-01 7.927246093750000000e-01
7.714843750000000000e-02 2.829589843750000000e-01 6.938476562500000000e-01
7.617187500000000000e-02 2.099609375000000000e-01 4.716796875000000000e-01
6.469726562500000000e-02 3.359375000000000000e-01 9.353027343750000000e-01
7.275390625000000000e-02 3.452148437500000000e-01 7.426757812500000000e-01
4.711914062500000000e-02 2.111816406250000000e-01 9.528808593750000000e-01
6.054687500000000000e-02 2.966308593750000000e-01 9.394531250000000000e-01
8.105468750000000000e-02 2.619628906250000000e-01 5.283203125000000000e-01
6.420898437500000000e-02 2.114257812500000000e-01 6.630859375000000000e-01
7.080078125000000000e-02 3.078613281250000000e-01 9.291992187500000000e-01
6.738281250000000000e-02 2.895507812500000000e-01 9.326171875000000000e-01
8.886718750000000000e-02 1.855468750000000000e-01 4.812011718750000000e-01
6.616210937500000000e-02 2.583007812500000000e-01 9.338378906250000000e-01
6.860351562500000000e-02 3.286132812500000000e-01 8.237304687500000000e-01
8.740234375000000000e-02 1.782226562500000000e-01 5.683593750000000000e-01
8.325195312500000000e-02 3.215332031250000000e-01 7.465820312500000000e-01
5.688476562500000000e-02 4.372558593750000000e-01 9.431152343750000000e-01
6.591796875000000000e-02 3.364257812500000000e-01 6.813964843750000000e-01
7.714843750000000000e-02 2.744140625000000000e-01 5.905761718750000000e-01
6.909179687500000000e-02 2.517089843750000000e-01 7.163085937500000000e-01
6.591796875000000000e-02 3.371582031250000000e-01 8.193359375000000000e-01
7.543945312500000000e-02 2.866210937500000000e-01 8.588867187500000000e-01
6.982421875000000000e-02 2.312011718750000000e-01 8.327636718750000000e-01
6.469726562500000000e-02 3.696289062500000000e-01 8.183593750000000000e-01
6.689453125000000000e-02 2.863769531250000000e-01 7.482910156250000000e-01
7.006835937500000000e-02 3.764648437500000000e-01 8.427734375000000000e-01
7.666015625000000000e-02 1.511230468750000000e-01 6.315917968750000000e-01
6.225585937500000000e-02 4.416503906250000000e-01 9.377441406250000000e-01
8.300781250000000000e-02 1.691894531250000000e-01 3.750000000000000000e-01
7.690429687500000000e-02 2.888183593750000000e-01 6.762695312500000000e-01
8.593750000000000000e-02 2.321777343750000000e-01 4.875488281250000000e-01
5.688476562500000000e-02 2.250976562500000000e-01 9.431152343750000000e-01
6.225585937500000000e-02 4.147949218750000000e-01 9.377441406250000000e-01
5.932617187500000000e-02 3.977050781250000000e-01 9.406738281250000000e-01
7.299804687500000000e-02 2.365722656250000000e-01 5.656738281250000000e-01
5.615234375000000000e-02 1.962890625000000000e-01 9.438476562500000000e-01
6.298828125000000000e-02 3.017578125000000000e-01 8.576660156250000000e-01
6.567382812500000000e-02 4.484863281250000000e-01 9.343261718750000000e-01
8.691406250000000000e-02 1.765136718750000000e-01 4.418945312500000000e-01
5.761718750000000000e-02 4.006347656250000000e-01 9.423828125000000000e-01
7.080078125000000000e-02 2.397460937500000000e-01 5.046386718750000000e-01
7.373046875000000000e-02 2.153320312500000000e-01 7.631835937500000000e-01
6.909179687500000000e-02 3.554687500000000000e-01 8.442382812500000000e-01
6.713867187500000000e-02 2.966308593750000000e-01 9.328613281250000000e-01
7.690429687500000000e-02 2.717285156250000000e-01 5.786132812500000000e-01
8.374023437500000000e-02 1.589355468750000000e-01 7.868652343750000000e-01
7.641601562500000000e-02 2.954101562500000000e-01 6.823730468750000000e-01
6.665039062500000000e-02 2.487792968750000000e-01 9.333496093750000000e-01
4.833984375000000000e-02 1.252441406250000000e-01 9.516601562500000000e-01
7.519531250000000000e-02 2.519531250000000000e-01 6.237792968750000000e-01
8.349609375000000000e-02 1.840820312500000000e-01 6.716308593750000000e-01
6.982421875000000000e-02 2.719726562500000000e-01 7.148437500000000000e-01
9.082031250000000000e-02 1.569824218750000000e-01 6.066894531250000000e-01
6.567382812500000000e-02 2.976074218750000000e-01 6.433105468750000000e-01
7.080078125000000000e-02 4.204101562500000000e-01 9.289550781250000000e-01
