1.142578125000000000e-01 1.433105468750000000e-01 3.420410156250000000e-01
1.298828125000000000e-01 9.155273437500000000e-02 2.463378906250000000e-01
1.032714843750000000e-01 2.805175781250000000e-01 7.873535156250000000e-01
1.054687500000000000e-01 1.474609375000000000e-01 6.577148437500000000e-01
1.032714843750000000e-01 2.324218750000000000e-01 5.239257812500000000e-01
1.069335937500000000e-01 1.816406250000000000e-01 6.235351562500000000e-01
1.054687500000000000e-01 2.060546875000000000e-01 6.638183593750000000e-01
1.015625000000000000e-01 3.085937500000000000e-01 8.686523437500000000e-01
8.496093750000000000e-02 2.038574218750000000e-01 9.150390625000000000e-01
9.643554687500000000e-02 2.246093750000000000e-01 8.493652343750000000e-01
1.225585937500000000e-01 1.801757812500000000e-01 3.925781250000000000e-01
1.159667968750000000e-01 2.126464843750000000e-01 4.963378906250000000e-01
1.027832031250000000e-01 2.363281250000000000e-01 5.344238281250000000e-01
9.448242187500000000e-02 1.608886718750000000e-01 6.689453125000000000e-01
1.091308593750000000e-01 3.229980468750000000e-01 7.402343750000000000e-01
1.130371093750000000e-01 1.596679687500000000e-01 4.396972656250000000e-01
9.155273437500000000e-02 2.382812500000000000e-01 9.084472656250000000e-01
9.741210937500000000e-02 2.194824218750000000e-01 8.640136718750000000e-01
1.010742187500000000e-01 1.403808593750000000e-01 8.125000000000000000e-01
9.936523437500000000e-02 2.177734375000000000e-01 8.696289062500000000e-01
9.960937500000000000e-02 1.967773437500000000e-01 5.512695312500000000e-01
1.035156250000000000e-01 3.166503906250000000e-01 6.535644531250000000e-01
9.912109375000000000e-02 1.318359375000000000e-01 7.131347656250000000e-01
1.171875000000000000e-01 1.813964843750000000e-01 8.366699218750000000e-01
9.912109375000000000e-02 2.805175781250000000e-01 6.015625000000000000e-01
1.147460937500000000e-01 2.160644531250000000e-01 7.668457031250000000e-01
1.049804687500000000e-01 2.775878906250000000e-01 6.577148437500000000e-01
1.054687500000000000e-01 2.597656250000000000e-01 5.214843750000000000e-01
9.814453125000000000e-02 3.447265625000000000e-01 7.546386718750000000e-01
1.123046875000000000e-01 1.264648437500000000e-01 4.565429687500000000e-01
1.027832031250000000e-01 2.739257812500000000e-01 8.386230468750000000e-01
1.181640625000000000e-01 2.023925781250000000e-01 4.306640625000000000e-01
1.162109375000000000e-01 2.224121093750000000e-01 4.504394531250000000e-01
1.235351562500000000e-01 2.248535156250000000e-01 4.958496093750000000e-01
1.000976562500000000e-01 1.748046875000000000e-01 7.561035156250000000e-01
1.213378906250000000e-01 1.459960937500000000e-01 5.820312500000000000e-01
9.375000000000000000e-02 3.410644531250000000e-01 8.129882812500000000e-01
1.049804687500000000e-01 2.141113281250000000e-01 7.778320312500000000e-01
9.619140625000000000e-02 1.809082031250000000e-01 8.532714843750000000e-01
1.071777343750000000e-01 1.762695312500000000e-01 4.865722656250000000e-01
1.030273437500000000e-01 1.872558593750000000e-01 6.000976562500000000e-01
1.008300781250000000e-01 2.707519531250000000e-01 6.162109375000000000e-01
9.545898437500000000e-02 1.945800781250000000e-01 7.302246093750000000e-01
1.020507812500000000e-01 2.568359375000000000e-01 5.258789062500000000e-01
8.837890625000000000e-02 3.693847656250000000e-01 9.116210937500000000e-01
1.098632812500000000e-01 3.132324218750000000e-01 7.265625000000000000e-01
8.349609375000000000e-02 2.077636718750000000e-01 8.605957031250000000e-01
9.790039062500000000e-02 2.094726562500000000e-01 7.968750000000000000e-01
9.057617187500000000e-02 2.084960937500000000e-01 9.094238281250000000e-01
9.985351562500000000e-02 2.514648437500000000e-01 8.229980468750000000e-01
1.066894531250000000e-01 1.740722656250000000e-01 7.377929687500000000e-01
9.643554687500000000e-02 3.435058593750000000e-01 8.115234375000000000e-01
9.594726562500000000e-02 2.827148437500000000e-01 7.739257812500000000e-01
1.044921875000000000e-01 2.285156250000000000e-01 7.055664062500000000e-01
1.196289062500000000e-01 2.290039062500000000e-01 4.733886718750000000e-01
9.814453125000000000e-02 1.423339843750000000e-01 9.018554687500000000e-01
1.022949218750000000e-01 1.916503906250000000e-01 5.627441406250000000e-01
1.193847656250000000e-01 1.711425781250000000e-01 4.685058593750000000e-01
1.149902343750000000e-01 2.246093750000000000e-01 8.083496093750000000e-01
7.812500000000000000e-02 1.833496093750000000e-01 9.218750000000000000e-01
1.096191406250000000e-01 2.875976562500000000e-01 6.281738281250000000e-01
9.619140625000000000e-02 3.200683593750000000e-01 6.953125000000000000e-01
9.570312500000000000e-02 4.497070312500000000e-01 9.042968750000000000e-01
9.497070312500000000e-02 1.540527343750000000e-01 8.144531250000000000e-01
1.091308593750000000e-01 2.878417968750000000e-01 5.832519531250000000e-01
1.098632812500000000e-01 2.536621093750000000e-01 5.876464843750000000e-01
9.643554687500000000e-02 2.958984375000000000e-01 6.269531250000000000e-01
1.064453125000000000e-01 1.782226562500000000e-01 4.147949218750000000e-01
1.071777343750000000e-01 1.694335937500000000e-01 6.718750000000000000e-01
1.003417968750000000e-01 3.706054687500000000e-01 7.543945312500000000e-01
8.740234375000000000e-02 4.150390625000000000e-01 8.657226562500000000e-01
1.096191406250000000e-01 3.041992187500000000e-01 8.649902343750000000e-01
1.040039062500000000e-01 2.929687500000000000e-01 7.197265625000000000e-01
9.887695312500000000e-02 3.181152343750000000e-01 8.669433593750000000e-01
7.690429687500000000e-02 2.299804687500000000e-01 9.230957031250000000e-01
1.193847656250000000e-01 2.124023437500000000e-01 4.348144531250000000e-01
1.052246093750000000e-01 2.788085937500000000e-01 5.581054687500000000e-01
7.324218750000000000e-02 2.065429687500000000e-01 9.267578125000000000e-01
1.020507812500000000e-01 2.485351562500000000e-01 6.887207031250000000e-01
1.091308593750000000e-01 2.858886718750000000e-01 6.286621093750000000e-01
8.178710937500000000e-02 4.306640625000000000e-01 8.754882812500000000e-01
1.008300781250000000e-01 3.107910156250000000e-01 8.991699218750000000e-01
1.093750000000000000e-01 1.538085937500000000e-01 8.715820312500000000e-01
1.127929687500000000e-01 1.662597656250000000e-01 4.609375000000000000e-01
9.887695312500000000e-02 2.854003906250000000e-01 5.788574218750000000e-01
8.154296875000000000e-02 2.629394531250000000e-01 9.184570312500000000e-01
9.765625000000000000e-02 3.569335937500000000e-01 9.023437500000000000e-01
1.118164062500000000e-01 1.921386718750000000e-01 5.129394531250000000e-01
9.960937500000000000e-02 1.645507812500000000e-01 9.003906250000000000e-01
8.691406250000000000e-02 1.782226562500000000e-01 7.756347656250000000e-01
1.098632812500000000e-01 1.545410156250000000e-01 6.252441406250000000e-01
1.066894531250000000e-01 2.646484375000000000e-01 6.196289062500000000e-01
9.838867187500000000e-02 3.625488281250000000e-01 7.272949218750000000e-01
9.643554687500000000e-02 3.503417968750000000e-01 7.897949218750000000e-01
8.251953125000000000e-02 2.922363281250000000e-01 8.635253906250000000e-01
1.210937500000000000e-01 1.933593750000000000e-01 3.974609375000000000e-01
