2.343750000000000000e-01 3.012695312500000000e-01 7.082519531250000000e-01
2.424316406250000000e-01 9.423828125000000000e-02 6.889648437500000000e-01
2.448730468750000000e-01 1.970214843750000000e-01 5.261230468750000000e-01
2.604980468750000000e-01 1.386718750000000000e-01 4.582519531250000000e-01
2.590332031250000000e-01 2.729492187500000000e-01 5.466308593750000000e-01
2.573242187500000000e-01 1.647949218750000000e-01 5.266113281250000000e-01
2.434082031250000000e-01 1.965332031250000000e-01 6.804199218750000000e-01
2.216796875000000000e-01 1.157226562500000000e-01 7.521972656250000000e-01
2.585449218750000000e-01 1.728515625000000000e-01 4.304199218750000000e-01
2.358398437500000000e-01 1.865234375000000000e-01 5.837402343750000000e-01
2.487792968750000000e-01 1.208496093750000000e-01 5.554199218750000000e-01
2.314453125000000000e-01 2.724609375000000000e-01 6.860351562500000000e-01
2.478027343750000000e-01 2.082519531250000000e-01 5.778808593750000000e-01
2.512207031250000000e-01 1.042480468750000000e-01 4.814453125000000000e-01
2.541503906250000000e-01 1.347656250000000000e-01 3.652343750000000000e-01
2.485351562500000000e-01 1.940917968750000000e-01 5.058593750000000000e-01
2.514648437500000000e-01 1.423339843750000000e-01 3.386230468750000000e-01
2.614746093750000000e-01 1.699218750000000000e-01 3.933105468750000000e-01
2.563476562500000000e-01 1.806640625000000000e-01 4.597167968750000000e-01
2.246093750000000000e-01 3.378906250000000000e-01 6.955566406250000000e-01
2.531738281250000000e-01 2.277832031250000000e-01 5.471191406250000000e-01
2.668457031250000000e-01 1.367187500000000000e-01 2.788085937500000000e-01
2.478027343750000000e-01 1.066894531250000000e-01 5.537109375000000000e-01
2.480468750000000000e-01 1.179199218750000000e-01 2.934570312500000000e-01
2.553710937500000000e-01 1.291503906250000000e-01 5.009765625000000000e-01
2.336425781250000000e-01 1.503906250000000000e-01 7.597656250000000000e-01
2.507324218750000000e-01 2.292480468750000000e-01 5.234375000000000000e-01
2.478027343750000000e-01 2.275390625000000000e-01 5.151367187500000000e-01
2.438964843750000000e-01 1.254882812500000000e-01 6.293945312500000000e-01
2.338867187500000000e-01 2.429199218750000000e-01 5.961914062500000000e-01
2.553710937500000000e-01 1.481933593750000000e-01 5.053710937500000000e-01
2.436523437500000000e-01 1.594238281250000000e-01 5.366210937500000000e-01
2.548828125000000000e-01 9.179687500000000000e-02 4.633789062500000000e-01
2.543945312500000000e-01 1.579589843750000000e-01 3.364257812500000000e-01
2.507324218750000000e-01 2.690429687500000000e-01 6.142578125000000000e-01
2.568359375000000000e-01 1.411132812500000000e-01 3.679199218750000000e-01
2.434082031250000000e-01 9.570312500000000000e-02 5.449218750000000000e-01
2.468261718750000000e-01 1.718750000000000000e-01 4.516601562500000000e-01
2.421875000000000000e-01 1.726074218750000000e-01 4.428710937500000000e-01
2.551269531250000000e-01 1.867675781250000000e-01 4.604492187500000000e-01
2.443847656250000000e-01 1.584472656250000000e-01 4.479980468750000000e-01
2.526855468750000000e-01 1.154785156250000000e-01 4.257812500000000000e-01
2.368164062500000000e-01 1.533203125000000000e-01 6.059570312500000000e-01
2.487792968750000000e-01 1.428222656250000000e-01 5.280761718750000000e-01
2.434082031250000000e-01 1.745605468750000000e-01 6.215820312500000000e-01
2.670898437500000000e-01 9.863281250000000000e-02 2.644042968750000000e-01
2.661132812500000000e-01 1.491699218750000000e-01 3.308105468750000000e-01
2.351074218750000000e-01 1.984863281250000000e-01 6.057128906250000000e-01
2.470703125000000000e-01 2.622070312500000000e-01 5.822753906250000000e-01
2.587890625000000000e-01 9.375000000000000000e-02 3.840332031250000000e-01
2.348632812500000000e-01 2.624511718750000000e-01 7.353515625000000000e-01
2.463378906250000000e-01 2.026367187500000000e-01 6.169433593750000000e-01
2.407226562500000000e-01 2.158203125000000000e-01 6.696777343750000000e-01
2.641601562500000000e-01 1.555175781250000000e-01 3.408203125000000000e-01
2.326660156250000000e-01 2.653808593750000000e-01 7.202148437500000000e-01
2.458496093750000000e-01 1.418457031250000000e-01 6.999511718750000000e-01
2.521972656250000000e-01 2.683105468750000000e-01 5.710449218750000000e-01
2.727050781250000000e-01 1.518554687500000000e-01 3.330078125000000000e-01
2.426757812500000000e-01 2.548828125000000000e-01 5.751953125000000000e-01
2.324218750000000000e-01 1.274414062500000000e-01 6.606445312500000000e-01
2.568359375000000000e-01 2.016601562500000000e-01 5.405273437500000000e-01
2.421875000000000000e-01 2.900390625000000000e-01 6.098632812500000000e-01
2.290039062500000000e-01 1.816406250000000000e-01 7.033691406250000000e-01
2.490234375000000000e-01 1.872558593750000000e-01 4.750976562500000000e-01
2.419433593750000000e-01 1.762695312500000000e-01 5.842285156250000000e-01
2.387695312500000000e-01 2.355957031250000000e-01 5.170898437500000000e-01
2.285156250000000000e-01 3.234863281250000000e-01 7.304687500000000000e-01
2.585449218750000000e-01 1.242675781250000000e-01 3.674316406250000000e-01
2.600097656250000000e-01 2.128906250000000000e-01 4.599609375000000000e-01
2.431640625000000000e-01 1.882324218750000000e-01 6.889648437500000000e-01
2.375488281250000000e-01 3.420410156250000000e-01 7.128906250000000000e-01
2.507324218750000000e-01 1.188964843750000000e-01 2.561035156250000000e-01
2.524414062500000000e-01 1.901855468750000000e-01 3.837890625000000000e-01
2.553710937500000000e-01 2.639160156250000000e-01 5.764160156250000000e-01
2.519531250000000000e-01 1.865234375000000000e-01 4.997558593750000000e-01
2.485351562500000000e-01 1.306152343750000000e-01 5.192871093750000000e-01
2.463378906250000000e-01 1.796875000000000000e-01 5.112304687500000000e-01
2.492675781250000000e-01 1.555175781250000000e-01 4.057617187500000000e-01
2.604980468750000000e-01 9.912109375000000000e-02 2.231445312500000000e-01
2.521972656250000000e-01 1.872558593750000000e-01 4.624023437500000000e-01
2.390136718750000000e-01 2.690429687500000000e-01 6.020507812500000000e-01
2.497558593750000000e-01 1.403808593750000000e-01 3.793945312500000000e-01
2.419433593750000000e-01 1.440429687500000000e-01 5.063476562500000000e-01
2.482910156250000000e-01 1.948242187500000000e-01 5.424804687500000000e-01
2.609863281250000000e-01 7.714843750000000000e-02 3.732910156250000000e-01
2.456054687500000000e-01 3.144531250000000000e-01 6.389160156250000000e-01
2.431640625000000000e-01 1.599121093750000000e-01 5.942382812500000000e-01
2.558593750000000000e-01 1.535644531250000000e-01 4.389648437500000000e-01
2.414550781250000000e-01 2.958984375000000000e-01 6.599121093750000000e-01
2.451171875000000000e-01 1.818847656250000000e-01 6.381835937500000000e-01
2.424316406250000000e-01 1.403808593750000000e-01 5.520019531250000000e-01
2.526855468750000000e-01 1.345214843750000000e-01 4.799804687500000000e-01
2.587890625000000000e-01 2.050781250000000000e-01 4.245605468750000000e-01
2.346191406250000000e-01 1.530761718750000000e-01 5.449218750000000000e-01
2.497558593750000000e-01 1.948242187500000000e-01 5.344238281250000000e-01
2.448730468750000000e-01 1.245117187500000000e-01 6.030273437500000000e-01
2.250976562500000000e-01 3.049316406250000000e-01 7.517089843750000000e-01
2.504882812500000000e-01 1.523437500000000000e-01 4.296875000000000000e-01
2.478027343750000000e-01 2.656250000000000000e-01 5.783691406250000000e-01
2.460937500000000000e-01 1.198730468750000000e-01 6.958007812500000000e-01
