4.296875000000000000e-02 3.605957031250000000e-01 9.570312500000000000e-01
5.981445312500000000e-02 4.658203125000000000e-01 9.401855468750000000e-01
5.639648437500000000e-02 3.212890625000000000e-01 7.434082031250000000e-01
4.931640625000000000e-02 3.315429687500000000e-01 7.856445312500000000e-01
5.981445312500000000e-02 2.124023437500000000e-01 6.423339843750000000e-01
5.200195312500000000e-02 3.361816406250000000e-01 9.479980468750000000e-01
5.175781250000000000e-02 2.341308593750000000e-01 9.482421875000000000e-01
4.541015625000000000e-02 3.544921875000000000e-01 9.545898437500000000e-01
7.080078125000000000e-02 1.801757812500000000e-01 4.301757812500000000e-01
5.346679687500000000e-02 2.595214843750000000e-01 9.465332031250000000e-01
5.859375000000000000e-02 4.208984375000000000e-01 9.414062500000000000e-01
5.908203125000000000e-02 2.431640625000000000e-01 6.210937500000000000e-01
5.859375000000000000e-02 3.229980468750000000e-01 8.024902343750000000e-01
4.711914062500000000e-02 3.090820312500000000e-01 7.644042968750000000e-01
6.103515625000000000e-02 3.330078125000000000e-01 8.393554687500000000e-01
5.322265625000000000e-02 3.210449218750000000e-01 9.467773437500000000e-01
4.541015625000000000e-02 3.630371093750000000e-01 7.456054687500000000e-01
3.759765625000000000e-02 4.311523437500000000e-01 9.624023437500000000e-01
5.175781250000000000e-02 4.333496093750000000e-01 9.482421875000000000e-01
5.322265625000000000e-02 2.998046875000000000e-01 6.528320312500000000e-01
4.760742187500000000e-02 4.353027343750000000e-01 9.523925781250000000e-01
6.054687500000000000e-02 2.009277343750000000e-01 6.210937500000000000e-01
3.247070312500000000e-02 2.556152343750000000e-01 9.675292968750000000e-01
5.834960937500000000e-02 2.568359375000000000e-01 7.314453125000000000e-01
6.787109375000000000e-02 2.478027343750000000e-01 5.373535156250000000e-01
2.978515625000000000e-02 4.804687500000000000e-01 9.702148437500000000e-01
5.566406250000000000e-02 2.661132812500000000e-01 7.731933593750000000e-01
5.957031250000000000e-02 1.682128906250000000e-01 6.772460937500000000e-01
4.150390625000000000e-02 3.774414062500000000e-01 9.584960937500000000e-01
4.638671875000000000e-02 3.315429687500000000e-01 8.264160156250000000e-01
5.126953125000000000e-02 3.718261718750000000e-01 9.487304687500000000e-01
4.858398437500000000e-02 3.620605468750000000e-01 7.910156250000000000e-01
4.882812500000000000e-02 3.039550781250000000e-01 9.511718750000000000e-01
7.080078125000000000e-02 2.155761718750000000e-01 6.203613281250000000e-01
6.274414062500000000e-02 3.813476562500000000e-01 8.337402343750000000e-01
5.883789062500000000e-02 3.171386718750000000e-01 6.442871093750000000e-01
3.930664062500000000e-02 2.978515625000000000e-01 9.606933593750000000e-01
5.346679687500000000e-02 3.381347656250000000e-01 6.982421875000000000e-01
6.665039062500000000e-02 2.937011718750000000e-01 8.203125000000000000e-01
4.492187500000000000e-02 3.564453125000000000e-01 9.550781250000000000e-01
5.468750000000000000e-02 2.026367187500000000e-01 7.949218750000000000e-01
5.786132812500000000e-02 3.000488281250000000e-01 9.421386718750000000e-01
5.639648437500000000e-02 3.193359375000000000e-01 6.752929687500000000e-01
4.418945312500000000e-02 4.636230468750000000e-01 9.558105468750000000e-01
6.933593750000000000e-02 2.609863281250000000e-01 5.759277343750000000e-01
5.468750000000000000e-02 2.656250000000000000e-01 9.453125000000000000e-01
5.126953125000000000e-02 2.863769531250000000e-01 9.487304687500000000e-01
4.809570312500000000e-02 2.888183593750000000e-01 9.519042968750000000e-01
5.419921875000000000e-02 3.725585937500000000e-01 9.458007812500000000e-01
4.370117187500000000e-02 2.463378906250000000e-01 9.562988281250000000e-01
4.858398437500000000e-02 2.016601562500000000e-01 9.514160156250000000e-01
6.323242187500000000e-02 2.885742187500000000e-01 5.810546875000000000e-01
5.981445312500000000e-02 1.997070312500000000e-01 9.401855468750000000e-01
5.322265625000000000e-02 2.883300781250000000e-01 8.232421875000000000e-01
6.494140625000000000e-02 2.353515625000000000e-01 6.240234375000000000e-01
4.516601562500000000e-02 2.661132812500000000e-01 9.548339843750000000e-01
6.420898437500000000e-02 4.199218750000000000e-01 9.357910156250000000e-01
5.493164062500000000e-02 3.806152343750000000e-01 9.450683593750000000e-01
7.226562500000000000e-02 1.774902343750000000e-01 5.178222656250000000e-01
6.176757812500000000e-02 2.832031250000000000e-01 9.382324218750000000e-01
3.588867187500000000e-02 2.558593750000000000e-01 9.641113281250000000e-01
7.373046875000000000e-02 2.431640625000000000e-01 4.887695312500000000e-01
6.298828125000000000e-02 3.391113281250000000e-01 7.363281250000000000e-01
4.321289062500000000e-02 2.802734375000000000e-01 9.567871093750000000e-01
5.590820312500000000e-02 3.732910156250000000e-01 9.440917968750000000e-01
6.396484375000000000e-02 2.258300781250000000e-01 5.292968750000000000e-01
4.858398437500000000e-02 4.638671875000000000e-01 9.509277343750000000e-01
4.101562500000000000e-02 4.025878906250000000e-01 9.589843750000000000e-01
5.419921875000000000e-02 3.527832031250000000e-01 7.905273437500000000e-01
4.296875000000000000e-02 2.971191406250000000e-01 9.570312500000000000e-01
6.347656250000000000e-02 3.422851562500000000e-01 7.148437500000000000e-01
4.565429687500000000e-02 3.696289062500000000e-01 7.910156250000000000e-01
5.078125000000000000e-02 2.561035156250000000e-01 7.792968750000000000e-01
5.468750000000000000e-02 2.626953125000000000e-01 6.914062500000000000e-01
6.445312500000000000e-02 1.843261718750000000e-01 9.355468750000000000e-01
5.444335937500000000e-02 4.013671875000000000e-01 9.455566406250000000e-01
6.640625000000000000e-02 2.790527343750000000e-01 6.337890625000000000e-01
4.638671875000000000e-02 3.593750000000000000e-01 9.536132812500000000e-01
6.201171875000000000e-02 3.374023437500000000e-01 7.900390625000000000e-01
4.052734375000000000e-02 4.130859375000000000e-01 9.594726562500000000e-01
6.787109375000000000e-02 2.141113281250000000e-01 4.616699218750000000e-01
5.908203125000000000e-02 3.134765625000000000e-01 9.409179687500000000e-01
4.687500000000000000e-02 3.635253906250000000e-01 9.531250000000000000e-01
5.786132812500000000e-02 4.404296875000000000e-01 9.421386718750000000e-01
4.565429687500000000e-02 2.004394531250000000e-01 9.543457031250000000e-01
5.078125000000000000e-02 2.922363281250000000e-01 6.789550781250000000e-01
5.517578125000000000e-02 3.374023437500000000e-01 8.466796875000000000e-01
5.541992187500000000e-02 4.428710937500000000e-01 9.445800781250000000e-01
5.712890625000000000e-02 1.938476562500000000e-01 8.300781250000000000e-01
6.127929687500000000e-02 4.484863281250000000e-01 9.387207031250000000e-01
5.786132812500000000e-02 1.972656250000000000e-01 6.665039062500000000e-01
5.786132812500000000e-02 2.084960937500000000e-01 7.080078125000000000e-01
6.274414062500000000e-02 2.541503906250000000e-01 5.795898437500000000e-01
4.589843750000000000e-02 4.155273437500000000e-01 9.541015625000000000e-01
4.760742187500000000e-02 4.257812500000000000e-01 9.523925781250000000e-01
5.151367187500000000e-02 4.340820312500000000e-01 9.484863281250000000e-01
4.223632812500000000e-02 3.344726562500000000e-01 7.231445312500000000e-01
4.980468750000000000e-02 1.774902343750000000e-01 9.501953125000000000e-01
4.248046875000000000e-02 2.373046875000000000e-01 9.575195312500000000e-01
6.030273437500000000e-02 2.968750000000000000e-01 7.514648437500000000e-01
