6.225585937500000000e-02 1.948242187500000000e-01 8.132324218750000000e-01
5.468750000000000000e-02 2.602539062500000000e-01 7.770996093750000000e-01
7.739257812500000000e-02 1.979980468750000000e-01 6.044921875000000000e-01
5.419921875000000000e-02 1.711425781250000000e-01 9.458007812500000000e-01
5.737304687500000000e-02 3.374023437500000000e-01 8.613281250000000000e-01
8.569335937500000000e-02 2.106933593750000000e-01 4.973144531250000000e-01
6.445312500000000000e-02 2.270507812500000000e-01 7.817382812500000000e-01
6.567382812500000000e-02 1.791992187500000000e-01 5.727539062500000000e-01
4.833984375000000000e-02 2.031250000000000000e-01 9.516601562500000000e-01
6.591796875000000000e-02 2.946777343750000000e-01 9.340820312500000000e-01
7.202148437500000000e-02 2.893066406250000000e-01 9.279785156250000000e-01
6.640625000000000000e-02 3.178710937500000000e-01 6.870117187500000000e-01
7.958984375000000000e-02 1.440429687500000000e-01 4.079589843750000000e-01
6.201171875000000000e-02 2.136230468750000000e-01 4.645996093750000000e-01
7.006835937500000000e-02 2.871093750000000000e-01 7.314453125000000000e-01
6.958007812500000000e-02 2.145996093750000000e-01 5.468750000000000000e-01
5.859375000000000000e-02 3.293457031250000000e-01 9.414062500000000000e-01
7.666015625000000000e-02 1.494140625000000000e-01 8.464355468750000000e-01
7.543945312500000000e-02 2.197265625000000000e-01 5.212402343750000000e-01
8.691406250000000000e-02 1.669921875000000000e-01 4.489746093750000000e-01
6.738281250000000000e-02 2.153320312500000000e-01 8.371582031250000000e-01
7.373046875000000000e-02 1.918945312500000000e-01 7.304687500000000000e-01
6.665039062500000000e-02 2.451171875000000000e-01 6.105957031250000000e-01
7.055664062500000000e-02 3.364257812500000000e-01 7.573242187500000000e-01
5.737304687500000000e-02 1.396484375000000000e-01 9.426269531250000000e-01
6.811523437500000000e-02 2.736816406250000000e-01 7.224121093750000000e-01
6.250000000000000000e-02 3.808593750000000000e-01 9.375000000000000000e-01
5.761718750000000000e-02 4.543457031250000000e-01 9.423828125000000000e-01
5.981445312500000000e-02 3.554687500000000000e-01 9.401855468750000000e-01
4.785156250000000000e-02 2.915039062500000000e-01 9.521484375000000000e-01
7.153320312500000000e-02 1.494140625000000000e-01 7.888183593750000000e-01
5.859375000000000000e-02 3.474121093750000000e-01 9.414062500000000000e-01
6.445312500000000000e-02 3.388671875000000000e-01 8.283691406250000000e-01
5.566406250000000000e-02 3.010253906250000000e-01 9.443359375000000000e-01
8.105468750000000000e-02 1.916503906250000000e-01 4.838867187500000000e-01
6.518554687500000000e-02 2.585449218750000000e-01 9.348144531250000000e-01
4.638671875000000000e-02 2.873535156250000000e-01 9.536132812500000000e-01
6.445312500000000000e-02 3.291015625000000000e-01 9.355468750000000000e-01
7.592773437500000000e-02 4.360351562500000000e-01 9.240722656250000000e-01
4.418945312500000000e-02 3.483886718750000000e-01 9.558105468750000000e-01
5.664062500000000000e-02 3.352050781250000000e-01 9.433593750000000000e-01
6.298828125000000000e-02 3.395996093750000000e-01 9.370117187500000000e-01
6.713867187500000000e-02 3.452148437500000000e-01 7.646484375000000000e-01
6.469726562500000000e-02 3.510742187500000000e-01 9.353027343750000000e-01
6.787109375000000000e-02 4.272460937500000000e-01 9.318847656250000000e-01
6.835937500000000000e-02 1.760253906250000000e-01 5.207519531250000000e-01
5.590820312500000000e-02 4.606933593750000000e-01 9.440917968750000000e-01
5.273437500000000000e-02 3.666992187500000000e-01 9.472656250000000000e-01
7.153320312500000000e-02 2.387695312500000000e-01 7.202148437500000000e-01
7.739257812500000000e-02 1.987304687500000000e-01 5.256347656250000000e-01
4.394531250000000000e-02 2.104492187500000000e-01 9.560546875000000000e-01
7.250976562500000000e-02 3.525390625000000000e-01 8.210449218750000000e-01
6.958007812500000000e-02 2.722167968750000000e-01 5.869140625000000000e-01
6.079101562500000000e-02 2.844238281250000000e-01 6.066894531250000000e-01
6.347656250000000000e-02 2.973632812500000000e-01 9.365234375000000000e-01
6.860351562500000000e-02 2.824707031250000000e-01 8.000488281250000000e-01
6.909179687500000000e-02 4.431152343750000000e-01 9.309082031250000000e-01
6.372070312500000000e-02 2.590332031250000000e-01 9.362792968750000000e-01
6.713867187500000000e-02 2.468261718750000000e-01 6.333007812500000000e-01
7.617187500000000000e-02 1.872558593750000000e-01 8.649902343750000000e-01
5.712890625000000000e-02 2.060546875000000000e-01 7.558593750000000000e-01
6.518554687500000000e-02 3.071289062500000000e-01 9.348144531250000000e-01
5.615234375000000000e-02 4.536132812500000000e-01 9.438476562500000000e-01
6.347656250000000000e-02 2.436523437500000000e-01 9.365234375000000000e-01
6.738281250000000000e-02 2.390136718750000000e-01 9.326171875000000000e-01
6.665039062500000000e-02 1.281738281250000000e-01 8.183593750000000000e-01
6.982421875000000000e-02 2.929687500000000000e-01 8.276367187500000000e-01
5.297851562500000000e-02 2.116699218750000000e-01 9.470214843750000000e-01
6.372070312500000000e-02 3.684082031250000000e-01 8.222656250000000000e-01
7.055664062500000000e-02 2.905273437500000000e-01 5.878906250000000000e-01
7.324218750000000000e-02 2.087402343750000000e-01 7.954101562500000000e-01
6.933593750000000000e-02 3.144531250000000000e-01 7.500000000000000000e-01
7.006835937500000000e-02 2.727050781250000000e-01 5.969238281250000000e-01
6.689453125000000000e-02 2.075195312500000000e-01 9.331054687500000000e-01
6.689453125000000000e-02 1.652832031250000000e-01 6.435546875000000000e-01
7.421875000000000000e-02 1.955566406250000000e-01 7.807617187500000000e-01
6.469726562500000000e-02 4.626464843750000000e-01 9.353027343750000000e-01
6.860351562500000000e-02 2.258300781250000000e-01 5.847167968750000000e-01
5.419921875000000000e-02 4.052734375000000000e-01 9.458007812500000000e-01
5.712890625000000000e-02 3.161621093750000000e-01 6.560058593750000000e-01
5.834960937500000000e-02 2.705078125000000000e-01 8.400878906250000000e-01
5.468750000000000000e-02 4.206542968750000000e-01 9.453125000000000000e-01
7.421875000000000000e-02 3.464355468750000000e-01 7.072753906250000000e-01
5.932617187500000000e-02 2.412109375000000000e-01 9.406738281250000000e-01
7.177734375000000000e-02 2.958984375000000000e-01 7.275390625000000000e-01
6.201171875000000000e-02 2.663574218750000000e-01 7.031250000000000000e-01
7.177734375000000000e-02 2.595214843750000000e-01 9.282226562500000000e-01
6.127929687500000000e-02 3.710937500000000000e-01 8.669433593750000000e-01
7.446289062500000000e-02 2.714843750000000000e-01 5.869140625000000000e-01
6.176757812500000000e-02 3.002929687500000000e-01 8.537597656250000000e-01
6.713867187500000000e-02 1.535644531250000000e-01 6.706542968750000000e-01
6.250000000000000000e-02 3.847656250000000000e-01 8.327636718750000000e-01
6.201171875000000000e-02 2.062988281250000000e-01 9.379882812500000000e-01
6.640625000000000000e-02 3.652343750000000000e-01 8.200683593750000000e-01
5.932617187500000000e-02 2.412109375000000000e-01 6.347656250000000000e-01
5.297851562500000000e-02 2.900390625000000000e-01 9.470214843750000000e-01
4.321289062500000000e-02 2.377929687500000000e-01 9.567871093750000000e-01
8.007812500000000000e-02 2.492675781250000000e-01 5.385742187500000000e-01
5.834960937500000000e-02 2.871093750000000000e-01 8.164062500000000000e-01
6.982421875000000000e-02 2.446289062500000000e-01 9.299316406250000000e-01
