1.630859375000000000e-01 2.573242187500000000e-01 7.609863281250000000e-01
1.652832031250000000e-01 2.980957031250000000e-01 6.408691406250000000e-01
1.604003906250000000e-01 2.458496093750000000e-01 5.649414062500000000e-01
1.591796875000000000e-01 1.562500000000000000e-01 7.465820312500000000e-01
1.467285156250000000e-01 3.583984375000000000e-01 8.022460937500000000e-01
1.669921875000000000e-01 2.758789062500000000e-01 7.043457031250000000e-01
1.640625000000000000e-01 2.668457031250000000e-01 5.729980468750000000e-01
1.662597656250000000e-01 1.655273437500000000e-01 5.061035156250000000e-01
1.743164062500000000e-01 2.163085937500000000e-01 5.373535156250000000e-01
1.552734375000000000e-01 2.558593750000000000e-01 6.738281250000000000e-01
1.811523437500000000e-01 1.838378906250000000e-01 4.011230468750000000e-01
1.599121093750000000e-01 1.604003906250000000e-01 7.426757812500000000e-01
1.665039062500000000e-01 1.809082031250000000e-01 6.520996093750000000e-01
1.535644531250000000e-01 1.308593750000000000e-01 8.203125000000000000e-01
1.784667968750000000e-01 1.875000000000000000e-01 4.895019531250000000e-01
1.596679687500000000e-01 1.301269531250000000e-01 7.915039062500000000e-01
1.555175781250000000e-01 1.123046875000000000e-01 7.343750000000000000e-01
1.604003906250000000e-01 3.134765625000000000e-01 6.552734375000000000e-01
1.674804687500000000e-01 1.215820312500000000e-01 4.211425781250000000e-01
1.660156250000000000e-01 1.218261718750000000e-01 4.177246093750000000e-01
1.699218750000000000e-01 1.596679687500000000e-01 5.581054687500000000e-01
1.462402343750000000e-01 2.573242187500000000e-01 8.537597656250000000e-01
1.838378906250000000e-01 2.106933593750000000e-01 5.339355468750000000e-01
1.630859375000000000e-01 1.823730468750000000e-01 6.687011718750000000e-01
1.743164062500000000e-01 3.737792968750000000e-01 7.587890625000000000e-01
1.562500000000000000e-01 1.171875000000000000e-01 8.183593750000000000e-01
1.503906250000000000e-01 2.563476562500000000e-01 7.219238281250000000e-01
1.687011718750000000e-01 1.381835937500000000e-01 6.391601562500000000e-01
1.669921875000000000e-01 2.802734375000000000e-01 7.385253906250000000e-01
1.579589843750000000e-01 2.155761718750000000e-01 7.160644531250000000e-01
1.472167968750000000e-01 2.558593750000000000e-01 8.007812500000000000e-01
1.699218750000000000e-01 1.806640625000000000e-01 6.494140625000000000e-01
1.708984375000000000e-01 1.081542968750000000e-01 5.717773437500000000e-01
1.667480468750000000e-01 3.024902343750000000e-01 6.369628906250000000e-01
1.706542968750000000e-01 3.195800781250000000e-01 6.582031250000000000e-01
1.862792968750000000e-01 1.723632812500000000e-01 3.688964843750000000e-01
1.662597656250000000e-01 3.041992187500000000e-01 6.899414062500000000e-01
1.452636718750000000e-01 3.923339843750000000e-01 8.225097656250000000e-01
1.694335937500000000e-01 3.083496093750000000e-01 7.023925781250000000e-01
1.782226562500000000e-01 1.450195312500000000e-01 4.233398437500000000e-01
1.696777343750000000e-01 9.570312500000000000e-02 5.346679687500000000e-01
1.718750000000000000e-01 1.511230468750000000e-01 4.726562500000000000e-01
1.694335937500000000e-01 1.354980468750000000e-01 4.597167968750000000e-01
1.723632812500000000e-01 1.806640625000000000e-01 5.874023437500000000e-01
1.650390625000000000e-01 2.919921875000000000e-01 6.420898437500000000e-01
1.584472656250000000e-01 3.337402343750000000e-01 6.892089843750000000e-01
1.501464843750000000e-01 1.704101562500000000e-01 7.373046875000000000e-01
1.679687500000000000e-01 2.514648437500000000e-01 6.157226562500000000e-01
1.567382812500000000e-01 3.244628906250000000e-01 7.197265625000000000e-01
1.757812500000000000e-01 1.857910156250000000e-01 4.289550781250000000e-01
1.494140625000000000e-01 1.501464843750000000e-01 8.146972656250000000e-01
1.816406250000000000e-01 2.509765625000000000e-01 5.607910156250000000e-01
1.818847656250000000e-01 1.713867187500000000e-01 4.694824218750000000e-01
1.584472656250000000e-01 1.838378906250000000e-01 6.079101562500000000e-01
1.540527343750000000e-01 2.829589843750000000e-01 6.337890625000000000e-01
1.496582031250000000e-01 2.062988281250000000e-01 7.834472656250000000e-01
1.652832031250000000e-01 2.663574218750000000e-01 5.678710937500000000e-01
1.677246093750000000e-01 1.425781250000000000e-01 4.787597656250000000e-01
1.767578125000000000e-01 1.474609375000000000e-01 5.329589843750000000e-01
1.716308593750000000e-01 1.967773437500000000e-01 6.889648437500000000e-01
1.770019531250000000e-01 1.235351562500000000e-01 2.409667968750000000e-01
1.528320312500000000e-01 2.233886718750000000e-01 6.733398437500000000e-01
1.538085937500000000e-01 2.976074218750000000e-01 7.617187500000000000e-01
1.713867187500000000e-01 1.562500000000000000e-01 4.426269531250000000e-01
1.491699218750000000e-01 1.875000000000000000e-01 8.317871093750000000e-01
1.708984375000000000e-01 3.320312500000000000e-01 7.749023437500000000e-01
1.811523437500000000e-01 1.083984375000000000e-01 3.894042968750000000e-01
1.701660156250000000e-01 2.490234375000000000e-01 7.014160156250000000e-01
1.787109375000000000e-01 1.669921875000000000e-01 3.347167968750000000e-01
1.708984375000000000e-01 2.583007812500000000e-01 5.895996093750000000e-01
1.635742187500000000e-01 1.728515625000000000e-01 5.778808593750000000e-01
1.618652343750000000e-01 2.944335937500000000e-01 6.059570312500000000e-01
1.418457031250000000e-01 1.806640625000000000e-01 8.481445312500000000e-01
1.579589843750000000e-01 2.456054687500000000e-01 5.541992187500000000e-01
1.645507812500000000e-01 2.590332031250000000e-01 6.000976562500000000e-01
1.818847656250000000e-01 1.440429687500000000e-01 4.284667968750000000e-01
1.823730468750000000e-01 1.037597656250000000e-01 3.496093750000000000e-01
1.599121093750000000e-01 2.812500000000000000e-01 6.621093750000000000e-01
1.713867187500000000e-01 2.722167968750000000e-01 5.913085937500000000e-01
1.589355468750000000e-01 1.914062500000000000e-01 7.773437500000000000e-01
1.787109375000000000e-01 1.450195312500000000e-01 3.430175781250000000e-01
1.669921875000000000e-01 2.951660156250000000e-01 7.333984375000000000e-01
1.762695312500000000e-01 2.475585937500000000e-01 5.212402343750000000e-01
1.689453125000000000e-01 2.893066406250000000e-01 7.775878906250000000e-01
1.560058593750000000e-01 2.958984375000000000e-01 6.909179687500000000e-01
1.687011718750000000e-01 1.179199218750000000e-01 5.141601562500000000e-01
1.711425781250000000e-01 1.640625000000000000e-01 3.903808593750000000e-01
1.540527343750000000e-01 1.420898437500000000e-01 8.281250000000000000e-01
1.428222656250000000e-01 1.484375000000000000e-01 8.244628906250000000e-01
1.723632812500000000e-01 3.103027343750000000e-01 6.601562500000000000e-01
1.628417968750000000e-01 2.580566406250000000e-01 7.807617187500000000e-01
1.738281250000000000e-01 1.462402343750000000e-01 5.737304687500000000e-01
1.791992187500000000e-01 1.301269531250000000e-01 2.697753906250000000e-01
1.684570312500000000e-01 1.403808593750000000e-01 6.127929687500000000e-01
1.625976562500000000e-01 1.501464843750000000e-01 6.562500000000000000e-01
1.645507812500000000e-01 9.936523437500000000e-02 6.208496093750000000e-01
1.640625000000000000e-01 2.248535156250000000e-01 5.632324218750000000e-01
1.540527343750000000e-01 2.111816406250000000e-01 7.421875000000000000e-01
1.611328125000000000e-01 1.784667968750000000e-01 7.734375000000000000e-01
1.567382812500000000e-01 1.625976562500000000e-01 6.311035156250000000e-01
