1.049804687500000000e-01 2.824707031250000000e-01 7.758789062500000000e-01
1.274414062500000000e-01 1.809082031250000000e-01 4.357910156250000000e-01
9.204101562500000000e-02 1.110839843750000000e-01 9.079589843750000000e-01
1.105957031250000000e-01 3.413085937500000000e-01 7.858886718750000000e-01
1.188964843750000000e-01 2.150878906250000000e-01 5.061035156250000000e-01
1.083984375000000000e-01 2.905273437500000000e-01 7.575683593750000000e-01
1.052246093750000000e-01 2.846679687500000000e-01 7.060546875000000000e-01
9.814453125000000000e-02 2.263183593750000000e-01 9.018554687500000000e-01
1.218261718750000000e-01 1.535644531250000000e-01 4.404296875000000000e-01
1.303710937500000000e-01 1.730957031250000000e-01 4.536132812500000000e-01
1.115722656250000000e-01 2.414550781250000000e-01 7.714843750000000000e-01
1.171875000000000000e-01 2.202148437500000000e-01 5.454101562500000000e-01
9.375000000000000000e-02 4.086914062500000000e-01 8.828125000000000000e-01
1.201171875000000000e-01 2.309570312500000000e-01 5.266113281250000000e-01
1.184082031250000000e-01 1.774902343750000000e-01 7.687988281250000000e-01
1.176757812500000000e-01 1.916503906250000000e-01 6.701660156250000000e-01
1.105957031250000000e-01 2.160644531250000000e-01 8.054199218750000000e-01
1.196289062500000000e-01 2.316894531250000000e-01 7.922363281250000000e-01
9.741210937500000000e-02 1.977539062500000000e-01 8.103027343750000000e-01
1.103515625000000000e-01 2.519531250000000000e-01 7.353515625000000000e-01
1.105957031250000000e-01 1.640625000000000000e-01 5.227050781250000000e-01
1.130371093750000000e-01 2.780761718750000000e-01 7.067871093750000000e-01
1.062011718750000000e-01 2.319335937500000000e-01 4.697265625000000000e-01
1.315917968750000000e-01 1.811523437500000000e-01 3.679199218750000000e-01
1.064453125000000000e-01 2.397460937500000000e-01 5.122070312500000000e-01
1.152343750000000000e-01 2.863769531250000000e-01 7.124023437500000000e-01
1.040039062500000000e-01 4.074707031250000000e-01 8.435058593750000000e-01
1.096191406250000000e-01 2.595214843750000000e-01 8.625488281250000000e-01
1.215820312500000000e-01 2.902832031250000000e-01 6.362304687500000000e-01
1.132812500000000000e-01 2.333984375000000000e-01 8.020019531250000000e-01
1.000976562500000000e-01 1.572265625000000000e-01 8.579101562500000000e-01
1.037597656250000000e-01 2.971191406250000000e-01 8.659667968750000000e-01
1.135253906250000000e-01 1.750488281250000000e-01 8.000488281250000000e-01
1.308593750000000000e-01 2.487792968750000000e-01 6.105957031250000000e-01
1.025390625000000000e-01 3.425292968750000000e-01 8.476562500000000000e-01
1.127929687500000000e-01 3.669433593750000000e-01 7.541503906250000000e-01
1.210937500000000000e-01 1.657714843750000000e-01 5.129394531250000000e-01
1.352539062500000000e-01 2.026367187500000000e-01 4.580078125000000000e-01
1.210937500000000000e-01 1.152343750000000000e-01 6.474609375000000000e-01
1.032714843750000000e-01 1.520996093750000000e-01 6.479492187500000000e-01
1.127929687500000000e-01 1.679687500000000000e-01 6.838378906250000000e-01
1.330566406250000000e-01 1.071777343750000000e-01 3.884277343750000000e-01
1.059570312500000000e-01 3.566894531250000000e-01 7.468261718750000000e-01
1.130371093750000000e-01 2.089843750000000000e-01 5.607910156250000000e-01
1.066894531250000000e-01 3.432617187500000000e-01 7.641601562500000000e-01
1.022949218750000000e-01 1.511230468750000000e-01 8.608398437500000000e-01
9.790039062500000000e-02 3.796386718750000000e-01 8.728027343750000000e-01
1.191406250000000000e-01 1.789550781250000000e-01 4.619140625000000000e-01
1.093750000000000000e-01 2.639160156250000000e-01 6.132812500000000000e-01
1.076660156250000000e-01 2.338867187500000000e-01 7.795410156250000000e-01
1.225585937500000000e-01 9.326171875000000000e-02 4.118652343750000000e-01
1.010742187500000000e-01 2.543945312500000000e-01 8.989257812500000000e-01
1.083984375000000000e-01 3.269042968750000000e-01 7.607421875000000000e-01
1.132812500000000000e-01 1.425781250000000000e-01 6.330566406250000000e-01
1.184082031250000000e-01 2.988281250000000000e-01 6.154785156250000000e-01
1.135253906250000000e-01 2.731933593750000000e-01 6.533203125000000000e-01
1.020507812500000000e-01 2.109375000000000000e-01 6.325683593750000000e-01
1.057128906250000000e-01 3.850097656250000000e-01 7.990722656250000000e-01
9.082031250000000000e-02 4.460449218750000000e-01 9.091796875000000000e-01
1.220703125000000000e-01 1.708984375000000000e-01 4.968261718750000000e-01
1.152343750000000000e-01 2.810058593750000000e-01 7.294921875000000000e-01
9.765625000000000000e-02 2.067871093750000000e-01 7.675781250000000000e-01
9.716796875000000000e-02 1.596679687500000000e-01 7.307128906250000000e-01
1.213378906250000000e-01 1.196289062500000000e-01 4.707031250000000000e-01
1.059570312500000000e-01 1.601562500000000000e-01 6.984863281250000000e-01
9.619140625000000000e-02 1.718750000000000000e-01 8.210449218750000000e-01
1.157226562500000000e-01 1.728515625000000000e-01 3.518066406250000000e-01
1.027832031250000000e-01 2.043457031250000000e-01 6.828613281250000000e-01
1.130371093750000000e-01 2.026367187500000000e-01 7.470703125000000000e-01
1.008300781250000000e-01 2.790527343750000000e-01 8.576660156250000000e-01
1.149902343750000000e-01 2.099609375000000000e-01 7.326660156250000000e-01
1.213378906250000000e-01 1.916503906250000000e-01 5.856933593750000000e-01
9.448242187500000000e-02 1.052246093750000000e-01 9.055175781250000000e-01
1.166992187500000000e-01 1.525878906250000000e-01 6.621093750000000000e-01
8.666992187500000000e-02 2.297363281250000000e-01 9.133300781250000000e-01
1.232910156250000000e-01 2.023925781250000000e-01 5.092773437500000000e-01
1.030273437500000000e-01 1.955566406250000000e-01 6.066894531250000000e-01
1.044921875000000000e-01 4.160156250000000000e-01 8.698730468750000000e-01
9.838867187500000000e-02 4.440917968750000000e-01 9.016113281250000000e-01
1.127929687500000000e-01 2.683105468750000000e-01 5.947265625000000000e-01
9.765625000000000000e-02 2.199707031250000000e-01 7.604980468750000000e-01
1.069335937500000000e-01 1.994628906250000000e-01 8.930664062500000000e-01
1.250000000000000000e-01 1.320800781250000000e-01 6.018066406250000000e-01
9.594726562500000000e-02 1.784667968750000000e-01 7.885742187500000000e-01
1.020507812500000000e-01 3.720703125000000000e-01 8.537597656250000000e-01
1.013183593750000000e-01 3.146972656250000000e-01 8.632812500000000000e-01
1.230468750000000000e-01 1.538085937500000000e-01 5.390625000000000000e-01
1.152343750000000000e-01 1.784667968750000000e-01 5.886230468750000000e-01
1.052246093750000000e-01 3.537597656250000000e-01 8.569335937500000000e-01
1.145019531250000000e-01 1.010742187500000000e-01 5.527343750000000000e-01
1.162109375000000000e-01 2.106933593750000000e-01 4.895019531250000000e-01
1.057128906250000000e-01 3.115234375000000000e-01 8.942871093750000000e-01
1.088867187500000000e-01 3.464355468750000000e-01 7.199707031250000000e-01
1.159667968750000000e-01 2.075195312500000000e-01 7.277832031250000000e-01
8.422851562500000000e-02 2.917480468750000000e-01 8.886718750000000000e-01
1.198730468750000000e-01 1.777343750000000000e-01 5.673828125000000000e-01
