1.064453125000000000e-01 1.333007812500000000e-01 3.378906250000000000e-01
1.062011718750000000e-01 2.509765625000000000e-01 7.177734375000000000e-01
9.277343750000000000e-02 2.341308593750000000e-01 9.072265625000000000e-01
7.983398437500000000e-02 2.824707031250000000e-01 9.201660156250000000e-01
9.423828125000000000e-02 1.608886718750000000e-01 5.520019531250000000e-01
1.062011718750000000e-01 1.843261718750000000e-01 3.964843750000000000e-01
7.202148437500000000e-02 2.966308593750000000e-01 9.279785156250000000e-01
1.013183593750000000e-01 2.258300781250000000e-01 7.299804687500000000e-01
9.594726562500000000e-02 1.718750000000000000e-01 6.691894531250000000e-01
7.763671875000000000e-02 2.448730468750000000e-01 9.223632812500000000e-01
1.184082031250000000e-01 1.601562500000000000e-01 3.869628906250000000e-01
1.064453125000000000e-01 2.534179687500000000e-01 6.823730468750000000e-01
8.105468750000000000e-02 2.873535156250000000e-01 8.615722656250000000e-01
9.643554687500000000e-02 3.029785156250000000e-01 6.059570312500000000e-01
9.692382812500000000e-02 2.004394531250000000e-01 8.459472656250000000e-01
9.179687500000000000e-02 2.016601562500000000e-01 9.082031250000000000e-01
9.082031250000000000e-02 1.911621093750000000e-01 8.542480468750000000e-01
8.227539062500000000e-02 2.272949218750000000e-01 7.697753906250000000e-01
1.076660156250000000e-01 1.628417968750000000e-01 3.503417968750000000e-01
1.015625000000000000e-01 2.365722656250000000e-01 8.164062500000000000e-01
8.593750000000000000e-02 1.586914062500000000e-01 6.665039062500000000e-01
8.959960937500000000e-02 4.113769531250000000e-01 9.104003906250000000e-01
9.716796875000000000e-02 1.555175781250000000e-01 5.649414062500000000e-01
1.049804687500000000e-01 2.258300781250000000e-01 7.299804687500000000e-01
6.347656250000000000e-02 3.476562500000000000e-01 9.365234375000000000e-01
9.179687500000000000e-02 2.622070312500000000e-01 7.797851562500000000e-01
1.120605468750000000e-01 1.418457031250000000e-01 3.117675781250000000e-01
7.885742187500000000e-02 3.649902343750000000e-01 9.211425781250000000e-01
9.106445312500000000e-02 3.300781250000000000e-01 7.644042968750000000e-01
9.521484375000000000e-02 3.647460937500000000e-01 8.662109375000000000e-01
9.155273437500000000e-02 2.502441406250000000e-01 6.901855468750000000e-01
1.159667968750000000e-01 1.418457031250000000e-01 3.532714843750000000e-01
8.105468750000000000e-02 2.885742187500000000e-01 9.189453125000000000e-01
1.088867187500000000e-01 1.743164062500000000e-01 6.899414062500000000e-01
1.013183593750000000e-01 2.814941406250000000e-01 6.135253906250000000e-01
1.098632812500000000e-01 2.001953125000000000e-01 5.324707031250000000e-01
7.910156250000000000e-02 2.453613281250000000e-01 9.208984375000000000e-01
1.159667968750000000e-01 2.353515625000000000e-01 5.385742187500000000e-01
1.086425781250000000e-01 1.987304687500000000e-01 4.731445312500000000e-01
1.000976562500000000e-01 2.370605468750000000e-01 7.409667968750000000e-01
9.643554687500000000e-02 2.126464843750000000e-01 4.404296875000000000e-01
8.715820312500000000e-02 3.168945312500000000e-01 8.334960937500000000e-01
9.228515625000000000e-02 3.432617187500000000e-01 8.405761718750000000e-01
9.301757812500000000e-02 2.785644531250000000e-01 7.385253906250000000e-01
7.958984375000000000e-02 2.619628906250000000e-01 9.204101562500000000e-01
1.030273437500000000e-01 2.556152343750000000e-01 7.375488281250000000e-01
8.959960937500000000e-02 1.337890625000000000e-01 8.544921875000000000e-01
9.960937500000000000e-02 1.984863281250000000e-01 7.934570312500000000e-01
1.027832031250000000e-01 2.431640625000000000e-01 5.263671875000000000e-01
1.062011718750000000e-01 2.006835937500000000e-01 6.228027343750000000e-01
1.005859375000000000e-01 1.716308593750000000e-01 7.856445312500000000e-01
8.862304687500000000e-02 3.508300781250000000e-01 8.229980468750000000e-01
8.666992187500000000e-02 2.851562500000000000e-01 9.133300781250000000e-01
8.081054687500000000e-02 3.007812500000000000e-01 9.191894531250000000e-01
9.472656250000000000e-02 1.401367187500000000e-01 7.890625000000000000e-01
9.692382812500000000e-02 1.403808593750000000e-01 7.446289062500000000e-01
8.544921875000000000e-02 1.499023437500000000e-01 8.073730468750000000e-01
1.025390625000000000e-01 2.949218750000000000e-01 7.016601562500000000e-01
8.764648437500000000e-02 2.294921875000000000e-01 9.123535156250000000e-01
8.666992187500000000e-02 2.553710937500000000e-01 9.133300781250000000e-01
8.203125000000000000e-02 2.492675781250000000e-01 9.179687500000000000e-01
9.350585937500000000e-02 2.924804687500000000e-01 6.420898437500000000e-01
9.692382812500000000e-02 3.579101562500000000e-01 8.002929687500000000e-01
8.789062500000000000e-02 2.226562500000000000e-01 7.968750000000000000e-01
9.277343750000000000e-02 2.907714843750000000e-01 8.569335937500000000e-01
9.985351562500000000e-02 1.147460937500000000e-01 7.475585937500000000e-01
8.569335937500000000e-02 1.926269531250000000e-01 4.038085937500000000e-01
1.027832031250000000e-01 2.438964843750000000e-01 7.382812500000000000e-01
9.521484375000000000e-02 2.019042968750000000e-01 8.237304687500000000e-01
9.594726562500000000e-02 2.451171875000000000e-01 5.183105468750000000e-01
9.765625000000000000e-02 1.772460937500000000e-01 6.958007812500000000e-01
1.040039062500000000e-01 1.657714843750000000e-01 5.129394531250000000e-01
1.022949218750000000e-01 1.757812500000000000e-01 5.310058593750000000e-01
1.152343750000000000e-01 2.194824218750000000e-01 5.146484375000000000e-01
8.520507812500000000e-02 2.207031250000000000e-01 9.147949218750000000e-01
1.074218750000000000e-01 1.804199218750000000e-01 5.593261718750000000e-01
1.137695312500000000e-01 2.365722656250000000e-01 4.875488281250000000e-01
8.447265625000000000e-02 2.021484375000000000e-01 8.828125000000000000e-01
8.618164062500000000e-02 3.583984375000000000e-01 9.138183593750000000e-01
9.814453125000000000e-02 2.949218750000000000e-01 8.229980468750000000e-01
7.983398437500000000e-02 3.222656250000000000e-01 7.397460937500000000e-01
1.018066406250000000e-01 1.479492187500000000e-01 4.938964843750000000e-01
9.619140625000000000e-02 2.263183593750000000e-01 5.717773437500000000e-01
8.105468750000000000e-02 2.399902343750000000e-01 9.189453125000000000e-01
1.003417968750000000e-01 3.366699218750000000e-01 8.020019531250000000e-01
9.252929687500000000e-02 1.455078125000000000e-01 6.970214843750000000e-01
1.140136718750000000e-01 1.406250000000000000e-01 4.643554687500000000e-01
1.003417968750000000e-01 4.089355468750000000e-01 8.342285156250000000e-01
9.252929687500000000e-02 3.081054687500000000e-01 9.074707031250000000e-01
1.054687500000000000e-01 2.812500000000000000e-01 5.754394531250000000e-01
1.003417968750000000e-01 3.286132812500000000e-01 7.751464843750000000e-01
1.003417968750000000e-01 2.531738281250000000e-01 5.502929687500000000e-01
1.000976562500000000e-01 2.089843750000000000e-01 4.816894531250000000e-01
1.079101562500000000e-01 1.801757812500000000e-01 4.687500000000000000e-01
9.399414062500000000e-02 2.075195312500000000e-01 6.022949218750000000e-01
9.204101562500000000e-02 1.945800781250000000e-01 9.079589843750000000e-01
