4.931640625000000000e-02 3.627929687500000000e-01 7.355957031250000000e-01
3.955078125000000000e-02 3.405761718750000000e-01 9.604492187500000000e-01
4.467773437500000000e-02 3.220214843750000000e-01 9.553222656250000000e-01
3.149414062500000000e-02 4.829101562500000000e-01 9.685058593750000000e-01
3.442382812500000000e-02 4.172363281250000000e-01 9.655761718750000000e-01
5.883789062500000000e-02 3.186035156250000000e-01 7.014160156250000000e-01
4.272460937500000000e-02 4.541015625000000000e-01 9.572753906250000000e-01
5.053710937500000000e-02 3.041992187500000000e-01 6.203613281250000000e-01
4.370117187500000000e-02 3.864746093750000000e-01 9.562988281250000000e-01
3.759765625000000000e-02 4.643554687500000000e-01 9.624023437500000000e-01
4.736328125000000000e-02 3.083496093750000000e-01 9.526367187500000000e-01
6.030273437500000000e-02 3.859863281250000000e-01 9.396972656250000000e-01
4.345703125000000000e-02 3.071289062500000000e-01 7.526855468750000000e-01
3.564453125000000000e-02 2.766113281250000000e-01 7.443847656250000000e-01
4.565429687500000000e-02 3.706054687500000000e-01 9.543457031250000000e-01
3.833007812500000000e-02 3.161621093750000000e-01 6.887207031250000000e-01
4.370117187500000000e-02 3.637695312500000000e-01 9.562988281250000000e-01
3.076171875000000000e-02 3.076171875000000000e-01 9.692382812500000000e-01
4.980468750000000000e-02 3.803710937500000000e-01 9.501953125000000000e-01
5.053710937500000000e-02 3.210449218750000000e-01 6.857910156250000000e-01
2.490234375000000000e-02 4.338378906250000000e-01 9.750976562500000000e-01
3.393554687500000000e-02 4.619140625000000000e-01 9.660644531250000000e-01
3.735351562500000000e-02 4.208984375000000000e-01 9.626464843750000000e-01
3.344726562500000000e-02 4.052734375000000000e-01 9.665527343750000000e-01
3.710937500000000000e-02 2.482910156250000000e-01 9.628906250000000000e-01
2.490234375000000000e-02 4.826660156250000000e-01 9.750976562500000000e-01
3.295898437500000000e-02 4.121093750000000000e-01 9.670410156250000000e-01
5.810546875000000000e-02 2.446289062500000000e-01 5.913085937500000000e-01
4.296875000000000000e-02 2.958984375000000000e-01 9.570312500000000000e-01
3.710937500000000000e-02 4.020996093750000000e-01 9.628906250000000000e-01
3.979492187500000000e-02 3.845214843750000000e-01 9.602050781250000000e-01
2.758789062500000000e-02 2.387695312500000000e-01 9.724121093750000000e-01
4.370117187500000000e-02 4.660644531250000000e-01 9.562988281250000000e-01
3.491210937500000000e-02 2.949218750000000000e-01 9.650878906250000000e-01
4.687500000000000000e-02 4.006347656250000000e-01 9.531250000000000000e-01
3.857421875000000000e-02 4.199218750000000000e-01 9.614257812500000000e-01
3.369140625000000000e-02 2.990722656250000000e-01 9.663085937500000000e-01
3.710937500000000000e-02 3.872070312500000000e-01 9.628906250000000000e-01
3.833007812500000000e-02 3.237304687500000000e-01 9.616699218750000000e-01
3.833007812500000000e-02 3.562011718750000000e-01 9.616699218750000000e-01
3.857421875000000000e-02 3.735351562500000000e-01 9.614257812500000000e-01
3.320312500000000000e-02 4.152832031250000000e-01 9.667968750000000000e-01
3.637695312500000000e-02 2.629394531250000000e-01 9.636230468750000000e-01
4.418945312500000000e-02 2.661132812500000000e-01 9.558105468750000000e-01
4.541015625000000000e-02 3.024902343750000000e-01 9.545898437500000000e-01
5.297851562500000000e-02 3.188476562500000000e-01 6.413574218750000000e-01
3.466796875000000000e-02 3.566894531250000000e-01 9.653320312500000000e-01
4.418945312500000000e-02 2.983398437500000000e-01 7.639160156250000000e-01
4.223632812500000000e-02 2.883300781250000000e-01 9.577636718750000000e-01
4.223632812500000000e-02 2.375488281250000000e-01 9.577636718750000000e-01
4.418945312500000000e-02 2.878417968750000000e-01 7.963867187500000000e-01
4.199218750000000000e-02 4.711914062500000000e-01 9.580078125000000000e-01
3.808593750000000000e-02 2.866210937500000000e-01 9.616699218750000000e-01
2.832031250000000000e-02 4.616699218750000000e-01 9.716796875000000000e-01
3.588867187500000000e-02 4.277343750000000000e-01 9.641113281250000000e-01
4.663085937500000000e-02 2.517089843750000000e-01 8.332519531250000000e-01
2.905273437500000000e-02 3.847656250000000000e-01 9.709472656250000000e-01
3.784179687500000000e-02 2.998046875000000000e-01 9.621582031250000000e-01
5.004882812500000000e-02 2.880859375000000000e-01 7.685546875000000000e-01
3.784179687500000000e-02 4.338378906250000000e-01 9.621582031250000000e-01
3.881835937500000000e-02 4.414062500000000000e-01 9.611816406250000000e-01
5.761718750000000000e-02 2.416992187500000000e-01 7.326660156250000000e-01
4.638671875000000000e-02 3.376464843750000000e-01 6.977539062500000000e-01
4.028320312500000000e-02 2.629394531250000000e-01 7.067871093750000000e-01
4.467773437500000000e-02 2.814941406250000000e-01 8.073730468750000000e-01
5.346679687500000000e-02 2.919921875000000000e-01 9.465332031250000000e-01
4.565429687500000000e-02 4.509277343750000000e-01 9.543457031250000000e-01
3.564453125000000000e-02 3.967285156250000000e-01 9.643554687500000000e-01
5.883789062500000000e-02 3.093261718750000000e-01 6.352539062500000000e-01
3.173828125000000000e-02 3.918457031250000000e-01 9.682617187500000000e-01
4.614257812500000000e-02 2.822265625000000000e-01 6.787109375000000000e-01
2.880859375000000000e-02 4.355468750000000000e-01 9.711914062500000000e-01
4.345703125000000000e-02 2.617187500000000000e-01 5.688476562500000000e-01
3.466796875000000000e-02 3.107910156250000000e-01 7.021484375000000000e-01
3.588867187500000000e-02 4.680175781250000000e-01 9.641113281250000000e-01
2.197265625000000000e-02 4.499511718750000000e-01 9.780273437500000000e-01
4.077148437500000000e-02 3.247070312500000000e-01 9.592285156250000000e-01
3.784179687500000000e-02 3.681640625000000000e-01 7.851562500000000000e-01
4.492187500000000000e-02 3.486328125000000000e-01 7.500000000000000000e-01
3.857421875000000000e-02 3.942871093750000000e-01 9.614257812500000000e-01
5.834960937500000000e-02 2.446289062500000000e-01 9.416503906250000000e-01
3.686523437500000000e-02 3.833007812500000000e-01 9.631347656250000000e-01
3.662109375000000000e-02 4.633789062500000000e-01 9.633789062500000000e-01
2.539062500000000000e-02 4.057617187500000000e-01 9.746093750000000000e-01
4.541015625000000000e-02 3.586425781250000000e-01 7.590332031250000000e-01
4.150390625000000000e-02 2.685546875000000000e-01 7.346191406250000000e-01
3.125000000000000000e-02 4.116210937500000000e-01 9.687500000000000000e-01
3.759765625000000000e-02 4.260253906250000000e-01 9.624023437500000000e-01
3.588867187500000000e-02 3.122558593750000000e-01 9.641113281250000000e-01
4.760742187500000000e-02 4.355468750000000000e-01 9.523925781250000000e-01
4.028320312500000000e-02 4.399414062500000000e-01 9.597167968750000000e-01
3.271484375000000000e-02 2.607421875000000000e-01 9.672851562500000000e-01
4.443359375000000000e-02 3.291015625000000000e-01 7.434082031250000000e-01
3.344726562500000000e-02 4.177246093750000000e-01 9.665527343750000000e-01
3.564453125000000000e-02 4.011230468750000000e-01 9.643554687500000000e-01
5.151367187500000000e-02 3.662109375000000000e-01 9.484863281250000000e-01
3.466796875000000000e-02 4.003906250000000000e-01 9.653320312500000000e-01
4.931640625000000000e-02 4.558105468750000000e-01 9.506835937500000000e-01
3.759765625000000000e-02 3.557128906250000000e-01 8.325195312500000000e-01
4.443359375000000000e-02 4.733886718750000000e-01 9.555664062500000000e-01
