3.647460937500000000e-01 7.006835937500000000e-02 5.058593750000000000e-01
3.894042968750000000e-01 1.013183593750000000e-01 3.305664062500000000e-01
3.889160156250000000e-01 8.276367187500000000e-02 2.238769531250000000e-01
3.642578125000000000e-01 1.503906250000000000e-01 4.687500000000000000e-01
3.715820312500000000e-01 1.130371093750000000e-01 4.624023437500000000e-01
3.894042968750000000e-01 1.137695312500000000e-01 2.839355468750000000e-01
3.664550781250000000e-01 1.337890625000000000e-01 5.056152343750000000e-01
3.779296875000000000e-01 1.452636718750000000e-01 4.233398437500000000e-01
3.791503906250000000e-01 8.349609375000000000e-02 4.008789062500000000e-01
3.720703125000000000e-01 1.303710937500000000e-01 4.602050781250000000e-01
3.666992187500000000e-01 1.213378906250000000e-01 4.990234375000000000e-01
3.825683593750000000e-01 1.328125000000000000e-01 3.937988281250000000e-01
3.605957031250000000e-01 1.367187500000000000e-01 4.904785156250000000e-01
3.710937500000000000e-01 5.859375000000000000e-02 5.429687500000000000e-01
3.784179687500000000e-01 1.618652343750000000e-01 3.444824218750000000e-01
3.640136718750000000e-01 1.254882812500000000e-01 5.102539062500000000e-01
3.767089843750000000e-01 1.628417968750000000e-01 3.564453125000000000e-01
3.515625000000000000e-01 8.593750000000000000e-02 5.957031250000000000e-01
3.845214843750000000e-01 1.308593750000000000e-01 2.973632812500000000e-01
3.703613281250000000e-01 1.059570312500000000e-01 5.263671875000000000e-01
3.740234375000000000e-01 8.789062500000000000e-02 5.039062500000000000e-01
3.842773437500000000e-01 1.333007812500000000e-01 2.883300781250000000e-01
3.710937500000000000e-01 9.814453125000000000e-02 4.418945312500000000e-01
3.728027343750000000e-01 1.171875000000000000e-01 4.824218750000000000e-01
3.728027343750000000e-01 1.489257812500000000e-01 4.309082031250000000e-01
3.767089843750000000e-01 1.838378906250000000e-01 4.833984375000000000e-01
3.886718750000000000e-01 1.108398437500000000e-01 2.229003906250000000e-01
3.659667968750000000e-01 1.325683593750000000e-01 5.012207031250000000e-01
3.598632812500000000e-01 1.989746093750000000e-01 5.834960937500000000e-01
3.693847656250000000e-01 1.596679687500000000e-01 3.898925781250000000e-01
3.693847656250000000e-01 2.260742187500000000e-01 4.655761718750000000e-01
3.789062500000000000e-01 1.281738281250000000e-01 2.678222656250000000e-01
3.657226562500000000e-01 2.089843750000000000e-01 5.405273437500000000e-01
3.684082031250000000e-01 2.097167968750000000e-01 5.046386718750000000e-01
3.784179687500000000e-01 1.687011718750000000e-01 4.838867187500000000e-01
3.833007812500000000e-01 1.364746093750000000e-01 3.364257812500000000e-01
3.723144531250000000e-01 1.672363281250000000e-01 4.895019531250000000e-01
3.547363281250000000e-01 1.179199218750000000e-01 5.815429687500000000e-01
3.723144531250000000e-01 1.394042968750000000e-01 3.715820312500000000e-01
3.632812500000000000e-01 1.118164062500000000e-01 5.603027343750000000e-01
3.747558593750000000e-01 1.625976562500000000e-01 4.880371093750000000e-01
3.681640625000000000e-01 1.132812500000000000e-01 5.305175781250000000e-01
3.837890625000000000e-01 7.861328125000000000e-02 2.429199218750000000e-01
3.786621093750000000e-01 7.373046875000000000e-02 3.569335937500000000e-01
3.559570312500000000e-01 2.138671875000000000e-01 5.363769531250000000e-01
3.920898437500000000e-01 1.015625000000000000e-01 3.361816406250000000e-01
3.811035156250000000e-01 8.544921875000000000e-02 2.031250000000000000e-01
3.703613281250000000e-01 1.928710937500000000e-01 4.067382812500000000e-01
3.730468750000000000e-01 1.376953125000000000e-01 4.401855468750000000e-01
3.793945312500000000e-01 2.145996093750000000e-01 4.523925781250000000e-01
3.662109375000000000e-01 2.690429687500000000e-01 5.708007812500000000e-01
3.708496093750000000e-01 1.711425781250000000e-01 4.655761718750000000e-01
3.750000000000000000e-01 1.337890625000000000e-01 4.006347656250000000e-01
3.747558593750000000e-01 1.198730468750000000e-01 2.614746093750000000e-01
3.681640625000000000e-01 7.617187500000000000e-02 3.818359375000000000e-01
3.706054687500000000e-01 1.538085937500000000e-01 4.448242187500000000e-01
3.862304687500000000e-01 1.022949218750000000e-01 2.824707031250000000e-01
3.654785156250000000e-01 1.574707031250000000e-01 4.025878906250000000e-01
3.762207031250000000e-01 1.274414062500000000e-01 3.693847656250000000e-01
3.715820312500000000e-01 1.086425781250000000e-01 3.466796875000000000e-01
3.776855468750000000e-01 8.544921875000000000e-02 2.797851562500000000e-01
3.752441406250000000e-01 1.816406250000000000e-01 3.662109375000000000e-01
3.854980468750000000e-01 9.741210937500000000e-02 2.934570312500000000e-01
3.647460937500000000e-01 1.145019531250000000e-01 4.458007812500000000e-01
3.754882812500000000e-01 1.491699218750000000e-01 4.350585937500000000e-01
3.686523437500000000e-01 1.206054687500000000e-01 3.098144531250000000e-01
3.679199218750000000e-01 1.286621093750000000e-01 4.853515625000000000e-01
3.654785156250000000e-01 7.519531250000000000e-02 4.484863281250000000e-01
3.508300781250000000e-01 7.495117187500000000e-02 5.683593750000000000e-01
3.732910156250000000e-01 1.596679687500000000e-01 5.300292968750000000e-01
3.752441406250000000e-01 1.394042968750000000e-01 3.974609375000000000e-01
3.637695312500000000e-01 1.201171875000000000e-01 5.595703125000000000e-01
3.801269531250000000e-01 6.445312500000000000e-02 4.160156250000000000e-01
3.823242187500000000e-01 9.423828125000000000e-02 2.312011718750000000e-01
3.720703125000000000e-01 1.125488281250000000e-01 5.021972656250000000e-01
3.989257812500000000e-01 1.003417968750000000e-01 2.570800781250000000e-01
3.862304687500000000e-01 9.130859375000000000e-02 2.429199218750000000e-01
3.872070312500000000e-01 9.326171875000000000e-02 2.622070312500000000e-01
3.894042968750000000e-01 1.508789062500000000e-01 3.203125000000000000e-01
3.935546875000000000e-01 1.044921875000000000e-01 3.544921875000000000e-01
3.767089843750000000e-01 1.186523437500000000e-01 3.432617187500000000e-01
3.559570312500000000e-01 5.908203125000000000e-02 5.068359375000000000e-01
3.593750000000000000e-01 1.782226562500000000e-01 5.830078125000000000e-01
3.750000000000000000e-01 1.821289062500000000e-01 3.654785156250000000e-01
3.869628906250000000e-01 9.399414062500000000e-02 2.565917968750000000e-01
3.745117187500000000e-01 1.411132812500000000e-01 4.799804687500000000e-01
3.623046875000000000e-01 1.435546875000000000e-01 4.675292968750000000e-01
3.828125000000000000e-01 1.269531250000000000e-01 4.389648437500000000e-01
3.706054687500000000e-01 5.078125000000000000e-02 5.136718750000000000e-01
3.706054687500000000e-01 1.367187500000000000e-01 4.423828125000000000e-01
3.630371093750000000e-01 1.423339843750000000e-01 5.000000000000000000e-01
3.591308593750000000e-01 1.403808593750000000e-01 4.794921875000000000e-01
3.828125000000000000e-01 1.906738281250000000e-01 3.977050781250000000e-01
3.698730468750000000e-01 1.564941406250000000e-01 4.504394531250000000e-01
3.630371093750000000e-01 1.855468750000000000e-01 5.112304687500000000e-01
3.662109375000000000e-01 1.618652343750000000e-01 4.821777343750000000e-01
3.740234375000000000e-01 8.496093750000000000e-02 5.017089843750000000e-01
3.947753906250000000e-01 7.934570312500000000e-02 1.757812500000000000e-01
3.645019531250000000e-01 7.690429687500000000e-02 5.385742187500000000e-01
3.945312500000000000e-01 9.692382812500000000e-02 1.962890625000000000e-01
