3.906250000000000000e-01 1.323242187500000000e-01 3.815917968750000000e-01
3.708496093750000000e-01 1.354980468750000000e-01 4.772949218750000000e-01
3.881835937500000000e-01 1.149902343750000000e-01 2.587890625000000000e-01
3.674316406250000000e-01 8.642578125000000000e-02 5.114746093750000000e-01
3.701171875000000000e-01 1.542968750000000000e-01 4.194335937500000000e-01
3.815917968750000000e-01 1.362304687500000000e-01 3.005371093750000000e-01
3.601074218750000000e-01 8.911132812500000000e-02 5.695800781250000000e-01
3.732910156250000000e-01 1.188964843750000000e-01 4.062500000000000000e-01
3.801269531250000000e-01 1.882324218750000000e-01 4.057617187500000000e-01
3.735351562500000000e-01 2.363281250000000000e-01 4.777832031250000000e-01
3.669433593750000000e-01 1.188964843750000000e-01 5.019531250000000000e-01
3.896484375000000000e-01 1.525878906250000000e-01 3.125000000000000000e-01
3.657226562500000000e-01 1.914062500000000000e-01 5.815429687500000000e-01
3.654785156250000000e-01 2.031250000000000000e-01 5.354003906250000000e-01
3.845214843750000000e-01 9.057617187500000000e-02 2.727050781250000000e-01
3.654785156250000000e-01 1.003417968750000000e-01 5.678710937500000000e-01
3.789062500000000000e-01 9.741210937500000000e-02 3.149414062500000000e-01
3.754882812500000000e-01 1.015625000000000000e-01 3.994140625000000000e-01
3.781738281250000000e-01 8.447265625000000000e-02 3.010253906250000000e-01
3.686523437500000000e-01 1.833496093750000000e-01 4.008789062500000000e-01
3.679199218750000000e-01 1.677246093750000000e-01 4.875488281250000000e-01
3.662109375000000000e-01 1.540527343750000000e-01 5.612792968750000000e-01
3.747558593750000000e-01 8.227539062500000000e-02 3.898925781250000000e-01
3.796386718750000000e-01 1.557617187500000000e-01 4.301757812500000000e-01
3.698730468750000000e-01 1.577148437500000000e-01 4.895019531250000000e-01
3.757324218750000000e-01 1.069335937500000000e-01 3.129882812500000000e-01
3.842773437500000000e-01 1.640625000000000000e-01 4.631347656250000000e-01
3.837890625000000000e-01 1.306152343750000000e-01 2.834472656250000000e-01
4.023437500000000000e-01 6.738281250000000000e-02 1.552734375000000000e-01
3.833007812500000000e-01 9.228515625000000000e-02 3.698730468750000000e-01
3.767089843750000000e-01 1.201171875000000000e-01 3.679199218750000000e-01
3.674316406250000000e-01 2.456054687500000000e-01 5.048828125000000000e-01
3.920898437500000000e-01 1.269531250000000000e-01 3.964843750000000000e-01
3.754882812500000000e-01 1.076660156250000000e-01 4.055175781250000000e-01
3.784179687500000000e-01 1.296386718750000000e-01 4.316406250000000000e-01
3.657226562500000000e-01 1.965332031250000000e-01 5.800781250000000000e-01
3.874511718750000000e-01 1.127929687500000000e-01 2.272949218750000000e-01
3.837890625000000000e-01 7.861328125000000000e-02 2.414550781250000000e-01
3.623046875000000000e-01 1.242675781250000000e-01 5.173339843750000000e-01
3.764648437500000000e-01 1.074218750000000000e-01 3.496093750000000000e-01
3.696289062500000000e-01 1.174316406250000000e-01 4.777832031250000000e-01
3.737792968750000000e-01 2.141113281250000000e-01 4.641113281250000000e-01
3.818359375000000000e-01 1.801757812500000000e-01 3.671875000000000000e-01
3.764648437500000000e-01 1.330566406250000000e-01 3.464355468750000000e-01
3.830566406250000000e-01 1.396484375000000000e-01 3.764648437500000000e-01
3.620605468750000000e-01 1.379394531250000000e-01 5.639648437500000000e-01
3.625488281250000000e-01 2.460937500000000000e-01 5.307617187500000000e-01
3.679199218750000000e-01 1.279296875000000000e-01 3.664550781250000000e-01
4.062500000000000000e-01 6.909179687500000000e-02 2.177734375000000000e-01
3.635253906250000000e-01 2.370605468750000000e-01 5.964355468750000000e-01
3.676757812500000000e-01 9.008789062500000000e-02 5.634765625000000000e-01
3.669433593750000000e-01 1.982421875000000000e-01 5.895996093750000000e-01
3.955078125000000000e-01 1.005859375000000000e-01 2.482910156250000000e-01
3.718261718750000000e-01 1.562500000000000000e-01 4.946289062500000000e-01
3.640136718750000000e-01 1.669921875000000000e-01 4.890136718750000000e-01
3.684082031250000000e-01 2.458496093750000000e-01 5.620117187500000000e-01
3.666992187500000000e-01 2.819824218750000000e-01 5.749511718750000000e-01
3.664550781250000000e-01 1.005859375000000000e-01 5.368652343750000000e-01
3.640136718750000000e-01 2.006835937500000000e-01 5.734863281250000000e-01
3.798828125000000000e-01 8.911132812500000000e-02 2.646484375000000000e-01
3.684082031250000000e-01 8.789062500000000000e-02 5.678710937500000000e-01
3.750000000000000000e-01 2.050781250000000000e-01 4.245605468750000000e-01
3.957519531250000000e-01 1.174316406250000000e-01 2.495117187500000000e-01
3.610839843750000000e-01 9.350585937500000000e-02 5.378417968750000000e-01
3.879394531250000000e-01 1.159667968750000000e-01 4.414062500000000000e-01
3.786621093750000000e-01 2.175292968750000000e-01 4.733886718750000000e-01
3.747558593750000000e-01 1.396484375000000000e-01 4.604492187500000000e-01
3.813476562500000000e-01 1.176757812500000000e-01 2.358398437500000000e-01
3.840332031250000000e-01 1.533203125000000000e-01 3.681640625000000000e-01
3.686523437500000000e-01 1.491699218750000000e-01 3.730468750000000000e-01
3.798828125000000000e-01 1.577148437500000000e-01 4.414062500000000000e-01
3.579101562500000000e-01 8.911132812500000000e-02 6.003417968750000000e-01
3.906250000000000000e-01 6.762695312500000000e-02 3.410644531250000000e-01
3.730468750000000000e-01 1.506347656250000000e-01 5.090332031250000000e-01
3.703613281250000000e-01 1.008300781250000000e-01 2.949218750000000000e-01
3.732910156250000000e-01 1.279296875000000000e-01 5.195312500000000000e-01
3.918457031250000000e-01 1.369628906250000000e-01 3.090820312500000000e-01
3.742675781250000000e-01 1.027832031250000000e-01 2.990722656250000000e-01
3.686523437500000000e-01 2.285156250000000000e-01 5.175781250000000000e-01
3.791503906250000000e-01 8.618164062500000000e-02 5.026855468750000000e-01
3.771972656250000000e-01 1.105957031250000000e-01 3.959960937500000000e-01
3.967285156250000000e-01 9.667968750000000000e-02 2.419433593750000000e-01
3.918457031250000000e-01 1.069335937500000000e-01 2.709960937500000000e-01
3.588867187500000000e-01 2.014160156250000000e-01 5.903320312500000000e-01
3.701171875000000000e-01 8.886718750000000000e-02 3.767089843750000000e-01
3.991699218750000000e-01 9.960937500000000000e-02 2.265625000000000000e-01
3.579101562500000000e-01 1.528320312500000000e-01 5.964355468750000000e-01
3.649902343750000000e-01 1.279296875000000000e-01 5.380859375000000000e-01
3.833007812500000000e-01 1.655273437500000000e-01 4.343261718750000000e-01
3.847656250000000000e-01 8.007812500000000000e-02 3.825683593750000000e-01
3.784179687500000000e-01 1.523437500000000000e-01 3.864746093750000000e-01
3.828125000000000000e-01 1.499023437500000000e-01 3.234863281250000000e-01
3.796386718750000000e-01 1.459960937500000000e-01 4.812011718750000000e-01
3.693847656250000000e-01 1.713867187500000000e-01 4.323730468750000000e-01
4.030761718750000000e-01 7.910156250000000000e-02 1.582031250000000000e-01
3.774414062500000000e-01 1.040039062500000000e-01 4.460449218750000000e-01
3.774414062500000000e-01 1.821289062500000000e-01 4.658203125000000000e-01
3.640136718750000000e-01 2.331542968750000000e-01 5.244140625000000000e-01
3.718261718750000000e-01 1.252441406250000000e-01 4.519042968750000000e-01
3.737792968750000000e-01 1.940917968750000000e-01 4.145507812500000000e-01
