4.077148437500000000e-02 3.696289062500000000e-01 9.592285156250000000e-01
4.907226562500000000e-02 3.427734375000000000e-01 7.424316406250000000e-01
3.491210937500000000e-02 3.735351562500000000e-01 9.650878906250000000e-01
4.199218750000000000e-02 4.182128906250000000e-01 9.580078125000000000e-01
4.345703125000000000e-02 3.083496093750000000e-01 9.565429687500000000e-01
5.004882812500000000e-02 1.843261718750000000e-01 9.499511718750000000e-01
5.078125000000000000e-02 2.202148437500000000e-01 9.492187500000000000e-01
5.932617187500000000e-02 2.807617187500000000e-01 6.064453125000000000e-01
3.125000000000000000e-02 4.584960937500000000e-01 9.687500000000000000e-01
4.028320312500000000e-02 3.598632812500000000e-01 9.597167968750000000e-01
5.737304687500000000e-02 2.521972656250000000e-01 7.233886718750000000e-01
3.588867187500000000e-02 4.082031250000000000e-01 9.641113281250000000e-01
3.173828125000000000e-02 2.819824218750000000e-01 9.682617187500000000e-01
3.686523437500000000e-02 2.790527343750000000e-01 7.746582031250000000e-01
4.003906250000000000e-02 2.998046875000000000e-01 9.599609375000000000e-01
2.416992187500000000e-02 2.741699218750000000e-01 9.758300781250000000e-01
4.492187500000000000e-02 3.164062500000000000e-01 7.595214843750000000e-01
3.686523437500000000e-02 4.291992187500000000e-01 9.631347656250000000e-01
4.809570312500000000e-02 3.989257812500000000e-01 9.519042968750000000e-01
4.296875000000000000e-02 3.608398437500000000e-01 9.570312500000000000e-01
3.222656250000000000e-02 4.208984375000000000e-01 9.677734375000000000e-01
3.881835937500000000e-02 4.072265625000000000e-01 9.611816406250000000e-01
4.809570312500000000e-02 2.512207031250000000e-01 7.148437500000000000e-01
4.418945312500000000e-02 3.510742187500000000e-01 9.558105468750000000e-01
3.979492187500000000e-02 2.558593750000000000e-01 9.602050781250000000e-01
2.758789062500000000e-02 4.802246093750000000e-01 9.724121093750000000e-01
3.369140625000000000e-02 2.885742187500000000e-01 9.663085937500000000e-01
2.929687500000000000e-02 4.670410156250000000e-01 9.707031250000000000e-01
4.101562500000000000e-02 3.793945312500000000e-01 9.589843750000000000e-01
3.588867187500000000e-02 2.529296875000000000e-01 9.641113281250000000e-01
4.907226562500000000e-02 3.774414062500000000e-01 9.509277343750000000e-01
4.125976562500000000e-02 3.291015625000000000e-01 7.343750000000000000e-01
4.833984375000000000e-02 2.534179687500000000e-01 7.797851562500000000e-01
4.638671875000000000e-02 2.626953125000000000e-01 7.604980468750000000e-01
4.174804687500000000e-02 3.557128906250000000e-01 9.582519531250000000e-01
4.589843750000000000e-02 2.966308593750000000e-01 7.001953125000000000e-01
4.394531250000000000e-02 4.631347656250000000e-01 9.560546875000000000e-01
3.637695312500000000e-02 3.669433593750000000e-01 9.636230468750000000e-01
7.080078125000000000e-02 2.238769531250000000e-01 9.291992187500000000e-01
5.004882812500000000e-02 3.498535156250000000e-01 9.499511718750000000e-01
4.321289062500000000e-02 3.039550781250000000e-01 9.567871093750000000e-01
4.760742187500000000e-02 2.460937500000000000e-01 7.880859375000000000e-01
4.687500000000000000e-02 3.884277343750000000e-01 7.915039062500000000e-01
3.637695312500000000e-02 2.729492187500000000e-01 9.636230468750000000e-01
5.957031250000000000e-02 2.287597656250000000e-01 4.624023437500000000e-01
5.786132812500000000e-02 3.635253906250000000e-01 9.421386718750000000e-01
3.906250000000000000e-02 3.562011718750000000e-01 9.609375000000000000e-01
4.833984375000000000e-02 3.098144531250000000e-01 9.516601562500000000e-01
4.150390625000000000e-02 2.895507812500000000e-01 9.584960937500000000e-01
4.956054687500000000e-02 2.519531250000000000e-01 5.231933593750000000e-01
5.029296875000000000e-02 2.548828125000000000e-01 9.497070312500000000e-01
4.321289062500000000e-02 4.401855468750000000e-01 9.567871093750000000e-01
4.956054687500000000e-02 3.305664062500000000e-01 6.870117187500000000e-01
4.614257812500000000e-02 3.120117187500000000e-01 9.538574218750000000e-01
4.150390625000000000e-02 4.272460937500000000e-01 9.584960937500000000e-01
4.101562500000000000e-02 2.680664062500000000e-01 9.589843750000000000e-01
3.173828125000000000e-02 3.842773437500000000e-01 9.682617187500000000e-01
4.565429687500000000e-02 3.601074218750000000e-01 9.543457031250000000e-01
5.004882812500000000e-02 3.698730468750000000e-01 7.468261718750000000e-01
5.371093750000000000e-02 2.465820312500000000e-01 5.251464843750000000e-01
4.443359375000000000e-02 2.292480468750000000e-01 7.453613281250000000e-01
4.736328125000000000e-02 3.891601562500000000e-01 9.526367187500000000e-01
4.101562500000000000e-02 4.790039062500000000e-01 9.589843750000000000e-01
3.955078125000000000e-02 2.626953125000000000e-01 7.016601562500000000e-01
5.615234375000000000e-02 3.693847656250000000e-01 7.958984375000000000e-01
4.345703125000000000e-02 2.333984375000000000e-01 9.565429687500000000e-01
4.663085937500000000e-02 4.626464843750000000e-01 9.533691406250000000e-01
4.858398437500000000e-02 3.454589843750000000e-01 9.514160156250000000e-01
6.030273437500000000e-02 3.273925781250000000e-01 7.775878906250000000e-01
3.295898437500000000e-02 4.025878906250000000e-01 9.670410156250000000e-01
4.882812500000000000e-02 3.959960937500000000e-01 9.511718750000000000e-01
3.613281250000000000e-02 4.270019531250000000e-01 9.638671875000000000e-01
3.247070312500000000e-02 1.706542968750000000e-01 9.675292968750000000e-01
4.199218750000000000e-02 3.166503906250000000e-01 9.580078125000000000e-01
4.296875000000000000e-02 3.784179687500000000e-01 9.570312500000000000e-01
4.980468750000000000e-02 2.966308593750000000e-01 9.501953125000000000e-01
5.810546875000000000e-02 3.151855468750000000e-01 7.287597656250000000e-01
3.784179687500000000e-02 3.662109375000000000e-01 9.621582031250000000e-01
5.615234375000000000e-02 2.016601562500000000e-01 5.969238281250000000e-01
4.248046875000000000e-02 3.525390625000000000e-01 7.619628906250000000e-01
4.541015625000000000e-02 4.404296875000000000e-01 9.545898437500000000e-01
4.663085937500000000e-02 2.343750000000000000e-01 7.229003906250000000e-01
4.345703125000000000e-02 2.602539062500000000e-01 5.520019531250000000e-01
2.783203125000000000e-02 4.050292968750000000e-01 9.721679687500000000e-01
4.687500000000000000e-02 3.535156250000000000e-01 7.517089843750000000e-01
4.003906250000000000e-02 2.805175781250000000e-01 9.599609375000000000e-01
5.224609375000000000e-02 1.967773437500000000e-01 7.766113281250000000e-01
4.077148437500000000e-02 4.282226562500000000e-01 9.592285156250000000e-01
4.199218750000000000e-02 3.200683593750000000e-01 9.577636718750000000e-01
6.152343750000000000e-02 3.117675781250000000e-01 7.666015625000000000e-01
6.152343750000000000e-02 2.841796875000000000e-01 6.584472656250000000e-01
4.003906250000000000e-02 2.631835937500000000e-01 9.599609375000000000e-01
5.322265625000000000e-02 1.784667968750000000e-01 9.467773437500000000e-01
3.881835937500000000e-02 4.177246093750000000e-01 9.611816406250000000e-01
5.224609375000000000e-02 3.000488281250000000e-01 8.127441406250000000e-01
5.078125000000000000e-02 4.343261718750000000e-01 9.492187500000000000e-01
3.833007812500000000e-02 2.463378906250000000e-01 7.258300781250000000e-01
3.784179687500000000e-02 4.787597656250000000e-01 9.621582031250000000e-01
3.369140625000000000e-02 2.377929687500000000e-01 9.663085937500000000e-01
4.443359375000000000e-02 3.347167968750000000e-01 9.555664062500000000e-01
