5.200195312500000000e-02 3.408203125000000000e-01 6.979980468750000000e-01
5.224609375000000000e-02 4.038085937500000000e-01 9.477539062500000000e-01
4.785156250000000000e-02 2.651367187500000000e-01 7.097167968750000000e-01
3.735351562500000000e-02 4.738769531250000000e-01 9.626464843750000000e-01
4.980468750000000000e-02 3.176269531250000000e-01 9.501953125000000000e-01
5.224609375000000000e-02 4.030761718750000000e-01 9.477539062500000000e-01
3.417968750000000000e-02 3.459472656250000000e-01 9.658203125000000000e-01
5.883789062500000000e-02 2.995605468750000000e-01 8.151855468750000000e-01
3.320312500000000000e-02 4.631347656250000000e-01 9.667968750000000000e-01
4.174804687500000000e-02 3.598632812500000000e-01 9.582519531250000000e-01
6.469726562500000000e-02 3.352050781250000000e-01 7.031250000000000000e-01
3.588867187500000000e-02 3.178710937500000000e-01 9.641113281250000000e-01
4.418945312500000000e-02 2.006835937500000000e-01 9.558105468750000000e-01
5.590820312500000000e-02 2.763671875000000000e-01 7.556152343750000000e-01
4.101562500000000000e-02 3.625488281250000000e-01 9.589843750000000000e-01
3.002929687500000000e-02 2.736816406250000000e-01 9.699707031250000000e-01
5.883789062500000000e-02 2.460937500000000000e-01 5.759277343750000000e-01
3.759765625000000000e-02 4.284667968750000000e-01 9.624023437500000000e-01
5.371093750000000000e-02 1.835937500000000000e-01 8.110351562500000000e-01
5.957031250000000000e-02 2.192382812500000000e-01 7.905273437500000000e-01
5.981445312500000000e-02 2.114257812500000000e-01 7.338867187500000000e-01
6.689453125000000000e-02 2.294921875000000000e-01 5.568847656250000000e-01
4.272460937500000000e-02 2.526855468750000000e-01 9.572753906250000000e-01
3.686523437500000000e-02 4.038085937500000000e-01 9.631347656250000000e-01
5.151367187500000000e-02 1.865234375000000000e-01 9.484863281250000000e-01
3.637695312500000000e-02 4.763183593750000000e-01 9.636230468750000000e-01
3.491210937500000000e-02 2.917480468750000000e-01 9.650878906250000000e-01
3.369140625000000000e-02 4.685058593750000000e-01 9.663085937500000000e-01
4.956054687500000000e-02 2.236328125000000000e-01 9.504394531250000000e-01
5.493164062500000000e-02 2.802734375000000000e-01 6.621093750000000000e-01
4.101562500000000000e-02 3.881835937500000000e-01 9.589843750000000000e-01
3.100585937500000000e-02 2.353515625000000000e-01 9.689941406250000000e-01
5.273437500000000000e-02 2.229003906250000000e-01 6.491699218750000000e-01
5.151367187500000000e-02 2.851562500000000000e-01 7.548828125000000000e-01
5.541992187500000000e-02 2.419433593750000000e-01 9.445800781250000000e-01
4.028320312500000000e-02 4.211425781250000000e-01 9.597167968750000000e-01
4.052734375000000000e-02 2.907714843750000000e-01 9.594726562500000000e-01
3.833007812500000000e-02 3.652343750000000000e-01 9.616699218750000000e-01
6.079101562500000000e-02 2.578125000000000000e-01 5.844726562500000000e-01
4.492187500000000000e-02 4.462890625000000000e-01 9.550781250000000000e-01
4.589843750000000000e-02 3.520507812500000000e-01 9.541015625000000000e-01
3.710937500000000000e-02 3.591308593750000000e-01 9.628906250000000000e-01
4.589843750000000000e-02 3.911132812500000000e-01 7.949218750000000000e-01
4.345703125000000000e-02 4.631347656250000000e-01 9.565429687500000000e-01
4.956054687500000000e-02 3.032226562500000000e-01 9.504394531250000000e-01
5.322265625000000000e-02 3.098144531250000000e-01 7.670898437500000000e-01
4.589843750000000000e-02 3.564453125000000000e-01 8.200683593750000000e-01
4.956054687500000000e-02 3.227539062500000000e-01 9.504394531250000000e-01
3.369140625000000000e-02 4.079589843750000000e-01 9.663085937500000000e-01
5.615234375000000000e-02 2.495117187500000000e-01 5.437011718750000000e-01
5.541992187500000000e-02 2.299804687500000000e-01 9.445800781250000000e-01
4.248046875000000000e-02 4.484863281250000000e-01 9.575195312500000000e-01
3.833007812500000000e-02 4.179687500000000000e-01 9.616699218750000000e-01
3.881835937500000000e-02 3.146972656250000000e-01 9.611816406250000000e-01
4.272460937500000000e-02 4.377441406250000000e-01 9.572753906250000000e-01
4.272460937500000000e-02 2.661132812500000000e-01 9.572753906250000000e-01
5.224609375000000000e-02 1.962890625000000000e-01 9.477539062500000000e-01
4.174804687500000000e-02 4.553222656250000000e-01 9.582519531250000000e-01
6.152343750000000000e-02 2.844238281250000000e-01 5.810546875000000000e-01
5.249023437500000000e-02 1.889648437500000000e-01 9.475097656250000000e-01
3.784179687500000000e-02 2.104492187500000000e-01 9.621582031250000000e-01
4.638671875000000000e-02 4.201660156250000000e-01 9.536132812500000000e-01
5.493164062500000000e-02 3.315429687500000000e-01 7.778320312500000000e-01
3.613281250000000000e-02 2.543945312500000000e-01 9.638671875000000000e-01
5.346679687500000000e-02 3.859863281250000000e-01 7.985839843750000000e-01
4.663085937500000000e-02 2.229003906250000000e-01 8.227539062500000000e-01
5.029296875000000000e-02 4.291992187500000000e-01 9.497070312500000000e-01
3.906250000000000000e-02 3.842773437500000000e-01 9.609375000000000000e-01
5.151367187500000000e-02 2.929687500000000000e-01 7.932128906250000000e-01
4.565429687500000000e-02 3.132324218750000000e-01 9.543457031250000000e-01
5.517578125000000000e-02 3.020019531250000000e-01 9.448242187500000000e-01
4.492187500000000000e-02 3.630371093750000000e-01 7.912597656250000000e-01
4.833984375000000000e-02 2.939453125000000000e-01 7.814941406250000000e-01
6.079101562500000000e-02 2.070312500000000000e-01 6.469726562500000000e-01
4.223632812500000000e-02 3.879394531250000000e-01 9.577636718750000000e-01
3.710937500000000000e-02 4.755859375000000000e-01 9.628906250000000000e-01
5.468750000000000000e-02 2.133789062500000000e-01 7.746582031250000000e-01
5.517578125000000000e-02 3.789062500000000000e-01 7.822265625000000000e-01
3.710937500000000000e-02 3.439941406250000000e-01 9.628906250000000000e-01
4.541015625000000000e-02 3.942871093750000000e-01 9.545898437500000000e-01
4.150390625000000000e-02 4.665527343750000000e-01 9.584960937500000000e-01
4.467773437500000000e-02 2.343750000000000000e-01 7.250976562500000000e-01
3.979492187500000000e-02 4.223632812500000000e-01 9.602050781250000000e-01
2.880859375000000000e-02 4.047851562500000000e-01 9.711914062500000000e-01
4.150390625000000000e-02 2.263183593750000000e-01 9.584960937500000000e-01
4.492187500000000000e-02 2.407226562500000000e-01 7.919921875000000000e-01
3.247070312500000000e-02 4.128417968750000000e-01 9.675292968750000000e-01
5.151367187500000000e-02 3.542480468750000000e-01 9.484863281250000000e-01
4.125976562500000000e-02 3.166503906250000000e-01 9.587402343750000000e-01
6.616210937500000000e-02 2.949218750000000000e-01 7.861328125000000000e-01
5.126953125000000000e-02 1.821289062500000000e-01 9.487304687500000000e-01
4.003906250000000000e-02 3.305664062500000000e-01 9.599609375000000000e-01
3.710937500000000000e-02 3.796386718750000000e-01 9.628906250000000000e-01
4.980468750000000000e-02 4.028320312500000000e-01 9.501953125000000000e-01
5.175781250000000000e-02 2.019042968750000000e-01 6.271972656250000000e-01
4.663085937500000000e-02 2.495117187500000000e-01 7.170410156250000000e-01
3.613281250000000000e-02 2.563476562500000000e-01 9.638671875000000000e-01
4.077148437500000000e-02 4.716796875000000000e-01 9.592285156250000000e-01
3.906250000000000000e-02 2.375488281250000000e-01 9.609375000000000000e-01
5.688476562500000000e-02 2.785644531250000000e-01 9.431152343750000000e-01
