1.977539062500000000e-01 1.572265625000000000e-01 6.616210937500000000e-01
1.984863281250000000e-01 3.393554687500000000e-01 7.075195312500000000e-01
1.977539062500000000e-01 3.129882812500000000e-01 7.048339843750000000e-01
2.072753906250000000e-01 1.552734375000000000e-01 5.402832031250000000e-01
2.133789062500000000e-01 1.640625000000000000e-01 3.686523437500000000e-01
1.958007812500000000e-01 2.895507812500000000e-01 7.570800781250000000e-01
2.041015625000000000e-01 1.704101562500000000e-01 5.114746093750000000e-01
2.067871093750000000e-01 1.164550781250000000e-01 4.116210937500000000e-01
1.894531250000000000e-01 2.167968750000000000e-01 7.136230468750000000e-01
1.936035156250000000e-01 1.665039062500000000e-01 5.681152343750000000e-01
2.087402343750000000e-01 2.602539062500000000e-01 6.054687500000000000e-01
2.011718750000000000e-01 1.342773437500000000e-01 5.178222656250000000e-01
2.233886718750000000e-01 9.643554687500000000e-02 2.958984375000000000e-01
1.989746093750000000e-01 1.201171875000000000e-01 5.534667968750000000e-01
2.114257812500000000e-01 2.131347656250000000e-01 5.002441406250000000e-01
2.075195312500000000e-01 2.045898437500000000e-01 4.243164062500000000e-01
2.011718750000000000e-01 1.342773437500000000e-01 4.426269531250000000e-01
1.916503906250000000e-01 1.821289062500000000e-01 7.963867187500000000e-01
1.948242187500000000e-01 1.416015625000000000e-01 6.210937500000000000e-01
2.158203125000000000e-01 2.031250000000000000e-01 4.174804687500000000e-01
2.094726562500000000e-01 2.409667968750000000e-01 6.091308593750000000e-01
2.055664062500000000e-01 1.616210937500000000e-01 6.599121093750000000e-01
2.006835937500000000e-01 1.086425781250000000e-01 7.387695312500000000e-01
1.926269531250000000e-01 2.495117187500000000e-01 6.809082031250000000e-01
1.967773437500000000e-01 1.833496093750000000e-01 6.972656250000000000e-01
2.253417968750000000e-01 1.105957031250000000e-01 3.020019531250000000e-01
2.016601562500000000e-01 2.265625000000000000e-01 4.836425781250000000e-01
1.923828125000000000e-01 1.181640625000000000e-01 6.889648437500000000e-01
2.192382812500000000e-01 1.594238281250000000e-01 3.698730468750000000e-01
2.031250000000000000e-01 2.145996093750000000e-01 5.195312500000000000e-01
2.077636718750000000e-01 1.115722656250000000e-01 4.311523437500000000e-01
1.884765625000000000e-01 3.654785156250000000e-01 7.734375000000000000e-01
2.182617187500000000e-01 1.098632812500000000e-01 4.079589843750000000e-01
2.202148437500000000e-01 1.381835937500000000e-01 2.983398437500000000e-01
2.062988281250000000e-01 1.611328125000000000e-01 5.078125000000000000e-01
2.045898437500000000e-01 2.121582031250000000e-01 5.832519531250000000e-01
2.023925781250000000e-01 2.302246093750000000e-01 5.144042968750000000e-01
1.662597656250000000e-01 1.594238281250000000e-01 8.198242187500000000e-01
1.889648437500000000e-01 1.779785156250000000e-01 7.207031250000000000e-01
1.911621093750000000e-01 1.772460937500000000e-01 5.219726562500000000e-01
1.933593750000000000e-01 3.586425781250000000e-01 7.651367187500000000e-01
1.938476562500000000e-01 2.834472656250000000e-01 5.766601562500000000e-01
1.955566406250000000e-01 2.558593750000000000e-01 5.158691406250000000e-01
2.097167968750000000e-01 2.275390625000000000e-01 5.256347656250000000e-01
2.028808593750000000e-01 1.933593750000000000e-01 4.973144531250000000e-01
1.816406250000000000e-01 2.031250000000000000e-01 7.023925781250000000e-01
1.894531250000000000e-01 2.028808593750000000e-01 7.697753906250000000e-01
2.031250000000000000e-01 2.275390625000000000e-01 5.222167968750000000e-01
2.050781250000000000e-01 1.364746093750000000e-01 5.056152343750000000e-01
1.738281250000000000e-01 1.906738281250000000e-01 7.285156250000000000e-01
2.084960937500000000e-01 1.494140625000000000e-01 4.560546875000000000e-01
1.940917968750000000e-01 3.010253906250000000e-01 7.543945312500000000e-01
2.163085937500000000e-01 1.298828125000000000e-01 4.587402343750000000e-01
2.009277343750000000e-01 2.114257812500000000e-01 4.291992187500000000e-01
1.821289062500000000e-01 2.346191406250000000e-01 7.875976562500000000e-01
2.070312500000000000e-01 2.087402343750000000e-01 5.224609375000000000e-01
2.131347656250000000e-01 2.067871093750000000e-01 4.680175781250000000e-01
2.136230468750000000e-01 1.643066406250000000e-01 5.603027343750000000e-01
2.207031250000000000e-01 9.008789062500000000e-02 2.211914062500000000e-01
1.899414062500000000e-01 1.506347656250000000e-01 7.150878906250000000e-01
1.921386718750000000e-01 1.755371093750000000e-01 7.475585937500000000e-01
2.026367187500000000e-01 1.323242187500000000e-01 3.535156250000000000e-01
2.045898437500000000e-01 1.201171875000000000e-01 5.319824218750000000e-01
2.045898437500000000e-01 1.467285156250000000e-01 4.582519531250000000e-01
1.765136718750000000e-01 2.382812500000000000e-01 7.641601562500000000e-01
2.238769531250000000e-01 1.206054687500000000e-01 2.775878906250000000e-01
2.067871093750000000e-01 2.153320312500000000e-01 5.852050781250000000e-01
1.940917968750000000e-01 1.479492187500000000e-01 6.687011718750000000e-01
2.080078125000000000e-01 1.171875000000000000e-01 3.479003906250000000e-01
2.155761718750000000e-01 1.096191406250000000e-01 2.634277343750000000e-01
1.889648437500000000e-01 2.460937500000000000e-01 6.721191406250000000e-01
1.791992187500000000e-01 1.674804687500000000e-01 7.934570312500000000e-01
1.945800781250000000e-01 9.912109375000000000e-02 5.905761718750000000e-01
2.033691406250000000e-01 1.887207031250000000e-01 6.752929687500000000e-01
1.782226562500000000e-01 1.425781250000000000e-01 7.094726562500000000e-01
1.804199218750000000e-01 3.029785156250000000e-01 7.031250000000000000e-01
2.185058593750000000e-01 9.472656250000000000e-02 1.945800781250000000e-01
2.038574218750000000e-01 1.782226562500000000e-01 5.571289062500000000e-01
1.992187500000000000e-01 1.899414062500000000e-01 6.301269531250000000e-01
1.650390625000000000e-01 2.639160156250000000e-01 8.300781250000000000e-01
2.014160156250000000e-01 2.185058593750000000e-01 6.113281250000000000e-01
1.943359375000000000e-01 2.438964843750000000e-01 6.538085937500000000e-01
1.992187500000000000e-01 2.792968750000000000e-01 7.014160156250000000e-01
2.241210937500000000e-01 1.264648437500000000e-01 3.254394531250000000e-01
2.060546875000000000e-01 2.087402343750000000e-01 5.512695312500000000e-01
1.860351562500000000e-01 1.872558593750000000e-01 7.373046875000000000e-01
2.133789062500000000e-01 1.418457031250000000e-01 3.771972656250000000e-01
2.031250000000000000e-01 1.584472656250000000e-01 4.799804687500000000e-01
1.953125000000000000e-01 2.478027343750000000e-01 7.404785156250000000e-01
2.058105468750000000e-01 1.669921875000000000e-01 3.642578125000000000e-01
2.028808593750000000e-01 1.303710937500000000e-01 4.094238281250000000e-01
1.950683593750000000e-01 1.970214843750000000e-01 5.678710937500000000e-01
2.080078125000000000e-01 1.386718750000000000e-01 5.842285156250000000e-01
1.918945312500000000e-01 1.801757812500000000e-01 6.394042968750000000e-01
1.997070312500000000e-01 1.130371093750000000e-01 4.814453125000000000e-01
1.884765625000000000e-01 2.585449218750000000e-01 7.805175781250000000e-01
2.004394531250000000e-01 1.704101562500000000e-01 6.352539062500000000e-01
1.860351562500000000e-01 1.921386718750000000e-01 6.174316406250000000e-01
1.938476562500000000e-01 1.813964843750000000e-01 6.708984375000000000e-01
1.906738281250000000e-01 2.180175781250000000e-01 6.428222656250000000e-01
