2.185058593750000000e-01 2.028808593750000000e-01 4.382324218750000000e-01
2.106933593750000000e-01 1.289062500000000000e-01 7.519531250000000000e-01
2.150878906250000000e-01 2.753906250000000000e-01 7.287597656250000000e-01
2.294921875000000000e-01 2.014160156250000000e-01 4.099121093750000000e-01
2.182617187500000000e-01 1.848144531250000000e-01 6.350097656250000000e-01
2.263183593750000000e-01 2.038574218750000000e-01 4.240722656250000000e-01
2.050781250000000000e-01 1.396484375000000000e-01 7.299804687500000000e-01
2.346191406250000000e-01 9.667968750000000000e-02 2.587890625000000000e-01
1.975097656250000000e-01 1.911621093750000000e-01 7.890625000000000000e-01
2.097167968750000000e-01 2.416992187500000000e-01 7.119140625000000000e-01
2.326660156250000000e-01 2.026367187500000000e-01 4.108886718750000000e-01
2.238769531250000000e-01 2.165527343750000000e-01 5.498046875000000000e-01
2.368164062500000000e-01 1.425781250000000000e-01 2.946777343750000000e-01
2.360839843750000000e-01 1.230468750000000000e-01 3.264160156250000000e-01
2.241210937500000000e-01 2.136230468750000000e-01 4.536132812500000000e-01
2.514648437500000000e-01 1.132812500000000000e-01 2.661132812500000000e-01
2.399902343750000000e-01 1.289062500000000000e-01 2.153320312500000000e-01
2.353515625000000000e-01 1.528320312500000000e-01 3.886718750000000000e-01
2.136230468750000000e-01 2.814941406250000000e-01 6.711425781250000000e-01
2.207031250000000000e-01 3.198242187500000000e-01 7.028808593750000000e-01
2.307128906250000000e-01 1.577148437500000000e-01 4.470214843750000000e-01
2.304687500000000000e-01 2.087402343750000000e-01 6.840820312500000000e-01
2.302246093750000000e-01 3.100585937500000000e-01 6.513671875000000000e-01
2.224121093750000000e-01 1.289062500000000000e-01 3.913574218750000000e-01
2.141113281250000000e-01 2.460937500000000000e-01 7.465820312500000000e-01
2.424316406250000000e-01 1.442871093750000000e-01 3.198242187500000000e-01
2.102050781250000000e-01 2.485351562500000000e-01 7.346191406250000000e-01
2.312011718750000000e-01 1.333007812500000000e-01 4.360351562500000000e-01
2.241210937500000000e-01 1.704101562500000000e-01 3.986816406250000000e-01
2.182617187500000000e-01 2.578125000000000000e-01 7.402343750000000000e-01
1.979980468750000000e-01 1.464843750000000000e-01 7.739257812500000000e-01
2.275390625000000000e-01 1.364746093750000000e-01 4.890136718750000000e-01
2.177734375000000000e-01 3.583984375000000000e-01 7.524414062500000000e-01
2.131347656250000000e-01 2.546386718750000000e-01 6.562500000000000000e-01
2.226562500000000000e-01 2.145996093750000000e-01 6.459960937500000000e-01
2.204589843750000000e-01 2.209472656250000000e-01 6.828613281250000000e-01
2.163085937500000000e-01 2.546386718750000000e-01 5.351562500000000000e-01
2.153320312500000000e-01 3.032226562500000000e-01 7.587890625000000000e-01
2.248535156250000000e-01 1.809082031250000000e-01 5.222167968750000000e-01
2.246093750000000000e-01 1.381835937500000000e-01 6.064453125000000000e-01
2.299804687500000000e-01 1.984863281250000000e-01 4.143066406250000000e-01
2.238769531250000000e-01 2.641601562500000000e-01 5.371093750000000000e-01
2.214355468750000000e-01 2.521972656250000000e-01 5.747070312500000000e-01
2.358398437500000000e-01 1.870117187500000000e-01 4.235839843750000000e-01
2.199707031250000000e-01 1.782226562500000000e-01 3.862304687500000000e-01
2.141113281250000000e-01 2.797851562500000000e-01 6.706542968750000000e-01
2.233886718750000000e-01 2.744140625000000000e-01 6.369628906250000000e-01
2.314453125000000000e-01 1.899414062500000000e-01 4.653320312500000000e-01
2.192382812500000000e-01 2.424316406250000000e-01 5.190429687500000000e-01
2.209472656250000000e-01 2.250976562500000000e-01 6.352539062500000000e-01
2.131347656250000000e-01 1.855468750000000000e-01 6.240234375000000000e-01
2.319335937500000000e-01 1.210937500000000000e-01 6.730957031250000000e-01
2.260742187500000000e-01 3.183593750000000000e-01 6.459960937500000000e-01
2.209472656250000000e-01 2.846679687500000000e-01 6.989746093750000000e-01
2.351074218750000000e-01 2.067871093750000000e-01 5.317382812500000000e-01
2.395019531250000000e-01 1.210937500000000000e-01 3.413085937500000000e-01
2.375488281250000000e-01 1.025390625000000000e-01 4.328613281250000000e-01
2.451171875000000000e-01 1.379394531250000000e-01 3.222656250000000000e-01
2.380371093750000000e-01 1.103515625000000000e-01 2.224121093750000000e-01
2.182617187500000000e-01 2.065429687500000000e-01 6.621093750000000000e-01
2.355957031250000000e-01 1.799316406250000000e-01 4.790039062500000000e-01
2.126464843750000000e-01 2.055664062500000000e-01 6.147460937500000000e-01
2.053222656250000000e-01 1.843261718750000000e-01 7.507324218750000000e-01
2.089843750000000000e-01 1.105957031250000000e-01 6.191406250000000000e-01
2.158203125000000000e-01 2.282714843750000000e-01 5.839843750000000000e-01
2.236328125000000000e-01 2.827148437500000000e-01 6.506347656250000000e-01
2.141113281250000000e-01 1.252441406250000000e-01 6.376953125000000000e-01
2.243652343750000000e-01 9.643554687500000000e-02 5.791015625000000000e-01
2.131347656250000000e-01 1.188964843750000000e-01 6.049804687500000000e-01
2.314453125000000000e-01 1.423339843750000000e-01 4.641113281250000000e-01
2.109375000000000000e-01 2.231445312500000000e-01 5.898437500000000000e-01
2.358398437500000000e-01 8.007812500000000000e-02 2.187500000000000000e-01
2.233886718750000000e-01 1.159667968750000000e-01 5.124511718750000000e-01
2.216796875000000000e-01 1.535644531250000000e-01 6.394042968750000000e-01
2.119140625000000000e-01 2.944335937500000000e-01 6.818847656250000000e-01
2.272949218750000000e-01 1.679687500000000000e-01 4.438476562500000000e-01
2.067871093750000000e-01 1.501464843750000000e-01 6.840820312500000000e-01
2.451171875000000000e-01 1.625976562500000000e-01 3.220214843750000000e-01
2.167968750000000000e-01 2.246093750000000000e-01 5.593261718750000000e-01
2.163085937500000000e-01 3.041992187500000000e-01 6.103515625000000000e-01
2.290039062500000000e-01 1.042480468750000000e-01 4.711914062500000000e-01
2.260742187500000000e-01 1.906738281250000000e-01 5.334472656250000000e-01
2.102050781250000000e-01 2.116699218750000000e-01 7.456054687500000000e-01
2.380371093750000000e-01 1.372070312500000000e-01 3.208007812500000000e-01
2.307128906250000000e-01 1.545410156250000000e-01 3.662109375000000000e-01
2.331542968750000000e-01 9.399414062500000000e-02 3.754882812500000000e-01
2.409667968750000000e-01 1.240234375000000000e-01 3.103027343750000000e-01
2.211914062500000000e-01 1.357421875000000000e-01 4.567871093750000000e-01
2.197265625000000000e-01 1.057128906250000000e-01 7.158203125000000000e-01
2.167968750000000000e-01 3.356933593750000000e-01 6.933593750000000000e-01
2.231445312500000000e-01 1.684570312500000000e-01 5.466308593750000000e-01
2.319335937500000000e-01 2.031250000000000000e-01 5.927734375000000000e-01
2.429199218750000000e-01 2.116699218750000000e-01 4.257812500000000000e-01
2.236328125000000000e-01 1.208496093750000000e-01 4.304199218750000000e-01
2.282714843750000000e-01 1.140136718750000000e-01 3.405761718750000000e-01
2.219238281250000000e-01 1.169433593750000000e-01 5.227050781250000000e-01
2.243652343750000000e-01 2.290039062500000000e-01 5.441894531250000000e-01
1.997070312500000000e-01 2.668457031250000000e-01 7.343750000000000000e-01
2.211914062500000000e-01 2.485351562500000000e-01 7.131347656250000000e-01
2.324218750000000000e-01 1.538085937500000000e-01 4.047851562500000000e-01
