1.777343750000000000e-01 2.734375000000000000e-01 6.569824218750000000e-01
1.721191406250000000e-01 2.900390625000000000e-01 7.014160156250000000e-01
1.899414062500000000e-01 1.975097656250000000e-01 4.409179687500000000e-01
1.774902343750000000e-01 1.850585937500000000e-01 7.304687500000000000e-01
1.596679687500000000e-01 1.767578125000000000e-01 8.298339843750000000e-01
1.809082031250000000e-01 2.744140625000000000e-01 6.926269531250000000e-01
1.740722656250000000e-01 2.756347656250000000e-01 7.973632812500000000e-01
1.860351562500000000e-01 1.533203125000000000e-01 5.854492187500000000e-01
1.809082031250000000e-01 2.224121093750000000e-01 6.870117187500000000e-01
1.867675781250000000e-01 1.811523437500000000e-01 3.903808593750000000e-01
1.813964843750000000e-01 2.048339843750000000e-01 5.517578125000000000e-01
1.982421875000000000e-01 1.711425781250000000e-01 3.449707031250000000e-01
1.867675781250000000e-01 1.142578125000000000e-01 4.116210937500000000e-01
1.777343750000000000e-01 6.762695312500000000e-02 7.258300781250000000e-01
1.855468750000000000e-01 1.860351562500000000e-01 6.035156250000000000e-01
1.657714843750000000e-01 1.079101562500000000e-01 6.896972656250000000e-01
2.019042968750000000e-01 1.503906250000000000e-01 3.073730468750000000e-01
1.862792968750000000e-01 1.877441406250000000e-01 5.229492187500000000e-01
1.750488281250000000e-01 1.528320312500000000e-01 7.597656250000000000e-01
1.853027343750000000e-01 1.601562500000000000e-01 4.902343750000000000e-01
1.862792968750000000e-01 2.421875000000000000e-01 6.345214843750000000e-01
1.667480468750000000e-01 1.247558593750000000e-01 8.254394531250000000e-01
2.160644531250000000e-01 1.044921875000000000e-01 2.692871093750000000e-01
1.791992187500000000e-01 1.015625000000000000e-01 6.081542968750000000e-01
1.914062500000000000e-01 1.787109375000000000e-01 5.424804687500000000e-01
1.794433593750000000e-01 2.265625000000000000e-01 6.477050781250000000e-01
1.791992187500000000e-01 2.546386718750000000e-01 6.647949218750000000e-01
2.114257812500000000e-01 1.181640625000000000e-01 3.081054687500000000e-01
1.909179687500000000e-01 1.975097656250000000e-01 5.976562500000000000e-01
1.738281250000000000e-01 1.572265625000000000e-01 7.373046875000000000e-01
1.740722656250000000e-01 2.041015625000000000e-01 7.524414062500000000e-01
1.750488281250000000e-01 3.239746093750000000e-01 6.892089843750000000e-01
1.979980468750000000e-01 1.730957031250000000e-01 4.306640625000000000e-01
1.896972656250000000e-01 2.758789062500000000e-01 5.874023437500000000e-01
1.892089843750000000e-01 2.260742187500000000e-01 4.851074218750000000e-01
1.865234375000000000e-01 1.098632812500000000e-01 5.490722656250000000e-01
1.762695312500000000e-01 3.522949218750000000e-01 7.648925781250000000e-01
1.538085937500000000e-01 3.884277343750000000e-01 8.303222656250000000e-01
1.889648437500000000e-01 1.928710937500000000e-01 4.809570312500000000e-01
1.774902343750000000e-01 2.756347656250000000e-01 7.585449218750000000e-01
1.950683593750000000e-01 1.523437500000000000e-01 4.636230468750000000e-01
1.977539062500000000e-01 1.220703125000000000e-01 3.540039062500000000e-01
1.684570312500000000e-01 1.440429687500000000e-01 7.922363281250000000e-01
1.704101562500000000e-01 2.102050781250000000e-01 7.597656250000000000e-01
1.928710937500000000e-01 1.784667968750000000e-01 4.260253906250000000e-01
1.945800781250000000e-01 1.013183593750000000e-01 2.141113281250000000e-01
1.911621093750000000e-01 1.467285156250000000e-01 5.876464843750000000e-01
1.647949218750000000e-01 3.413085937500000000e-01 7.172851562500000000e-01
1.831054687500000000e-01 2.375488281250000000e-01 6.093750000000000000e-01
1.574707031250000000e-01 1.335449218750000000e-01 7.802734375000000000e-01
1.806640625000000000e-01 2.470703125000000000e-01 5.297851562500000000e-01
1.889648437500000000e-01 1.352539062500000000e-01 4.636230468750000000e-01
1.875000000000000000e-01 2.109375000000000000e-01 4.304199218750000000e-01
1.745605468750000000e-01 1.577148437500000000e-01 5.373535156250000000e-01
1.635742187500000000e-01 2.629394531250000000e-01 7.766113281250000000e-01
1.914062500000000000e-01 1.818847656250000000e-01 5.329589843750000000e-01
1.855468750000000000e-01 1.618652343750000000e-01 5.705566406250000000e-01
1.992187500000000000e-01 2.807617187500000000e-01 6.096191406250000000e-01
1.862792968750000000e-01 2.868652343750000000e-01 5.847167968750000000e-01
1.704101562500000000e-01 1.376953125000000000e-01 8.183593750000000000e-01
1.843261718750000000e-01 1.875000000000000000e-01 3.903808593750000000e-01
1.748046875000000000e-01 9.375000000000000000e-02 6.840820312500000000e-01
1.691894531250000000e-01 3.649902343750000000e-01 7.468261718750000000e-01
1.923828125000000000e-01 1.147460937500000000e-01 4.272460937500000000e-01
1.640625000000000000e-01 2.331542968750000000e-01 6.787109375000000000e-01
1.870117187500000000e-01 1.472167968750000000e-01 7.631835937500000000e-01
1.960449218750000000e-01 1.840820312500000000e-01 6.098632812500000000e-01
1.801757812500000000e-01 1.323242187500000000e-01 6.320800781250000000e-01
1.896972656250000000e-01 2.265625000000000000e-01 6.606445312500000000e-01
1.721191406250000000e-01 1.818847656250000000e-01 6.301269531250000000e-01
1.867675781250000000e-01 1.303710937500000000e-01 3.051757812500000000e-01
1.662597656250000000e-01 2.373046875000000000e-01 5.734863281250000000e-01
1.696777343750000000e-01 1.286621093750000000e-01 6.528320312500000000e-01
1.755371093750000000e-01 2.141113281250000000e-01 4.421386718750000000e-01
1.716308593750000000e-01 2.275390625000000000e-01 7.011718750000000000e-01
1.882324218750000000e-01 1.513671875000000000e-01 5.031738281250000000e-01
1.867675781250000000e-01 2.597656250000000000e-01 5.419921875000000000e-01
1.997070312500000000e-01 7.788085937500000000e-02 2.929687500000000000e-01
2.009277343750000000e-01 1.513671875000000000e-01 3.046875000000000000e-01
1.972656250000000000e-01 1.694335937500000000e-01 4.240722656250000000e-01
1.818847656250000000e-01 2.019042968750000000e-01 4.934082031250000000e-01
1.813964843750000000e-01 2.121582031250000000e-01 6.423339843750000000e-01
1.857910156250000000e-01 1.523437500000000000e-01 6.826171875000000000e-01
1.853027343750000000e-01 1.394042968750000000e-01 6.628417968750000000e-01
1.804199218750000000e-01 1.125488281250000000e-01 7.243652343750000000e-01
1.696777343750000000e-01 1.101074218750000000e-01 8.210449218750000000e-01
1.789550781250000000e-01 2.343750000000000000e-01 7.094726562500000000e-01
1.762695312500000000e-01 1.567382812500000000e-01 6.506347656250000000e-01
1.948242187500000000e-01 1.430664062500000000e-01 4.431152343750000000e-01
1.828613281250000000e-01 1.379394531250000000e-01 5.915527343750000000e-01
1.894531250000000000e-01 1.188964843750000000e-01 5.141601562500000000e-01
1.828613281250000000e-01 2.512207031250000000e-01 5.520019531250000000e-01
1.862792968750000000e-01 2.277832031250000000e-01 5.520019531250000000e-01
1.838378906250000000e-01 1.098632812500000000e-01 5.305175781250000000e-01
1.809082031250000000e-01 1.530761718750000000e-01 5.024414062500000000e-01
1.875000000000000000e-01 1.728515625000000000e-01 4.616699218750000000e-01
1.752929687500000000e-01 1.267089843750000000e-01 6.853027343750000000e-01
1.799316406250000000e-01 2.346191406250000000e-01 4.782714843750000000e-01
1.857910156250000000e-01 2.382812500000000000e-01 5.295410156250000000e-01
1.635742187500000000e-01 2.204589843750000000e-01 8.293457031250000000e-01
