7.153320312500000000e-02 2.099609375000000000e-01 9.284667968750000000e-01
7.690429687500000000e-02 2.243652343750000000e-01 5.402832031250000000e-01
5.859375000000000000e-02 3.759765625000000000e-01 7.531738281250000000e-01
8.081054687500000000e-02 1.999511718750000000e-01 4.721679687500000000e-01
5.761718750000000000e-02 3.454589843750000000e-01 8.601074218750000000e-01
7.836914062500000000e-02 3.330078125000000000e-01 8.444824218750000000e-01
6.738281250000000000e-02 1.984863281250000000e-01 8.032226562500000000e-01
6.884765625000000000e-02 2.668457031250000000e-01 9.311523437500000000e-01
8.227539062500000000e-02 2.714843750000000000e-01 5.605468750000000000e-01
7.299804687500000000e-02 1.525878906250000000e-01 5.312500000000000000e-01
7.617187500000000000e-02 2.663574218750000000e-01 5.895996093750000000e-01
7.031250000000000000e-02 2.258300781250000000e-01 8.129882812500000000e-01
6.787109375000000000e-02 2.800292968750000000e-01 7.309570312500000000e-01
6.152343750000000000e-02 2.282714843750000000e-01 7.651367187500000000e-01
5.737304687500000000e-02 2.109375000000000000e-01 9.426269531250000000e-01
6.372070312500000000e-02 3.796386718750000000e-01 9.362792968750000000e-01
7.666015625000000000e-02 1.887207031250000000e-01 8.513183593750000000e-01
8.984375000000000000e-02 2.956542968750000000e-01 6.091308593750000000e-01
6.958007812500000000e-02 4.501953125000000000e-01 9.304199218750000000e-01
6.127929687500000000e-02 2.409667968750000000e-01 8.671875000000000000e-01
7.373046875000000000e-02 4.313964843750000000e-01 9.262695312500000000e-01
5.419921875000000000e-02 2.448730468750000000e-01 7.600097656250000000e-01
6.567382812500000000e-02 2.478027343750000000e-01 9.343261718750000000e-01
7.153320312500000000e-02 1.643066406250000000e-01 9.284667968750000000e-01
6.835937500000000000e-02 2.365722656250000000e-01 7.956542968750000000e-01
7.690429687500000000e-02 1.787109375000000000e-01 8.576660156250000000e-01
7.983398437500000000e-02 3.674316406250000000e-01 8.447265625000000000e-01
8.325195312500000000e-02 2.104492187500000000e-01 6.208496093750000000e-01
7.055664062500000000e-02 3.227539062500000000e-01 7.023925781250000000e-01
6.176757812500000000e-02 2.922363281250000000e-01 8.127441406250000000e-01
5.908203125000000000e-02 4.426269531250000000e-01 9.409179687500000000e-01
5.712890625000000000e-02 3.469238281250000000e-01 9.428710937500000000e-01
6.958007812500000000e-02 2.680664062500000000e-01 8.471679687500000000e-01
6.176757812500000000e-02 2.724609375000000000e-01 7.570800781250000000e-01
9.277343750000000000e-02 2.358398437500000000e-01 4.785156250000000000e-01
7.470703125000000000e-02 2.087402343750000000e-01 6.350097656250000000e-01
4.882812500000000000e-02 2.805175781250000000e-01 9.511718750000000000e-01
5.786132812500000000e-02 1.579589843750000000e-01 9.421386718750000000e-01
9.472656250000000000e-02 2.265625000000000000e-01 5.820312500000000000e-01
6.323242187500000000e-02 1.865234375000000000e-01 7.807617187500000000e-01
8.471679687500000000e-02 2.158203125000000000e-01 7.497558593750000000e-01
7.690429687500000000e-02 3.378906250000000000e-01 8.352050781250000000e-01
7.788085937500000000e-02 3.142089843750000000e-01 7.504882812500000000e-01
8.056640625000000000e-02 2.500000000000000000e-01 5.197753906250000000e-01
6.445312500000000000e-02 3.405761718750000000e-01 8.259277343750000000e-01
7.763671875000000000e-02 3.100585937500000000e-01 7.868652343750000000e-01
8.105468750000000000e-02 1.586914062500000000e-01 5.869140625000000000e-01
8.374023437500000000e-02 1.801757812500000000e-01 6.904296875000000000e-01
5.468750000000000000e-02 3.408203125000000000e-01 9.453125000000000000e-01
6.811523437500000000e-02 3.361816406250000000e-01 9.316406250000000000e-01
6.079101562500000000e-02 1.496582031250000000e-01 9.392089843750000000e-01
7.690429687500000000e-02 2.421875000000000000e-01 7.158203125000000000e-01
7.885742187500000000e-02 2.766113281250000000e-01 6.159667968750000000e-01
9.277343750000000000e-02 1.362304687500000000e-01 4.916992187500000000e-01
8.178710937500000000e-02 3.181152343750000000e-01 6.621093750000000000e-01
8.422851562500000000e-02 3.220214843750000000e-01 6.899414062500000000e-01
8.276367187500000000e-02 3.608398437500000000e-01 8.181152343750000000e-01
6.323242187500000000e-02 1.892089843750000000e-01 9.367675781250000000e-01
8.129882812500000000e-02 2.827148437500000000e-01 7.065429687500000000e-01
8.325195312500000000e-02 3.312988281250000000e-01 7.041015625000000000e-01
8.789062500000000000e-02 2.634277343750000000e-01 5.791015625000000000e-01
9.204101562500000000e-02 2.121582031250000000e-01 4.826660156250000000e-01
6.835937500000000000e-02 3.349609375000000000e-01 8.222656250000000000e-01
8.227539062500000000e-02 1.599121093750000000e-01 6.940917968750000000e-01
8.666992187500000000e-02 1.645507812500000000e-01 3.544921875000000000e-01
7.788085937500000000e-02 2.551269531250000000e-01 6.450195312500000000e-01
8.081054687500000000e-02 2.231445312500000000e-01 7.062988281250000000e-01
7.739257812500000000e-02 2.148437500000000000e-01 8.630371093750000000e-01
7.006835937500000000e-02 2.641601562500000000e-01 9.299316406250000000e-01
6.835937500000000000e-02 2.819824218750000000e-01 7.238769531250000000e-01
7.958984375000000000e-02 2.561035156250000000e-01 7.570800781250000000e-01
8.129882812500000000e-02 2.883300781250000000e-01 8.437500000000000000e-01
7.495117187500000000e-02 2.355957031250000000e-01 4.711914062500000000e-01
7.714843750000000000e-02 1.896972656250000000e-01 4.819335937500000000e-01
5.834960937500000000e-02 4.616699218750000000e-01 9.416503906250000000e-01
7.690429687500000000e-02 1.408691406250000000e-01 9.230957031250000000e-01
6.298828125000000000e-02 2.800292968750000000e-01 9.370117187500000000e-01
6.835937500000000000e-02 2.543945312500000000e-01 9.316406250000000000e-01
9.423828125000000000e-02 2.138671875000000000e-01 4.794921875000000000e-01
7.177734375000000000e-02 3.059082031250000000e-01 9.282226562500000000e-01
5.175781250000000000e-02 2.761230468750000000e-01 9.482421875000000000e-01
7.714843750000000000e-02 2.495117187500000000e-01 8.601074218750000000e-01
8.154296875000000000e-02 2.915039062500000000e-01 6.469726562500000000e-01
8.325195312500000000e-02 2.465820312500000000e-01 5.339355468750000000e-01
5.932617187500000000e-02 3.979492187500000000e-01 9.406738281250000000e-01
7.299804687500000000e-02 1.696777343750000000e-01 6.289062500000000000e-01
7.519531250000000000e-02 2.050781250000000000e-01 9.248046875000000000e-01
7.226562500000000000e-02 2.568359375000000000e-01 8.410644531250000000e-01
5.908203125000000000e-02 3.039550781250000000e-01 9.409179687500000000e-01
6.811523437500000000e-02 3.537597656250000000e-01 9.318847656250000000e-01
7.861328125000000000e-02 1.096191406250000000e-01 8.251953125000000000e-01
6.469726562500000000e-02 3.986816406250000000e-01 9.353027343750000000e-01
6.567382812500000000e-02 1.601562500000000000e-01 7.998046875000000000e-01
6.958007812500000000e-02 1.872558593750000000e-01 8.107910156250000000e-01
7.592773437500000000e-02 2.915039062500000000e-01 6.872558593750000000e-01
8.129882812500000000e-02 3.190917968750000000e-01 6.796875000000000000e-01
6.860351562500000000e-02 4.282226562500000000e-01 9.313964843750000000e-01
7.275390625000000000e-02 1.223144531250000000e-01 8.386230468750000000e-01
5.615234375000000000e-02 3.442382812500000000e-01 8.457031250000000000e-01
6.958007812500000000e-02 3.352050781250000000e-01 9.301757812500000000e-01
