4.296875000000000000e-02 2.575683593750000000e-01 9.570312500000000000e-01
5.712890625000000000e-02 2.197265625000000000e-01 7.553710937500000000e-01
4.858398437500000000e-02 3.364257812500000000e-01 7.526855468750000000e-01
3.369140625000000000e-02 4.736328125000000000e-01 9.663085937500000000e-01
5.029296875000000000e-02 3.325195312500000000e-01 9.497070312500000000e-01
5.468750000000000000e-02 3.344726562500000000e-01 7.622070312500000000e-01
3.564453125000000000e-02 3.466796875000000000e-01 9.643554687500000000e-01
4.199218750000000000e-02 3.522949218750000000e-01 9.580078125000000000e-01
4.809570312500000000e-02 2.092285156250000000e-01 9.519042968750000000e-01
6.762695312500000000e-02 2.885742187500000000e-01 7.414550781250000000e-01
5.859375000000000000e-02 3.525390625000000000e-01 9.414062500000000000e-01
4.736328125000000000e-02 2.590332031250000000e-01 7.651367187500000000e-01
5.224609375000000000e-02 2.739257812500000000e-01 9.477539062500000000e-01
5.126953125000000000e-02 1.989746093750000000e-01 7.602539062500000000e-01
4.711914062500000000e-02 2.546386718750000000e-01 8.061523437500000000e-01
3.784179687500000000e-02 2.717285156250000000e-01 9.621582031250000000e-01
5.175781250000000000e-02 2.526855468750000000e-01 6.157226562500000000e-01
3.784179687500000000e-02 4.194335937500000000e-01 9.621582031250000000e-01
5.786132812500000000e-02 4.082031250000000000e-01 9.421386718750000000e-01
4.931640625000000000e-02 3.576660156250000000e-01 9.506835937500000000e-01
4.541015625000000000e-02 4.365234375000000000e-01 9.545898437500000000e-01
4.687500000000000000e-02 3.334960937500000000e-01 9.531250000000000000e-01
4.345703125000000000e-02 2.595214843750000000e-01 9.565429687500000000e-01
4.003906250000000000e-02 4.394531250000000000e-01 9.599609375000000000e-01
5.908203125000000000e-02 1.713867187500000000e-01 6.462402343750000000e-01
2.954101562500000000e-02 4.785156250000000000e-01 9.704589843750000000e-01
4.248046875000000000e-02 2.717285156250000000e-01 9.575195312500000000e-01
5.322265625000000000e-02 3.071289062500000000e-01 8.090820312500000000e-01
4.418945312500000000e-02 2.939453125000000000e-01 9.558105468750000000e-01
4.858398437500000000e-02 3.947753906250000000e-01 9.514160156250000000e-01
5.175781250000000000e-02 3.078613281250000000e-01 9.482421875000000000e-01
3.320312500000000000e-02 2.351074218750000000e-01 9.667968750000000000e-01
4.541015625000000000e-02 2.065429687500000000e-01 9.545898437500000000e-01
5.004882812500000000e-02 2.670898437500000000e-01 7.563476562500000000e-01
5.908203125000000000e-02 2.365722656250000000e-01 8.303222656250000000e-01
4.736328125000000000e-02 2.556152343750000000e-01 9.526367187500000000e-01
4.003906250000000000e-02 2.907714843750000000e-01 9.599609375000000000e-01
4.077148437500000000e-02 4.172363281250000000e-01 9.592285156250000000e-01
6.640625000000000000e-02 2.241210937500000000e-01 8.293457031250000000e-01
4.760742187500000000e-02 3.559570312500000000e-01 9.523925781250000000e-01
5.541992187500000000e-02 2.102050781250000000e-01 6.384277343750000000e-01
4.199218750000000000e-02 3.447265625000000000e-01 9.580078125000000000e-01
5.053710937500000000e-02 2.934570312500000000e-01 7.846679687500000000e-01
4.223632812500000000e-02 2.756347656250000000e-01 7.399902343750000000e-01
5.712890625000000000e-02 1.916503906250000000e-01 7.905273437500000000e-01
5.419921875000000000e-02 3.288574218750000000e-01 9.458007812500000000e-01
5.688476562500000000e-02 3.522949218750000000e-01 7.746582031250000000e-01
4.663085937500000000e-02 2.951660156250000000e-01 9.533691406250000000e-01
5.419921875000000000e-02 3.686523437500000000e-01 9.458007812500000000e-01
4.296875000000000000e-02 2.463378906250000000e-01 9.570312500000000000e-01
5.322265625000000000e-02 2.575683593750000000e-01 7.456054687500000000e-01
6.347656250000000000e-02 2.363281250000000000e-01 6.113281250000000000e-01
4.736328125000000000e-02 3.371582031250000000e-01 9.526367187500000000e-01
4.687500000000000000e-02 2.243652343750000000e-01 9.531250000000000000e-01
6.054687500000000000e-02 1.755371093750000000e-01 8.027343750000000000e-01
4.174804687500000000e-02 4.350585937500000000e-01 9.582519531250000000e-01
6.445312500000000000e-02 3.605957031250000000e-01 9.355468750000000000e-01
5.493164062500000000e-02 2.871093750000000000e-01 7.280273437500000000e-01
5.664062500000000000e-02 2.946777343750000000e-01 5.915527343750000000e-01
4.541015625000000000e-02 4.301757812500000000e-01 9.545898437500000000e-01
4.077148437500000000e-02 2.753906250000000000e-01 7.468261718750000000e-01
6.103515625000000000e-02 2.451171875000000000e-01 5.402832031250000000e-01
5.468750000000000000e-02 3.564453125000000000e-01 7.429199218750000000e-01
4.150390625000000000e-02 2.604980468750000000e-01 9.582519531250000000e-01
5.493164062500000000e-02 1.745605468750000000e-01 7.866210937500000000e-01
4.589843750000000000e-02 3.029785156250000000e-01 9.541015625000000000e-01
4.785156250000000000e-02 4.650878906250000000e-01 9.521484375000000000e-01
3.686523437500000000e-02 3.459472656250000000e-01 9.631347656250000000e-01
5.126953125000000000e-02 4.484863281250000000e-01 9.487304687500000000e-01
5.102539062500000000e-02 3.437500000000000000e-01 9.489746093750000000e-01
5.981445312500000000e-02 3.437500000000000000e-01 7.312011718750000000e-01
4.248046875000000000e-02 4.265136718750000000e-01 9.575195312500000000e-01
5.419921875000000000e-02 2.285156250000000000e-01 7.758789062500000000e-01
7.543945312500000000e-02 1.821289062500000000e-01 4.326171875000000000e-01
4.028320312500000000e-02 3.010253906250000000e-01 9.597167968750000000e-01
3.955078125000000000e-02 4.360351562500000000e-01 9.604492187500000000e-01
5.249023437500000000e-02 3.068847656250000000e-01 9.475097656250000000e-01
4.833984375000000000e-02 3.588867187500000000e-01 9.516601562500000000e-01
5.639648437500000000e-02 3.579101562500000000e-01 9.436035156250000000e-01
4.052734375000000000e-02 3.935546875000000000e-01 9.594726562500000000e-01
6.713867187500000000e-02 2.006835937500000000e-01 7.917480468750000000e-01
4.272460937500000000e-02 3.457031250000000000e-01 9.572753906250000000e-01
4.907226562500000000e-02 2.397460937500000000e-01 7.895507812500000000e-01
5.151367187500000000e-02 4.013671875000000000e-01 9.484863281250000000e-01
4.174804687500000000e-02 2.016601562500000000e-01 9.582519531250000000e-01
5.346679687500000000e-02 4.030761718750000000e-01 9.465332031250000000e-01
4.174804687500000000e-02 3.730468750000000000e-01 9.582519531250000000e-01
6.054687500000000000e-02 2.248535156250000000e-01 6.269531250000000000e-01
6.762695312500000000e-02 1.306152343750000000e-01 6.826171875000000000e-01
5.932617187500000000e-02 4.301757812500000000e-01 9.406738281250000000e-01
5.419921875000000000e-02 3.464355468750000000e-01 9.458007812500000000e-01
4.492187500000000000e-02 2.583007812500000000e-01 9.550781250000000000e-01
5.004882812500000000e-02 4.238281250000000000e-01 9.499511718750000000e-01
5.029296875000000000e-02 4.028320312500000000e-01 9.497070312500000000e-01
4.760742187500000000e-02 2.714843750000000000e-01 7.985839843750000000e-01
5.053710937500000000e-02 3.210449218750000000e-01 9.494628906250000000e-01
4.516601562500000000e-02 2.553710937500000000e-01 8.127441406250000000e-01
6.030273437500000000e-02 2.634277343750000000e-01 7.595214843750000000e-01
4.028320312500000000e-02 2.373046875000000000e-01 9.597167968750000000e-01
5.908203125000000000e-02 2.258300781250000000e-01 7.736816406250000000e-01
