3.271484375000000000e-02 4.765625000000000000e-01 9.672851562500000000e-01
3.540039062500000000e-02 3.828125000000000000e-01 9.645996093750000000e-01
3.320312500000000000e-02 3.588867187500000000e-01 9.667968750000000000e-01
3.173828125000000000e-02 4.672851562500000000e-01 9.682617187500000000e-01
2.783203125000000000e-02 4.594726562500000000e-01 9.721679687500000000e-01
2.416992187500000000e-02 4.311523437500000000e-01 9.758300781250000000e-01
3.247070312500000000e-02 3.972167968750000000e-01 9.675292968750000000e-01
4.223632812500000000e-02 2.927246093750000000e-01 7.023925781250000000e-01
2.294921875000000000e-02 4.218750000000000000e-01 9.770507812500000000e-01
3.540039062500000000e-02 3.830566406250000000e-01 9.645996093750000000e-01
3.247070312500000000e-02 4.770507812500000000e-01 9.675292968750000000e-01
3.808593750000000000e-02 3.859863281250000000e-01 9.619140625000000000e-01
3.027343750000000000e-02 4.831542968750000000e-01 9.697265625000000000e-01
4.125976562500000000e-02 3.381347656250000000e-01 9.587402343750000000e-01
4.223632812500000000e-02 4.055175781250000000e-01 9.577636718750000000e-01
2.929687500000000000e-02 3.498535156250000000e-01 9.707031250000000000e-01
2.758789062500000000e-02 4.528808593750000000e-01 9.724121093750000000e-01
2.636718750000000000e-02 4.438476562500000000e-01 9.736328125000000000e-01
3.076171875000000000e-02 3.999023437500000000e-01 9.692382812500000000e-01
4.248046875000000000e-02 4.626464843750000000e-01 9.575195312500000000e-01
2.587890625000000000e-02 3.681640625000000000e-01 9.741210937500000000e-01
2.661132812500000000e-02 4.575195312500000000e-01 9.733886718750000000e-01
3.149414062500000000e-02 3.439941406250000000e-01 9.685058593750000000e-01
2.099609375000000000e-02 4.890136718750000000e-01 9.790039062500000000e-01
2.832031250000000000e-02 4.592285156250000000e-01 9.716796875000000000e-01
2.392578125000000000e-02 4.873046875000000000e-01 9.760742187500000000e-01
3.247070312500000000e-02 3.229980468750000000e-01 9.675292968750000000e-01
2.685546875000000000e-02 3.569335937500000000e-01 9.731445312500000000e-01
3.295898437500000000e-02 4.335937500000000000e-01 9.670410156250000000e-01
3.588867187500000000e-02 4.438476562500000000e-01 9.641113281250000000e-01
2.929687500000000000e-02 3.552246093750000000e-01 9.707031250000000000e-01
2.978515625000000000e-02 3.981933593750000000e-01 9.702148437500000000e-01
2.954101562500000000e-02 3.872070312500000000e-01 9.704589843750000000e-01
2.441406250000000000e-02 4.824218750000000000e-01 9.755859375000000000e-01
3.002929687500000000e-02 2.814941406250000000e-01 9.699707031250000000e-01
2.832031250000000000e-02 2.526855468750000000e-01 9.716796875000000000e-01
4.223632812500000000e-02 4.011230468750000000e-01 9.577636718750000000e-01
2.319335937500000000e-02 4.440917968750000000e-01 9.768066406250000000e-01
2.539062500000000000e-02 4.489746093750000000e-01 9.746093750000000000e-01
3.125000000000000000e-02 3.581542968750000000e-01 9.687500000000000000e-01
3.759765625000000000e-02 4.255371093750000000e-01 9.624023437500000000e-01
3.027343750000000000e-02 4.672851562500000000e-01 9.697265625000000000e-01
2.954101562500000000e-02 2.905273437500000000e-01 9.704589843750000000e-01
3.637695312500000000e-02 4.787597656250000000e-01 9.636230468750000000e-01
3.198242187500000000e-02 4.492187500000000000e-01 9.680175781250000000e-01
4.052734375000000000e-02 2.998046875000000000e-01 9.594726562500000000e-01
2.807617187500000000e-02 3.500976562500000000e-01 9.719238281250000000e-01
3.320312500000000000e-02 4.414062500000000000e-01 9.667968750000000000e-01
3.002929687500000000e-02 4.240722656250000000e-01 9.699707031250000000e-01
3.564453125000000000e-02 3.984375000000000000e-01 9.643554687500000000e-01
2.563476562500000000e-02 3.950195312500000000e-01 9.743652343750000000e-01
3.149414062500000000e-02 4.704589843750000000e-01 9.685058593750000000e-01
3.247070312500000000e-02 3.452148437500000000e-01 9.675292968750000000e-01
2.612304687500000000e-02 4.545898437500000000e-01 9.738769531250000000e-01
3.613281250000000000e-02 4.179687500000000000e-01 9.638671875000000000e-01
3.442382812500000000e-02 4.670410156250000000e-01 9.655761718750000000e-01
3.588867187500000000e-02 4.572753906250000000e-01 9.641113281250000000e-01
2.661132812500000000e-02 4.548339843750000000e-01 9.733886718750000000e-01
4.809570312500000000e-02 4.582519531250000000e-01 9.519042968750000000e-01
2.636718750000000000e-02 3.049316406250000000e-01 9.736328125000000000e-01
2.978515625000000000e-02 4.101562500000000000e-01 9.702148437500000000e-01
3.222656250000000000e-02 4.333496093750000000e-01 9.677734375000000000e-01
3.002929687500000000e-02 4.785156250000000000e-01 9.699707031250000000e-01
2.807617187500000000e-02 4.697265625000000000e-01 9.719238281250000000e-01
3.515625000000000000e-02 3.894042968750000000e-01 9.648437500000000000e-01
2.905273437500000000e-02 3.520507812500000000e-01 9.709472656250000000e-01
3.002929687500000000e-02 4.760742187500000000e-01 9.699707031250000000e-01
3.466796875000000000e-02 3.828125000000000000e-01 9.653320312500000000e-01
3.442382812500000000e-02 3.596191406250000000e-01 9.655761718750000000e-01
3.344726562500000000e-02 4.765625000000000000e-01 9.665527343750000000e-01
3.637695312500000000e-02 4.106445312500000000e-01 9.636230468750000000e-01
3.076171875000000000e-02 3.845214843750000000e-01 9.692382812500000000e-01
3.125000000000000000e-02 2.023925781250000000e-01 7.954101562500000000e-01
2.587890625000000000e-02 4.567871093750000000e-01 9.741210937500000000e-01
3.002929687500000000e-02 4.204101562500000000e-01 9.699707031250000000e-01
2.124023437500000000e-02 4.313964843750000000e-01 9.787597656250000000e-01
2.392578125000000000e-02 3.281250000000000000e-01 9.760742187500000000e-01
2.636718750000000000e-02 4.216308593750000000e-01 9.736328125000000000e-01
2.905273437500000000e-02 4.243164062500000000e-01 9.709472656250000000e-01
3.735351562500000000e-02 4.143066406250000000e-01 9.626464843750000000e-01
3.662109375000000000e-02 3.503417968750000000e-01 9.633789062500000000e-01
3.295898437500000000e-02 4.829101562500000000e-01 9.670410156250000000e-01
3.076171875000000000e-02 4.025878906250000000e-01 9.692382812500000000e-01
3.149414062500000000e-02 4.196777343750000000e-01 9.685058593750000000e-01
4.003906250000000000e-02 2.197265625000000000e-01 7.419433593750000000e-01
3.588867187500000000e-02 4.384765625000000000e-01 9.641113281250000000e-01
2.490234375000000000e-02 4.597167968750000000e-01 9.750976562500000000e-01
3.149414062500000000e-02 4.099121093750000000e-01 9.685058593750000000e-01
3.076171875000000000e-02 4.597167968750000000e-01 9.692382812500000000e-01
2.783203125000000000e-02 4.013671875000000000e-01 9.721679687500000000e-01
2.978515625000000000e-02 4.045410156250000000e-01 9.702148437500000000e-01
2.734375000000000000e-02 2.856445312500000000e-01 9.726562500000000000e-01
3.027343750000000000e-02 4.316406250000000000e-01 9.697265625000000000e-01
2.905273437500000000e-02 3.137207031250000000e-01 9.709472656250000000e-01
3.540039062500000000e-02 3.442382812500000000e-01 9.645996093750000000e-01
2.612304687500000000e-02 4.787597656250000000e-01 9.738769531250000000e-01
2.734375000000000000e-02 2.624511718750000000e-01 9.726562500000000000e-01
3.198242187500000000e-02 4.711914062500000000e-01 9.680175781250000000e-01
3.393554687500000000e-02 4.729003906250000000e-01 9.660644531250000000e-01
3.808593750000000000e-02 4.367675781250000000e-01 9.619140625000000000e-01
