312
229
277
259
279
251
232
434
1
357
604
225
155
295
1208
475
417
181
300
219
2
128
167
301
1
207
244
178
153
247
207
137
1430
738
1546
599
711
1443
600
217
148
212
244
187
385
1
175
193
151
1
171
511
189
204
535
190
1
460
2142
241
275
700
295
271
204
2279
295
723
194
303
763
141
590
716
670
405
1566
1090
1088
833
189
126
386
398
225
293
315
1037
239
177
234
530
130
123
146
1541
1916
164
181
532
111
336
578
303
276
279
100
1
2
2088
1671
295
205
180
522
154
316
401
260
1693
781
487
206
240
497
1111
240
465
235
224
419
328
110
184
259
184
674
239
814
253
274
518
198
576
356
153
370
345
2160
2335
218
179
129
213
197
192
1543
287
445
1
1635
145
142
215
215
191
239
195
208
309
192
1
556
1195
693
293
155
172
261
325
139
147
387
167
202
792
163
116
478
276
196
205
296
125
202
738
647
645
164
315
457
701
249
175
1317
196
138
618
286
1
222
250
526
2142
579
603
148
282
793
506
84
1485
1178
186
380
186
576
1126
382
187
215
1869
981
322
237
148
123
194
262
352
473
203
244
343
142
119
494
168
548
182
138
169
180
773
331
672
179
401
523
738
204
189
141
135
939
292
323
1048
790
200
777
71
322
178
151
1629
838
129
179
207
1496
1103
509
268
204
508
956
508
210
487
187
514
2030
544
1327
718
1183
801
205
169
299
376
316
2516
1941
201
130
1360
1695
408
283
245
3288
179
205
300
3077
202
1824
839
192
231
154
258
201
187
202
821
963
1316
397
917
497
941
784
151
1253
173
318
333
98
130
177
244
254
1137
124
130
224
2003
287
711
270
100
367
366
151
203
827
1236
298
94
234
539
146
257
194
241
150
491
687
139
197
315
723
608
122
1121
788
194
324
138
364
276
163
168
1
581
201
141
952
447
210
312
171
164
253
743
178
298
2021
496
140
201
490
628
249
100
407
162
1373
246
164
199
2190
916
154
262
550
148
149
339
158
1
377
869
157
496
271
152
2554
2005
1987
573
215
219
709
905
152
571
164
1
1569
1423
475
677
318
1859
753
396
459
230
732
259
154
1
158
865
564
237
111
922
183
121
150
169
122
212
156
958
157
264
1
2100
630
353
738
1101
1889
601
578
458
1526
339
351
527
290
150
153
1057
289
576
332
222
817
270
1296
266
250
244
868
783
447
182
183
83
193
468
231
198
199
1322
1977
163
181
172
145
2775
473
162
1
1
691
144
507
320
245
553
1300
229
236
121
138
1610
1235
161
255
137
479
198
484
160
2594
869
358
922
259
518
887
207
298
148
196
161
126
220
1101
347
1296
298
265
158
2835
324
205
2
2731
549
173
190
533
350
808
1973
239
354
155
636
115
444
173
1
1150
564
782
331
797
243
113
657
1486
383
207
137
97
273
1
1087
2634
798
479
293
244
962
132
176
137
177
1223
161
1010
448
206
202
111
211
247
380
1
2490
622
172
204
163
163
113
116
171
202
835
432
196
563
522
139
384
2818
208
232
147
364
606
399
1133
1198
245
936
390
1
2729
214
747
91
1
148
486
461
702
118
151
368
496
284
125
949
195
348
567
313
188
284
907
370
212
743
185
143
3346
281
115
551
448
186
281
169
1020
138
1250
1246
244
502
187
2035
1191
248
615
166
183
1
479
160
229
207
112
76
68
495
195
99
461
1
2846
545
279
255
152
79
152
820
486
312
278
96
1181
311
186
141
1087
1387
857
1888
232
1059
284
262
197
201
200
301
485
398
573
161
1881
700
214
114
211
915
341
387
174
512
177
226
384
874
329
171
1
2450
479
288
141
228
238
618
174
165
885
149
232
489
562
447
395
388
448
126
2482
600
117
190
208
272
140
158
170
685
212
2392
220
181
1365
422
214
608
492
200
938
1605
664
431
223
137
2746
572
194
266
285
2532
891
235
119
212
270
331
151
61
187
207
1330
221
175
1039
620
201
264
296
313
296
1
203
1688
202
449
550
439
281
256
158
410
159
219
201
558
691
615
248
1
1324
224
800
212
447
163
1154
1111
251
105
1
941
120
757
1609
260
105
1230
268
196
805
655
269
457
231
199
499
235
158
311
172
390
705
1989
155
255
859
1853
137
287
65
286
127
372
181
303
385
338
300
664
278
141
417
95
566
1186
1035
440
96
509
210
243
1746
565
1322
661
243
300
199
276
660
232
259
406
526
516
328
108
255
250
2511
190
769
155
346
163
314
286
432
386
164
2
2364
612
311
142
248
143
1039
59
375
521
204
917
826
332
642
237
111
222
204
784
236
755
1020
2767
268
170
219
2509
522
209
204
174
113
1393
972
144
226
142
224
179
267
227
763
1030
287
1601
199
252
1918
671
398
348
1392
285
190
124
167
179
292
234
190
936
364
92
784
235
287
648
448
388
395
400
195
263
225
2139
573
357
1705
480
175
239
228
138
107
193
149
1392
265
749
226
254
183
268
552
689
1188
359
259
142
722
195
303
237
135
281
119
2120
511
439
276
475
427
207
256
171
1539
232
2079
522
136
506
1
639
140
142
211
544
205
837
205
420
167
1043
876
269
135
961
1347
466
237
1930
141
235
73
166
323
385
134
342
2090
159
218
194
432
516
1578
606
246
189
440
533
1938
228
1100
297
196
200
201
231
340
840
283
112
293
306
297
120
1821
1423
242
270
394
721
149
190
170
922
369
213
345
209
725
2355
163
201
180
415
124
1502
2108
301
297
206
624
225
234
456
129
1
287
270
114
167
565
153
1861
342
2
213
391
308
693
201
533
1305
669
610
1369
188
201
551
287
275
794
1
892
579
203
428
173
159
1102
336
461
1299
199
1
2738
304
128
376
199
496
182
236
555
270
177
176
359
159
137
186
273
107
767
212
291
213
2496
561
298
890
103
177
890
265
251
235
201
377
176
175
965
165
499
244
287
224
738
941
184
189
258
678
419
606
287
544
95
142
1
199
246
160
137
271
618
157
423
507
168
529
608
234
136
148
393
249
220
392
182
111
338
705
439
148
149
345
262
222
303
209
291
882
164
209
261
1175
1092
317
814
230
156
417
2
2417
250
624
1422
1268
764
261
145
147
181
215
391
1119
569
406
284
141
291
184
320
186
534
259
1936
319
352
243
1184
123
329
1287
318
1244
1085
196
146
129
139
683
164
176
120
176
285
317
224
182
1
149
451
211
422
484
692
170
557
131
180
511
589
401
301
219
142
177
873
146
411
116
267
1261
138
412
1284
190
207
217
272
701
589
874
170
118
288
175
344
210
212
615
222
513
152
287
689
465
824
252
875
189
168
576
472
201
188
616
269
190
516
149
138
590
763
525
210
444
524
211
249
1612
2136
98
266
204
191
1667
175
1924
251
125
234
186
197
259
1087
460
230
155
127
422
354
96
298
103
218
1
1252
370
145
192
1782
1772
120
551
448
170
1738
1138
174
958
350
178
253
117
881
160
303
522
274
110
234
1319
1347
330
243
692
115
498
300
735
153
209
275
80
350
214
617
968
497
830
223
173
382
334
506
132
144
232
492
223
174
186
592
416
1370
190
151
224
515
2347
313
106
1
238
171
256
492
1414
132
168
175
287
198
58
721
216
978
189
107
132
188
506
704
685
1993
114
186
1895
573
233
185
597
267
909
266
366
217
157
113
200
1237
141
236
1547
364
703
349
243
95
190
116
961
266
164
1886
308
712
195
121
419
79
706
303
372
1368
150
470
499
157
386
639
839
514
1599
341
470
386
221
167
216
225
271
998
324
1954
194
187
189
280
164
1
143
672
333
383
1956
585
180
1215
228
231
1052
777
480
599
172
1810
1075
232
400
264
263
295
81
281
278
1694
672
110
152
150
313
137
351
168
163
119
162
267
151
280
724
262
291
197
794
527
179
3027
306
199
208
272
196
205
262
125
226
1237
785
582
157
308
292
229
341
480
146
221
499
127
267
246
92
1169
122
88
1
490
1260
433
376
227
1229
1125
181
228
1314
129
273
286
2
219
121
129
276
2076
450
343
126
205
153
119
505
200
192
148
401
209
516
1005
327
180
1852
541
655
144
212
138
576
578
613
135
147
542
258
205
176
133
231
285
719
498
721
1584
226
235
178
1012
322
323
258
681
252
2179
240
515
318
303
702
1592
195
211
738
156
497
328
153
234
211
277
163
220
184
441
105
153
978
1005
167
1269
853
409
145
230
572
260
515
1417
693
316
241
256
319
572
192
203
1036
1482
569
221
277
103
245
192
201
408
415
667
158
460
881
305
300
138
3005
199
282
374
301
150
223
264
219
1
1547
1845
234
303
875
410
176
500
600
600
218
196
136
178
433
635
1882
380
355
2144
539
139
674
153
172
223
260
2645
174
1740
363
211
3382
118
437
1536
365
262
179
143
155
544
148
198
515
165
159
143
2575
234
142
1268
427
1698
251
605
149
140
293
146
157
182
340
251
178
2
380
165
704
323
248
385
613
979
107
220
156
479
493
772
156
264
223
116
938
1392
492
251
475
176
176
313
169
193
228
387
174
133
250
224
103
304
375
410
178
159
102
1017
284
194
277
1403
153
139
144
433
577
547
152
106
1019
174
158
218
140
1
1
1
457
194
186
229
96
245
191
487
301
261
203
219
233
367
465
309
232
149
952
127
97
250
495
1529
112
242
2672
320
220
425
175
526
203
339
303
277
61
225
137
116
467
220
239
854
981
1415
522
582
301
233
2140
1086
1209
177
329
211
200
710
122
426
1315
963
131
171
1255
1962
822
417
245
236
223
123
1
505
1138
456
230
245
437
348
955
444
263
234
159
117
267
469
146
235
292
1386
462
218
159
2106
269
445
1
198
745
1313
649
154
534
1753
302
234
217
2275
1069
454
264
184
227
1142
272
1289
202
215
230
1859
269
372
760
503
159
250
119
245
235
172
184
1094
370
170
350
238
376
407
1044
283
401
492
143
711
851
392
313
224
512
345
216
265
230
128
239
293
1432
698
810
314
153
106
133
216
163
158
197
272
1
267
312
462
213
122
685
268
159
1
824
557
1640
494
618
144
353
238
250
210
303
364
192
185
519
294
359
379
165
471
804
2371
215
341
2
2070
128
164
107
124
1
972
433
1418
706
925
239
327
189
83
146
1813
1651
273
118
297
1979
258
950
540
1658
211
441
242
1256
487
367
321
306
653
288
327
164
175
293
555
490
1307
494
514
400
167
711
423
169
166
205
1056
78
283
322
124
193
230
202
1014
178
113
1167
459
632
741
618
323
320
211
329
298
472
2309
1071
386
1532
225
248
1
935
311
157
1
1483
124
93
118
207
211
199
495
148
139
213
345
272
487
309
154
512
1193
282
650
351
100
149
329
660
131
640
139
576
254
901
318
175
585
288
512
304
386
458
271
181
135
226
133
1949
112
2538
139
128
1981
205
1485
596
290
214
289
191
474
538
165
340
150
335
131
136
107
208
116
2142
487
473
371
176
1978
1195
402
204
79
3148
2543
771
467
364
206
596
453
165
266
1
1
1394
1286
395
779
663
276
196
206
130
264
100
204
1
1
1202
464
343
189
397
214
202
251
337
281
245
215
186
130
289
2
197
461
2383
916
448
190
412
259
392
1656
234
76
227
220
230
793
303
1166
117
120
282
125
404
1
1145
313
788
191
170
290
179
176
2219
584
188
236
117
251
103
594
373
211
1630
196
1275
177
626
192
180
153
405
217
230
514
165
333
836
251
694
493
662
271
786
261
148
553
111
256
157
159
226
422
184
962
711
172
845
1363
266
166
276
509
93
203
173
171
225
970
121
118
2093
318
1305
191
311
1620
431
132
231
185
534
1482
121
361
186
158
188
548
807
358
170
568
661
334
238
185
393
226
299
550
839
167
1861
2565
127
192
763
1337
1164
251
207
139
159
244
111
1202
779
255
331
2177
611
369
223
676
139
165
1358
114
109
131
124
744
239
157
245
168
105
464
187
137
211
412
287
389
226
130
108
3
1331
249
398
1448
171
557
1499
184
420
1
1417
591
264
494
787
342
1
82
148
1
357
703
294
225
319
240
175
116
156
1270
232
218
260
388
192
199
154
192
569
1331
368
271
434
335
210
443
1034
243
1
650
211
1248
431
862
249
245
222
2355
521
282
119
95
347
2367
1163
681
1172
189
340
132
318
328
318
177
635
445
369
243
249
364
155
125
79
260
143
1097
285
143
368
601
189
367
858
196
1003
205
688
298
168
276
527
188
2653
209
170
2404
354
432
2829
246
261
234
233
562
321
172
194
679
1871
462
199
396
475
306
288
1290
198
136
332
252
122
223
1317
2052
191
1026
245
1318
181
188
144
189
211
609
2477
521
282
165
1331
156
1733
828
204
212
229
207
415
238
1230
1461
1308
157
216
200
311
231
1044
157
160
251
342
261
93
152
201
243
238
154
258
301
1
275
103
507
440
139
157
247
118
2173
530
419
936
254
410
70
317
373
2328
540
182
1334
261
188
182
223
174
301
234
424
148
226
429
294
349
313
2
1073
520
623
562
785
206
471
111
487
909
246
213
173
505
1
202
2008
2237
196
224
138
533
120
771
270
376
148
166
188
472
251
142
352
186
207
291
329
364
146
246
193
146
608
185
164
190
371
260
326
230
1098
143
206
189
455
517
351
490
1487
288
237
138
185
526
426
169
377
326
216
174
577
461
202
137
355
578
179
510
393
1
218
211
192
504
1
927
217
502
200
651
456
387
369
126
208
243
627
468
470
758
598
393
165
239
65
1512
388
233
1
848
1445
593
705
579
441
221
170
364
266
304
184
170
155
166
399
157
426
284
1270
389
750
336
354
138
443
257
196
161
555
154
243
966
1147
1496
132
374
264
951
1152
443
1511
146
402
226
207
1
426
242
1508
359
1130
128
298
86
2
1
673
145
181
496
142
184
237
2214
209
786
704
239
167
321
794
335
525
176
221
201
122
909
298
525
246
420
222
754
242
318
231
748
215
1
340
1280
490
556
238
221
154
1976
443
202
192
387
1
539
97
1211
179
1
863
411
1078
319
190
222
222
842
631
149
722
245
499
144
554
199
158
274
1007
237
1287
232
244
112
2562
414
281
148
486
154
255
402
213
167
179
167
796
311
1
1765
448
633
611
164
360
118
174
189
243
3
151
150
387
128
540
569
221
340
248
390
312
1
1
310
2578
238
152
156
401
99
91
1229
116
182
169
1629
549
1009
1466
313
284
454
437
330
167
178
337
588
445
682
268
832
308
109
135
812
213
366
1140
158
199
140
392
858
397
291
249
265
1
230
271
99
1
896
1503
1851
179
147
167
899
142
1
1409
624
738
162
187
142
203
1281
271
455
2076
782
161
180
198
510
347
1
1
410
262
184
176
334
195
754
389
224
715
152
480
151
137
1368
611
290
98
182
517
241
996
298
307
419
281
1417
754
153
240
297
346
209
98
1851
1796
587
207
119
199
169
161
165
1312
187
856
258
151
2109
296
209
368
192
213
378
1406
244
324
123
502
207
404
587
593
814
501
136
777
244
249
192
599
174
413
156
200
281
1905
1577
247
244
363
128
221
1746
232
323
587
297
310
1
458
203
207
435
252
160
99
167
495
310
331
1172
168
163
525
233
166
268
374
1320
114
234
248
884
252
330
185
1
150
328
116
148
284
621
1565
1275
441
154
238
1764
302
185
570
1851
563
633
697
689
192
338
1175
226
909
166
481
551
203
250
168
1800
142
160
500
400
314
396
244
399
276
177
162
205
322
96
616
222
151
166
155
729
194
215
274
1667
541
271
287
177
218
245
373
235
173
1904
143
372
1933
144
125
163
878
408
154
215
1984
174
143
188
1938
593
105
873
200
237
220
1
503
2044
532
1807
751
1168
175
248
573
139
238
1
176
283
147
161
273
3111
367
143
268
143
144
757
673
903
1134
559
1233
148
206
330
181
1
888
697
1179
743
208
245
276
132
1
112
280
395
191
301
299
226
178
216
173
1589
85
178
351
695
307
708
315
173
257
290
188
237
940
828
672
538
209
466
247
361
828
182
724
99
408
259
1380
632
1279
612
179
558
415
219
2794
929
141
1872
701
551
273
721
381
100
345
179
381
1709
327
248
121
139
544
212
534
1062
264
318
408
899
990
197
192
332
249
787
257
692
201
384
287
1002
275
301
992
232
289
285
2521
892
137
432
171
153
198
208
324
144
121
2071
691
211
198
287
407
179
153
2467
565
126
219
109
128
722
2564
469
126
152
687
1793
1809
294
120
183
268
1002
160
4
282
1146
580
467
273
148
768
207
453
217
1947
318
686
526
372
288
314
925
387
149
207
179
131
128
518
805
1417
279
278
384
339
192
232
327
785
554
236
230
951
721
179
243
414
1154
259
276
980
154
259
177
1073
202
180
506
195
188
328
240
307
381
508
1120
164
202
110
193
390
154
114
229
425
242
1723
1413
624
192
731
342
598
463
507
462
217
771
246
207
238
183
186
621
266
1407
215
197
497
136
164
264
706
374
173
544
335
188
249
145
149
177
82
225
795
829
1178
402
150
203
195
152
2811
545
159
176
280
666
197
728
259
497
183
182
419
896
585
128
183
485
960
308
2317
410
122
836
457
464
429
236
289
469
160
227
192
337
788
143
111
295
286
268
379
211
126
166
360
1361
118
594
605
188
173
140
252
198
191
424
187
1
1
1174
295
253
229
129
292
167
104
351
785
2631
750
501
733
2510
254
243
382
181
387
227
164
285
615
911
187
225
315
392
664
359
1160
1054
146
256
270
182
182
615
321
206
1
274
1417
1092
865
184
87
233
535
270
221
331
326
296
480
107
258
254
121
345
259
278
195
1
1
389
2761
156
491
138
1207
96
488
198
1301
616
200
279
380
202
289
839
153
864
721
317
150
148
1541
550
289
332
520
165
269
311
215
196
469
1393
161
129
380
1
187
882
412
157
1111
1867
893
426
239
509
177
165
696
548
203
165
413
451
937
246
691
294
148
387
119
909
399
155
1
1252
550
1133
221
270
159
160
161
1835
219
491
338
151
145
202
120
124
517
255
209
194
383
1
239
562
185
1
550
1230
244
884
505
146
163
321
257
143
147
114
1
1235
278
855
277
680
185
1071
93
309
348
218
120
1432
2046
156
232
423
146
751
165
1149
991
218
245
221
165
1345
1551
143
173
276
2082
980
435
333
281
2121
206
287
135
190
1
403
1238
199
729
445
1112
224
208
216
93
207
143
142
2134
517
102
361
252
351
158
3035
224
197
430
168
233
155
156
154
1290
411
1230
258
185
184
1095
208
2231
489
382
133
233
408
269
227
180
135
202
136
1
631
108
439
187
230
144
121
97
120
1
143
414
213
301
1357
130
193
281
310
225
152
297
240
834
1073
364
174
183
169
188
188
158
530
325
1364
1583
171
504
261
506
237
190
595
824
255
89
108
205
226
114
333
2344
835
362
162
212
156
527
190
224
542
301
360
195
902
771
1255
536
278
154
132
3
154
345
235
174
162
842
1684
487
1382
871
321
93
293
904
389
224
337
261
117
1224
221
112
362
281
890
637
118
143
711
408
385
396
649
435
330
262
182
197
201
987
318
2225
357
133
181
553
297
1336
856
205
335
196
157
195
131
469
1557
258
429
1996
231
438
1494
589
1681
318
352
607
264
165
218
192
178
2182
296
207
1469
568
619
964
148
270
170
400
664
688
1142
419
184
841
800
947
192
330
315
193
3175
324
162
251
412
1223
905
181
998
327
229
257
440
948
548
236
1310
217
691
423
132
271
433
314
218
508
104
755
205
624
1822
219
738
576
120
193
182
140
570
186
605
749
266
361
199
598
127
746
299
437
167
139
166
345
170
389
243
774
147
675
148
593
840
227
200
1
999
1079
373
116
292
167
624
630
294
246
263
137
126
637
112
224
1
2291
292
1350
301
209
238
1808
342
258
231
187
1
535
1122
287
217
1
3227
263
292
1
387
1721
156
251
552
518
710
211
978
152
152
330
113
348
363
209
138
206
143
188
209
180
219
3063
859
347
674
203
643
132
246
276
801
92
251
212
196
970
313
254
140
818
833
1777
200
177
534
195
614
220
944
313
202
159
195
282
841
1033
192
243
626
242
528
342
134
1319
277
779
515
299
165
118
177
243
2
2200
246
157
317
197
257
139
214
306
156
826
155
399
448
190
514
276
947
297
327
388
422
247
306
202
634
171
145
479
175
1367
262
360
434
239
323
566
414
136
227
168
347
456
214
2
941
504
198
204
208
1658
397
498
282
144
267
198
158
1021
780
479
1022
254
165
196
93
1441
550
208
2
2122
828
93
1379
172
225
183
143
1392
376
117
2
408
842
153
788
307
198
1
234
740
336
282
159
393
313
109
340
213
280
250
146
176
1821
1835
275
1096
150
168
152
172
234
504
579
293
522
222
625
148
187
229
180
289
130
238
258
185
307
325
837
212
295
202
410
860
137
219
1540
387
813
599
183
853
796
470
312
809
1169
464
161
406
598
302
388
257
295
728
440
166
460
114
145
295
205
200
326
924
307
327
239
170
198
1
585
1931
247
166
195
1975
540
748
338
291
280
277
2066
1938
192
156
227
182
138
271
1
1009
341
126
102
1751
278
1143
959
396
239
332
201
233
687
245
162
671
345
2450
433
427
118
254
158
233
155
225
175
357
286
146
188
410
141
2350
1501
528
279
235
198
67
493
536
1312
225
439
275
357
486
92
942
783
146
193
1056
160
261
758
587
203
349
177
270
157
2667
988
185
192
72
614
298
262
206
227
166
108
537
124
825
227
240
135
1191
357
1148
1207
121
230
450
252
255
654
3036
233
169
1
278
202
262
833
157
238
136
490
439
137
249
390
157
610
297
2626
310
144
187
249
199
365
159
109
166
127
180
1
1384
583
2
3037
136
2178
653
499
611
183
316
178
231
2
732
850
770
672
196
154
318
561
230
424
344
2307
578
267
565
238
204
403
161
281
343
290
417
124
322
253
1097
113
156
543
148
173
1989
2268
330
206
203
1288
372
146
380
135
998
814
528
175
1186
254
239
143
518
2834
122
293
217
249
191
1294
467
388
561
1688
917
276
1
311
455
281
210
615
342
181
131
236
1150
265
357
266
89
1
236
209
166
200
183
163
191
2118
210
476
459
139
1227
425
2578
169
165
227
1628
94
113
169
1566
179
265
196
234
486
181
720
501
130
1
85
586
543
1378
532
960
368
413
188
142
558
428
337
309
200
984
290
246
474
1
312
526
