8008
8008
3967
4041
3570
4438
8008
8008
8008
3927
4081
8008
8008
8008
8008
4325
3683
8008
8008
8008
8008
8008
8008
8008
4599
3409
8008
8008
8008
4376
3632
8008
8008
8008
3767
4241
8008
8008
8008
8008
8008
8008
8008
8008
8008
8008
8008
8008
8008
8008
8008
8008
8008
4699
3309
8008
8008
8008
8008
8008
8008
3686
4322
8008
8008
8008
8008
8008
8008
4909
3099
8008
8008
8008
8008
8008
8008
8008
8008
8008
8008
8008
8008
8008
8008
8008
4907
3101
8008
8008
8008
3821
4187
8008
8008
8008
8008
8008
8008
8008
8008
8008
3359
4649
8008
8008
8008
8008
4400
3608
3780
4228
8008
4746
3262
8008
8008
8008
8008
8008
8008
8008
8008
8008
8008
8008
3489
4519
8008
8008
3235
4773
8008
8008
3791
4217
4224
3784
8008
8008
8008
8008
8007
1
8008
8008
8008
8008
5637
2371
8008
8008
4664
3344
8008
8008
8008
8008
8008
8008
8008
8008
8008
8008
8008
8008
8008
8008
8008
8008
8008
8008
8008
8008
4285
3723
8008
8008
4211
3797
8008
8008
8008
8008
8008
8008
8008
8008
8008
8008
8008
8008
8008
8008
8008
3197
4811
8008
8008
8008
8008
8008
8008
8008
8008
2837
5171
8008
8008
4280
3728
8008
8008
8008
8008
8008
3985
4023
3494
4514
8007
1
8008
8008
8008
8008
8008
8008
8008
8008
4006
4002
8008
8008
8008
8008
4277
3731
8008
8008
8008
8008
8008
8008
8008
8008
8008
5355
2653
4435
3573
4231
3777
8008
8008
8008
8008
8008
8008
8008
8008
8008
8008
8008
8008
8008
8008
8008
4574
3434
8008
8008
8008
8008
8008
8008
8008
8008
8008
8008
8008
8008
8008
8008
8008
8008
8008
8008
8008
8008
8008
8008
8008
8008
8008
4859
3149
8008
8008
8007
1
8008
8008
8008
8008
8008
8008
8008
8008
8008
8008
8008
8008
8008
8008
8008
8008
8008
8008
8008
4008
4000
8008
8008
8008
8008
8008
8008
8008
8008
8008
8008
8008
4196
3812
8008
4061
3947
8008
8008
8008
8008
4018
3990
4159
3849
8008
8007
1
8008
8008
8008
8008
4332
3676
4944
3064
8008
8008
8008
8008
4508
3500
8008
8008
8008
8008
8008
8008
8008
8008
8008
8008
8008
5802
2206
8008
3731
4277
8008
8008
3123
4885
8008
8008
3463
4544
1
8008
8008
8008
5191
2817
4879
3129
8008
8008
8008
4159
3849
8008
8008
4959
3049
8008
8008
8008
4355
3653
8008
4373
3635
8008
8008
8008
4037
3971
8008
8008
8008
8008
8008
8008
8008
8008
8008
8008
8008
8008
8008
8008
8008
8008
8008
8008
8008
8008
8007
1
3871
4137
8008
8008
8008
8008
8008
5386
2622
8008
8008
8008
3998
4010
8008
8008
3800
4208
8008
4484
3524
8008
8008
8008
8008
8008
8008
8008
8008
3216
4792
8008
8008
3694
4314
8008
8008
8006
2
8008
8008
8008
8008
8008
4240
3768
4525
3483
8008
8008
5670
2338
3528
4480
8008
4475
3533
8008
8008
8008
8008
8008
8008
8008
8007
1
8008
8008
8008
8008
8008
8008
8008
8008
8008
4775
3233
8008
8008
2823
5185
4008
4000
8008
3620
4388
8008
8008
8008
8008
8008
8008
8008
5013
2993
2
3849
4159
8008
5081
2927
8008
4664
3344
8008
4083
3925
8008
8008
8008
4383
3625
8008
8008
8008
8008
8008
8008
8008
6346
1662
8008
8008
2667
5341
8008
8008
4386
3622
4109
3896
1
2
8008
8008
8008
8008
8008
8008
8008
8008
8008
8008
8008
8008
8008
8008
8008
3767
4241
8008
8008
4464
3544
8008
3847
4161
8008
8008
8008
8008
8008
8008
8008
8008
8008
8008
4172
3836
8008
8008
8008
8007
1
8008
8008
8007
1
8008
8008
8008
8008
8006
2
8008
8008
8008
8008
8008
8008
8008
4044
3964
8008
8008
8008
8008
8008
8008
8008
4211
3797
8008
8008
8008
8008
8008
8008
8008
8008
8008
8008
8008
8008
8008
8008
3626
4382
3706
4302
8008
8008
8008
8008
8008
8008
3821
4187
8008
8008
8008
8008
8008
8008
4932
3076
4030
3978
8008
8008
8008
8008
8008
8008
8008
8008
8008
8008
8008
8007
1
8008
8008
8008
3886
4122
8008
8008
8008
8008
8008
8008
8008
4419
3589
5023
2985
8008
8008
8008
8008
8008
8008
8008
8008
4051
3957
8008
8008
4266
3742
8008
8008
3636
4372
3313
4695
8008
8008
8008
3783
4225
4154
3854
8008
8008
8008
8008
8008
8008
8008
8008
8008
8008
8008
8008
8008
8008
8008
3421
4587
8008
8008
8008
8008
8008
4399
3609
8008
8008
8008
8008
8008
8007
1
8008
8008
8008
4835
3173
8008
8008
8008
3826
4182
8008
8008
8008
8008
8008
8008
8008
8008
8008
8008
8008
8008
8008
8008
8008
8008
8008
8008
8008
8008
8008
8008
8008
8008
8008
8008
3686
4322
8008
8008
8008
8008
8008
8008
8008
8008
8008
8008
8008
8008
8008
8008
8008
3699
4309
8008
8008
8008
8008
8008
8008
8008
8008
3672
4336
8008
4520
3488
8008
8008
4704
3304
8008
8008
8008
8008
8008
3606
4402
8008
8008
8008
4646
3362
8008
8008
8008
8008
8008
8008
8008
8008
8008
8008
4681
3327
8008
8008
8008
8008
8008
8008
8008
8008
5595
2413
8008
8008
8008
8008
8008
8008
8008
8008
8008
8008
4812
3196
8008
8008
8008
8008
8008
8008
8008
8008
8008
4414
3594
8008
8008
3628
4380
8008
8008
8008
8008
8008
8008
8008
8008
8008
5173
2835
8008
8008
8008
8008
8008
3949
4059
8008
4766
3242
8008
8008
8008
8008
8008
8008
8008
8008
8008
8008
8008
8008
8008
8008
8008
8008
8008
3755
4253
8008
8008
8008
8008
8008
8008
8008
8008
8008
8008
8008
8008
3614
4394
8008
8008
8008
8008
8008
8008
8008
2824
5184
8008
8008
8008
8008
8008
8008
8008
8008
8008
8008
8008
8008
8008
8008
8008
8008
3948
4060
4471
3537
8008
8008
8008
8008
4913
3095
8008
8008
8008
8008
8008
8008
8008
8008
8008
8008
8008
8008
8008
8008
8008
3525
4483
8008
8008
8008
8008
8008
8008
8008
8008
8008
8008
8008
8008
8008
5672
2336
8008
8008
8008
8008
8008
8008
8008
8008
8008
4066
3942
8008
8008
8008
8008
4259
3749
4296
3712
8008
8008
8008
8008
3894
4114
8008
3849
4159
8008
8008
8008
8008
8008
4522
3486
8008
8008
8008
8008
8008
8008
3083
4925
8008
8008
8008
8008
8008
8008
8008
8008
8008
8008
8008
4552
3456
8008
8008
8008
8008
8008
8008
8008
8008
8008
8008
8008
4039
3969
3041
4967
8008
8008
8008
8008
8008
8008
8008
8008
8008
8008
8008
8008
8008
8008
3416
4592
8008
8008
8008
8008
8008
8008
8008
4758
3250
8008
8008
8008
8008
8007
1
8008
8008
3887
4121
8008
8008
8008
8008
8008
5142
2866
8008
8008
4076
3932
8008
8008
4052
3956
8008
8008
8008
8008
8008
8008
8008
8008
8008
8008
8008
8008
8008
8008
8008
8008
3727
4281
8008
8008
8008
3448
4560
8008
4042
3966
8008
8008
3613
4395
8008
8008
8008
8008
8008
8008
8007
1
8008
8008
8008
8008
8008
8008
8008
8008
8008
8008
8008
8008
8008
8008
8008
8008
4642
3366
8008
8008
8008
8008
8008
8008
8008
8008
8008
4717
3291
8008
8008
8008
8008
8008
8008
8008
8008
8008
8008
8008
8008
8008
8008
8008
8008
8008
8008
8008
8008
8008
8008
4842
3166
8008
8008
8008
8008
8008
8008
3202
4806
8008
8008
8008
8008
8008
8008
8008
8008
8008
8008
8008
8008
6205
1803
8008
8008
8008
8008
8008
8008
8008
5950
2058
8008
8008
8008
8008
8008
8008
8008
8008
8008
8008
8008
8008
8008
8008
8008
8008
8008
4584
3424
8008
8008
4728
3280
8008
3769
4238
1
4096
3912
8008
8008
8008
8008
8008
3311
4697
8008
8008
8008
8008
8008
8008
8007
1
8008
8008
8008
8008
8008
8008
8008
8008
8008
8008
5643
2365
8008
8008
8008
5135
2873
8008
8008
5285
2723
8008
8008
8008
8008
8008
8008
8008
3731
4277
4886
3122
8008
8008
8008
4664
3344
3592
4416
4452
3556
8008
8008
8008
4395
3613
8008
8008
8008
8008
8008
8008
8008
8008
8008
8007
1
4054
3954
8008
8008
8008
8008
4094
3914
3819
4189
8008
8008
8008
8008
8008
8008
8008
8008
8008
8008
8008
8008
8008
8008
8008
8008
8008
4454
3554
8008
8008
8008
8008
8008
8008
3565
4443
8008
8008
8008
8008
8008
3556
4451
1
8008
8008
3741
4267
8008
8008
8008
8008
8008
8008
8008
8008
8008
8008
4059
3949
8008
8008
8008
2814
5194
8008
8008
4375
3633
4309
3699
8008
8008
8008
8008
8008
5028
2980
8008
8008
8008
8008
4552
3456
8008
3877
4131
8008
8008
3956
4051
1
8008
8008
8008
8008
8008
5079
2929
8008
8008
8008
8007
1
4436
3572
8008
3522
4486
4787
3221
5388
2620
8008
8008
3659
4347
2
8008
4017
3991
8008
8008
8008
8008
8008
8008
8008
8008
8008
8008
8008
8008
8008
8008
8008
8008
8008
8008
8008
8008
3531
4477
8008
8008
8006
2
8008
3776
4232
8008
5882
2126
8008
8007
1
8008
8008
8008
8008
8008
8008
8007
1
8008
8008
8008
8008
8008
8008
8008
8008
4354
3654
8008
8008
8008
8008
8008
8008
8008
8008
8008
8008
1944
6064
8008
8008
8008
8008
8008
3589
4419
8008
8008
8008
8008
2988
5020
8008
4086
3922
8007
1
4816
3192
3817
4191
8008
8008
3193
4815
4698
3310
8008
8008
8008
8008
8008
4597
3411
2049
5959
2816
5192
8008
5674
2334
8008
8008
2320
5688
3863
4145
8008
8008
5060
2948
8008
8008
8008
8008
8008
8008
8008
8008
8008
8008
8008
8008
4025
3983
8008
8008
5101
2907
8008
8008
8008
8008
8008
8008
4266
3742
8008
8008
8007
1
8008
8008
8008
8008
4426
3582
8008
8008
8008
8008
8008
8008
8008
8008
8008
5123
2885
8008
8008
8008
4542
3466
4016
3992
8008
8008
8008
8008
8008
8008
8008
8008
8008
8008
8008
8008
4564
3444
8008
8008
8008
8007
1
8008
8008
8008
8008
8008
8008
8008
8008
8008
8008
8008
8008
8008
8008
8008
8008
8008
8008
8008
8008
8008
8008
8008
8008
8008
3867
4141
8008
8008
8008
8008
8008
8008
8008
8008
8008
8008
8008
8008
8008
5396
2612
8008
8008
8008
8008
8008
8008
8008
8008
8008
8008
8008
8008
8008
8008
8008
8008
8008
8008
8008
8008
8008
8008
8008
8008
4391
3617
8008
8008
8008
4878
3130
8008
8008
8008
8008
8008
2529
5479
4128
3880
8008
8008
8008
8008
8008
8008
8008
8008
8008
3990
4017
1
8008
8008
8008
8008
8008
8008
3798
4210
8008
8008
8008
8008
8008
8008
8008
8008
8008
8008
8008
8008
5136
2872
8008
3803
4205
8008
8008
8008
8008
8008
8008
4582
3426
8008
3671
4337
5245
2763
8008
8008
8008
8008
8008
8008
8008
8008
8008
8008
8008
3666
4342
8008
8008
8008
8008
8008
8008
8008
8008
8008
4538
3470
8008
8008
8008
8008
4015
3993
8008
8008
8008
8008
8008
8008
8008
8008
8008
8008
8008
8008
8008
8008
8008
8007
1
8008
8008
8007
1
8008
8008
8008
8008
8008
8008
8008
8008
3541
4467
8008
4406
3602
8008
8008
8008
8008
8008
5987
2021
8008
8007
1
8008
8008
8008
1688
6320
8008
8008
8008
8008
4009
3999
8008
8008
8008
8008
8008
8008
8008
8008
8008
8008
8008
5778
2230
8008
8008
8008
8008
8008
8008
8008
8008
8007
1
8008
8008
6017
1991
8008
8008
3739
4269
8008
8008
8008
8008
8008
8008
8008
8008
8008
8008
8008
8008
8008
8008
8008
8008
8008
8008
8007
1
8008
3905
4103
4110
3898
8008
8008
4049
3959
8008
8008
3862
4146
4400
3608
8008
5300
2708
3274
4734
8008
8008
8008
8008
8008
8008
8008
8008
8008
8008
8008
8008
5284
2724
4851
3157
8008
4470
3538
8008
8008
8008
8008
8008
8008
8008
8008
8005
3
8008
8008
8008
8008
8008
8008
8008
8008
8008
8008
5692
2316
8008
8008
4792
3216
6010
1998
8008
8008
8008
8008
8008
4333
3675
8008
4167
3841
8007
1
8008
8008
4530
3478
8008
8008
8008
8008
8008
8008
8008
8008
8008
8008
4169
3839
8008
8008
4313
3695
8008
8008
8008
8008
3395
4613
8008
8008
8008
8008
8008
6184
1824
8008
8008
8008
4445
3563
3691
4317
8008
8008
8008
8008
8008
8008
8008
8008
8008
8008
8003
5
8008
8008
8008
8008
8008
8008
3387
4621
8008
8008
8008
8008
8008
8008
8008
8008
8008
8008
8008
8008
8008
8008
8008
4061
3947
8008
3780
4228
3781
4227
8008
8008
8008
8008
8008
8008
8008
8008
8008
8008
5176
2832
4087
3921
3460
4548
8008
8008
8008
8008
3202
4806
8008
8008
8008
8008
3822
4186
8008
4138
3870
8008
8008
8008
8008
3787
4221
8008
8008
8008
8008
3258
4750
4269
3739
8008
8008
8008
4400
3608
8008
8008
8008
8008
8008
8008
8008
8008
8008
8008
8008
8008
8008
8008
8008
8008
8008
8008
8008
8008
8008
8008
8008
8008
8008
8008
5096
2912
4826
3182
8008
8008
3357
4651
4086
3922
8008
8008
8008
8008
8008
8008
8008
8008
8008
8008
8008
3794
4214
3895
4113
8008
5856
2152
8008
8008
8008
8007
1
8008
8008
8008
8008
8008
8008
8008
8008
8008
8008
2382
5626
8008
8008
8008
8008
8008
8008
8008
8008
4166
3842
8008
8008
8008
8008
8008
8008
8008
8008
8008
8008
8008
8008
4493
3515
8008
3785
4223
8008
8008
8008
8008
8008
5654
2354
8008
8008
8008
8008
8008
8008
8007
1
8008
8008
8008
8008
8008
8008
8008
8008
8008
8007
1
8008
3577
4431
8008
8008
8008
5247
2761
8008
4565
3443
8008
8008
8008
8008
4418
3590
8008
4077
3931
8008
8008
8008
8008
8008
8008
4372
3636
8008
8008
8008
8008
8008
8008
8008
4052
3956
8008
8008
8008
8008
8008
8008
8008
3428
4580
8008
8008
8008
8008
8008
8006
2
8008
8008
8008
8008
8008
8008
8008
8008
8008
4687
3321
8008
8008
8008
2019
5989
8008
8008
8008
8008
8008
8008
8008
8008
8008
3163
4845
8008
3266
4742
2861
5147
8008
8008
4469
3539
8008
3805
4203
8008
8008
5364
2644
8008
8008
8006
2
8008
8008
8008
8008
8008
8008
8008
8008
4340
3668
3726
4282
4190
3818
4293
3715
8008
4616
3392
8008
8008
8008
8008
8008
8008
8008
8008
8008
8008
4628
3380
8008
8008
3746
4262
8008
8008
8008
8008
5635
2373
8008
5283
2725
8008
8008
8008
8008
8008
8008
8008
8008
8008
8008
8008
8008
8008
3804
4204
8008
8008
8008
8008
8008
4382
3626
3648
4360
8008
8008
8008
8008
8008
8008
8008
4508
3500
8008
8008
3418
4590
8008
8008
8008
8008
8008
8008
8008
8008
8008
4212
3796
8008
8008
8008
8008
8008
8008
8008
8008
8008
8008
8008
8008
8008
8008
8008
8008
8008
3275
4733
5712
2296
8008
4052
3956
8008
8008
8008
8008
8008
8008
8008
8008
8008
4473
3534
1
8008
8008
8008
8008
8008
3851
4157
8008
8008
2683
5324
1
8008
8008
8008
8008
8008
8007
1
8008
8008
8008
3511
4497
8008
8008
8008
8008
8008
8008
5679
2329
8008
2183
5825
8008
8008
3956
4052
3639
4369
8008
8008
8008
3628
4380
8008
8008
8008
8008
4197
3811
8008
8008
8008
8008
4299
3709
4068
3940
8008
8008
3541
4467
8008
8008
4196
3812
3497
4511
8008
8008
4501
3507
8008
8008
8008
8008
8008
8008
8008
8008
8008
5018
2990
8008
8008
4621
3387
4025
3983
3356
4652
8008
8008
2925
5083
8008
3229
4779
8008
8008
8008
8008
8008
8008
8008
4705
3303
8008
8008
8008
8008
8008
8008
8007
1
8008
8008
8008
8008
8008
8008
8008
8008
8008
8008
8008
8008
8008
8008
8007
1
4549
3459
8008
4065
3943
8008
8008
8008
8008
8008
3874
4134
8008
8008
8008
8008
8007
1
8007
1
8008
4732
3276
8008
8008
8008
3747
4261
8008
8008
8008
8008
8008
8008
8008
4434
3574
8008
8008
5115
2893
8008
8008
4001
4007
4511
3497
8008
8008
8008
8008
8008
8008
8008
4979
3029
8008
8008
8008
4255
3753
8008
4396
3612
8008
3207
4801
8008
8008
8008
8008
8008
8008
8008
8008
8008
8008
8008
8008
8008
8008
8008
8008
8008
8008
8008
8008
8008
8008
5003
3005
8008
8008
8008
8008
8007
1
8008
3921
4087
8008
8008
3319
4689
8008
8008
8008
8008
8008
8008
8008
8008
4158
3850
8008
8008
8008
3699
4309
8008
8008
8008
8008
3590
4418
8008
8008
8008
8008
8008
8008
8008
8007
1
8008
8008
8008
8008
8008
4676
3332
8008
8008
8008
8008
3829
4179
8008
8008
8008
8008
8008
3021
4987
8008
8008
3418
4590
8008
4295
3713
8008
4504
3504
8008
8008
8008
8008
8008
8008
8008
8008
3816
4192
8008
8008
8008
8008
8008
8008
8008
4524
3484
4738
3270
8008
8008
8008
8008
8008
8008
8008
8008
8008
8008
8008
8008
4868
3140
8008
8008
8008
8008
8008
8008
8008
8008
8008
8008
8008
8008
8008
8008
8008
8008
8008
8008
8008
8008
8008
8008
8008
8008
5260
2748
8008
8008
8008
8008
8008
8008
8008
8008
4150
3858
8008
8008
8008
8008
8008
8007
1
8008
8008
8008
8008
8008
3348
4660
8008
8008
4324
3684
4919
3089
8008
8008
8008
8008
8008
3982
4026
8008
8008
8008
8008
8008
8008
8008
3549
4459
8008
3785
4223
8008
3427
4581
8008
8008
8008
8008
6003
2005
8008
8008
8008
8008
8008
4125
3883
8008
8008
8008
8008
8008
8008
8008
8008
8008
3726
4282
8008
8008
8008
8008
4610
3398
8008
8008
3583
4425
8008
8008
8008
8008
8008
8008
4529
3479
8008
8008
8008
8008
8008
8008
4228
3780
4967
3041
8008
8006
2
8008
3977
4031
8008
8008
3485
4523
3043
4965
8008
8008
8008
8008
8008
8008
8008
8008
8008
8008
3571
4437
8008
8008
8008
8008
8008
8008
8008
8008
8008
4109
3899
8008
8008
8008
8008
8008
8008
8008
8008
8008
8008
8008
2234
5774
8008
4769
3239
8008
4978
3030
8008
8008
8008
8008
8008
8008
8008
8008
8008
8008
8008
8008
8008
8008
8008
8008
8008
8008
4521
3487
8008
4422
3586
8008
8008
8008
8007
1
8008
8008
4536
3472
8008
3743
4265
8008
4141
3867
8008
8008
8008
8008
8008
8008
8008
8008
4144
3864
8008
8008
8008
4457
3551
4683
3325
8008
8008
8008
8008
8008
8008
8008
8008
8008
8007
1
4874
3134
8008
8008
8008
8008
8008
8007
1
8008
8008
8008
8008
8008
8008
8008
4039
3969
8008
8008
5081
2927
8008
8008
3884
4124
8008
8008
8008
8008
8008
4711
3297
8008
8008
8008
8008
8008
8007
1
8008
8008
8008
8008
8008
8008
4081
3927
8008
8008
8008
8008
8008
8008
8008
8008
8008
8008
8008
8008
8008
8008
8008
8008
8008
8008
4899
3109
8008
8008
8008
8008
8008
8008
8008
8008
3634
4374
8008
8008
8008
8008
8008
3960
4048
8008
4141
3867
8008
8008
8008
5254
2754
8008
8008
8008
8008
8008
8008
8008
8008
8008
8008
3895
4113
8008
8008
8008
8008
8008
8008
8008
8008
8008
8008
8008
8008
8008
8008
8008
8008
3754
4254
8008
8008
8008
8008
8008
4228
3780
8008
8008
8008
8008
8008
8008
8008
8008
8008
8008
8008
4047
3961
4923
3085
4105
3903
8008
8008
8008
8008
4962
3046
4318
3690
8008
8008
8008
8008
8008
8008
8008
8008
8008
8008
4180
3828
4320
3688
3737
4271
3944
4064
8008
8008
8008
8008
8008
4110
3898
4337
3671
8008
8008
2173
5835
8008
3615
4393
8008
8008
8008
3852
4156
8008
8008
8008
8008
8008
8008
8008
8008
8008
8008
8008
8008
8008
8008
8008
8008
5123
2885
8008
8008
8008
8008
8008
8008
8008
8008
8008
3465
4543
8008
8008
8008
3712
4296
8008
8008
4224
3784
8008
8008
8008
8008
8008
8007
1
8008
8008
8008
8008
8008
8008
8008
3663
4345
8008
3318
4690
8008
8008
8008
8008
8008
8008
8008
8008
3414
4594
8008
8008
8008
8008
3788
4220
8008
8008
8008
8007
1
4209
3799
8008
8008
8008
8008
8008
4421
3587
8008
8008
8008
8008
5029
2979
4277
3731
4017
3991
3173
4835
8008
8008
8008
8008
8007
1
8008
3954
4054
8008
8008
8008
4429
3579
8008
3846
4162
8008
8008
8008
8008
8008
8008
8008
8008
8008
8008
8008
8008
8008
8008
2711
5297
8008
8008
8008
8008
4484
3524
8008
8008
8008
4247
3761
3907
4101
8008
8008
8008
8008
8008
8008
8008
8008
8008
4983
3025
8008
8008
8008
8008
3142
4866
8008
8008
8008
8008
8008
8008
8008
8008
8008
8008
8008
8008
3859
4149
8008
8008
8008
8008
3646
4362
8008
8008
8008
3871
4137
8008
4214
3794
8008
8008
8008
8008
2511
5497
8008
8008
8008
8008
8008
8008
8008
8008
8008
8008
8008
8008
8008
4536
3472
4145
3863
8008
8008
8008
3313
4695
8008
8008
8008
5088
2920
8008
8008
8008
8008
8008
8008
8008
8008
8008
3524
4484
3184
4824
8008
8008
8008
8008
8008
8008
8008
8008
8008
8008
8008
8008
8008
4830
3178
8008
8008
8008
8008
8008
8008
8008
4880
3128
3922
4086
8007
1
8008
8008
8008
8008
3174
4834
8008
8008
8008
4297
3711
8008
3500
4508
8008
8008
8008
8008
8008
3669
4339
4221
3787
8008
8008
8008
8008
8008
8008
8008
8008
8008
8008
8008
8008
8008
8008
8008
8008
8008
8008
8008
8008
8008
8008
4960
3048
8008
8008
8008
8008
8008
8008
8008
4949
3059
8008
8008
8008
8008
8008
8008
8008
8008
8008
4124
3884
8008
8008
8008
8008
8008
8008
4514
3494
8008
8008
8008
8008
8008
8008
8008
8008
8008
8008
8008
8008
8008
5836
2172
8008
8008
8008
8008
8008
8008
4469
3539
8008
5805
2203
3540
4468
8008
8008
8008
8008
8008
8008
8008
8008
8008
8008
8008
8008
3902
4106
8008
8008
3641
4367
8006
2
8008
8008
3554
4454
8008
8008
8008
8008
8008
8008
4209
3799
8008
8008
8008
8008
8008
8008
8008
8008
8008
8008
8008
8007
1
8007
1
4600
3408
8008
8008
8008
8008
8008
8008
8008
8008
4230
3778
8008
8008
8008
8008
8008
8008
8008
8008
8008
8008
3243
4765
8008
8008
8008
8008
8008
8008
8008
3562
4446
3722
4286
8008
8008
8008
8008
8008
8008
8008
8008
8008
8008
8008
8008
8008
4017
3990
1
8008
8008
8008
8008
8008
8008
8008
8008
8008
8008
8008
8008
8008
8008
8008
8008
4548
3460
8008
8008
8008
8008
8008
8008
8008
8008
8008
4041
3967
8008
8008
8008
4017
3991
8008
8008
8008
8008
8008
8008
8008
8008
8008
8008
8008
8008
8008
8008
8008
8008
8008
3836
4172
8008
8008
8008
8008
8008
8008
3239
4769
8008
4386
3622
8008
8008
8008
4077
3931
8008
8008
8008
3882
4126
8008
8008
8008
8008
8008
8008
8008
8008
8008
8008
8008
8008
4545
3463
8008
8008
8008
3368
4640
8008
8008
3832
4176
8008
8008
8008
8008
8008
8008
8008
8008
8008
8008
2986
5022
8008
8008
8008
8008
8008
8008
8008
3776
4232
3861
4147
3614
4394
8008
3984
4024
8008
8008
8008
4679
3329
8008
8008
8008
8008
8008
3497
4511
8008
8008
8008
4704
3304
8008
8008
8008
8008
8007
1
8008
8008
8008
8008
8008
8008
8008
8008
3535
4473
8008
8008
8008
4125
3883
8008
8008
3978
4030
8008
8008
8008
3822
4186
2488
5520
8008
8008
8008
8008
3996
4012
8008
8008
8008
4328
3680
8008
4072
3936
8008
3919
4089
8008
4226
3782
8008
8008
8008
8008
8008
8008
8008
8008
3681
4327
8008
8008
8008
8008
8008
3562
4446
8008
5906
2102
8008
8008
8008
8008
4752
3256
8008
8008
8008
8008
8008
8008
8008
8008
8008
8008
8008
8008
8008
8008
8008
4067
3941
8008
8008
8008
8008
8008
4247
3761
8008
8008
8008
8008
8008
8008
8008
4210
3798
8008
8008
8008
8008
8008
8008
8008
8008
8008
8008
8008
8008
8008
8008
8008
8008
8008
8008
8008
8008
8008
8007
1
8008
8008
8008
8008
8008
8008
8007
1
8008
8008
8008
3571
4437
8008
8008
5510
2498
8008
8008
8008
4153
3855
5702
2301
5
8008
8008
8008
8008
8008
8008
3524
4484
8008
8008
2860
5148
8008
8008
8008
8008
8008
8008
8008
8008
8008
8008
8008
8008
4518
3490
8008
8008
8008
8008
3888
4120
8008
8008
8008
8008
8008
3823
4185
8008
4156
3852
8008
8008
8008
8008
8008
8008
8008
8008
8008
8008
8008
8008
8008
8008
8008
8008
8008
8008
4171
3837
8008
8008
8008
8007
1
8008
8008
8008
8008
8008
8008
8008
8008
8008
8008
8008
8008
8008
8008
8007
1
8008
8008
8008
8008
8008
3779
4229
8006
2
8008
8008
4609
3399
8008
8008
8008
8008
8008
8008
8008
8008
8007
1
8008
8008
8008
8008
8008
8008
4681
3327
8008
8008
8008
8008
8008
8008
8008
8008
8008
8008
8008
8008
8008
8008
8008
8008
8008
8008
8008
8008
8008
8008
8008
8008
8008
8008
8008
8008
8008
8008
8008
8008
8008
4492
3516
8008
8008
8008
8008
8008
8008
8008
8008
8008
8008
8008
4053
3955
8008
8008
8008
8008
4577
3431
8008
8008
8008
8008
8008
8008
3753
4255
8008
8008
8008
4513
3495
8008
8008
8008
8008
8008
8008
8008
8008
8008
8008
8008
8008
8007
1
8008
8008
8008
3739
4269
8008
8008
8008
8008
8008
4739
3269
8008
8008
8008
8008
8008
8008
8008
8008
8008
8008
8008
8008
8008
8008
8008
8008
8008
8008
8008
8008
8008
8008
8008
8008
8008
8008
8008
8008
8008
4365
3643
8008
5143
2865
8008
3675
4333
8008
8008
8008
8008
3165
4843
8008
8008
8008
4112
3896
5270
2738
5233
2775
8008
4009
3999
8008
8008
8008
8008
8008
4230
3778
8008
8008
8008
8008
8008
8008
8008
4610
3398
8008
8008
4015
3993
5365
2643
8008
5646
2362
8008
8008
8008
8008
8008
8008
3482
4526
8008
8008
4440
3568
8008
8008
3798
4210
4200
3808
8008
8008
8008
5822
2186
8008
8008
8008
8008
8008
8008
8008
8008
8008
4393
3615
8008
8008
4736
3272
8008
8008
8008
3293
4715
8008
8008
8008
3860
4148
8008
8008
8008
8008
4042
3966
8008
8008
8008
8008
8008
3890
4118
8008
8008
8008
4240
3768
8008
8008
8008
8008
8007
1
5223
2785
8008
3256
4752
8008
8008
8008
8008
3796
4212
8008
8008
8008
8008
3270
4738
4148
3860
8008
8008
8007
1
3778
4230
8008
4104
3904
8008
6432
1576
8008
8008
8008
8008
8008
8008
8008
8008
8008
8008
8008
8008
8008
8008
8008
8008
8008
8008
8008
8008
8008
8008
4005
4003
8008
8008
3778
4230
3197
4811
8008
8008
4821
3186
1
4881
3127
8008
8008
8008
8008
3613
4395
8008
8008
8006
2
8008
8008
8008
8008
8008
8008
8008
4120
3888
8008
8008
4338
3670
8008
8008
8008
8008
8008
8008
8008
8008
8008
8008
8008
8008
4280
3728
8008
8008
8008
8008
8008
6307
1701
8008
8008
8008
8008
4245
3763
8008
8008
8008
8008
8008
8008
8008
8008
8008
8008
3995
4013
8008
8008
8008
8008
8008
4806
3202
8008
8008
8008
8008
8008
8008
3775
4233
8008
8008
8008
8008
8008
8008
4341
3667
8008
3842
4166
8008
8008
8008
8008
8008
8008
8008
8008
8008
8008
3530
4478
8008
8008
8008
8008
8008
4335
3673
8008
8008
8008
8008
8008
8008
8008
8008
8008
8008
8008
8008
8008
8008
8008
8008
8008
8008
8008
8008
8008
8008
8008
8008
8008
3774
4234
8008
8008
8008
8008
8008
8008
8008
8008
5242
2766
4749
3257
1
1
8008
8008
8008
8008
8008
8008
8008
8008
8008
8008
8008
8008
8008
5864
2144
8008
8008
8008
8008
8008
4016
3992
8008
8008
2527
5481
8008
8008
8008
8008
8008
4386
3622
8008
8008
8008
8008
8008
8008
8008
8008
8008
8008
8008
8008
8008
8008
8008
8008
8008
8008
8008
8008
8008
8008
3707
4301
8008
8008
8008
3186
4822
4198
3810
8008
8008
8008
8008
8008
8008
8008
8008
8008
8008
8008
8008
8008
8008
8008
2790
5218
8008
4878
3130
8008
8008
8008
8008
8008
4470
3538
4326
3682
8008
8008
8008
8008
8008
8008
8008
5175
2833
8008
8008
8008
8008
8008
8008
8008
8008
8008
8008
8008
8008
4159
3849
8008
4105
3903
8008
3037
4971
8008
8008
8008
8008
8008
8008
3023
4985
8008
8008
8008
8008
8008
8008
4328
3680
3780
4228
2821
5187
8008
3546
4462
8008
8008
8008
5142
2866
8008
8008
8008
8008
8008
8008
8008
8008
4915
3093
8008
8008
8008
8008
8008
8008
8008
8008
8008
4595
3413
8008
8008
8008
8008
8008
8008
8008
4177
3831
8008
8008
8008
8008
8008
8008
8008
8008
8008
8008
8008
8008
8008
8008
5424
2584
8008
8008
4005
4003
8008
8008
8008
8008
4000
4008
8008
8008
8007
1
8008
8008
3949
4059
8008
8008
8008
8008
8008
8008
8008
8008
8008
8008
8008
8008
8008
3532
4476
8008
8008
8008
8008
8008
8008
8008
8008
8005
1
2
8008
8008
8008
5066
2942
8008
8008
8008
8008
8008
8008
8008
8008
8008
8008
8008
8008
8008
8008
4351
3657
8008
8008
8008
8008
8008
8008
4396
3612
8008
8008
4319
3689
8008
8008
8008
8008
8008
8008
8008
8008
8008
8008
8008
8008
8008
8007
1
8008
8008
8008
8008
8008
8007
1
8008
8008
8008
8008
8008
8008
8008
8008
8008
8008
3702
4306
8008
8008
8008
8008
8008
8008
8008
8008
8008
8008
4557
3451
8008
8008
8008
8008
8008
4519
3489
8008
3873
4135
2114
5894
8008
3470
4538
8008
8008
8008
3442
4566
8008
8008
4281
3727
8008
8008
8008
8008
8008
8008
8008
3281
4727
3518
4490
8008
8008
4090
3918
4253
3755
8008
8008
8008
8008
5101
2907
3832
4176
8008
8008
8008
8008
8008
8008
8008
8008
8008
8008
8008
8008
8008
8008
8008
8008
3607
4401
8008
8008
8008
8008
8008
3971
4037
8008
8008
8008
8008
8008
8008
3752
4255
1
8008
4658
3350
8008
4796
3212
8008
8008
8008
8008
8008
8008
8008
8008
8008
8008
8008
8008
8008
4760
3248
8008
8008
8008
8008
3829
4179
8008
8008
8008
8008
8008
8008
8008
8008
8008
8008
8008
3823
4185
8008
3398
4610
8008
8008
8008
8008
3231
4777
8008
8008
3744
4264
4340
3668
8008
8008
8008
8008
8008
8007
1
8008
8008
8008
8008
8008
4580
3428
3620
4388
8008
8008
8008
8008
8008
8008
8008
8008
8008
8007
1
8008
4395
3613
8008
8008
8008
8008
3349
4659
8008
8008
8008
8008
8008
8008
8008
3730
4278
8008
8008
8008
8008
8008
8008
3764
4244
8008
8008
8008
8008
8008
8008
8008
4875
3133
8008
8008
6023
1985
4037
3971
8008
8008
8008
8008
8008
8008
8008
3412
4596
3466
4542
3631
4377
8008
8008
8008
8008
8008
8008
8008
8008
8008
8008
3857
4151
3745
4263
8008
8008
8008
3699
4309
3518
4490
8008
8008
8008
8008
8008
8008
8008
8008
8008
8008
8008
8008
8008
8008
8008
8008
8008
2857
5151
8008
8008
8008
8008
8008
8008
8008
8008
8008
8007
1
8008
8008
8008
8008
8008
8007
1
8008
8008
8008
3051
4957
8008
5039
2969
8008
3945
4063
8008
4045
3963
8008
8008
8008
8008
8008
8008
8008
8008
8008
3804
4204
8008
8008
8008
8008
8008
8008
8008
8008
8008
8008
8008
8008
8008
8008
8008
8008
8008
8008
4429
3579
8008
8008
8008
8008
8008
3697
4311
8008
8008
8008
8008
8007
1
8008
8008
4189
3819
8008
8008
8008
8008
4329
3679
8008
8008
8008
8008
8008
8008
8008
8008
8008
8008
8008
8008
8008
8008
8008
3231
4777
8008
8008
8008
8008
8008
3864
4144
8008
8008
8008
8008
8008
8008
8008
8008
8008
8008
8008
3452
4556
8008
8008
8008
8008
8008
8008
3146
4862
8008
8008
8008
8008
4308
3700
8008
3837
4171
8008
4411
3597
8008
8008
8008
8008
8008
8008
8008
8008
8008
8008
8008
8008
8008
8008
8008
8008
8007
1
8008
4533
3475
8008
8008
8008
3981
4027
8008
8008
8008
2648
5360
4256
3752
8008
3812
4196
8008
8008
3878
4130
8008
4791
3217
3229
4779
8008
4007
4001
8008
8008
8008
8008
8008
8008
5670
2338
8008
8008
8008
8008
8008
8008
8008
8008
8008
8008
8008
3761
4247
8008
8008
8008
8008
8008
5039
2969
8008
8008
5389
2619
8008
8008
4848
3160
8008
8008
8008
3637
4371
8008
8008
8008
8008
3612
4396
8008
8008
8008
4920
3088
8008
8008
8008
8008
8008
4076
3932
4034
3974
3566
4442
8008
3517
4491
8008
3560
4448
8008
8008
2978
5030
4091
3917
8008
4614
3394
8008
3379
4629
8008
8008
8008
8008
8008
8008
8008
8008
8008
5504
2504
4532
3476
8008
8008
8008
3923
4085
8008
8008
8008
8008
8008
8008
8008
8008
8008
8008
3645
4363
8008
8008
8008
8008
8008
8008
8008
8008
8008
8008
8008
8008
8008
3442
4566
8008
8008
8008
8008
8008
8008
8008
8008
8008
8008
8008
8008
8008
8008
8008
8008
8008
3445
4563
8008
8008
8008
8008
8008
8008
8008
8008
8008
8008
4193
3815
3829
4179
8008
8008
8008
8008
6191
1817
3946
4062
8008
3443
4565
8008
8008
8008
8008
8008
2671
5337
4576
3432
3279
4729
6061
1947
4894
3114
8008
8008
8008
8008
8008
8008
8008
5228
2780
8008
8008
8008
8008
8008
8008
3484
4524
8008
8008
8008
8008
8008
8008
8008
8008
8008
8008
8008
4859
3149
8008
8008
8008
4522
3486
8008
8008
4159
3849
8008
8008
8008
8008
8008
6345
1663
4489
3519
8008
4301
3707
8008
8008
8008
8008
4195
3813
8008
5887
2121
8008
8008
4209
3799
8008
8007
1
8008
8008
8008
8008
8008
8008
8008
8008
3824
4184
8008
8008
8008
8008
8008
8008
8007
1
8008
8008
8008
5782
2226
8008
8008
4523
3485
8008
8008
8008
4141
3867
8008
8008
8008
8008
5098
2910
8008
8008
8008
8008
8008
8008
4482
3526
8008
4590
3418
8008
3475
4533
8008
8008
8008
8008
4162
3846
8008
4433
3575
8008
8008
8008
8008
8008
8008
8008
8008
8008
8008
8008
8008
8008
8008
8008
8008
8008
4038
3970
8008
8008
8008
8008
8008
8008
8008
8008
8008
8008
4779
3229
4605
3403
8008
8008
8008
8008
8008
8008
8008
2788
5220
8008
8008
8008
3157
4851
8008
8007
1
8008
8008
8008
8008
8008
8008
8008
8008
8008
8008
8008
4334
3674
4163
3845
8007
1
8008
8008
8008
3631
4377
8008
8008
8008
8008
8008
8008
8008
8008
8008
8008
8008
8008
8008
8008
3755
4253
8008
8008
8008
8008
8008
8008
8008
8008
8008
8008
8008
8008
3364
4644
8008
8008
8008
8008
8008
8008
8008
8008
8008
8008
8008
8008
8008
8008
8008
8008
8008
8008
8008
8008
8008
8008
8008
8008
8008
8008
8008
8008
8008
8008
8008
2758
5250
8008
8008
8008
8008
8008
8008
8008
8008
8008
8008
8008
8008
8008
4386
3622
8008
8008
8008
8008
8008
8008
3999
4009
8008
8008
8008
8008
8008
8008
5819
2189
8008
8008
4600
3408
8008
8008
8008
8008
8008
4749
3259
8008
8008
8008
3071
4937
8008
4400
3608
8008
3304
4704
8008
8008
8008
8008
8008
8008
4215
3793
8008
8008
8008
8008
8008
8008
8008
8008
8008
8008
8008
8008
8008
8008
8008
4087
3921
8008
8008
8008
8008
8008
8008
4339
3669
8008
8008
8008
8008
8008
8008
8008
8006
2
2149
5859
4199
3809
8008
8007
1
8008
8008
8008
3901
4107
8008
8008
8007
1
8008
8008
8008
8008
8008
8008
8008
8008
4092
3916
8008
8008
4212
3796
8008
8008
4532
3476
8008
8008
4654
3354
8008
8008
8008
8008
8008
8008
8008
3906
4102
3978
4030
8008
8008
8008
8008
8008
4276
3732
8008
4624
3384
8008
8008
8008
8008
8008
8008
8008
5878
2130
8008
8008
8008
8008
8008
3861
4147
8008
8008
8008
8008
4863
3145
8008
8008
8008
8008
8008
8008
8008
8008
8008
8008
8008
8008
8008
4283
3725
3396
4612
8008
8008
4104
3904
8008
8008
8008
8008
3687
4321
8008
8008
8008
8008
8008
8008
8008
8008
8008
8008
8008
8008
8008
8008
5294
2714
8008
8008
8008
8008
8008
8008
8008
4110
3898
8008
8008
8008
8008
8008
8008
8008
8008
8008
4865
3143
8008
4124
3884
8008
8008
8008
5392
2616
8008
8008
8007
1
8008
8008
8008
8008
8008
8008
8008
8008
8008
8008
4395
3613
8008
8008
8008
8008
8008
8008
8008
8008
8008
8008
8008
8008
4487
3521
8008
8008
8008
8007
1
8008
8008
8008
8008
8008
8008
8008
8008
8008
8008
8008
8008
3573
4435
8008
8008
4417
3591
2841
5167
8008
8008
8008
4463
3544
1
8008
8008
8008
8008
8008
8008
8008
8008
8008
8008
8008
4693
3315
8008
4274
3734
4433
3575
8008
8008
8007
1
8008
8008
8008
8008
8008
8008
5800
2208
8008
8008
8008
2239
5769
8008
8008
8008
8008
8008
8008
8008
8008
8008
8008
4042
3966
4014
3994
8008
8008
4527
3481
4336
3672
8008
8008
8008
8008
8008
8008
8008
8008
8008
8008
8008
8008
8008
8008
8008
8008
8008
8008
8008
8008
8008
8008
8008
5458
2550
8008
4370
3638
8008
8008
8008
8007
1
8008
8008
8008
8008
8008
8008
8008
8008
8008
8008
8008
8008
8008
8008
8008
8008
8008
8008
3998
4010
4190
3818
8008
8008
8008
8008
8008
8008
8008
8008
8008
8008
8008
3787
4221
4897
3111
8008
8008
8008
3538
4470
8008
8008
8008
8008
8008
8008
8008
8008
8008
8008
4752
3256
8008
4189
3819
8008
8008
8008
8008
8008
8008
8008
8008
8008
8008
8008
8008
8008
5785
2223
8008
8008
8008
8008
8008
8008
5214
2794
8008
8008
8008
8008
8008
8008
4428
3580
8008
8008
8008
8008
8008
8008
8008
4480
3528
2228
5780
8008
8008
8008
4565
3443
8008
8008
8008
8008
8008
8008
8008
8008
5281
2727
8008
8008
8008
8008
8008
8008
8008
8008
8008
8008
4987
3021
8008
2457
5551
8008
8008
8008
8008
8008
8008
8008
2814
5194
2927
5081
8008
8008
8008
2781
5227
8008
8008
8008
8008
8008
8008
8008
8008
4734
3274
8008
8008
8008
8008
8008
8008
8008
8008
8008
8008
8008
8008
8008
8008
3346
4662
8008
8008
8008
8008
4243
3765
8008
8008
8008
8008
8008
8008
3746
4262
4865
3143
8008
8008
8008
3000
5008
8008
8008
8008
8008
8008
8008
8008
4014
3994
4856
3152
8008
8008
8008
8008
8008
8008
8007
1
8008
8008
4172
3836
8008
8008
8008
4730
3278
8008
8008
8008
8008
8008
8008
8008
8008
8008
8008
8008
8008
8008
8008
8008
8008
8008
8008
8008
5411
2597
8008
8008
8008
8008
8008
4102
3906
8008
4652
3356
8008
8008
8008
8008
8008
4170
3838
8008
8008
8008
8008
8008
8008
8008
4622
3386
5081
2927
8008
8008
8008
8008
8008
8008
8008
8008
4913
3095
8008
8008
8008
8008
8008
3942
4066
8008
2513
5495
8008
8008
8006
1
1
3762
4246
8008
8008
8008
4028
3980
4508
3500
8008
8008
8008
8008
8008
3966
4042
3938
4070
8008
8008
8008
8008
8008
8008
8008
8008
8008
8008
8008
8008
8008
8008
8008
8008
8008
8008
3551
4457
8008
3377
4631
8008
8008
8008
8008
8008
8008
8008
8008
8008
8008
3298
4710
8008
8008
8008
8008
8008
8008
8008
8008
8008
3826
4182
8008
8008
8008
3820
4188
8008
8008
4644
3364
8008
8008
3207
4801
8008
8008
8008
8008
8008
8008
8008
8008
8008
8008
8008
8008
8008
8008
8008
8008
8008
8008
8008
8008
8008
8008
8008
8008
8008
3907
4101
8008
8008
8008
8008
5002
3006
8008
8008
8008
8008
8008
8008
4118
3890
8008
8008
8008
8008
8008
8008
8007
1
8008
8008
8008
4364
3644
8008
8008
8008
8008
8008
8008
8008
8008
8008
8008
8008
8008
8008
8008
8008
8008
8008
8008
8008
8008
8008
3911
4097
8008
8008
4164
3844
8008
8008
8008
8008
3972
4036
8008
3510
4498
8008
8008
8008
8008
8008
8008
8008
8008
8008
8008
3827
4181
8008
3562
4446
8008
8008
8008
8008
3704
4304
8008
8008
8008
8008
8008
8008
5035
2973
8008
8008
8008
8008
8008
8008
8008
8008
8008
8008
8008
8008
8008
3946
4062
4483
3525
8008
8008
8008
8008
8008
8008
8008
8008
8008
8008
8008
8008
8008
8008
8008
8008
8008
8008
8008
8007
1
3507
4501
8008
8008
3936
4072
8008
8008
8008
8008
8008
8008
8008
4309
3699
8008
8008
8008
8008
8008
8008
8008
8008
8008
4526
3482
8008
8008
8008
8008
3440
4568
8008
8008
8008
8008
8008
8008
8008
8008
3060
4948
4667
3341
8008
8008
8008
8008
8008
8008
8008
8008
8008
8008
8008
8008
8008
8008
3675
4333
8008
8008
4482
3526
4242
3766
8008
3361
4647
8008
8008
8008
8008
8008
8008
8008
8008
8008
8008
8008
4522
3486
8008
8008
8008
8008
8008
4529
3479
8008
8008
8008
8008
4111
3897
8008
8008
8008
8008
8008
8007
1
8008
8008
4052
3956
8008
8008
8008
8008
4182
3826
8008
8008
8008
5466
2542
8008
8008
8008
8008
8008
4305
3703
8008
8008
8008
5125
2883
8008
8008
8008
8008
8008
8008
8008
8008
8008
8008
8008
8008
4080
3928
8008
8008
8008
4123
3885
8008
8008
8008
8008
8008
8008
8008
8007
1
8008
8008
4117
3891
8008
8008
8008
8008
8008
8008
8008
8008
8008
8008
8008
3763
4245
8008
8008
8008
8008
8008
8006
2
8008
8008
8008
8008
8008
8008
8008
8008
4148
3860
8008
5287
2721
8008
8008
8008
8008
4015
3993
8008
8008
8008
8008
8008
8008
8008
8008
8008
8008
8008
3943
4065
8008
8008
8008
8008
8008
8008
8008
8008
8008
2500
5508
8008
8008
8008
8008
8008
8008
8008
8008
8008
8008
8008
4716
3292
8008
8008
8008
8008
8008
8008
3313
4695
4336
3672
8008
8008
8008
8008
4757
3251
8008
8008
8008
8008
8008
8008
8008
8008
8008
8008
8008
8008
8008
8008
8008
8008
8008
8008
8008
8008
5064
2944
8008
8008
5031
2977
8008
8008
8008
8008
8008
8008
8008
8008
8008
8008
8008
8008
8008
8008
4730
3278
8008
8008
8008
8008
8008
8008
8008
2710
5298
8008
8008
8008
8008
3623
4385
8008
3674
4334
8008
8008
8008
8008
8008
8008
8008
8008
8008
8008
2363
5645
4217
3791
8008
8008
8008
8008
8008
8008
8008
8008
8008
3312
4696
8008
8008
8008
8008
8008
8008
8008
8008
8008
8008
8008
8008
4355
3653
8008
8008
4038
3970
8008
8008
8008
8008
3780
4228
8008
8008
8008
8008
8008
8008
8008
8008
8008
8008
8008
8008
8008
8008
8008
8005
3
8008
8008
8008
8008
8008
8008
8008
8008
3981
4027
8008
8008
8008
8008
8008
8008
8008
8008
8008
3829
4179
8008
8008
8008
3994
4014
8008
8008
8008
8008
3992
4016
3949
4059
8008
8007
1
8008
8008
5430
2578
8008
5101
2907
8008
8008
8008
8008
8008
3100
4908
5010
2998
8008
3299
4709
8008
8008
8006
2
4342
3666
8008
3904
4104
8008
3855
4153
8008
8008
8008
8008
8008
8008
8008
4382
3626
8008
8008
8008
8008
8008
8008
8008
8008
8008
8008
8008
8008
8008
8008
8008
8008
8008
8008
8008
8008
8008
4938
3070
8008
8008
4309
3699
8008
4217
3791
3600
4408
8008
8008
8008
8008
8008
8008
4168
3840
3565
4443
4046
3962
8008
8008
8008
8008
8008
8008
4395
3613
8008
8008
8008
8008
3915
4093
2643
5365
5305
2703
8008
8008
8008
8008
8008
8008
8008
8008
8008
8008
8008
4341
3667
8008
3481
4527
8008
8008
8008
8008
3345
4663
3868
4140
8008
8008
8008
8008
8008
8008
4350
3658
4112
3896
4020
3988
4174
3834
8008
3982
4026
8008
8008
8008
8008
8008
8008
8008
8008
8008
8008
8008
8008
8008
8008
8008
8008
8008
4179
3829
8008
8008
3446
4562
8008
8008
8008
8008
8008
8008
8008
8008
8008
2384
5623
1
8008
4231
3777
8008
8008
8008
8008
8008
3746
4262
3302
4706
8008
8008
8008
8008
8008
8008
8008
2937
5071
8008
8008
8008
8008
8008
8008
8008
8008
8008
8008
8008
4570
3438
8008
4494
3514
8008
8008
4026
3982
8008
8008
8008
8008
8008
8008
8008
8008
8008
3849
4159
8008
8008
8008
8008
4017
3990
1
8008
8008
8008
8008
8008
8008
8008
4188
3820
8008
8008
8008
4456
3552
8008
3846
4162
8008
8008
8008
8008
8008
8008
4330
3678
8008
4571
3437
8008
8008
8008
4329
3679
5412
2596
8008
8008
8008
8008
8008
3889
4119
8008
8008
4339
3669
8008
8008
8008
8008
8008
8008
8008
8008
8008
8008
8008
3766
4242
8008
8008
8008
8008
8008
2653
5355
8008
8008
8008
4333
3675
8008
8008
5137
2871
3648
4360
8008
4095
3913
8008
8008
8008
8008
4905
3103
8008
4633
3375
8008
8008
8008
8008
8008
8008
8008
8008
4131
3877
8008
8008
8008
8008
8008
4019
3989
8008
8008
4835
3173
8008
8008
8008
8008
8008
8008
8008
8008
8008
4190
3818
8008
8008
3769
4239
8008
8007
1
8008
8008
8008
8008
4597
3411
8008
3554
4454
8008
8008
3975
4033
8008
8008
8008
8008
8008
8008
8008
8008
8008
8008
8008
8008
8008
8008
8008
8008
8008
8008
3184
4824
8008
8008
8008
8008
8006
2
8008
8008
8008
8008
8008
8008
8008
8008
8008
4236
3772
8008
8008
8008
8008
8008
8008
8008
8008
8008
8008
8008
8008
8008
8008
8008
8008
8008
8008
8008
8008
8008
8008
8008
8008
8008
8008
8008
8008
8008
8008
8008
8008
8008
8008
4691
3317
8008
8008
8008
8008
8008
4010
3998
8008
8008
8008
8008
8008
3214
4794
8008
8008
8008
8008
8008
2834
5174
8008
8008
8008
8008
4334
3674
4776
3232
8008
1219
6789
4556
3452
8008
8008
8008
8008
8008
8008
8008
8008
3791
4216
1
8008
3521
4487
8008
8008
8008
8008
8008
8008
8008
8008
3875
4133
8008
8008
8008
3794
4214
8008
4054
3954
8008
8008
8008
8008
3281
4727
8008
8008
8008
8008
8008
4389
3619
8008
8008
8008
8008
8008
4520
3488
8008
8008
8008
8008
8008
8008
8008
8008
8008
8008
8008
8008
8008
8008
4708
3300
8008
2203
2960
2845
8008
8008
5658
2350
8008
8008
8008
8008
8008
8008
8008
8008
4803
3205
8008
8008
8008
8008
8008
8008
8008
8008
8008
8008
8008
8008
8008
8008
8008
8008
8008
8008
8008
8008
8008
8008
8008
8008
3886
4122
8008
8008
8008
8008
8008
8008
4041
3967
8008
8008
8008
4171
3837
8008
4474
3534
3910
4098
8008
8008
4215
3793
8008
8007
1
8008
8008
8008
3689
4319
8008
4758
3250
8008
8008
8008
8008
8008
4069
3939
8008
8008
8008
8008
8008
8008
8008
8008
3506
4502
8008
5083
2925
8008
8008
8008
4572
3436
8008
8008
8008
3596
4412
8008
4272
3736
8008
8008
8008
8008
8008
8007
1
8008
8006
2
8008
8008
8008
8008
3778
4230
8008
3907
4101
8008
8008
8008
8008
8008
8008
8008
8008
4109
3898
1
8008
8008
8008
8008
8008
8008
8008
8008
8008
4243
3765
4631
3377
8008
8008
8008
8008
4101
3907
8008
8008
8008
8008
8008
8008
8008
4614
3394
8008
8008
4906
3102
8008
8008
8008
8008
8008
8008
8008
8008
8008
8008
8008
8008
8008
8008
8008
4203
3805
8008
8008
8008
8008
8005
3
8008
8008
8008
8008
8008
8008
8008
8007
1
8008
8008
4795
3213
2531
5477
8008
3872
4136
8008
8008
8008
8008
8008
8008
4831
3177
2629
5379
8008
8008
8008
3561
4447
8008
8008
8008
8008
3400
4608
8008
8008
8008
8008
2863
5145
8008
8008
8008
3487
4521
3970
4038
8008
8008
8008
8008
4001
4007
3597
4411
8008
8008
4769
3238
1
8008
8008
8008
8008
3099
4909
8008
8008
8008
8008
8008
8008
8008
8008
8008
8008
8008
8008
8008
8008
8008
8007
1
8008
8008
8008
8008
8008
8008
8008
8008
8008
8008
8008
8008
8008
8008
8008
4363
3645
8008
3559
4449
8008
8008
8008
4764
3244
3650
4358
8008
4020
3988
8008
4973
3035
8008
8008
8008
8008
4441
3567
8008
8008
8008
8008
4629
3379
3232
4776
2116
5892
8008
8008
8008
8008
8008
3613
4395
8008
8008
8008
8008
8008
8008
8008
8008
8008
8008
8008
8008
4069
3939
4122
3886
8008
8008
8008
8008
8008
8008
8008
8008
4164
3844
8008
3553
4455
8008
8008
8008
3826
4182
4043
3965
8008
8008
8008
8008
8008
8008
8008
8008
8008
8008
8008
5151
2857
4768
3240
8008
8008
6135
1873
8008
5100
2908
8008
8008
8008
8008
8008
8008
8008
8008
8008
8008
8008
5496
2512
3409
4599
8008
8008
8008
8008
8008
8008
3046
4962
8008
8008
8008
8006
2
8008
8008
8008
8008
8008
8008
8008
8008
8008
8008
8008
8008
8008
8008
8008
8008
5446
2562
8008
8008
8008
8008
8008
8008
4445
3563
8008
8008
8008
8008
5734
2274
8008
8008
8007
1
8008
8008
8008
8008
8008
8008
8008
2897
5111
8008
8008
8008
8008
8008
8008
8008
8008
8008
8008
8008
8008
8008
8008
8008
8008
8008
8008
4565
3443
8008
8008
4220
3788
8008
8008
8008
8008
8008
3468
4540
8008
8008
8008
8008
8008
8008
8008
8008
8008
8008
8008
3298
4710
8008
4544
3464
8008
8008
8008
8008
8008
8008
8008
8008
8008
3485
4523
8008
8008
8008
8008
8008
8008
8008
8008
8008
8008
8008
8008
8008
8008
8008
8008
8008
8008
3638
4370
8008
8008
8008
8008
8008
8008
8008
8008
8008
8008
8008
8008
8008
8008
4210
3798
8008
8008
8008
8008
8008
8008
8008
8008
8008
8008
8008
8008
5730
2278
3611
4397
8008
8008
3686
4322
8008
4940
3068
3896
4112
3522
4486
4811
3197
4101
3907
8008
8008
8008
8008
3502
4506
3063
4945
3334
4674
8008
8008
8008
8008
8008
8008
8008
8008
3947
4061
3014
4994
8008
8008
8008
8008
8008
8008
5258
2750
4492
3516
4872
3136
8008
8008
8008
8007
1
3109
4899
8008
8008
4896
3112
5056
2952
8008
8008
8008
8008
8008
8008
8008
8007
1
8008
8008
8008
8008
8008
3954
4054
8008
8008
3875
4133
8008
8008
4464
3544
8008
8008
8008
4343
3665
8008
8008
8008
8008
8008
8008
8008
8008
8008
3257
4751
8008
8008
8008
8008
8008
8008
8008
8008
8008
8008
8008
8008
8008
8008
8008
8008
8008
8008
8008
8008
8008
4768
3240
4389
3619
8008
8008
8008
4502
3505
1
8008
8008
8007
1
8008
8008
8008
8008
8008
8008
8008
8008
8008
4145
3863
3887
4121
8008
8008
8008
8008
8008
8008
8008
8008
8008
8008
8008
8008
4746
3262
3575
4433
8008
8008
8008
8008
8008
8008
8007
1
8008
8008
8008
8008
8008
8008
8008
8008
8008
8008
8008
8008
8008
8008
8008
8008
4282
3726
5024
2984
8008
8008
8008
8008
8008
8008
4690
3318
8008
8008
8008
2771
5237
8008
8008
8008
3992
4016
8008
8008
8008
8008
8008
8008
8008
8008
3364
4644
4074
3934
8008
8008
8008
8008
8008
8007
1
4169
3839
8008
8008
8008
8008
8008
8008
8008
3555
4453
8008
8008
8008
8008
8008
8008
8008
8008
8008
4471
3537
8008
8008
8008
8008
8008
6074
1934
8008
8008
4092
3916
8008
8008
8008
8008
3916
4092
8008
8008
8008
4324
3684
8007
1
8008
8008
8008
8008
8008
8008
8008
4494
3514
8008
8008
8008
8008
8008
8008
8008
8008
3902
4106
8008
8008
8008
8008
8008
4049
3959
8008
8008
8008
8008
8008
8008
8008
8008
8008
8008
8008
8008
8008
8008
8008
8008
8008
8008
8008
8008
8008
8008
4155
3853
8008
8008
8008
8008
8008
8008
8008
8008
4545
3463
8008
8008
8008
8008
8008
8008
4177
3831
8008
8008
8008
4700
3308
8008
8008
8008
8008
8008
4855
3153
5977
2031
8008
4291
3717
8008
8008
8008
8008
8008
8008
8008
8008
8008
8008
8008
4065
3943
8008
8008
8008
3974
4034
8008
6193
1815
8008
8008
8008
8008
8008
8008
3532
4476
8008
8008
8008
8008
8008
8008
8008
8008
8008
4082
3926
8008
8008
8008
8008
8008
8008
8008
3829
4179
8008
4022
3986
8008
8008
8008
8008
8008
8008
3475
4533
8008
8008
8008
8008
8008
8008
8008
8008
8008
8008
3778
4230
8008
8008
8008
8008
8008
8008
4284
3724
8008
8008
8008
8008
8008
8008
8008
3530
4478
3133
4875
4760
3248
8008
8008
8008
3760
4248
8008
4287
3721
8008
8008
8008
8008
8008
8008
8008
8008
8008
8008
8008
8008
8008
8008
8008
8008
4443
3565
8008
8008
8008
8008
8008
8008
8008
8008
8008
8008
8008
8008
8008
8008
8008
8008
8008
3916
4092
8008
8008
8008
8008
8008
8008
8008
3829
4179
8008
8008
8008
8008
8008
8008
4089
3919
8008
8008
8007
1
8008
8008
8008
8008
8008
8008
4274
3734
8008
8008
8008
4579
3429
8008
8008
8008
8008
4118
3890
8008
8008
8008
4625
3383
8008
8008
4295
3713
8008
8008
8008
3962
4046
8008
3482
4526
8008
8008
8008
8008
8008
8008
8008
8008
8008
8008
8008
8008
8008
5380
2628
8008
8008
8008
8008
8008
8008
8008
8008
8008
4570
3438
8008
8008
8008
8008
3178
4830
8008
8008
8006
2
8008
8008
8008
3193
4815
8008
3330
4678
8008
8008
8008
8008
8008
8008
8008
8008
8008
8008
8008
8008
5420
2588
8008
8008
8008
8008
4545
3463
8008
8008
8008
8008
4763
3245
8008
8008
8008
8008
8008
3743
4264
1
8008
8007
1
8008
8008
8008
8008
8008
8008
8008
8008
8008
8008
3929
4079
8008
4907
3101
4922
3086
8008
8008
8008
8008
8008
3997
4011
8008
8008
8008
8008
8008
8008
8008
8008
8008
3644
4364
8008
8008
8008
8008
8008
8008
8008
8008
5517
2491
8008
4735
3273
8007
1
4244
3764
8008
8008
8008
8008
8008
8008
8008
8008
8008
8008
8008
8008
8008
3894
4114
8008
8008
8008
8008
8008
5872
2136
8008
8008
8008
8008
8008
8008
8008
8008
8008
8008
8008
8008
8008
4248
3760
4907
3101
8008
8008
4043
3965
8008
5277
2731
8008
8008
8008
8008
8008
8008
8008
3798
4210
8008
8008
6193
1815
8008
8008
4791
3217
8008
8008
8008
4442
3566
8008
8008
8008
5019
2989
8008
8008
4650
3358
8008
8008
8008
8008
8008
8008
8008
8008
4100
3908
8008
8008
8008
3421
4587
8008
8008
8008
8008
8008
8008
8008
5304
2704
8008
3773
4235
4945
3063
8008
8008
8008
8008
8008
8008
8008
8008
8008
8008
8008
5150
2858
8008
8008
8008
8008
8008
4712
3296
3222
4786
8008
3466
4542
8008
8008
8008
8008
4594
3414
8008
8008
8008
8008
8008
8008
8008
8008
8008
8008
1934
6074
5165
2843
8008
8008
4757
3251
8008
8008
8007
1
8008
8008
5030
2978
2218
5790
3953
4055
8008
8008
5493
2515
4077
3931
8008
8008
8008
8008
8008
8008
8008
8008
8008
4418
3590
8008
8008
8008
8008
8008
8008
5055
2953
8008
8008
8008
8008
8008
3955
4053
8008
4651
3357
8008
8008
8008
8008
8008
3694
4314
8008
8008
8008
8008
3658
4350
4122
3886
8008
8008
8008
8008
5653
2355
8008
8008
8008
1726
6282
8008
8008
8008
8007
1
8008
8008
8008
3460
4548
8008
8008
8008
8008
3996
4012
8008
8008
8008
8008
8008
8008
8008
8008
8008
8008
4581
3427
5138
2869
1
8008
8008
5441
2567
8007
1
8008
8008
8008
8008
8008
8008
3547
4461
8008
8008
8008
8008
8008
8008
8008
8008
4226
3782
8008
5189
2819
8008
8008
8008
8008
8008
8008
8008
5068
2940
8008
8008
8008
8008
8008
8008
4475
3533
8008
2888
5120
8008
8008
8008
8008
8008
3618
4390
8008
8008
8008
8008
8008
8008
8008
8008
8008
8008
8008
8008
8008
3345
4663
8008
8008
8008
8008
8008
4777
3231
8008
8008
8008
8008
8008
8008
8008
8008
8008
8008
8008
8008
8007
1
8008
8008
8007
1
8008
8008
8008
8008
4914
3094
8008
8007
1
8008
8008
8008
8008
8008
8008
8008
8008
8008
8008
8008
8008
8008
4049
3959
8008
8008
8008
8008
5105
2902
1
8008
8008
8008
4130
3878
8008
8008
8008
8008
4172
3836
8008
8008
8008
8008
3581
4427
4326
3682
8008
8008
8008
4294
3714
8008
4743
3265
8008
8008
8008
8008
8008
8008
8008
8008
8008
8008
8008
8008
8008
8008
8008
8008
8008
8008
8008
8008
8008
8008
8008
8008
3830
4178
8008
8008
3851
4157
8008
8008
8008
5371
2637
8008
8008
8008
4627
3381
8008
8008
8008
8008
8008
8008
8008
8008
8008
8008
8008
8008
8007
1
8008
8008
8008
3823
4185
3923
4085
4595
3413
8008
8008
8008
8008
8008
8008
8008
8008
8008
3702
4306
4707
3301
8008
4127
3881
8008
3276
4732
8008
8008
8008
8008
8008
8008
8008
8008
8008
8008
8008
8008
8008
8008
8008
8008
8008
8007
1
8008
8008
8008
3830
4178
8008
8008
8008
8008
8008
8008
8008
8008
8008
8008
8008
8008
8008
8008
8008
8008
8008
8008
8008
8008
8008
8008
8008
8008
8008
4874
3134
8008
8008
8008
8008
8008
8008
8008
2355
5653
8008
8008
8008
8008
8008
8008
3415
4593
8008
8008
4045
3963
8008
8008
8008
8008
8008
3456
4552
8008
3790
4218
2125
5883
8008
3665
4343
8008
8008
8008
8008
3647
4361
8008
8008
8008
8008
8008
8007
1
8008
8008
8008
8008
8008
8008
8008
8008
8008
8008
8008
8008
8008
8008
8008
8008
8008
8008
8008
8008
4463
3545
8008
8008
8008
3750
4258
8008
8008
4692
3316
8008
8008
8008
4027
3981
8008
8008
8008
8008
8008
8008
8008
3948
4060
8008
3579
4429
4016
3992
8008
8008
8008
8008
8008
8008
8008
8008
8008
8008
8008
8008
8008
8008
8008
8008
8008
8008
8008
4299
3709
8008
3809
4199
3526
4482
8008
8008
8008
8008
4159
3849
8008
8008
8008
8008
8008
8008
8008
8008
8008
8008
4007
4001
4059
3949
8008
8008
8008
8008
5267
2741
5826
2182
8008
8008
8008
8008
8008
3727
4281
8008
8008
8008
8008
3574
4434
8008
8008
8008
8008
8008
4271
3737
3526
4482
8008
8008
8008
8008
8008
3914
4094
8008
8008
8008
8008
8008
4159
3849
8008
8008
8008
8008
3949
4059
8008
8008
4849
3159
8008
8008
8008
8008
8008
8008
8008
8008
8008
8008
8008
3895
4113
8008
8008
3788
4220
3590
4418
8008
4559
3449
8008
8006
2
8008
8008
8008
8008
8008
8008
8008
8008
8008
8008
4132
3876
8008
8008
8008
8008
8008
8008
3944
4064
8008
8008
8008
8008
3068
4940
8008
8008
8008
8008
8007
1
8008
8008
8008
8008
8008
8008
8008
8008
8008
8008
8008
4767
3241
8008
4753
3255
8008
8007
1
8008
4015
3993
3394
4614
3844
4164
8008
8008
4145
3863
8008
8008
4538
3470
4485
3523
8008
8008
8008
8008
8008
8008
8008
8008
8008
8008
8008
8008
3755
4253
8008
8008
8008
3536
4472
8008
8008
8008
8008
8008
8008
8008
8008
8008
8008
8008
8008
8008
8008
3708
4300
4406
3602
8008
8008
8008
8008
8008
8008
8008
8008
8008
8008
8007
1
8008
8008
8008
8008
8008
8007
1
3789
4219
8008
8008
8008
8008
8008
8008
8008
3747
4261
8008
8008
8008
8008
8008
8008
8008
4111
3897
8008
8008
8008
8008
8008
8008
8008
4071
3937
8008
8008
8008
8008
3932
4076
8008
3868
4140
8008
8008
8008
8008
4067
3941
8008
8008
5608
2400
8008
4201
3807
3831
4177
8008
8008
8008
8008
8008
8008
8008
8008
8008
8008
8008
3485
4523
5313
2695
8008
8008
8008
8008
4029
3979
8008
8008
2834
5174
4007
4001
8008
8008
8008
4441
3567
4883
3125
3377
4631
8008
8008
8008
8008
8008
8008
3042
4966
8008
8008
8008
8008
8008
8008
4228
3780
8008
8008
8008
8008
8008
8008
8008
5173
2835
8008
8008
8008
8008
8008
8008
8008
3549
4459
8008
8008
8008
8008
8008
8008
8008
8008
8008
8008
4247
3761
8008
8008
8008
4690
3318
8008
4166
3842
8008
8008
8008
8008
8008
8008
8008
8008
8008
8008
8008
8008
8008
3876
4132
8008
8008
8008
8008
8008
4119
3889
8008
8008
8008
8008
8008
8008
8008
3618
4390
8008
8008
8008
8008
3373
4635
8008
8008
8008
8008
8008
8008
8008
4455
3553
8008
8008
4215
3793
8008
8008
4800
3208
8008
8008
8008
8008
4577
3431
8007
1
8005
3
8008
8008
8008
5884
2124
8008
4265
3743
8008
8008
8008
4344
3664
8008
8008
8008
8008
8008
8008
8008
8008
8008
8008
8008
8008
8008
4326
3682
8008
4646
3362
8008
8008
8008
8008
8008
8007
1
8008
8008
8008
8008
8008
8008
8008
3903
4105
2836
5172
8008
8008
8008
8008
8008
8008
8008
8008
3612
4396
8008
8008
8008
3807
4201
8008
8008
8008
8008
8008
8008
8008
8008
8008
8008
8008
8008
8008
8008
8008
4260
3748
4618
3390
3504
4504
8008
8008
8008
8008
8008
8008
8008
8008
8008
8008
8008
8008
8008
8008
8008
3796
4212
8008
8008
8008
8008
4023
3985
8008
8008
8008
8008
8008
8008
8008
8008
8008
8008
8007
1
8008
8008
8008
8008
8008
3755
4253
8008
8008
8008
8008
8008
8008
8008
8008
8008
8008
8008
8008
8008
8008
8008
8008
8008
8008
8008
3530
4478
8008
8008
8008
8008
8008
8008
8008
8008
8008
8008
8008
8008
8008
8008
8008
8008
8008
8008
8008
8008
8008
8008
8008
8008
8008
8008
8008
4093
3915
8008
8008
8008
8008
8008
8008
8008
8008
8008
8008
8008
8008
8008
8008
5258
2750
8008
8008
8008
8008
4998
3010
3653
4355
8008
8008
8008
8008
8008
8008
8008
8008
8008
8008
8008
8008
8008
8008
8008
8008
8008
8008
8008
8008
8008
8008
8008
8008
8008
8008
8008
8008
8008
4489
3519
2828
5180
8008
8008
8008
8008
3872
4136
8008
8008
8008
8008
8008
8008
8008
8008
8008
8008
4163
3845
8008
8008
8008
8008
8008
8008
8008
3663
4345
8008
8008
8008
8008
8008
8008
8008
8008
8008
8008
8008
8008
8008
8008
8008
8008
4538
3470
8008
8008
8008
8008
8008
8008
8008
8008
8008
4808
3200
8008
8008
8008
8008
8008
8007
1
8008
8007
1
8008
4188
3820
3747
4261
8008
5556
2452
8008
8008
8008
8008
8008
8008
8008
8008
8008
8008
8008
8008
3436
4572
8008
8008
8008
8008
8008
8008
4843
3165
8008
8008
3318
4690
8008
8008
8008
8008
8008
8008
8008
8008
8008
8008
8008
8008
8008
8008
8008
8008
8008
8008
8008
8008
8008
8008
4406
3602
8008
8008
8008
8008
8008
8008
8008
8008
8008
8008
8008
8008
8008
3945
4063
8008
8008
8008
8008
8008
8008
5102
2906
3726
4282
8008
8008
8008
8008
8008
8008
8008
8008
8008
8008
8006
2
8008
8008
8008
8008
8008
8008
8008
8008
8008
8008
8008
8008
8008
8008
8008
8008
8008
3914
4094
8008
8008
8008
8008
8008
8008
3490
4518
5740
2268
4275
3733
4318
3690
8008
8008
8008
8008
8008
8008
8008
8008
8008
8008
8008
8008
8008
8008
8008
4307
3701
3952
4056
8008
8008
8008
8008
4529
3479
4373
3635
8008
8008
8008
8008
4447
3561
8008
8008
4320
3688
8008
8008
8008
3809
4199
4085
3923
8008
8008
8008
2922
5086
8008
8008
8008
8008
8008
8008
8008
4110
3898
8008
8008
8008
8008
8008
8008
8008
8008
8008
8008
8008
3839
4169
8008
4751
3257
8008
8008
8008
2942
5066
8008
8008
8008
8008
8008
8008
8008
8008
8008
8008
3643
4365
8008
8008
8008
3728
4280
3950
4058
8008
4998
3010
3688
4320
8008
8008
8008
8008
8008
8008
8008
8008
8008
8008
8008
8008
8008
8008
8008
8008
8008
4588
3419
1
8008
8008
8008
8008
8008
8008
4332
3676
8008
4341
3667
3368
4640
8008
8008
8008
8008
3063
4945
4554
3454
8008
8008
4528
3480
4246
3762
8008
4016
3992
8008
8008
4179
3829
8008
8008
8008
8008
8008
8008
5579
2429
3981
4027
8008
8007
1
8008
8008
8008
8008
8008
8008
8008
4049
3959
8008
8008
8008
8008
8008
4562
3446
8008
8008
8008
8008
8008
8008
8008
8008
8008
8008
8008
8008
8008
8008
8008
8008
8008
8008
8008
3538
4470
8008
8008
8008
8008
8008
8008
8008
8008
8008
8008
8008
8008
8008
8008
8008
8008
8008
8008
8008
8008
8008
8008
8008
8008
8008
3936
4072
8008
8008
8008
8008
8008
8008
8008
8008
8008
8008
3834
4174
8008
8008
8008
8008
8008
8008
8008
8008
3268
4740
8008
8008
8008
8008
8008
8008
8008
3608
4400
8008
8008
8008
8008
8008
8008
8008
8008
8008
8007
1
8008
8008
8008
3580
4428
8008
4551
3457
8008
8008
8008
8008
8008
3480
4528
3809
4199
8008
3716
4292
8008
8008
8008
8008
8008
8008
6122
1886
8008
8008
8008
8008
8008
8008
8008
8008
8008
8008
8008
8008
8008
8008
4643
3365
8008
8008
8008
8008
3600
4408
8008
8008
8008
8008
8008
8008
8008
8008
8008
8008
8008
8008
8008
8008
8008
8008
8008
5553
2455
4151
3857
8008
8008
8008
8008
8008
8008
8008
8008
8008
8008
8008
8008
8008
8008
8008
8008
3020
4988
8008
8008
8008
3795
4213
4986
3022
8008
8008
8008
8008
4551
3457
8008
5965
2043
8008
8008
8008
3614
4394
8008
3721
4287
8008
8008
8008
8008
5443
2565
5434
2574
4541
3467
8008
4000
4008
8008
8008
4152
3856
8008
8008
8008
8008
8008
8008
8008
8008
8008
8008
8008
8008
8008
8008
8008
8008
8008
8008
8008
8008
8008
8008
8008
8008
8008
3302
4706
8008
8008
3946
4062
8008
8008
8008
8008
3857
4151
8008
8008
3226
4782
8008
8008
3813
4195
3539
4469
3925
4083
8008
8008
8008
8008
8008
3996
4012
8008
8008
4112
3896
8008
8008
8008
8008
2783
5225
8008
8008
8008
4706
3302
3869
4139
8008
4200
3808
8008
8008
3209
4799
8008
8008
3756
4252
8008
8008
8008
8008
8008
8008
8008
8008
8008
8008
8008
8008
8008
8008
8008
8008
8008
8008
8008
8008
8008
8008
8008
8008
8008
8008
8008
8008
8008
8008
8008
4252
3756
8008
8008
8008
8008
8008
8008
8008
8007
1
3882
4126
4729
3279
8008
8008
8008
3681
4327
8008
8008
8008
8008
8008
8008
8008
3888
4120
8008
8008
8008
8008
8008
3663
4345
8008
8008
8008
8008
8008
8008
8008
8008
8008
8008
8008
8008
8008
8008
8008
8006
2
8008
8008
8008
8008
8008
8008
8008
4555
3453
8008
8008
3784
4224
8008
8008
8008
8008
8008
8008
8008
8008
8008
8008
8008
8008
8008
8008
8008
8008
8008
8008
8008
8008
8008
8008
4463
3545
8008
8008
8008
4912
3096
8008
8008
4319
3689
8008
8008
4154
3854
8007
1
8008
4041
3967
8008
8008
8008
8008
8008
8008
4326
3682
8008
8008
8008
8008
8008
8008
8008
8008
4616
3392
8008
8008
8008
8008
8008
8005
3
8008
8008
8008
8008
8008
8008
8008
8008
8008
8008
8008
8008
8008
5541
2467
8008
8008
8008
8008
8008
8008
8008
8008
8008
8008
8008
8008
8008
8008
8008
8008
8008
8008
8008
8008
8008
8008
8008
8008
8008
8008
8008
8008
8008
8008
8008
8008
4481
3527
8008
8008
4072
3936
8008
8008
8008
8008
8008
4209
3799
8008
8008
4487
3521
8008
8008
8008
8008
8008
8008
8008
8008
8008
8008
8008
8008
8008
8008
8008
8008
8008
3789
4219
8008
2973
5035
8008
8008
8008
8008
8008
8008
8008
8008
8008
8008
8008
8008
8008
8008
3444
4564
8008
8008
3607
4401
8008
8008
8008
8008
8008
8008
8008
8008
4087
3921
8008
8008
8008
4340
3668
8008
8008
8008
8008
8008
3362
4646
8008
4209
3799
4573
3435
8008
8008
8008
4759
3249
8008
8008
8008
8008
8008
4052
3956
8008
8008
8008
8008
3568
4439
1
3576
4432
3419
4589
8008
8008
8008
8008
8007
1
8008
8008
8008
8008
8008
3256
4752
8008
8008
8008
8008
8007
1
4122
3886
8008
8008
8008
8008
8008
8008
8008
8008
8008
8008
8008
8008
8008
8008
8008
8008
8008
8008
8008
4813
3195
4182
3826
8008
8008
8008
8008
8008
4770
3238
8008
8008
8008
8008
8008
3480
4528
3572
4436
4674
3334
8008
8008
8008
4522
3486
8008
8008
8008
8008
8008
3643
4365
8008
8008
8008
8008
8008
8008
8008
8008
4776
3232
8008
3206
4802
4536
3472
2638
5370
8008
8008
8008
8008
8008
8008
8008
8008
8008
8008
8008
8008
8007
1
8008
8008
8008
4288
3720
8008
3927
4081
8008
8008
8008
8008
8008
4315
3693
8008
5060
2948
8008
8008
8008
8008
4293
3715
3289
4719
8008
8008
4176
3832
8008
8008
8008
8008
8008
8008
8008
4587
3421
8008
8008
8008
8008
8008
8008
8008
8008
8008
8008
8008
8008
8008
8008
8008
8008
8008
8008
4025
3983
8008
8008
8008
8008
8008
8008
3835
4173
8008
8008
4321
3687
8008
8008
8008
8008
8008
8008
2744
5263
1
8007
1
3721
4287
8008
8008
8008
4796
3212
8008
8008
8008
8008
8008
8008
8008
8008
5590
2418
4583
3425
8008
4601
3407
8008
8008
8008
8008
8008
4054
3954
8008
8008
8008
8008
8008
8008
4161
3847
8008
8008
8008
8008
8008
8008
8008
8008
8008
8008
8008
8008
8008
8008
8008
4805
3202
1
8008
3904
4104
8008
8008
4598
3409
1
8008
8008
8008
8008
8008
8008
4847
3161
8008
8008
8008
8008
8008
8008
8008
8008
8008
8008
8008
8008
8008
8008
8008
3116
4892
8008
8008
8008
8008
8008
8008
8008
3730
4278
3959
4049
8008
8008
8008
8008
8008
8008
8008
5059
2949
8008
8008
8008
8008
8008
5900
2108
8008
4058
3950
8008
8008
8007
1
8008
8008
3723
4285
8008
8008
8008
8008
4281
3727
8008
3512
4496
8008
3899
4109
8008
8008
8008
8008
3562
4446
8008
4630
3378
8008
8008
8008
8008
8008
8008
4219
3789
8008
8008
8008
8008
8008
