176
295
102
96
21
22
21
111
71
47
36
31
14
497
41
1123
23
238
32
101
127
67
49
31
29
46
164
60
55
31
25
140
47
35
80
74
39
243
38
15
36
51
47
202
63
19
62
67
36
70
42
127
22
51
75
22
31
25
289
333
79
231
224
208
165
141
71
60
38
53
45
81
31
47
29
40
54
42
28
620
659
403
588
314
48
313
53
139
98
81
31
34
83
17
25
1
29
185
28
172
100
30
103
50
33
19
37
19
30
35
52
38
4
64
1814
77
91
48
477
880
40
41
144
39
93
38
12
102
21
20
16
46
59
143
216
151
121
69
50
101
39
51
47
34
2
2
39
53
58
170
34
135
26
48
37
34
22
175
26
32
83
35
44
39
38
29
1199
331
112
37
30
101
29
110
165
90
45
91
39
44
24
41
113
55
29
29
41
44
26
7
149
308
58
47
67
112
43
52
36
27
31
35
24
28
13
3
28
1
1
281
118
98
42
24
101
35
88
65
135
24
104
51
29
50
23
12
75
49
150
141
23
78
38
25
36
1
31
15
53
67
49
29
4
1
37
56
22
38
154
35
89
58
22
59
36
45
66
42
43
33
52
1298
64
58
147
38
105
61
41
23
20
29
26
4
1
206
73
331
30
76
90
64
50
19
31
57
52
24
5
181
63
24
92
27
55
55
50
19
108
29
28
96
38
11
75
115
42
48
33
26
22
25
484
39
99
30
104
70
107
50
40
42
43
44
61
42
44
48
296
63
38
174
456
41
196
217
24
81
85
79
36
30
25
44
28
22
20
15
994
27
32
26
33
41
21
25
33
26
57
30
44
35
27
178
54
110
38
121
38
39
27
31
61
33
26
39
26
15
605
357
1286
193
549
78
38
100
39
58
93
84
90
23
31
2
324
250
91
47
31
50
32
111
29
37
61
25
37
489
133
36
26
144
206
45
53
22
51
62
25
31
50
6
28
374
156
53
80
34
29
19
1
141
46
42
58
40
35
27
32
30
2
40
136
56
51
74
164
37
41
169
18
92
34
83
125
29
38
58
36
39
34
18
292
70
95
161
37
62
47
1
43
46
19
55
38
31
36
35
64
63
157
55
43
56
167
54
66
333
50
57
34
71
35
64
21
23
26
29
51
41
61
26
16
23
41
63
34
51
28
29
31
34
95
128
176
365
141
112
131
170
45
23
106
134
50
23
19
37
43
57
32
886
30
833
100
411
22
133
41
50
25
48
53
17
40
301
118
123
23
30
13
160
101
26
69
31
37
25
33
55
47
37
44
46
26
28
43
1303
343
78
26
412
150
251
58
106
164
272
31
50
64
58
26
30
33
38
41
1
427
34
85
27
84
52
43
70
37
228
75
39
61
89
31
1
753
36
64
42
40
150
87
36
28
36
23
30
3
30
49
165
200
490
44
63
61
28
51
34
22
47
35
36
99
68
117
158
190
33
60
60
72
54
36
1
41
36
51
64
43
45
43
10
75
35
11
58
130
47
155
40
17
90
44
62
129
79
40
40
46
45
42
2
24
1
37
237
51
925
504
54
39
245
103
81
293
54
57
47
27
55
14
35
1
47
81
36
47
132
53
42
66
19
46
57
41
1
1
934
54
36
305
98
1125
37
48
33
37
29
83
32
66
44
24
31
19
938
35
109
112
36
26
35
56
814
48
85
320
32
178
36
25
33
39
49
42
81
28
1
531
100
41
30
22
67
26
45
43
32
42
34
18
1190
123
30
78
47
46
26
25
30
53
36
409
700
237
43
131
33
38
252
4
42
35
38
25
164
372
61
39
70
43
18
52
33
110
34
28
36
24
1
437
192
37
69
124
32
150
83
31
62
27
26
29
1
2509
259
162
39
25
46
29
71
54
26
118
1098
114
59
26
19
121
27
57
34
60
39
24
27
21
1
273
218
23
109
39
48
75
33
16
28
42
214
62
160
53
39
14
30
46
67
28
52
43
215
18
37
74
29
135
61
83
28
39
37
51
22
25
24
62
142
130
64
31
44
46
22
38
34
24
40
22
15
1
1
119
130
78
69
57
30
102
27
17
1
951
410
72
270
832
126
107
17
22
103
78
18
43
34
35
30
17
64
14
47
20
1
1
122
126
71
31
40
45
20
61
44
26
24
36
2759
70
144
37
44
30
53
72
30
82
26
28
23
33
88
23
44
48
37
24
62
20
29
49
85
31
20
55
134
36
212
507
51
39
180
1328
52
343
32
96
134
41
46
23
59
75
121
21
15
25
705
37
117
48
117
38
316
131
33
66
82
34
27
24
57
30
77
62
531
55
40
338
42
35
53
17
38
27
20
732
29
148
66
67
71
791
198
58
55
25
86
30
37
51
27
24
34
28
33
32
14
28
986
94
50
27
78
29
82
107
116
117
43
27
848
129
215
220
56
87
263
115
72
45
265
26
49
29
14
47
46
37
4
1
82
115
74
39
122
236
97
122
148
78
39
34
39
101
87
21
1252
155
215
18
167
47
54
22
52
16
1
259
1816
560
20
223
48
33
32
31
37
39
35
33
79
27
15
23
17
1
542
219
31
170
20
57
171
345
163
27
49
74
49
26
21
36
16
56
336
65
18
73
31
29
38
30
28
45
28
26
231
155
26
38
31
47
29
37
47
1
60
46
105
155
415
17
319
40
32
34
41
28
17
48
47
22
383
129
44
39
56
70
74
28
76
33
206
79
123
179
73
53
55
60
27
98
188
63
186
21
36
44
54
19
145
62
84
36
38
23
30
83
18
29
1
40
34
25
28
89
1
34
76
48
41
29
28
24
2
1872
584
303
73
27
64
659
43
46
40
44
29
43
77
27
1
49
48
103
207
148
44
41
133
41
46
19
58
37
154
52
109
44
79
252
51
30
23
38
67
54
2
377
422
64
90
89
81
88
34
38
54
15
32
54
46
35
1
1
38
46
16
121
10
150
17
53
37
66
40
36
36
34
105
32
23
44
38
24
76
45
115
55
238
43
249
74
32
58
175
54
64
33
33
131
40
136
42
64
27
31
156
104
155
111
48
82
67
33
45
38
21
3
160
51
49
36
25
23
113
52
48
58
40
2448
900
198
18
30
49
24
21
21
47
33
39
23
1
457
105
31
59
149
117
179
85
39
64
40
31
173
69
23
43
82
40
58
212
357
31
17
40
35
35
88
38
3
32
2
1058
1008
179
79
40
119
22
42
46
64
301
36
22
46
130
38
58
34
31
31
816
41
204
72
87
32
72
34
24
102
38
71
144
63
24
29
30
12
1
1011
740
145
27
40
130
43
42
171
25
31
43
46
62
57
48
27
27
38
32
27
23
21
1
447
86
302
30
87
164
57
26
98
29
39
1027
45
706
55
35
15
40
33
22
33
1168
160
184
24
114
40
99
25
40
21
28
20
40
1
44
219
77
85
25
16
14
20
24
32
20
38
27
416
169
35
143
69
56
37
36
26
39
32
18
1
83
76
696
107
20
19
105
28
281
31
222
34
165
42
33
54
23
133
127
43
56
135
86
28
55
50
34
44
20
32
1
1
937
676
57
640
170
28
61
37
53
30
40
50
129
35
144
30
151
43
133
111
54
31
47
13
51
134
42
80
31
38
40
95
35
649
199
106
79
41
25
40
49
52
67
26
33
136
36
153
37
80
27
91
50
49
20
30
19
46
23
33
62
1102
1534
476
36
110
41
20
121
55
38
32
27
2
20
233
31
120
440
49
78
35
311
132
38
62
53
30
26
27
51
41
1
737
108
92
52
403
17
83
22
28
31
32
23
34
28
1658
629
36
52
335
102
640
142
56
43
56
41
64
50
28
35
24
26
342
213
42
92
155
68
111
62
33
24
25
5
33
29
99
439
54
65
146
330
19
699
129
99
96
40
28
39
78
34
41
40
224
35
187
51
83
96
50
22
55
43
54
34
14
29
16
12
1
2096
544
46
48
104
247
73
91
56
115
80
34
44
3
553
40
193
57
34
27
28
35
40
22
40
135
32
64
81
51
63
20
42
63
35
19
1
2
83
226
114
32
52
29
32
23
2442
251
139
33
100
61
29
83
66
65
11
12
1
172
35
118
61
111
32
90
40
33
37
73
126
61
24
35
1
8
62
106
45
140
49
40
159
256
52
66
21
44
36
24
33
19
2
1
101
67
32
39
123
29
80
100
44
56
21
30
30
13
1
145
36
23
32
23
22
31
177
45
107
45
209
36
27
36
34
59
29
12
21
12
27
1
542
96
156
83
70
164
60
21
26
130
33
81
62
53
25
16
1
423
97
39
202
34
154
36
199
166
65
133
19
42
117
30
49
41
53
22
545
56
2128
86
384
32
35
160
69
32
36
1
24
128
37
39
95
37
40
46
18
30
25
39
24
1352
22
27
78
407
88
34
49
30
88
36
112
21
76
38
37
95
21
30
1
117
79
122
50
73
39
103
47
40
34
47
33
23
330
302
35
46
16
49
20
96
43
67
28
30
31
34
602
32
30
24
30
43
38
37
29
37
25
666
496
395
148
54
68
34
91
40
64
33
21
32
51
23
49
18
50
31
32
88
63
40
1011
34
106
60
24
42
30
29
48
61
42
2
33
18
44
69
445
103
27
30
28
31
25
33
19
23
126
79
56
21
47
86
28
41
34
19
2
538
38
323
22
167
122
74
58
139
44
106
57
40
27
22
67
54
20
41
35
37
84
215
34
49
32
41
29
35
27
33
83
32
121
33
32
44
41
66
40
296
19
473
36
47
325
58
35
101
51
26
48
24
29
21
30
22
56
31
24
43
87
45
69
49
56
11
38
38
31
32
29
34
39
1
53
42
103
37
14
84
23
43
26
1
85
112
329
41
37
33
620
164
84
37
114
32
50
68
122
27
47
50
39
46
26
46
26
32
36
28
55
43
97
33
101
38
39
51
70
31
31
38
26
1
1
64
42
71
103
59
110
102
58
34
82
35
26
47
44
62
30
27
23
162
27
40
45
168
43
22
44
48
20
59
1659
1832
35
65
50
25
41
47
447
24
131
45
72
42
76
43
54
76
18
30
26
1
1
71
356
38
48
45
42
28
47
56
46
1
20
202
55
53
40
234
27
33
61
23
38
36
50
46
87
24
32
14
13
138
28
37
1
173
91
29
47
81
46
38
52
32
65
43
34
31
33
31
157
25
23
49
136
27
81
26
43
45
32
28
49
28
238
32
18
33
32
42
61
24
100
36
1
1365
109
30
234
53
27
46
42
49
25
6
35
107
268
275
124
193
124
25
30
24
22
20
22
40
29
127
10
37
1591
116
502
146
34
62
56
28
15
28
24
84
81
54
34
48
50
45
53
47
19
47
39
39
71
28
22
137
368
60
108
307
67
24
21
35
36
63
67
123
28
105
23
41
38
37
78
32
388
1216
97
1448
196
60
296
19
47
27
41
45
42
34
82
103
73
37
32
29
33
765
2194
385
21
140
19
54
46
47
168
58
39
55
28
24
49
62
101
1322
118
96
46
55
176
125
42
138
65
60
30
28
17
423
84
1388
69
104
192
65
32
2288
151
567
41
185
30
57
51
23
45
19
20
67
208
97
76
25
64
30
35
133
52
26
10
59
113
39
50
138
34
32
27
179
752
95
70
76
86
319
30
24
244
22
113
41
62
41
29
20
2281
189
54
95
159
98
45
67
45
83
39
84
44
66
22
31
18
1
1209
62
36
235
57
43
218
72
61
35
48
41
37
25
71
81
39
111
37
47
25
51
34
156
36
240
77
30
162
32
25
24
29
42
43
246
51
43
31
103
55
48
29
127
20
10
1
37
12
31
22
45
309
40
56
14
45
57
20
51
45
32
27
21
283
964
181
74
53
88
39
119
66
18
114
41
39
59
54
22
53
18
40
34
8
94
109
112
28
743
12
210
151
129
49
130
80
58
44
24
380
39
1716
396
48
44
41
32
45
11
53
56
42
28
27
60
35
51
63
28
63
23
34
36
26
1
1
485
52
104
92
514
66
98
58
55
349
23
63
36
18
34
67
120
59
36
31
34
6
147
24
99
49
53
57
51
106
38
55
33
51
35
31
29
2
51
23
220
34
41
31
45
38
40
40
74
27
26
38
1
405
101
586
1114
111
83
95
108
23
35
53
60
266
62
21
26
20
65
28
34
31
873
51
20
28
153
27
59
25
39
58
193
115
42
117
38
45
32
31
61
16
47
56
5
1
27
33
147
32
47
37
767
56
24
90
216
48
58
37
80
38
48
126
202
40
60
74
44
51
18
21
688
198
53
83
91
135
41
24
23
48
25
27
58
61
26
80
174
48
100
138
47
73
41
22
47
21
1
140
69
81
32
90
55
77
64
27
53
40
103
36
37
88
85
18
28
35
37
57
1274
229
443
34
33
91
33
37
50
30
28
1
35
169
86
110
33
47
41
1
33
43
16
1
895
290
238
36
33
32
41
72
76
77
56
23
41
22
24
72
50
37
28
180
33
23
60
42
54
160
38
17
35
41
37
7
10
1
438
114
76
217
199
32
115
27
23
37
44
63
50
41
37
39
39
32
518
39
45
37
106
23
60
25
21
63
147
38
199
34
65
68
26
44
59
92
134
18
42
40
36
188
51
112
146
66
84
405
56
31
34
30
23
19
67
645
36
104
26
37
79
35
44
29
32
38
240
102
73
30
21
60
47
112
48
40
18
19
42
770
600
141
72
29
50
21
29
123
36
150
49
39
24
28
19
3
186
48
126
58
31
189
65
306
83
68
28
71
28
21
59
39
43
822
87
80
44
43
52
25
25
33
32
52
446
93
59
30
42
17
89
100
53
52
28
18
1127
101
132
149
46
52
165
52
23
27
25
16
1
231
87
63
324
252
27
25
18
28
56
51
27
36
57
31
205
40
48
22
38
60
141
81
206
25
31
36
21
38
35
142
74
44
21
23
108
56
1180
582
307
33
56
21
46
28
74
22
24
50
161
52
69
47
38
47
22
22
29
22
54
42
29
122
110
50
24
30
65
17
44
19
6
1
2
341
266
286
129
382
77
141
13
52
52
31
40
25
41
3
181
29
117
31
89
35
82
49
34
51
21
38
37
52
35
56
16
24
400
27
36
32
47
40
22
44
23
23
38
40
25
34
44
75
36
27
24
21
28
36
47
20
21
1
567
800
437
36
456
29
38
45
21
49
65
49
29
32
42
22
46
23
1
310
47
64
88
139
45
141
109
52
35
75
51
40
38
17
51
33
13
1
219
42
574
115
40
159
62
70
39
1
460
130
88
59
82
90
25
47
52
16
31
40
4
26
1
471
45
38
98
223
87
129
32
72
46
74
68
39
49
45
21
119
98
24
98
33
30
42
41
42
21
712
22
70
938
28
62
108
31
48
91
60
195
72
33
54
46
17
25
14
1964
408
47
39
58
101
48
78
20
51
160
2380
68
40
54
30
30
67
42
20
45
23
75
24
27
1549
33
92
52
32
33
32
5
59
220
37
24
105
26
55
50
30
24
31
8
29
21
42
137
68
35
43
31
21
44
58
43
350
64
1834
35
105
33
32
71
80
46
50
42
84
36
25
29
18
239
37
80
185
30
77
70
68
20
59
29
19
53
252
26
17
71
34
83
31
19
489
42
52
34
60
53
24
31
38
572
33
28
266
21
27
48
17
300
2285
29
169
53
149
165
44
28
23
58
28
62
13
37
59
20
17
25
27
1
43
334
142
64
37
37
29
39
24
40
29
125
22
27
39
1
350
45
43
34
33
22
26
43
207
22
37
32
38
64
39
134
32
40
21
31
147
116
28
25
30
24
1
528
600
44
17
27
87
39
58
107
59
94
90
13
47
62
31
33
48
24
108
318
341
20
90
29
16
26
47
32
30
20
36
49
95
66
38
73
20
44
42
15
64
25
82
46
27
18
17
28
37
283
79
190
21
79
46
42
36
19
55
1
692
63
40
406
86
55
52
56
86
28
62
60
77
45
46
37
1
29
27
31
33
19
21
27
45
584
363
573
369
27
95
37
28
33
100
41
23
42
9
21
1621
63
294
70
414
119
36
36
43
37
35
27
15
30
24
154
89
83
37
160
421
119
212
56
24
20
118
98
121
37
31
30
831
101
68
49
233
37
80
37
33
138
81
23
87
70
31
28
141
22
27
34
282
47
24
52
20
30
20
23
28
131
458
99
179
33
288
23
122
32
42
16
696
670
49
239
35
86
84
44
21
35
80
36
28
50
24
1
1438
137
36
27
69
64
86
72
130
59
75
57
55
26
53
65
41
35
1
78
43
38
180
191
49
25
38
31
31
74
41
394
52
47
109
50
25
40
36
23
24
127
64
80
50
33
32
45
48
90
59
14
49
17
36
46
724
65
32
33
630
58
76
32
29
32
39
105
35
36
115
64
39
51
44
27
13
1
247
97
31
62
364
52
24
44
238
28
111
26
114
39
197
64
244
27
119
44
73
35
39
42
59
52
28
34
1
80
71
379
52
290
48
45
60
27
68
74
37
31
89
25
1
1
213
45
45
34
44
24
30
1
75
39
102
33
18
119
19
29
45
16
23
2457
42
21
43
43
34
37
1
363
343
33
79
49
29
90
14
33
39
54
35
146
53
12
80
29
50
71
30
1326
307
51
689
214
76
33
48
48
62
20
31
58
230
44
26
41
60
114
93
42
47
36
31
27
25
125
395
160
207
13
47
37
33
28
60
63
30
1
119
72
25
58
34
24
20
53
353
42
38
39
47
26
67
31
44
38
38
1
77
113
35
30
36
22
9
335
31
45
35
162
61
102
35
51
30
2
86
42
249
71
33
42
66
1
507
36
33
68
88
1
33
21
1
66
24
84
54
38
22
20
27
2
190
118
24
62
50
37
25
52
27
31
32
108
48
34
49
17
34
121
144
79
341
30
55
42
51
18
40
31
28
23
3
20
2
39
68
467
87
154
48
278
56
52
41
51
40
24
15
28
21
1
1
652
400
251
77
38
74
52
31
28
65
71
36
25
31
23
33
31
76
627
39
81
24
107
221
68
42
37
69
102
45
44
60
29
37
20
132
50
163
63
52
53
31
71
38
33
25
21
1
41
165
44
41
36
90
43
22
145
367
75
23
83
39
58
41
29
2236
20
28
129
23
38
107
42
35
68
35
39
124
33
49
25
33
81
20
30
14
3
92
39
330
45
81
42
101
7
28
19
1
72
39
98
53
176
31
48
48
70
88
43
64
37
55
24
120
149
41
218
43
42
39
20
68
17
45
24
35
182
140
164
41
25
23
24
50
44
107
33
37
40
35
28
29
52
30
25
12
1
1
785
248
22
191
46
54
34
52
36
52
27
314
133
486
43
25
61
395
72
53
148
76
146
30
21
31
36
67
75
36
441
41
30
79
32
18
24
217
928
262
24
70
95
63
40
31
36
26
32
72
168
40
369
52
44
53
45
116
58
43
82
2373
57
63
53
218
27
40
32
59
28
22
112
45
18
19
153
33
48
44
143
161
68
32
47
19
37
45
22
300
657
698
116
74
59
78
118
23
106
101
84
38
40
43
52
72
143
35
69
54
500
44
241
90
47
23
26
66
30
22
30
21
1
225
69
1217
62
70
40
206
28
27
171
26
39
29
19
3
143
185
183
80
22
38
60
35
56
115
27
62
75
32
52
9
69
315
150
84
429
76
110
47
33
26
92
37
38
52
23
35
135
27
52
34
27
60
31
29
150
104
42
25
39
28
2623
33
41
43
100
34
29
48
34
21
135
56
255
52
31
13
140
30
76
51
189
128
58
47
43
27
36
55
35
24
103
270
691
37
58
64
64
209
34
63
45
42
48
35
27
83
72
86
21
145
16
71
92
65
74
39
26
113
41
35
29
24
26
21
2
326
44
75
45
230
77
34
50
55
71
33
31
38
36
28
31
151
30
41
31
93
72
47
40
24
40
14
34
28
24
37
25
356
101
102
31
73
72
74
15
54
38
18
48
1
715
891
47
61
71
70
74
11
34
37
28
1
49
138
114
94
32
130
54
115
64
27
35
94
50
42
1
858
68
56
42
150
48
77
30
51
1
25
61
42
189
76
100
63
59
31
24
36
30
320
33
39
109
58
62
35
49
27
46
29
50
20
26
31
362
78
41
92
69
174
64
37
34
97
41
26
47
21
40
25
1257
100
29
83
22
137
43
32
45
38
60
30
1287
77
72
1067
118
27
119
36
30
41
42
33
32
67
104
93
45
496
31
42
46
119
18
25
31
39
32
126
23
30
42
63
24
37
32
131
362
541
162
45
29
31
41
112
40
38
26
51
52
47
24
74
32
38
33
38
78
27
55
2
1
615
1074
65
47
109
65
33
57
18
12
60
18
103
59
52
64
88
38
27
64
53
29
34
19
1
63
33
152
33
78
44
56
54
51
96
30
27
27
34
30
40
18
24
107
125
124
36
44
42
58
35
29
31
342
26
27
28
104
63
25
26
41
19
25
29
42
47
23
106
483
1426
27
39
23
25
35
119
52
31
39
149
41
48
6
27
39
181
185
22
37
53
60
35
23
3
31
1667
224
707
362
41
42
30
82
66
53
35
43
25
59
32
17
31
24
18
1
31
71
58
33
49
39
177
22
27
39
23
24
23
26
17
20
1
2
24
141
14
24
76
26
37
539
93
206
1164
38
456
21
47
101
31
45
43
24
31
63
27
41
24
15
32
24
545
2356
172
56
175
44
105
33
36
71
43
30
29
54
28
45
29
2546
29
116
75
47
42
27
79
60
68
20
142
34
91
115
195
58
6
34
77
38
25
16
84
39
45
27
40
14
207
346
44
25
106
423
221
49
21
171
157
93
164
38
29
52
88
35
24
33
39
1
1
190
54
31
81
121
103
50
58
28
28
92
34
39
51
75
51
29
7
28
48
29
13
40
18
38
1175
1310
54
44
31
43
42
18
26
1
1674
190
62
42
22
60
43
65
40
48
52
37
19
24
40
235
36
48
107
109
446
367
39
75
67
23
56
33
24
28
19
4
233
19
140
239
35
31
44
15
122
20
33
32
46
31
28
240
106
28
28
19
26
7
27
1
58
40
39
49
53
18
42
37
46
92
151
34
19
59
32
27
298
45
194
30
42
18
81
35
13
26
38
37
27
104
23
40
35
25
91
439
22
163
109
133
337
81
310
34
22
27
56
40
52
30
29
42
64
52
34
719
76
69
93
43
187
19
42
30
130
37
90
53
17
21
90
112
67
47
83
50
37
41
23
1
838
2200
569
70
56
284
179
30
29
22
23
25
1
46
24
90
79
149
130
40
31
28
27
191
32
52
102
90
37
29
38
30
34
46
110
30
1
36
33
78
245
70
192
34
64
25
40
1509
632
631
625
1272
104
34
137
31
17
71
20
43
39
1
191
137
40
152
306
64
98
62
29
32
38
68
28
13
28
19
21
32
76
23
26
41
19
207
40
81
38
2017
806
516
35
45
110
145
61
18
64
149
51
41
40
32
22
48
32
2
1419
1568
784
66
27
33
102
42
122
40
80
18
35
38
30
35
46
30
18
1
55
174
166
124
93
26
32
29
38
836
141
358
79
106
43
35
308
55
116
72
51
97
73
35
31
53
38
23
35
51
18
45
31
27
469
150
913
310
51
166
61
22
26
126
49
30
26
25
1
2
102
33
123
117
163
29
122
34
29
68
25
27
24
110
411
215
40
93
202
75
17
44
180
105
58
97
50
56
37
44
4
2
141
237
60
106
24
222
66
213
41
35
19
44
33
38
31
1875
68
85
41
62
48
132
30
19
27
81
140
27
82
104
31
36
38
32
33
86
46
33
38
21
21
61
114
120
54
27
49
44
58
26
55
48
34
26
36
12
36
2009
32
510
406
227
157
81
40
41
143
82
42
77
33
30
27
209
204
362
61
73
29
33
44
53
54
37
55
72
30
15
23
38
33
22
20
316
23
130
52
58
111
96
70
39
30
49
25
25
27
106
34
51
52
45
24
39
32
97
29
1
126
86
342
19
80
38
66
97
45
21
31
32
26
32
32
167
22
39
31
58
31
43
18
1
243
38
314
76
55
255
39
53
52
79
191
52
50
30
28
44
131
42
48
54
69
34
40
80
30
30
76
34
110
191
150
41
109
38
34
203
89
87
48
33
321
1007
42
418
43
72
41
30
27
21
43
39
57
24
94
55
75
33
124
44
77
24
35
42
60
17
222
56
50
133
93
36
57
41
32
107
73
27
55
1
14
202
54
98
42
33
31
18
40
105
31
34
23
22
47
125
167
236
99
77
34
71
27
130
48
43
60
29
14
27
24
24
83
48
41
78
107
47
19
27
28
34
41
23
30
17
728
1450
129
1427
33
355
93
162
23
26
190
30
49
46
47
28
38
81
34
40
65
37
31
18
10
87
92
18
24
18
53
13
27
1
2
32
26
29
319
69
48
3
105
281
37
103
40
42
35
39
27
26
2
45
539
54
53
61
33
32
1581
50
40
31
135
49
66
82
159
39
29
72
48
41
2
58
100
25
27
25
121
35
38
26
79
29
45
36
93
24
49
39
32
27
22
2
74
147
44
26
1
37
13
20
36
26
16
382
644
102
26
20
22
23
59
177
80
58
32
45
42
89
23
25
21
6
1
35
188
40
25
114
58
35
26
28
23
30
36
38
266
29
176
90
45
58
31
51
150
39
44
17
27
2
65
60
38
62
154
109
33
18
49
28
16
34
49
204
89
65
26
72
24
22
54
43
50
37
24
13
13
115
73
40
32
77
112
53
49
27
77
48
39
434
89
50
48
1
49
21
50
33
6
368
147
187
50
80
328
106
117
49
23
26
54
37
45
23
33
43
24
27
31
33
26
95
16
35
50
33
43
32
88
35
67
89
275
602
1524
54
55
73
43
49
71
61
51
32
68
29
30
31
22
31
36
14
1
123
63
111
45
83
51
69
36
76
68
47
576
230
1417
565
195
61
119
72
350
51
63
55
31
35
35
25
286
711
74
49
808
23
22
227
192
58
31
49
26
30
293
72
37
155
35
28
53
30
27
24
20
141
105
349
642
59
32
65
13
27
15
38
62
128
22
50
119
33
51
39
20
37
50
26
15
1721
788
97
1338
45
64
33
129
68
38
62
77
42
49
58
35
56
39
29
1
29
2545
32
123
179
84
261
62
71
40
66
25
45
36
40
35
27
42
37
30
86
71
46
44
40
42
28
31
119
39
89
26
13
45
23
23
33
28
1
30
22
74
36
47
54
26
52
27
31
28
34
37
603
237
148
68
115
25
82
42
111
33
63
49
48
31
31
44
1603
663
39
65
32
23
90
34
22
590
35
223
155
163
72
81
54
23
34
98
40
39
50
34
24
37
24
34
172
655
326
63
30
32
37
18
24
20
118
31
96
95
49
19
34
417
546
39
20
69
51
26
2
16
21
30
34
31
43
21
36
113
119
123
29
40
40
24
23
148
93
34
85
49
36
46
23
29
30
73
112
68
49
60
33
235
14
70
37
35
90
282
53
54
24
26
324
19
46
261
44
32
20
38
1
237
35
68
19
28
40
26
39
69
46
165
41
144
63
20
120
49
25
1
202
279
108
37
93
77
35
48
69
23
91
22
47
44
38
43
32
32
1
84
38
203
25
36
32
25
29
47
36
1
57
44
52
29
18
111
54
70
41
45
83
110
40
57
42
68
29
45
24
24
26
2027
238
98
434
389
284
23
44
37
32
27
62
52
52
67
46
33
75
31
39
36
24
21
16
46
124
68
56
42
21
46
17
53
31
27
33
57
32
71
34
34
534
24
72
41
149
58
63
56
32
36
34
26
23
257
118
2048
80
242
33
458
67
369
123
55
103
40
113
23
28
41
23
30
28
19
1
3
1117
190
41
31
180
41
67
39
34
65
33
22
38
119
83
41
102
37
21
242
39
46
95
103
45
75
48
37
24
1
61
33
108
39
80
66
17
37
81
36
39
47
27
21
93
42
93
49
40
33
24
71
46
406
103
71
37
36
46
25
70
26
33
30
95
12
38
1
115
814
270
43
51
25
19
40
114
32
927
56
34
27
26
25
108
50
20
32
19
1
24
123
29
56
116
25
49
45
22
25
81
1078
170
172
57
143
152
122
460
54
95
227
39
139
123
31
25
19
1
2
1
220
78
1
66
18
17
44
25
44
23
1810
1122
101
209
45
23
41
26
48
37
23
75
134
58
59
114
33
24
56
1
256
23
50
95
14
78
29
39
93
27
57
47
95
47
30
26
42
812
111
115
82
250
45
147
35
65
247
38
86
58
40
11
69
28
99
39
35
28
29
36
1
8
123
97
179
110
41
19
1
181
261
88
41
144
101
118
50
26
35
32
112
21
19
28
27
24
24
85
666
34
32
39
42
92
26
29
2
64
671
47
155
209
136
85
44
19
27
22
30
72
54
81
21
38
44
185
74
112
525
9
90
51
60
32
54
45
32
56
24
27
2
62
36
39
69
35
68
34
33
37
14
60
29
25
55
630
465
645
560
32
28
25
219
112
60
93
40
36
23
59
132
99
43
52
61
25
64
60
28
25
1
1966
39
484
33
36
40
30
148
27
73
45
27
36
39
312
36
127
84
78
340
44
45
42
57
30
35
36
14
2
1939
13
83
56
47
113
53
27
20
59
88
8
32
116
483
243
111
42
77
42
1
52
41
670
33
14
76
25
42
43
34
29
26
23
191
130
80
58
253
198
97
39
68
49
35
73
28
32
161
34
35
83
35
27
260
130
67
39
26
44
26
47
56
62
32
65
37
135
22
33
55
95
337
852
26
35
36
151
64
146
33
33
70
51
24
42
54
1
29
147
31
39
64
69
48
20
25
11
15
22
30
42
1
57
106
43
33
44
99
23
39
23
39
25
18
162
74
79
137
36
30
15
122
20
23
496
1012
70
22
49
29
64
147
33
67
29
34
29
23
28
632
886
27
31
47
75
110
198
45
47
37
37
9
182
94
30
368
61
71
31
59
47
33
22
532
111
123
137
743
680
568
25
50
34
80
67
34
60
57
23
21
28
40
28
674
93
30
34
75
37
30
39
6
21
32
90
176
101
40
28
41
44
21
42
35
1
25
104
42
29
30
44
43
54
28
26
46
4
59
445
62
40
188
51
109
84
73
30
28
69
61
282
644
721
17
39
39
95
33
143
33
31
29
45
29
119
893
198
59
26
37
36
192
104
29
37
87
29
33
27
11
34
48
49
38
26
19
41
212
59
38
38
76
224
162
96
171
123
456
42
33
26
37
98
26
77
25
181
242
219
225
249
74
28
62
213
51
31
19
33
26
28
47
33
40
42
1
11
71
90
46
38
41
21
54
32
53
52
37
35
24
27
25
117
451
33
163
36
73
23
32
45
21
1
114
177
37
49
9
28
23
32
38
150
240
451
65
177
82
36
34
28
33
41
27
14
100
57
232
26
31
148
42
15
112
23
39
53
100
59
22
34
1093
1059
90
25
403
398
79
22
35
76
59
32
36
35
37
25
22
1
1
49
47
61
1
89
26
22
281
33
43
528
217
176
76
43
37
35
102
109
88
41
27
27
31
34
69
105
21
24
96
41
31
49
30
25
28
23
42
44
9
22
232
220
48
56
38
96
62
26
64
49
32
42
38
99
64
66
122
92
34
29
30
41
16
36
45
34
55
50
23
19
46
36
35
33
23
26
22
108
79
213
406
178
45
53
35
40
103
18
61
257
41
34
35
68
173
33
40
87
69
28
64
28
29
48
37
30
34
52
552
45
214
32
52
32
31
29
47
19
39
67
35
44
21
40
17
251
58
113
46
35
48
29
19
29
257
390
293
136
43
24
73
31
14
41
28
38
54
167
73
21
34
61
21
32
22
236
48
302
557
23
20
82
48
170
22
51
105
74
51
64
55
44
44
23
34
1
184
472
440
809
122
48
27
28
210
31
81
169
51
46
159
44
49
66
27
28
118
121
25
50
29
39
688
131
276
48
35
27
77
105
46
47
38
461
902
488
81
875
386
290
32
132
42
81
39
142
72
64
85
30
45
42
28
2
31
61
61
133
63
57
24
26
173
50
36
21
122
63
27
57
15
31
59
57
33
29
27
2057
654
58
304
97
104
67
81
46
26
62
72
56
150
39
51
110
51
51
24
45
37
39
72
53
38
29
19
2307
797
58
56
44
26
99
315
31
38
23
18
47
69
36
45
31
41
50
29
1
3
872
30
203
58
29
262
75
40
18
117
94
65
13
365
68
44
73
35
27
51
63
124
55
42
72
24
26
21
43
28
91
58
25
57
34
20
26
25
28
953
291
86
51
117
113
37
30
34
24
32
85
341
327
462
140
146
149
98
67
48
18
15
108
335
309
24
24
60
55
30
30
85
27
1
2226
353
390
145
23
64
68
82
92
67
60
112
33
29
28
35
21
47
41
24
10
69
40
13
73
36
32
36
60
19
34
22
34
18
19
3
17
52
35
51
127
28
38
55
1060
27
232
23
56
254
55
67
67
26
43
24
40
35
280
25
65
37
51
33
28
79
153
70
32
24
19
25
321
103
41
112
64
142
30
52
28
24
32
43
411
1724
63
42
35
42
25
33
61
249
350
561
37
923
27
54
41
30
69
73
40
46
26
41
67
33
58
42
15
51
32
160
28
32
206
52
86
22
31
91
44
34
33
26
33
83
33
15
177
50
16
50
60
54
35
41
81
34
41
60
45
27
164
45
208
39
59
50
40
27
69
74
38
1
2614
106
59
54
92
50
101
66
130
66
51
26
1
19
27
11
298
47
36
174
50
37
76
24
67
106
34
36
45
38
50
17
320
87
113
73
58
52
61
140
24
47
62
31
23
57
76
72
331
162
67
148
29
184
77
11
33
31
17
79
267
1139
179
351
46
34
28
101
27
39
23
35
45
30
93
1186
42
105
20
34
76
67
32
61
28
46
44
29
19
32
20
1
60
121
238
356
35
43
225
125
119
27
33
39
75
29
30
17
8
23
2132
23
344
343
48
44
28
268
35
35
25
48
33
67
144
131
106
480
94
153
41
341
34
50
51
45
89
44
23
39
40
16
26
45
30
23
42
76
41
29
88
35
60
38
40
32
29
10
262
32
81
74
25
18
142
41
457
44
79
28
83
35
20
44
44
259
94
401
81
40
61
390
88
107
268
55
80
42
61
1
46
26
373
215
164
35
73
112
372
25
36
16
33
23
1
131
50
19
302
115
78
14
44
103
25
22
44
15
46
34
66
35
59
90
77
46
19
66
28
33
116
23
56
50
64
46
1
57
45
44
91
71
34
35
8
116
62
92
153
243
345
67
166
94
39
12
162
66
34
27
21
12
38
26
211
216
85
168
21
19
4
19
39
34
22
876
105
147
115
36
136
28
22
30
25
131
34
22
14
63
48
18
215
35
36
28
105
91
44
98
30
35
33
35
27
31
23
29
9
2
103
59
53
48
29
33
16
23
21
54
20
62
33
42
28
29
29
34
51
18
91
95
130
56
23
112
217
54
56
56
42
67
35
74
56
26
26
1
23
23
2
113
61
38
42
62
24
29
53
18
108
22
114
60
26
34
25
1
99
103
187
132
19
39
20
30
52
30
28
27
865
120
42
36
26
9
12
1056
244
55
186
51
50
34
31
32
106
43
28
2242
44
27
44
221
32
65
88
103
66
24
571
82
36
19
38
113
84
28
40
26
43
29
25
2
121
431
171
192
64
260
36
29
35
37
51
24
29
29
22
269
46
37
27
81
134
26
31
28
55
38
25
12
1
1
331
34
79
71
46
45
21
106
34
32
73
18
30
46
68
38
23
438
18
129
42
50
50
73
30
35
56
30
35
34
40
35
45
301
25
116
307
90
21
128
56
52
23
35
45
39
37
87
150
136
26
47
28
48
46
32
66
68
41
57
318
441
38
74
28
114
42
24
24
79
1362
419
199
25
87
30
47
26
29
35
36
1
34
245
81
128
46
125
39
56
59
13
40
8
5
452
23
116
47
18
41
48
52
57
46
21
32
241
98
48
75
44
34
30
28
29
493
170
83
44
53
107
121
63
64
55
54
40
57
101
31
29
23
84
1623
53
72
34
40
112
61
40
47
56
51
28
794
1139
66
48
368
74
23
29
33
229
83
216
49
33
114
35
27
60
67
39
51
17
25
83
27
13
27
116
122
27
48
14
35
46
44
31
27
80
25
41
120
59
922
21
50
47
31
70
33
17
1598
396
692
151
102
31
21
75
30
50
62
43
34
41
91
19
28
41
45
30
26
1
188
60
35
134
33
32
89
29
1
27
790
656
334
381
123
154
120
53
16
64
89
48
85
117
51
35
59
86
32
72
19
14
110
173
623
66
95
31
30
26
39
28
469
118
115
43
41
32
37
27
34
13
32
8
63
85
49
62
219
79
425
43
19
61
63
50
20
43
43
53
1
49
50
134
67
27
375
113
18
96
54
109
114
89
36
23
30
33
62
47
59
23
55
59
35
94
34
25
19
15
33
410
40
39
73
37
92
53
32
29
74
18
42
332
397
100
115
110
70
113
235
230
125
101
25
34
23
39
30
6
483
44
254
1306
44
48
101
54
232
56
74
57
135
58
46
23
49
21
31
46
19
26
1
49
36
57
20
46
49
48
48
12
122
256
33
40
331
24
32
30
20
2
595
420
784
171
435
41
71
79
30
26
43
79
19
41
36
45
56
30
45
59
24
34
89
35
32
69
111
102
37
38
45
60
40
33
27
220
65
100
23
110
41
93
44
42
35
20
35
21
638
36
38
105
69
24
61
38
20
11
44
18
39
1
61
173
124
47
86
64
35
60
33
37
22
34
38
34
1
195
44
465
23
43
89
228
288
40
55
31
63
51
71
92
27
19
31
33
22
281
37
172
57
44
46
40
46
87
20
31
40
31
19
53
24
31
67
24
42
51
23
30
39
36
38
25
10
35
79
50
31
32
47
36
130
24
23
1
411
132
767
203
83
63
83
60
26
1339
31
438
25
69
33
60
29
49
80
7
63
448
1430
33
67
412
63
144
38
34
42
336
214
85
64
55
37
31
30
57
16
27
56
34
44
105
367
37
19
74
55
23
55
28
33
94
61
89
45
24
58
27
309
38
82
380
119
251
33
35
56
31
23
34
81
46
53
37
43
27
53
1201
79
439
36
48
94
31
58
44
48
33
62
31
137
527
286
817
60
593
27
50
20
18
28
47
346
443
46
330
35
76
24
34
35
37
1911
162
45
82
241
54
41
21
108
164
36
49
50
28
28
27
37
10
30
24
895
110
30
217
49
103
22
62
27
26
36
39
38
26
47
120
367
41
41
91
24
205
34
51
109
70
141
30
53
56
22
27
27
15
1
101
80
38
46
60
31
27
31
29
145
73
45
39
45
25
25
32
55
35
21
227
51
50
37
146
223
35
30
37
86
42
4
103
28
26
98
122
52
37
56
71
44
25
40
17
42
485
807
607
54
197
510
27
56
80
227
55
75
44
35
53
97
49
63
31
81
50
75
30
44
33
44
28
31
47
35
37
38
120
36
29
35
31
39
32
22
1135
609
37
376
37
98
80
150
39
37
41
33
47
42
23
51
50
51
50
27
16
64
593
757
307
131
159
35
33
45
20
28
34
24
1
25
37
32
48
49
63
30
31
78
43
55
77
33
32
1
758
254
39
329
52
76
1321
42
132
57
33
296
54
33
79
38
18
22
70
61
47
927
291
34
34
13
37
44
47
31
97
17
26
25
656
36
62
100
37
35
22
41
17
3
24
87
40
36
38
34
48
411
1012
51
74
48
852
110
153
37
29
43
58
113
37
29
268
1886
147
91
39
35
61
54
27
31
43
50
28
41
30
20
23
85
194
103
22
27
28
31
20
30
18
14
23
13
172
29
34
74
39
27
27
26
31
8
1
55
77
77
58
66
67
35
40
17
29
2704
108
216
21
21
99
72
147
68
101
71
46
33
88
24
55
25
24
26
26
3
32
38
28
52
173
30
54
37
32
36
63
21
1
1
179
68
121
78
205
50
30
24
35
33
45
29
39
41
32
32
20
138
78
39
292
33
33
73
31
44
14
26
12
25
19
1
2602
154
93
121
39
29
32
27
21
261
34
677
63
44
48
40
246
43
32
103
48
33
49
48
107
36
19
1
128
130
51
25
268
24
22
35
43
50
20
37
40
26
21
19
85
28
47
83
47
41
62
28
34
47
17
33
349
29
102
22
277
34
50
22
38
67
45
25
31
123
44
50
81
35
20
7
40
179
265
50
43
98
35
91
54
15
39
27
37
39
62
117
25
322
144
26
51
36
38
39
93
89
44
26
68
35
54
32
128
26
83
91
71
29
31
44
45
114
39
26
38
40
22
23
1
1
81
59
33
148
1151
301
192
40
49
90
54
140
38
108
63
367
32
29
119
76
22
132
53
34
24
34
20
38
1784
399
33
325
41
105
40
127
56
64
324
46
187
26
54
95
53
50
48
44
63
26
43
18
87
95
67
99
34
101
33
31
36
102
215
193
40
50
214
135
123
23
38
27
38
19
24
37
52
54
28
58
44
37
114
42
21
45
25
66
49
25
49
47
41
27
11
2
31
106
122
37
283
151
60
23
51
73
54
40
27
22
20
2
1
89
384
96
34
35
86
43
89
29
62
50
48
72
38
28
18
15
22
16
15
282
168
96
41
53
261
26
47
40
32
56
627
62
38
28
26
1
143
142
63
89
33
29
126
43
54
32
41
35
1185
299
248
175
592
30
309
38
58
44
37
30
33
19
49
45
36
36
30
484
1319
65
33
112
30
43
28
19
230
39
58
737
95
38
32
52
212
286
71
71
40
57
55
39
71
32
35
89
32
35
35
1
228
84
52
151
25
76
113
68
36
58
21
37
48
32
48
20
31
26
23
1
593
956
545
86
74
172
106
77
42
44
29
49
29
22
276
183
254
36
53
18
34
49
25
18
19
1
79
70
82
32
35
37
28
41
23
3
2
207
29
26
139
48
258
295
51
149
142
23
28
21
54
22
31
95
37
34
24
913
57
660
116
405
72
326
66
136
156
31
102
109
39
48
45
47
1451
36
658
66
564
82
71
59
23
38
53
69
34
24
56
19
18
27
84
30
53
50
153
26
93
23
32
18
25
17
400
40
115
194
787
56
34
55
554
47
169
77
35
204
44
48
1
56
44
242
183
35
59
212
51
37
68
44
29
73
545
702
79
41
52
182
62
158
29
17
556
305
91
62
29
83
36
71
50
37
11
34
15
34
36
1
46
40
102
20
370
123
60
59
37
32
23
44
6
2
683
31
845
216
287
82
220
68
33
205
120
95
72
28
48
59
118
204
24
133
144
105
44
51
19
19
21
46
409
126
2346
43
46
127
28
94
84
97
105
32
27
102
43
68
246
63
234
28
110
18
84
33
47
27
22
38
43
14
5
21
3
23
75
32
28
168
44
144
40
39
53
26
33
33
24
851
109
49
65
68
36
40
100
20
32
43
26
67
51
36
35
236
60
33
168
34
19
30
30
45
75
84
31
372
128
389
27
59
43
93
19
30
63
63
41
55
36
27
1
73
185
16
276
43
159
87
27
41
71
13
19
41
35
104
82
195
147
104
35
33
29
23
31
32
719
54
53
15
184
33
36
26
98
44
63
40
27
58
35
78
35
105
47
33
48
39
250
74
24
49
91
31
25
21
30
24
48
107
122
54
39
38
26
28
26
22
73
138
37
73
19
53
1
18
33
43
49
39
40
156
99
47
121
90
23
49
26
162
51
52
66
54
55
32
39
136
36
206
97
43
97
31
119
28
24
22
4
1
23
230
90
55
96
63
14
30
20
37
76
95
142
92
86
17
31
45
35
32
4
48
38
59
791
582
64
84
43
80
41
44
31
73
482
440
51
168
34
87
79
33
130
344
23
155
418
29
464
84
94
87
72
28
228
51
64
26
35
30
23
27
311
62
29
144
148
39
51
22
72
47
24
68
35
20
20
19
24
74
76
1638
192
817
409
156
22
162
599
39
87
62
55
34
55
37
363
29
48
48
55
20
28
32
217
267
79
280
40
15
33
27
96
89
33
34
86
45
55
19
19
48
45
22
34
20
75
43
80
72
25
148
60
236
96
20
142
32
53
45
29
27
28
38
42
39
45
529
40
31
32
52
58
90
34
258
35
46
51
27
14
25
16
521
1662
144
48
53
68
62
27
34
51
99
25
42
73
44
253
57
275
72
73
35
53
33
33
17
20
35
37
43
24
38
30
29
22
20
19
29
39
27
196
42
88
22
29
77
19
17
33
88
755
118
51
46
38
97
30
31
33
13
25
210
47
115
211
112
23
32
77
100
41
64
84
41
44
32
49
11
1
3
197
41
162
287
107
39
15
64
133
9
37
1
173
32
203
40
25
60
25
228
78
132
42
43
26
26
21
19
56
4
44
1
317
43
34
281
114
67
69
57
215
45
35
26
84
41
44
115
24
79
35
29
27
12
934
76
225
165
55
326
228
199
326
52
165
101
48
45
48
70
19
26
38
1
39
50
50
54
25
10
1633
120
1063
259
415
60
87
169
146
41
57
57
48
47
31
22
166
536
137
418
39
43
49
29
22
20
44
69
32
33
17
65
39
31
29
43
43
18
48
67
31
33
41
18
1
886
109
246
510
535
42
266
22
58
26
30
31
23
17
694
1393
111
118
46
52
182
64
34
264
32
108
173
45
60
78
65
47
48
31
45
25
311
42
28
30
27
128
22
45
58
52
667
104
617
76
260
84
123
97
38
80
57
51
32
272
216
535
32
36
61
48
247
74
46
59
45
17
11
29
152
97
34
36
40
20
45
18
2832
104
59
32
47
21
71
146
29
24
25
40
16
460
77
240
133
23
89
51
315
38
31
88
18
28
26
849
44
854
318
910
44
367
70
93
97
176
31
26
51
66
109
89
77
44
28
113
54
95
25
26
136
35
50
20
41
23
23
2625
120
43
41
33
42
26
65
22
26
15
34
962
46
121
141
40
49
77
32
102
36
18
1
26
73
142
41
39
38
25
320
194
109
44
82
46
41
30
20
32
18
34
2226
43
14
67
98
414
45
30
86
42
49
37
55
15
25
25
31
24
72
161
23
34
66
28
27
522
59
35
44
46
50
64
26
90
38
37
22
16
110
116
716
52
38
84
84
100
85
61
66
38
37
19
39
162
391
993
466
108
36
122
76
79
94
26
46
46
41
56
78
43
75
18
19
19
58
118
158
92
119
30
35
63
21
73
45
28
57
16
28
96
113
184
50
75
25
42
39
18
3
24
89
1227
748
83
115
50
246
140
32
33
21
48
42
242
116
84
26
99
57
31
92
49
43
227
1026
175
70
27
92
23
98
62
149
34
34
28
29
735
73
372
28
78
70
135
44
53
45
135
67
28
31
26
87
42
1
29
175
260
74
77
65
35
36
317
25
197
32
78
29
52
44
15
29
745
2002
150
257
157
37
100
52
102
46
45
26
120
48
29
30
32
37
42
1
516
115
451
46
56
120
55
36
30
25
23
43
31
41
31
534
225
638
782
117
374
51
57
91
329
253
846
35
33
90
95
121
39
97
25
28
3
34
1
19
265
40
225
63
67
71
34
25
40
24
159
2675
115
49
60
34
26
18
15
47
35
34
31
32
14
1
1
788
101
63
209
789
71
474
296
104
57
50
86
259
28
34
287
60
56
20
15
34
26
49
1
51
210
32
28
107
23
67
82
62
61
103
57
29
40
1
1404
1084
478
63
31
60
31
89
139
71
56
100
79
315
29
18
79
37
25
2214
47
171
275
117
62
190
59
57
24
57
40
33
87
43
121
70
32
72
78
321
94
39
22
62
37
148
289
45
158
48
57
100
26
89
29
30
93
28
29
1
28
369
239
134
38
172
76
54
67
49
86
125
109
17
19
61
31
112
142
33
34
10
49
97
30
21
24
1
110
422
22
76
175
311
41
20
181
45
101
44
52
72
24
27
729
173
436
1515
96
192
140
311
58
285
37
150
47
27
133
122
47
57
25
70
21
86
28
40
30
28
29
43
24
36
117
100
85
65
42
90
34
273
42
35
35
46
28
39
42
30
1
1
594
187
73
32
34
43
46
30
17
67
42
95
97
65
44
168
134
16
580
19
228
82
43
35
94
91
71
40
27
85
138
31
31
85
33
77
45
14
27
26
22
37
27
174
136
165
54
80
30
63
45
35
21
1223
49
87
31
25
28
31
73
32
112
31
25
33
97
69
29
71
22
195
53
165
126
171
53
58
28
49
37
33
38
40
36
23
24
20
6
221
165
38
37
53
27
32
19
32
12
30
38
29
30
1
116
28
596
7
43
41
27
44
130
18
35
21
39
858
313
608
40
162
36
43
18
1
110
201
718
37
31
49
32
324
114
74
414
35
79
60
33
53
12
63
105
29
121
104
38
20
35
20
31
46
30
35
41
34
2096
118
85
130
724
76
72
50
104
132
55
34
125
41
122
61
41
42
38
18
36
32
1
48
40
70
213
64
51
78
57
75
110
94
32
17
26
2
142
85
64
65
44
39
31
16
18
2
219
107
41
47
299
41
48
92
30
40
20
59
21
41
64
1
1758
707
7
169
197
53
34
25
45
35
37
37
41
27
38
42
26
30
51
313
352
26
31
110
223
23
57
23
6
51
156
24
34
34
45
35
9
34
30
31
78
73
380
30
115
94
36
22
51
57
373
54
349
115
131
34
100
247
36
138
50
28
14
51
35
29
28
568
420
44
47
99
138
189
164
76
29
205
185
31
43
123
31
18
16
34
180
223
54
36
112
100
25
17
45
19
53
36
83
92
52
31
20
35
2
1
81
23
1376
104
43
128
17
22
2
59
347
488
55
151
60
31
42
42
23
27
29
20
69
45
108
57
74
54
32
471
60
157
29
52
33
35
36
26
34
23
22
664
1511
36
84
20
39
38
87
37
26
32
33
42
31
88
61
29
17
22
26
47
154
708
228
44
28
25
28
18
71
53
26
113
43
50
49
389
59
19
36
106
35
30
23
32
17
25
41
30
18
1
56
154
264
114
31
77
21
22
62
32
27
1
106
20
130
28
793
186
35
162
35
50
42
34
21
1453
166
170
37
64
33
30
29
32
629
42
43
29
112
75
13
34
61
23
29
170
67
49
32
79
36
67
32
69
56
35
55
43
58
1
1
1738
119
112
159
32
49
31
40
37
60
158
28
33
28
35
37
1
593
38
25
128
111
99
43
57
47
12
9
2329
157
57
93
28
325
180
35
36
44
91
27
60
46
26
25
1
106
32
42
85
56
110
92
45
32
43
38
525
336
13
32
29
49
23
56
265
140
42
115
20
34
95
44
35
27
30
41
33
18
72
106
468
180
24
45
63
81
31
84
16
656
145
28
22
1
34
36
51
65
38
71
25
19
29
71
21
29
44
126
23
17
57
44
26
26
98
41
50
55
32
64
42
43
55
122
56
40
94
60
21
318
672
157
337
245
150
61
99
47
43
75
128
179
300
69
60
46
61
33
33
25
30
1
188
92
83
249
55
48
163
30
28
44
76
22
40
18
31
353
25
130
35
21
85
1
25
41
30
28
19
45
24
115
27
214
259
88
468
346
160
28
197
73
195
52
36
45
89
29
32
49
29
27
22
22
36
48
51
38
75
32
23
97
34
153
88
51
25
48
35
26
137
97
30
43
360
40
37
56
38
25
14
129
40
22
31
53
42
24
172
68
461
37
106
69
20
116
82
52
37
36
44
29
35
97
405
488
148
85
32
48
62
41
32
33
12
34
63
69
41
35
31
57
36
43
55
38
30
815
197
28
35
38
27
261
53
66
42
59
46
108
42
34
157
49
38
136
79
142
53
18
29
29
27
27
2508
190
250
49
20
64
45
40
83
27
23
19
16
26
23
1976
179
40
200
32
51
45
35
56
23
1
125
128
457
42
179
209
30
146
44
44
39
92
35
36
44
45
28
28
19
1280
441
34
37
70
93
18
23
123
41
89
42
37
281
477
409
90
59
64
124
277
47
119
114
35
87
20
31
33
38
149
50
92
26
30
40
21
68
59
597
100
48
43
19
62
75
40
56
51
20
2125
218
36
365
71
28
817
276
27
53
65
59
37
23
35
71
27
306
47
42
45
22
38
25
32
35
27
44
463
779
65
40
27
167
32
108
81
24
32
60
41
47
42
37
26
18
58
215
125
123
52
35
48
46
34
25
35
48
111
64
32
44
63
49
72
22
134
115
24
28
40
74
48
15
314
90
135
1612
283
167
36
30
97
188
54
149
74
33
90
48
46
29
32
4
168
457
119
201
40
20
23
24
84
58
41
64
41
34
21
22
32
1
225
204
193
58
12
75
32
38
2
136
113
33
94
20
31
246
80
30
55
23
61
33
32
281
39
125
166
162
35
62
63
50
31
41
64
60
48
35
48
24
1
224
517
51
81
218
51
345
68
50
364
216
294
34
34
46
45
43
31
24
230
47
60
82
161
35
44
31
64
12
66
34
27
82
258
81
29
50
286
117
91
94
49
23
163
33
34
4
32
25
26
1454
19
102
979
918
45
58
62
54
44
117
29
40
65
77
59
42
30
45
41
44
50
33
107
142
547
703
757
32
309
58
35
25
54
99
71
61
25
59
27
44
36
73
59
33
2
1
88
158
333
276
51
51
28
32
17
2
713
1795
97
479
29
38
378
18
58
129
22
83
85
26
32
82
19
35
42
21
84
70
62
23
46
46
45
351
117
31
27
15
20
65
48
1084
20
57
47
44
34
21
18
88
87
24
39
30
71
24
14
548
73
70
29
34
48
149
34
40
35
105
35
34
40
32
24
42
26
24
14
367
82
29
268
38
63
63
40
22
18
1
1429
174
279
53
107
93
31
15
40
38
24
1934
36
207
20
79
114
50
24
59
175
151
88
31
80
39
71
18
21
93
93
92
397
256
43
55
83
36
58
34
39
25
38
34
40
1161
1659
79
49
27
29
57
29
29
22
57
465
25
30
49
34
61
57
28
34
270
284
186
158
73
94
24
33
61
17
17
1104
585
1561
403
27
54
40
65
117
39
132
55
69
60
28
81
27
34
23
1
303
1057
343
37
30
40
499
40
20
50
30
22
37
31
37
51
52
34
18
39
47
233
52
82
45
36
88
102
145
221
27
27
24
57
30
17
752
41
135
64
301
76
57
32
74
49
129
85
32
75
184
122
35
62
42
64
32
42
37
29
29
34
23
40
43
28
461
92
38
240
240
290
104
19
65
39
57
90
43
36
86
106
42
30
27
28
104
48
21
20
162
97
62
33
19
35
39
1853
636
42
47
41
72
23
36
40
28
28
25
45
43
28
20
603
91
271
29
33
33
67
23
25
56
356
33
389
45
36
116
99
42
31
35
80
44
46
40
43
21
31
16
27
27
17
2
1
116
759
53
256
39
338
91
24
26
199
36
45
35
84
39
38
29
162
189
107
48
36
36
42
26
1
3
411
59
51
890
41
34
45
55
41
29
27
41
82
72
152
55
110
210
44
47
28
47
32
22
60
43
35
19
1
72
397
71
1850
586
87
43
444
160
649
61
44
28
45
78
29
25
1
1
266
127
96
40
91
26
563
30
712
75
31
98
33
54
24
101
33
19
33
31
1
1
121
110
43
19
47
91
170
188
83
38
31
31
71
18
71
18
33
22
35
40
51
27
55
93
20
87
67
16
23
32
1
156
56
49
108
271
114
70
32
51
41
51
20
1
70
35
23
31
192
107
53
154
158
141
72
22
44
2
24
1
1
522
1195
1777
86
23
44
21
33
42
30
48
71
35
26
190
134
33
39
40
82
34
352
253
282
49
42
91
66
28
37
28
736
633
1651
365
247
273
101
193
40
26
25
27
26
109
128
134
23
168
140
77
58
96
70
136
21
28
16
72
139
64
32
30
224
60
48
105
45
27
41
30
36
69
18
32
122
157
1062
508
111
197
162
126
106
51
286
84
324
168
37
33
37
29
31
115
45
27
36
31
1332
71
30
21
40
1
142
63
59
63
32
35
81
27
31
18
1
1
1401
37
385
403
458
118
21
74
57
217
91
28
58
34
74
66
57
49
30
47
26
103
60
244
309
60
35
43
26
61
33
19
103
52
30
37
20
317
144
139
62
85
56
19
19
1
16
145
512
195
27
39
24
43
2
1
59
71
162
68
49
47
80
31
37
101
42
278
61
29
24
50
18
81
75
58
63
45
24
53
30
122
105
41
21
37
70
38
32
27
1
38
603
178
36
31
48
90
35
205
47
35
83
35
74
25
82
22
47
33
169
51
52
38
19
39
25
24
33
23
24
24
35
53
256
42
36
174
82
102
34
37
39
25
1
28
340
724
39
26
82
30
43
40
41
27
36
32
41
15
89
720
845
50
36
69
41
63
16
50
45
65
27
28
2
23
109
102
262
77
28
262
23
49
41
31
29
130
39
75
55
21
46
24
36
41
101
245
204
41
140
56
41
24
243
238
60
27
43
91
43
51
40
53
44
77
56
38
51
120
74
1343
43
17
145
35
36
22
43
1
27
41
36
74
35
43
60
50
116
58
164
91
172
58
44
45
71
39
33
2
32
31
129
70
80
67
115
67
36
24
30
46
12
27
46
48
35
37
41
59
29
41
44
29
218
372
39
49
29
28
58
60
24
39
1
91
69
181
400
108
48
77
29
37
34
3
28
15
17
