6017
312
229
277
259
279
6890
251
232
6938
434
1
6187
357
604
225
155
4823
295
1208
475
417
6671
181
300
219
2
6776
128
167
301
1
6591
207
244
178
153
247
6919
207
5068
137
1430
738
1546
599
711
1443
1897
600
217
148
212
244
6556
187
385
1
6853
175
193
151
1
5572
171
511
189
204
535
190
1
460
2142
2785
241
275
700
295
271
204
3579
2279
295
723
194
303
4088
763
141
590
716
670
405
7373
2481
1566
1090
1088
833
189
126
6071
386
398
225
293
5605
315
1037
239
177
6210
234
530
130
123
146
2592
1541
1916
164
181
532
111
336
578
5834
303
276
279
100
1
2
2934
2088
1671
295
205
180
6381
522
154
316
6712
401
260
1693
781
487
3469
206
240
497
3614
1111
240
465
235
224
419
328
110
184
259
184
4403
674
239
814
253
274
518
198
6288
576
356
153
6658
370
345
2352
2160
2335
218
179
129
6963
213
197
4905
192
1543
287
445
1
5021
1635
145
142
215
215
6038
191
239
195
208
309
192
1
4309
556
1195
693
293
155
172
6501
261
325
139
147
6986
387
7004
167
202
6581
792
6340
163
116
478
276
6349
196
205
296
125
202
4407
738
647
645
164
315
457
3692
701
249
175
1317
196
138
618
286
1
222
2903
250
526
2142
579
603
148
282
5708
793
506
84
5888
1485
5443
1178
186
380
186
4887
576
1126
382
187
215
2885
1869
981
322
237
148
123
194
262
352
5849
473
203
244
343
142
119
6711
494
168
548
6156
182
138
169
180
6269
773
331
6522
672
179
5177
401
523
738
204
189
141
5684
135
939
292
323
1048
3836
790
200
777
71
322
178
151
4391
1629
838
129
179
207
1496
3793
1103
509
268
204
508
4517
956
508
210
487
187
4285
514
2030
544
1327
2970
718
1183
801
205
169
299
6382
376
316
2516
1941
2585
201
130
3382
1360
1695
408
283
245
3401
3288
179
205
300
3077
4094
202
4710
1824
839
192
6538
231
154
258
6783
201
187
202
821
2462
963
1316
397
917
497
941
784
3192
151
1253
173
318
333
98
130
6698
177
244
254
1137
5982
124
130
7149
224
2003
287
4372
711
7103
270
6186
100
367
366
151
203
4684
827
1236
298
94
234
6237
539
146
257
194
5468
241
150
491
687
139
197
315
723
608
122
2068
1121
788
194
324
138
364
276
163
168
1
6450
581
201
141
4864
952
447
210
312
171
164
253
6452
743
178
3727
298
2021
496
140
201
490
6396
628
249
100
6804
407
162
1373
5391
246
164
199
2506
2190
916
154
262
550
148
149
339
158
1
377
5051
869
157
496
271
152
4819
2554
2374
2005
1987
573
215
219
4871
709
905
152
571
164
1
2911
1569
1423
475
677
318
2530
1859
753
396
459
230
732
259
154
1
5438
158
865
564
237
111
5997
922
183
121
150
7082
169
122
7005
212
156
5993
958
157
264
1
4290
2100
630
353
738
3645
1101
1889
6772
601
578
4121
458
1526
339
351
6406
527
290
150
4744
153
1057
289
576
332
222
7373
817
1684
270
1296
266
250
244
868
783
447
182
183
83
6084
193
468
231
198
199
1322
1977
3413
163
181
172
145
3961
2775
473
162
1
1
5466
691
144
507
320
245
4796
553
1300
229
236
121
138
3298
1610
1235
161
255
137
479
198
6729
484
160
3552
2594
869
358
922
259
518
887
3431
207
298
148
196
161
126
220
4331
1101
347
1296
298
6950
265
158
4007
2835
324
205
2
3197
2731
549
173
190
533
3494
350
808
1973
239
354
155
6004
636
115
444
173
1
1150
564
3393
782
331
797
243
113
657
1486
4503
383
207
137
7002
97
273
1
6286
1087
2634
798
2925
479
293
244
962
5789
132
176
137
177
1223
4012
161
1010
448
206
202
111
6534
211
247
380
1
2490
4883
5820
622
172
204
163
163
113
116
171
7000
202
5347
835
432
196
563
6328
522
139
384
3968
2818
208
232
147
2101
364
606
399
1133
1198
245
936
390
1
3591
2729
214
747
91
1
5458
148
486
461
702
118
151
5949
368
496
284
125
4529
949
195
348
567
313
188
284
4813
907
370
212
743
185
143
3346
3631
281
115
5738
551
448
186
281
169
1020
2786
138
1250
1246
244
502
187
2934
2035
1191
248
615
166
183
1
6734
479
160
6681
229
207
112
76
68
6584
495
195
99
6911
461
1
2846
545
279
255
3065
152
79
152
5381
820
486
312
278
96
5554
1181
311
186
141
1087
4042
1387
857
1888
2264
232
1059
284
262
197
201
200
301
485
398
573
3121
161
1881
700
214
114
211
915
5556
341
387
174
4699
512
177
226
384
874
329
171
1
3549
2450
479
288
141
228
238
6416
618
174
165
6107
885
149
232
5875
489
562
447
395
388
6016
448
126
3984
2482
600
117
190
5740
208
272
140
158
170
685
212
4549
2392
220
181
3891
1365
422
214
608
492
200
938
3375
1605
664
431
223
137
3310
2746
572
194
266
285
2532
2571
891
235
119
212
270
331
151
61
6979
187
207
5822
1330
221
4168
175
1039
620
201
264
296
313
296
1
203
3147
1688
202
449
550
439
281
256
158
7373
6384
410
159
219
201
5260
558
691
615
248
1
4203
1324
224
800
212
447
163
4751
1154
1111
251
105
1
941
120
3581
757
1609
260
105
3950
1230
268
196
805
655
269
6486
457
231
199
6481
499
235
158
7373
6500
311
172
390
705
4269
1989
155
255
859
1853
3759
137
287
65
286
127
372
181
303
5794
385
338
4912
300
664
278
141
417
95
566
1186
3654
1035
440
96
509
210
243
1746
2536
565
1322
661
243
300
6006
199
276
660
232
4725
259
406
526
516
328
108
255
250
2511
3748
190
769
155
6550
346
163
314
6103
286
432
386
164
2
2364
3944
612
311
142
6982
248
143
6275
1039
59
6273
375
521
204
3882
917
826
332
642
237
111
222
204
4578
784
236
755
1020
2767
3949
268
170
219
2509
522
3642
209
204
174
113
3599
1393
972
144
226
142
224
179
267
227
3241
763
1030
287
1601
199
252
1918
2047
671
398
348
1392
285
190
124
7206
167
6478
179
292
234
190
936
4962
364
92
784
235
5207
287
648
448
388
395
6290
400
195
263
225
4304
2139
573
357
1705
4301
480
175
239
228
138
107
193
3962
149
1392
265
749
226
254
183
6553
268
552
689
4736
1188
359
259
142
722
6456
195
7373
6417
303
237
135
281
7254
119
2491
2120
511
439
276
475
427
207
256
171
2865
1539
232
2079
522
136
6866
506
1
6594
639
140
6476
142
211
544
6126
205
837
205
6786
420
167
5050
1043
876
269
135
7373
961
1347
466
1983
237
1930
141
235
73
6023
166
323
385
134
342
5124
2090
159
6529
218
194
432
516
1578
3265
606
246
189
440
533
1938
3414
228
1100
297
196
200
6941
201
231
7033
340
5122
840
283
112
293
306
297
120
1821
1423
2163
242
270
394
721
149
190
5145
170
922
369
213
345
209
725
2355
3210
163
201
180
415
124
5871
1502
2792
2108
301
297
206
624
225
234
456
129
1
7086
287
6822
270
114
167
4450
565
153
1861
342
2
213
5034
391
308
693
201
533
4789
1305
669
610
3707
1369
188
201
551
287
275
794
1
892
4939
579
203
428
173
159
5474
1102
336
461
5874
1299
199
1
2738
3628
304
128
376
199
496
5281
182
236
555
270
177
176
6152
359
159
137
186
273
107
5890
767
212
291
213
2848
2496
561
298
890
103
177
5732
890
265
251
235
6444
201
377
176
175
7373
5744
965
165
499
6842
244
287
224
6411
738
6248
941
184
6926
189
258
6276
678
419
606
5698
287
544
95
142
1
7174
199
6967
246
160
6965
137
271
5500
618
157
423
507
168
6844
529
5385
608
234
136
148
393
249
220
6688
392
182
111
5743
338
705
439
148
4076
149
345
262
222
303
209
291
882
164
209
261
4789
1175
1092
317
5754
814
230
156
417
2
2417
4082
250
624
3185
1422
1268
764
261
145
147
181
6767
215
391
4059
1119
569
406
284
141
291
184
320
6394
186
534
259
1936
319
352
2887
243
1184
123
329
2829
1287
318
1244
1085
196
146
129
139
6350
683
164
176
120
6068
176
285
317
224
182
1
3926
149
451
211
422
484
692
170
557
131
180
5210
511
589
401
301
219
142
5650
177
873
146
411
116
267
5295
1261
138
412
1284
5475
190
207
217
272
701
3632
589
874
170
118
288
175
344
210
212
5811
615
222
513
6934
152
287
3911
689
465
824
252
875
189
168
576
4058
472
201
188
616
269
190
516
149
138
3857
590
763
525
210
444
524
211
249
2866
1612
2136
98
266
204
191
1667
175
1924
2614
251
125
234
186
197
259
4633
1087
460
230
155
127
422
6303
354
96
298
103
218
1
5606
1252
370
145
3507
192
1782
1772
120
551
6204
448
170
1738
2467
1138
174
958
350
178
253
117
6332
881
160
7070
303
6467
522
274
110
234
1319
1347
330
243
692
1407
115
498
300
735
153
6459
209
275
80
350
3851
214
617
968
497
830
223
173
6019
382
334
506
132
144
6108
232
492
223
174
6595
186
592
5022
416
1370
190
151
224
4091
515
2347
313
106
1
6964
238
171
4193
256
492
1414
132
168
175
287
198
58
4842
721
216
978
189
107
132
188
6163
506
704
4395
685
1993
114
186
4672
1895
573
233
4783
185
597
267
909
266
366
6686
217
157
113
200
1237
5759
141
236
1547
364
3766
703
349
243
95
190
116
961
266
2262
164
1886
308
712
195
121
419
79
6364
706
303
372
5013
1368
150
470
499
5692
157
386
639
6534
839
514
3234
1599
341
470
386
221
167
216
225
7102
271
4097
998
324
1954
6358
194
187
189
280
164
1
5842
143
672
333
383
1956
4652
585
180
5699
1215
228
231
4293
1052
777
480
599
172
2672
1810
1075
232
400
264
263
295
81
281
7095
278
1694
4595
672
110
152
150
7373
6923
313
137
6410
351
168
163
119
162
6675
267
151
280
5899
724
262
291
197
5873
794
527
179
3027
306
3633
199
208
6087
272
196
205
262
125
226
1237
4304
785
582
157
308
5885
292
229
341
480
146
6259
221
499
127
267
7127
246
5990
92
1169
122
7284
88
1
490
4587
1260
433
376
227
4610
1229
1125
181
228
5369
1314
129
273
286
2
6904
219
121
129
276
3744
2076
450
343
126
205
153
6209
119
505
200
192
148
6972
401
7164
209
5852
516
1005
3324
327
180
1852
541
655
144
212
138
5324
576
578
613
135
147
5828
542
258
205
176
133
231
285
719
498
721
1584
2927
226
235
178
5458
1012
322
323
258
681
252
3188
2179
240
515
318
4776
303
702
1592
6967
195
211
6479
738
156
5950
497
328
153
234
211
7096
277
6107
163
220
184
441
105
153
1485
978
1005
167
1269
853
409
145
230
572
260
515
1417
2649
693
316
241
256
319
572
192
203
3047
1036
1482
569
221
277
103
245
192
201
6550
408
415
4464
667
158
460
881
305
300
138
3005
3513
199
282
374
301
6215
150
223
264
219
1
1547
1845
2569
234
303
875
7373
6787
410
176
4945
500
600
600
218
196
136
178
433
3688
635
1882
380
355
4551
2144
539
139
5891
674
153
172
223
260
2645
4554
174
5059
1740
363
211
3382
3436
118
437
1536
2861
365
262
179
143
155
544
148
198
515
165
159
143
2727
2575
234
142
1268
427
4091
1698
251
605
149
140
293
146
7034
157
182
6602
340
251
178
2
6993
380
7208
165
7373
6098
704
323
248
5396
385
613
979
7266
107
7153
220
5473
156
479
493
772
6730
156
264
223
2875
116
938
1392
492
251
475
176
176
313
169
7373
5377
193
228
387
174
133
250
224
103
304
6410
375
410
178
5811
159
102
1017
284
5063
194
277
1403
153
139
144
6363
433
577
6568
547
152
106
5661
1019
174
158
218
140
1
1
1
5966
457
194
186
229
96
245
6394
191
487
301
6457
261
203
219
233
6541
367
465
7064
309
5566
232
149
952
127
97
250
495
5237
1529
112
3319
242
2672
320
220
425
175
526
4260
203
339
303
277
61
225
137
116
467
220
239
854
981
1415
2485
522
582
301
233
2140
2221
1086
1209
177
329
211
6341
200
710
122
4538
426
1315
963
131
171
1255
1962
2042
822
417
245
236
223
7249
123
1
505
4362
1138
456
230
245
437
348
4853
955
444
263
234
159
117
5964
267
469
146
235
292
1386
2327
462
218
159
2106
269
445
1
6430
198
745
1313
649
2434
154
534
1753
302
234
217
2683
2275
1069
454
264
184
227
4023
1142
272
1289
202
215
230
3451
1859
269
372
760
503
159
250
4534
119
245
235
172
184
1094
370
170
7373
6409
350
238
376
4603
407
1044
283
401
492
143
711
851
392
3544
313
224
512
345
216
265
6483
230
128
239
293
5243
1432
698
6096
810
314
153
6597
106
133
216
163
158
6903
197
272
1
4884
267
312
462
213
122
685
268
159
1
824
2505
557
1640
494
618
144
353
238
6610
250
210
303
5819
364
192
185
519
294
6470
359
379
165
471
804
2371
215
341
3169
2
4779
2070
128
164
107
124
1
972
433
1418
706
1935
925
239
327
189
83
146
1813
3221
1651
273
118
297
5136
1979
258
950
540
1658
211
3331
441
242
4636
1256
487
367
321
306
6105
653
288
327
6741
164
175
293
555
490
1772
1307
494
514
400
167
711
423
169
166
205
5956
1056
78
283
6927
322
124
4276
193
230
202
1014
178
113
1167
6282
459
632
741
4061
618
323
320
211
329
298
472
2309
3607
1071
386
1532
5367
225
248
1
5969
935
311
157
1
1483
5555
124
93
118
5974
207
211
199
495
148
139
5081
213
345
272
487
309
154
512
4648
1193
282
650
351
100
149
6253
329
660
131
3497
640
139
576
254
901
318
175
585
288
4900
512
304
386
458
271
181
135
226
7240
133
5312
1949
112
4568
2538
139
128
1981
205
1485
2122
596
290
214
289
191
6196
474
538
165
340
5850
150
335
131
136
107
208
116
2142
487
3724
473
371
176
3515
1978
1195
402
204
79
3148
4225
4059
2543
771
4854
467
364
206
596
453
165
266
1
1
1394
1286
1478
395
779
663
276
196
206
130
264
100
204
1
1
5175
1202
464
343
189
6762
397
214
6920
202
251
6510
337
281
245
6551
215
186
130
289
2
7176
197
461
2383
916
2975
448
190
7373
7373
6702
412
259
392
4338
1656
234
76
227
220
230
6277
793
303
5970
1166
117
120
6561
282
125
404
1
4121
1145
313
788
191
170
290
179
176
3675
2219
584
188
236
117
251
103
594
373
211
1630
1919
196
1275
177
626
192
180
6368
153
405
217
230
6361
514
165
333
836
251
694
1509
493
662
271
786
261
148
553
111
256
157
159
226
6951
422
184
962
6227
2972
711
172
845
1363
266
166
276
509
93
203
6601
173
171
225
6403
970
7252
121
7255
118
2093
318
3155
1305
191
311
1620
431
132
231
185
534
1744
1482
121
361
186
158
188
4261
548
807
358
170
568
661
5997
334
238
185
393
226
5518
299
550
839
167
2628
1861
2565
127
192
3353
763
1337
1164
251
207
139
159
244
4451
111
1202
779
255
331
4216
2177
611
369
223
4334
676
139
165
1358
114
109
131
124
4927
744
239
157
245
168
105
464
187
137
5607
211
412
287
389
226
130
108
3
1331
5395
249
398
3093
1448
171
557
1499
184
420
1
3477
1417
591
264
494
787
342
1
7142
82
148
1
5235
357
703
294
225
319
240
7373
7082
175
116
156
4458
1270
232
218
260
388
192
199
6458
154
192
569
4634
1331
368
271
434
335
5442
210
443
1034
243
1
650
3477
211
1248
431
862
249
245
222
3779
2355
521
282
119
95
7026
347
2367
3162
1163
681
5540
1172
189
340
132
6409
318
328
318
177
4129
635
445
369
243
249
364
155
125
79
260
143
7373
5848
1097
285
143
368
601
189
2432
367
858
196
1003
205
688
298
168
6382
276
527
188
4341
2653
209
170
2404
354
4183
432
3570
2829
246
261
234
233
562
6124
321
172
194
7373
679
3291
1871
462
199
396
475
306
4226
288
1290
198
136
332
252
122
223
1317
2052
191
2542
1026
245
1318
5353
181
188
144
189
211
609
3108
2477
521
282
165
5886
1331
156
3307
1733
828
204
212
229
207
415
238
2801
1230
1461
1308
157
216
200
7062
311
231
4682
1044
157
160
251
342
261
93
152
5977
201
243
238
154
258
301
1
5387
275
103
507
440
139
157
247
118
2173
2581
530
419
936
254
410
70
317
3633
373
2328
540
182
1334
5185
261
188
182
223
7199
174
6040
301
234
424
148
226
429
5986
294
349
313
2
1073
520
623
562
785
206
3022
471
111
487
5345
909
246
213
173
6867
505
1
2368
202
2008
2237
196
224
138
6720
533
120
5642
771
270
376
148
166
6320
188
472
251
142
352
6008
186
207
291
329
5131
364
146
246
193
146
608
185
164
190
7002
371
7373
3598
260
326
230
1098
143
206
189
455
517
351
4871
490
1487
288
237
6098
138
185
526
426
6285
169
377
326
216
5959
174
577
461
202
5220
137
355
578
179
510
393
1
6247
218
211
192
504
1
927
217
3330
502
200
651
456
387
369
126
208
7130
243
3590
627
468
470
758
598
393
165
239
65
1512
388
5239
233
1
848
1445
593
2762
705
579
441
5373
221
170
364
266
304
184
170
155
166
6107
399
157
426
284
4136
1270
389
750
336
354
138
443
5607
257
196
161
555
154
5017
243
966
1147
5107
1496
132
374
264
951
1152
443
1511
2334
146
402
226
207
1
6947
426
3619
242
1508
359
1130
128
298
86
2
1
673
6374
145
181
6735
496
142
7373
184
237
2214
209
786
2633
704
239
167
321
4678
794
335
525
176
221
201
122
6166
909
298
6602
525
246
5186
420
222
754
242
318
231
6409
748
215
1
7373
4248
340
1280
490
556
238
221
4018
154
1976
443
202
192
387
1
6737
539
97
6162
1211
7193
179
1
863
411
1078
4068
319
190
222
222
842
5751
631
149
722
245
5763
499
144
554
6188
199
158
274
4254
1007
237
1287
232
244
112
2562
4811
5020
414
281
148
486
154
255
402
213
6860
167
179
167
6265
796
311
1
2665
1765
448
633
611
164
360
118
174
189
243
3
7072
151
150
387
5528
128
540
569
221
340
6081
248
390
312
1
1
310
4095
2578
238
152
6717
156
401
99
5586
91
1229
116
182
169
5195
1629
549
1009
3847
1466
313
284
454
6261
437
330
167
178
337
588
445
682
3669
268
832
308
109
135
4684
812
213
366
1140
158
7174
199
7233
140
4920
392
858
397
291
249
265
1
6772
230
271
99
1
2797
896
1503
1851
179
147
7206
167
899
6331
142
1
5340
1409
624
5941
738
162
187
142
203
5366
1281
271
455
3117
2076
782
161
180
198
510
347
1
1
6963
410
7373
6417
262
184
176
334
195
4313
754
389
224
715
152
480
151
7236
137
1368
4824
611
290
98
182
4314
517
241
996
298
307
419
281
1417
754
3859
153
240
297
346
209
98
2284
1851
1796
587
207
119
199
169
161
4444
165
1312
187
856
258
151
4199
2109
296
209
368
192
3572
213
378
1406
244
324
123
502
207
404
587
593
814
501
1457
136
777
244
249
192
599
174
413
156
200
281
1905
2688
1577
247
244
363
128
221
7373
3877
1746
232
323
587
297
310
1
458
6505
203
207
6260
435
252
160
99
167
6878
495
5229
310
331
1172
168
163
6449
525
233
166
5297
268
374
1320
114
234
6891
248
5721
884
252
330
185
1
7223
150
6781
328
116
148
284
621
2795
1565
1275
441
154
238
5122
1764
302
185
570
1851
2178
563
633
697
689
192
2906
338
1175
226
909
166
481
551
203
250
168
1800
4771
142
160
500
400
4382
314
396
244
399
276
177
162
205
322
96
4925
616
222
151
166
155
729
194
215
7099
274
1667
3967
541
271
287
177
218
245
6592
373
235
173
1904
2589
143
372
1933
144
125
163
878
408
154
215
3229
1984
174
143
188
1938
4737
593
105
6300
873
200
6915
237
220
1
4294
503
2044
532
1807
3224
751
1168
175
248
6422
573
139
238
1
6767
176
283
147
6939
161
273
3111
3752
367
143
6818
268
143
144
757
673
903
1134
559
1248
1233
148
206
330
181
1
888
3004
697
1179
743
208
245
276
132
1
112
5391
280
395
191
301
299
226
178
6984
216
173
5170
1589
85
178
351
695
4203
307
708
315
173
257
290
188
237
940
3112
828
672
538
209
466
247
361
5540
828
182
724
99
408
259
1432
1380
632
1279
612
179
558
415
219
3509
2794
929
141
2774
1872
701
551
273
721
381
100
6849
345
179
4448
381
1709
327
248
121
139
4757
544
212
534
1062
264
318
6647
408
899
990
3470
197
192
332
249
787
257
692
201
2433
384
287
1002
275
301
992
232
289
285
3220
2521
892
137
432
171
6225
153
198
208
324
144
121
2071
4202
691
211
198
6500
287
407
179
7220
153
2467
3759
565
126
219
109
128
722
3340
2564
469
126
152
687
1793
1809
2219
294
120
183
268
6207
1002
160
4
3502
282
1146
580
467
273
148
768
207
6703
453
217
3236
1947
318
686
526
372
288
4953
314
925
387
149
207
179
131
128
3161
518
805
1417
279
278
384
339
192
5239
232
327
785
554
236
230
951
5049
721
179
243
414
1154
259
3700
276
980
154
259
177
4154
1073
202
180
506
195
188
328
240
307
381
6992
5581
508
1120
164
7061
202
110
6293
193
390
154
114
229
2023
425
242
1723
1413
624
192
731
5970
342
598
463
4542
507
462
217
771
246
207
238
183
6300
186
621
266
1407
4493
215
197
497
136
164
264
6120
706
374
173
6494
544
335
7185
188
249
6653
145
149
177
6271
82
225
795
829
4611
1178
402
150
203
7026
195
152
2811
3682
545
159
176
5502
280
666
197
728
6252
259
497
183
182
419
5162
896
585
128
183
5620
485
960
308
4524
2317
410
122
836
6537
5787
457
464
429
236
6455
289
469
160
5575
227
192
337
788
143
111
6792
295
286
6223
268
379
211
126
166
360
5534
1361
118
594
605
5673
188
173
140
6119
252
198
191
424
187
1
1
5422
1174
295
253
229
6681
129
292
167
104
7022
351
6588
785
2631
3491
750
501
733
2510
254
243
3251
382
5514
181
387
227
164
285
615
5343
911
187
225
315
392
664
359
1160
1054
146
1957
256
270
182
182
615
321
206
1
274
2195
1417
1092
865
184
87
233
535
270
221
6420
331
326
296
6153
480
107
258
254
121
6294
345
259
278
195
1
1
389
2761
4067
156
491
1488
138
1207
96
488
198
1301
616
200
279
380
202
289
4796
839
153
864
721
7373
6906
317
150
7225
148
1541
3396
550
289
332
520
165
269
311
6493
215
196
469
1393
5690
161
129
6992
380
1
5735
187
882
412
157
1111
1867
893
426
1986
239
509
177
165
2075
696
548
203
165
413
451
937
246
691
294
148
387
119
909
5910
399
155
7372
1
1252
3467
550
1133
221
270
159
160
161
1835
3992
219
491
338
151
145
202
7253
120
5690
124
517
255
209
194
383
1
6572
239
562
7187
185
1
550
1230
3814
244
884
505
146
7210
163
321
6390
257
143
147
114
1
4728
1235
278
855
277
4349
680
185
1071
93
309
348
218
120
1432
2046
3507
156
232
5888
423
146
751
165
1149
991
4384
218
245
221
165
1345
1551
4161
143
173
2986
276
2082
980
435
333
281
2121
206
4433
287
135
190
1
5732
403
1238
3655
199
729
445
1112
224
208
216
93
207
143
142
2134
517
3656
102
361
252
351
3161
158
3035
224
197
430
168
6829
233
155
156
7373
154
1290
4030
411
1230
258
185
7004
184
2835
1095
208
2231
489
382
133
5582
233
408
269
227
180
135
202
136
1
6634
631
108
439
6034
187
230
144
121
97
120
1
4622
143
414
213
301
1357
130
193
6557
281
310
225
3353
152
297
240
834
1073
364
174
183
169
188
188
158
6518
530
325
2747
1364
1583
171
504
261
506
237
6588
190
595
6294
824
255
6631
89
108
205
226
114
333
2344
3125
835
362
162
212
156
6690
527
5561
190
224
542
301
360
195
902
771
3342
1255
536
278
154
132
3
6303
154
345
235
174
162
842
1684
487
1693
1382
871
321
93
293
4848
904
389
224
337
261
117
5173
1224
221
112
362
281
5728
890
637
118
5726
143
711
408
385
5119
396
649
435
330
262
182
197
5670
201
987
318
4477
2225
357
133
181
3112
553
297
1336
856
205
335
196
157
195
131
469
1557
4660
258
429
1996
2625
231
438
1494
589
4151
1681
318
352
607
264
6990
165
218
7003
192
178
4688
2182
296
207
2765
1469
568
619
964
148
270
170
400
664
3435
688
1142
419
184
841
4596
800
947
192
330
315
193
3712
3175
324
162
2590
251
412
1223
905
181
998
327
229
257
440
948
548
236
1310
2428
217
691
423
132
6137
271
433
314
218
5801
508
104
755
205
2759
624
1822
219
738
576
120
193
182
140
6012
570
186
605
6358
749
266
6088
361
199
598
127
5585
746
299
437
167
139
166
345
5139
170
389
243
774
147
675
4689
148
593
840
227
200
1
999
4806
1079
373
116
292
5660
167
624
630
6307
294
246
263
137
126
6399
637
112
224
1
2291
2692
292
1350
301
209
238
4546
1808
342
258
231
187
1
5211
535
1122
287
217
1
3590
3227
263
292
1
387
1721
4306
156
251
552
518
4652
710
211
978
152
152
6582
330
113
348
5518
363
209
138
206
143
188
209
180
219
3451
3063
859
5374
347
674
203
643
132
5495
246
276
801
92
251
212
196
5500
970
313
254
140
3568
818
833
1777
200
177
6644
534
195
614
4444
220
944
313
202
159
195
282
841
4196
1033
192
243
626
242
6369
528
342
134
5777
1319
277
5075
779
515
299
165
118
177
243
2
2200
4927
246
6702
157
317
197
5320
257
139
214
306
156
826
155
5546
399
448
190
514
276
947
297
327
3287
388
422
247
306
202
634
171
145
6719
479
175
4388
1367
262
360
434
239
323
6257
566
414
136
5959
227
168
347
456
214
2
941
5526
504
198
204
3721
208
1658
397
498
282
144
267
198
158
1021
3205
780
479
1022
254
165
196
93
5172
1441
550
208
2
4423
2122
828
7280
93
5271
1379
172
225
183
143
5486
1392
376
117
2
408
4676
842
153
788
307
198
1
5622
234
740
336
282
159
393
5153
313
109
340
213
280
250
146
176
1821
1835
275
2028
1096
150
168
7049
152
172
6635
234
504
6794
579
6336
293
522
222
5585
625
148
187
229
180
289
130
238
6385
258
185
307
5502
325
837
212
295
202
410
860
137
219
2225
1540
387
813
599
183
853
1933
796
470
312
809
1169
464
161
406
5828
598
302
388
257
4525
295
728
440
166
460
114
145
295
205
7173
200
5489
326
924
307
327
6765
239
170
198
1
4857
585
1931
2316
247
166
195
1975
540
748
338
291
280
277
2066
3177
1938
192
6398
156
227
182
138
271
1
5897
1009
341
126
7271
102
2607
1751
278
1143
959
396
239
332
201
5513
233
687
245
162
671
345
2675
2450
433
427
118
254
6827
158
233
155
6330
225
175
357
286
6488
146
188
410
141
2715
2350
1501
528
279
7138
235
7108
198
67
493
3158
536
1312
225
439
275
357
486
92
5502
942
783
146
5703
193
1056
160
261
4872
758
587
203
349
177
270
157
3269
2667
988
185
192
72
5993
614
298
262
206
6872
227
166
108
5285
537
124
825
227
240
135
5825
1191
357
1148
3710
1207
121
230
450
252
255
3280
654
3036
233
169
1
7095
278
7171
202
6278
262
833
6842
157
238
136
6883
490
439
5391
137
249
390
157
610
297
2626
3560
310
144
187
249
6067
199
365
159
109
166
127
180
1
5404
1384
583
2
3037
4200
136
2522
2178
653
499
611
183
316
178
231
2
3120
732
850
770
672
196
154
318
561
230
6375
424
344
3214
2307
578
267
565
238
204
6185
403
161
281
343
5967
290
417
124
322
253
5143
1097
113
156
543
148
173
2580
1989
2268
330
206
7170
203
5052
1288
372
146
380
135
3036
998
814
528
175
1186
254
239
143
518
2949
2834
122
293
217
249
191
5612
1294
467
388
561
2495
1688
917
276
1
311
455
281
5894
210
615
342
181
131
5009
236
1150
265
357
266
89
1
6762
236
209
166
6636
200
183
163
191
3971
2118
210
476
459
139
1227
2582
425
2578
169
165
227
1628
94
113
169
1566
2929
179
265
196
234
5354
486
181
720
501
130
1
2178
85
586
543
1378
532
960
368
413
188
142
5741
558
428
337
309
7173
200
984
5378
290
246
474
1
6535
312
526
