4638
3309
3140
4807
3947
4000
3552
2293
2102
4663
3284
7947
4985
2962
3916
4031
5057
2890
7947
4993
2954
4899
3048
4298
1889
1760
3540
4407
3020
4927
5811
2136
4318
3629
4723
3224
4500
3447
5069
2878
4539
3408
3161
4786
2656
3595
1696
7947
1703
2638
3606
4098
3849
7947
3879
4068
3743
2597
1607
4760
3187
4366
3581
5413
2534
5164
2783
4547
3400
7947
4041
3906
2904
5043
3876
4071
4926
3021
3649
4298
4780
3167
4577
3370
7947
4013
3934
7947
5315
2632
4640
3307
3482
4465
3952
3995
7947
4767
3180
4456
3491
4615
3332
3665
2258
2024
4185
3762
4762
3185
4769
3178
4495
3451
1
3857
4090
4232
3715
2008
3078
2861
3892
4055
5484
2463
3462
2342
2143
5213
2734
4657
3290
4005
3942
7947
3978
3969
4830
3117
7947
4103
3844
5100
2847
5621
2326
4760
3187
4520
3427
4846
3101
4799
3148
4569
3378
7947
2297
4160
1490
3962
1885
2100
7947
3940
4007
4045
3902
3720
4227
4494
3453
7947
3532
4415
3463
4484
3345
2346
2256
3792
4155
3528
4419
3729
1970
2248
3890
4057
2175
2181
3591
3756
1713
2478
3760
4187
4688
3259
4870
3077
4147
3800
4264
3683
3839
4108
3094
4853
4137
3810
7947
7947
3453
4494
2187
3677
2083
4294
3653
3464
2037
2446
4906
3041
4901
3046
3223
2031
2693
4234
3713
2869
5078
3774
4173
4189
3758
7947
3600
4347
3774
4173
3767
4180
3656
4290
1
7947
2614
5333
4665
3282
5597
2350
1377
2371
4199
7947
7947
1809
2814
3324
4770
3177
7947
4013
3934
5158
2789
3264
4683
7947
3544
4403
3507
4440
3746
4201
4216
3731
4272
3675
4161
3786
3964
3983
2776
5171
4331
3616
3404
4543
3418
4529
3322
4625
4239
3708
5532
2415
4229
3718
4339
3608
4349
3598
4180
2846
921
3906
1868
2173
2781
5166
4890
3057
3149
1899
2899
5047
2900
3831
4116
2511
5436
4077
3870
4334
3613
3677
4270
4015
3932
7947
3653
4294
5249
2698
3358
4589
3195
4752
3544
4403
4523
3424
3080
4867
2687
5260
7947
7947
3690
4257
4123
3824
2828
2804
2315
4288
3659
3144
4803
1592
3713
2642
5455
2492
3487
4460
3658
4289
4157
3790
3768
4179
3961
3986
3491
4456
5998
1948
1
3926
4021
3207
4740
7947
3591
4356
3649
4298
3430
4517
3883
4064
4876
3071
3971
3976
4709
3238
3849
4098
3676
4271
5482
2465
4242
3705
4116
3831
3882
4065
3295
4652
7947
7947
3979
3968
4647
3300
2877
5070
4770
3177
2106
3188
2653
4377
3570
4181
3766
7947
3565
4382
7947
2890
5057
4562
3385
4519
3428
4465
3482
3509
2475
1963
4363
3584
5872
2075
3718
4229
4361
3586
7947
4350
3597
3287
4660
2109
3400
2438
3433
4514
4548
3399
3247
4700
4233
3714
3960
3987
3637
4310
3916
4031
7947
5554
2392
1
4251
3696
3692
4255
4386
3561
4586
3361
7947
7947
5131
2815
1
4114
3833
5659
2288
4351
3596
2532
5415
3580
4366
1
7947
4358
3589
7947
7947
1793
3013
3141
4149
3798
4200
3747
4789
3157
1
3696
4251
3053
4894
2635
1811
3501
4097
3850
3384
4563
3932
4015
1578
2807
3562
4569
3378
1466
4060
2421
4332
3615
4906
3041
3512
4435
2477
3865
1605
3941
4006
5029
2918
5143
2804
7947
3688
2965
1294
3478
2296
2173
3975
1856
2116
4701
3246
4592
3355
4525
3422
4568
3379
7947
3984
3963
3156
4791
4987
2960
7947
7947
7947
4186
1319
2442
4103
3844
4057
3890
3584
4363
7947
7947
4529
3418
3997
982
2968
1344
3845
2758
7947
7946
1
7947
4244
3703
4140
3807
7947
2194
3662
2091
2786
3064
2097
3908
4039
7947
3697
4250
3221
4726
3132
1345
3470
4862
3085
5115
2832
2632
5315
4001
3946
7947
3744
4203
3668
4279
4737
3210
3700
4247
2668
3353
1926
3717
4230
5741
2206
7947
3718
1467
2762
4687
3260
7947
3122
2298
2527
5308
2639
5866
2081
3459
4487
1
5104
2843
5210
2737
3681
2961
1305
5130
2817
2500
3117
2330
7947
4219
3728
3027
4920
4111
3836
3323
4624
4443
3504
4898
3049
3516
2237
2194
7947
5525
2422
1584
2731
3632
4999
2948
4323
3624
3108
4839
4822
3125
3844
4103
1890
3957
2100
5101
2846
3565
4382
3543
4404
3927
4020
2382
2487
3078
7946
1
3804
4143
2901
5046
3878
1773
2296
4986
2961
3905
4042
7947
4473
3474
2391
5556
4406
3541
4434
3513
3982
3965
5176
2771
4024
3923
4209
3738
3394
4552
1
3830
4117
7947
4746
3201
7947
3854
4093
2631
2234
3082
1805
3520
2622
4214
3733
5673
2274
3841
4106
3951
3996
4434
3513
7947
3783
2057
2107
2937
5010
2564
3493
1890
5151
2796
7947
3843
4104
5128
2819
4422
3525
7947
3798
4149
4181
3766
3201
2131
2614
1
3532
4415
4992
2953
2
3686
2900
1361
4048
3899
7947
4067
3878
2
4160
3787
2905
5042
1388
3113
3446
4532
3415
7947
2343
3757
1847
4470
3477
3035
4912
3308
4639
2111
2338
3498
3526
4421
3938
4009
4416
3531
7947
4136
3811
3442
4505
3872
4075
3770
4177
3024
4923
4626
3321
4073
3873
1
2250
3367
2330
5431
2516
3045
4902
3754
4193
4209
3738
4220
3727
7947
3134
4813
7947
4716
3231
7947
3162
4785
2819
2813
2315
1636
3973
2338
4065
3882
3618
2088
2241
7947
4751
3196
2901
5046
4804
3143
3958
3989
3195
4752
3556
4391
4953
2992
2
3836
4111
3757
4189
1
5020
2927
4289
3658
4603
3344
4337
3610
1960
3913
2074
2782
5165
3451
4496
4267
3680
4327
3620
4545
3402
4668
3279
4518
3429
4797
3150
4072
3875
3739
4208
7947
2618
3667
1662
7947
7947
2666
2379
2902
4240
3707
7947
1862
2479
3606
4088
3856
1
2
3540
4407
4055
3892
3808
4139
4759
3188
1959
3943
2045
3932
4015
7947
7947
7947
3126
4821
4294
3653
7947
3743
1752
2452
4054
3893
3909
4038
3743
2220
1984
4557
3390
3171
4776
2119
2292
3536
5423
2524
3834
2264
1849
2578
5369
5680
2267
4798
3149
5290
2657
4854
3093
3583
4364
2215
2994
2738
4570
3377
4209
3738
2916
2861
2170
2571
1554
3822
2415
5532
7947
5425
2522
3015
4931
1
7947
7947
7946
1
7947
5078
2869
3610
4337
4382
3565
3615
4330
2
3069
4878
4065
3882
5394
2553
4428
3519
5187
2760
5185
2762
5039
2908
4000
3947
2525
5422
3170
4777
4398
3549
3670
4277
4750
3197
7947
4015
3932
4164
3783
4349
3598
5069
2878
7947
3318
4629
3277
4670
4311
3636
4315
3632
3279
4668
4544
3403
3300
4647
4552
3395
5075
2872
4342
3605
4573
3374
3609
2736
1601
1
3702
4245
3772
4175
4428
3519
3790
4157
7947
3015
2650
2282
4767
3180
3812
2135
2000
3909
4038
3341
1468
3138
4993
2954
3241
4706
3515
4432
3582
4365
2561
3059
2327
3998
1198
2751
5549
2398
4431
3516
4407
3540
4346
3601
4218
3729
3820
4127
4650
3297
3346
4601
3739
4208
3591
4356
4352
3595
4568
3378
1
5180
2767
7947
3672
4275
3881
4066
4552
3395
3946
4001
3702
4245
4000
3947
3895
4052
7947
4532
3415
4359
3588
2740
2228
2979
3771
2748
1428
2945
5002
7947
4697
3250
4374
3573
4487
3460
3894
4053
3749
4198
4038
3909
3570
4377
5386
2561
2319
1901
3727
4324
3623
4304
3643
3634
4313
3313
4634
4454
3493
7947
4957
2990
3773
4174
1829
3822
2296
7946
1
4053
3894
4510
3437
4481
3466
4298
3649
4507
3440
4409
3538
5284
2663
3772
4175
3595
4352
7947
7947
4159
3785
3
4407
3540
4769
3178
3416
2413
2118
3238
4709
4844
3103
4778
3169
4067
3880
5342
2605
4340
3607
3572
4375
4404
3543
5055
2892
3333
4614
7947
4191
3755
1
3432
4515
7947
3728
4219
4774
3173
4087
3860
7947
2900
5047
3810
2351
1786
4057
3890
3965
3982
5680
2267
7947
7947
3635
4312
5293
2654
5277
2670
4335
3612
4805
3142
3531
4416
3077
1938
2932
4132
3815
3979
3968
4353
3594
5232
2715
4358
3589
5719
2228
7947
3983
3964
4406
3541
7947
5106
2841
3624
4322
1
7947
3437
4510
3677
4270
7947
4161
3786
3738
4209
3424
4523
1843
1931
4173
5366
2581
7947
7947
2899
5048
4688
3259
3157
4790
7947
4883
3064
4737
3210
3903
2202
1841
1
3697
4250
4688
3259
7947
3773
4174
3244
4703
7947
4198
3749
4238
3709
4325
3622
3657
3086
1204
4313
3634
2011
2458
3478
4528
3419
7947
2336
2337
3274
3792
4154
1
1904
3870
2173
7947
3644
4303
4312
3635
3598
2085
2264
3044
4903
7947
4152
3795
4605
1863
1479
4117
3830
3824
4123
5301
2646
2236
4070
1641
3399
4548
4101
3846
6002
1945
4360
3587
5251
2696
3889
4058
2481
3300
2166
5123
2824
7947
4111
3836
4908
3039
4404
3543
3306
4641
4369
3578
5184
2763
2967
2413
2567
7947
3494
4453
4431
3516
4668
3279
7947
7947
3430
4517
3767
4180
4106
3841
3812
4135
4751
3196
7947
7947
4856
3091
5425
2522
3162
4785
2486
3228
2233
2054
2682
3211
4293
3653
1
4053
3894
2617
3568
1762
5384
2563
4468
3479
3610
1951
2386
3551
4396
3862
4085
4350
3597
7947
3475
4472
4378
3569
4960
2987
3713
4234
4237
3710
5112
2835
2885
3210
1852
4398
3549
3557
4390
3877
4070
7947
3910
4037
3598
4349
2070
3212
2665
2682
3197
2068
3704
4243
7947
4321
3626
7947
3811
4136
3838
4109
3053
4894
3657
4290
4314
3633
4255
3692
7947
4871
3076
4444
3503
4526
3421
2597
5350
2673
3571
1703
3748
4199
5181
2766
3867
2475
1605
4252
3695
4029
3918
5195
2752
4156
3791
5273
2673
1
3780
4167
7947
7947
7947
2849
5098
3597
2317
2033
2121
5826
5117
2830
3420
4524
3
3346
4601
5076
2871
3756
4191
5129
2818
2824
2878
2245
3676
2125
2146
7947
4054
3893
3701
4246
4579
3368
4058
3889
4550
3397
1910
6037
4882
3065
7947
4396
3551
7947
4388
3559
4873
3074
4543
3404
5228
2719
3930
4017
2279
3511
2157
3141
2191
2615
7947
5237
2710
3374
4573
2491
2383
3073
4250
3697
4674
3273
1923
3103
2921
4714
3233
3946
4001
4496
3451
4909
3038
3826
4121
4136
3811
4084
3863
3047
4900
3742
4205
4042
3905
3749
4198
7947
3525
4422
7947
4179
3768
7947
3132
4815
4094
3853
4104
3843
3200
4747
3707
1643
2597
7947
4026
3921
4072
3875
3055
3320
1572
4179
3768
5611
2336
3505
4442
5427
2520
4643
3304
3965
3982
4425
3522
7947
3879
4068
5105
2842
4518
3429
1605
2417
3925
5429
2518
5049
2898
3795
4152
7947
2267
3740
1939
1
3168
1077
3702
7947
5724
2223
5570
2377
4283
3664
3845
4102
3889
4058
3840
1646
2461
3670
4277
4079
3868
2311
1963
3673
3380
4567
3455
4492
2175
3462
2310
5141
2806
3087
4860
4008
3939
3845
4102
3176
4771
4003
3944
3082
4865
4054
3893
7947
4207
3740
4571
3376
3153
4794
3601
4346
3585
1551
2811
7947
3152
4795
2713
5234
2733
5214
4501
3446
2807
5140
3345
4602
3310
4637
4790
3157
3964
3983
7947
4210
3737
7947
4275
3672
4588
3359
7947
4027
1778
2142
3041
4906
5193
2754
5397
2550
4679
3268
7947
3950
3997
3670
4277
3338
4609
3838
4109
4518
3429
4004
3943
4835
3112
7947
7947
3274
4673
3377
1406
3164
6043
1904
5045
2902
4528
3419
4173
3774
3091
4856
7947
7947
1929
3244
2774
4188
3759
7947
7947
4025
2325
1597
3843
2705
1398
1
4518
3429
4180
3767
3864
4083
4510
3437
3855
4092
4308
3639
2983
4964
3116
4831
5081
2866
3875
4072
5368
2579
2066
3918
1963
7947
4223
3724
1897
3937
2113
4512
3435
4653
3294
5605
2342
7947
4143
1208
2596
2293
2531
3123
4664
3283
4036
3911
1898
3915
2134
3107
4840
4088
3859
7947
7947
4884
3063
3994
3365
588
5130
2817
3707
1924
2315
1
7947
4948
2999
4929
3018
3442
1982
2523
4162
3785
4011
2233
1703
2923
5024
4301
3646
3594
2913
1440
2956
4991
5035
2912
2458
5489
7947
4941
3006
3931
4016
4294
3652
1
3380
4567
3002
4945
4219
3728
3845
4102
3945
4002
4279
3668
4242
3705
4026
2158
1763
1934
6013
4589
3358
1863
4292
1792
3665
4282
4537
3410
2901
5046
4467
3480
3541
4406
2568
2028
3351
5530
2417
5502
2445
3649
4298
4927
3020
7947
5235
2712
4910
3037
2624
5323
3646
4301
2252
2418
3277
4921
3026
4004
3943
4187
3760
4801
3146
3782
4165
4581
3366
3534
4413
4882
3065
5587
2360
7947
5852
2095
1981
3598
2368
7947
3090
4857
5265
2682
2846
5101
3253
4694
3932
4015
3373
4574
2616
5331
4157
3790
4756
3191
4783
3164
7947
7947
3464
4483
3226
4721
5635
2312
3123
4824
3202
4745
7947
3829
2668
1450
5411
2536
4291
3656
2650
2891
2406
4150
3797
7947
4152
3795
4495
3452
3762
4185
3899
4048
4500
3447
3319
1803
2825
4927
3020
4927
3020
4909
3038
4275
3672
3900
4047
7947
3772
4175
5889
2058
3744
4203
2796
5151
5278
2669
5069
2878
4700
3247
4069
3878
3828
4119
3740
4207
4432
3515
3488
1511
2948
3915
4032
4867
3080
4741
3206
4265
3682
7947
2219
3267
2461
3525
4422
4523
3424
2511
5436
7947
4668
3279
5205
2742
3761
4185
1
1684
1958
2367
1938
4461
3486
3263
4684
3963
3984
4632
3315
4100
3847
3309
1751
2887
3484
4463
5340
2607
4637
3310
7947
4227
3720
3506
4441
5216
2730
1
5124
2823
4451
3496
4057
3890
4073
3874
3252
3354
1340
1
1925
3296
2726
4204
3743
7947
2754
3913
1280
3903
4044
5582
2365
7947
4143
3804
3714
4233
3205
2871
1871
4631
3316
1962
3414
2571
5224
2723
3185
4762
3802
4144
1
3110
4837
4473
3474
4594
3352
1
3065
4882
7947
3695
1988
2264
4826
3121
3941
4006
5236
2711
2709
5238
4610
3337
3577
1477
2893
4391
3556
4216
3731
4420
3527
4327
3620
1823
3602
2522
4798
3149
3791
4156
3438
4509
7947
4526
3421
3026
4921
7947
7947
4020
3927
7946
1
1406
3938
2593
10
7947
4946
3001
7947
1799
2879
3269
2245
3890
1812
3797
4150
4344
3603
4942
3005
7947
4680
3267
3348
4599
2841
5106
2913
5034
7947
2310
3582
2055
4038
3909
3938
4009
5069
2878
4426
3521
2754
5193
3234
2454
2259
4732
3215
3852
4095
2554
3546
1847
4076
3871
3707
4240
4725
3222
4171
3776
4910
3037
2531
5416
3561
4386
4454
3493
4141
3806
3591
2666
1690
7947
1798
3663
2486
3545
1922
2479
1
3989
3958
7947
3730
2069
2148
5007
2940
4144
3803
4470
3477
4561
3386
7947
3030
4917
7947
4613
3334
3338
4609
3666
4281
4030
3917
2992
4955
4874
3073
3260
4687
2814
5133
3375
4572
3527
4420
4355
2481
1111
2004
3644
2299
7947
4170
3777
3548
4399
4467
3480
3770
4177
4967
2980
7947
2882
5065
2725
5222
5340
2607
1732
3442
2773
4715
3232
3857
4090
4238
3709
4055
3892
3900
4046
1
3196
4751
2977
4970
3450
4497
4411
3536
7947
2526
2515
2906
3972
3975
4641
3306
3519
4428
5090
2856
1
4380
3567
3128
4819
3515
4432
4726
3221
5327
2620
4427
3520
3882
4065
3644
2945
1356
2
4368
3579
3975
3972
4306
3641
3455
4492
3140
4807
2459
2059
3429
4711
3236
4686
3260
1
4046
3901
3215
4732
5751
2196
4754
3193
7947
3128
3767
1052
7947
3245
4702
7947
4711
3236
5077
2870
4067
3880
6516
1431
3724
4223
3520
4427
4952
2995
4699
3248
4099
3846
2
4203
3744
3737
4210
7947
3963
2126
1858
3477
4470
3854
4092
1
4466
3481
7947
4539
3408
5019
2928
3927
4020
4866
3081
3776
4170
1
4547
3400
4216
1963
1768
4198
3749
3335
4612
2976
1595
3376
7947
2680
3346
1921
3426
4521
4333
1787
1827
3511
4436
4133
3814
3453
4494
4218
3729
5478
2469
4709
3238
2065
5882
6129
1818
5052
2895
7947
1944
3143
2860
4523
3424
7947
3777
4170
3014
4933
3370
4577
3561
2973
1413
4291
3656
4743
3204
3635
4312
7947
2988
4959
7947
2503
3907
1537
4428
3518
1
2136
2637
3174
3808
4139
5063
2884
3924
4023
3193
4754
4640
3307
7947
3429
4518
3788
4159
2948
4999
2763
5184
4547
3400
2049
3595
2303
2816
5131
2733
5214
5613
2334
3644
4303
5036
2911
2320
5627
3860
4087
4888
3059
4457
3490
2114
2886
2947
3261
4686
4390
3557
3212
4735
4908
3039
4276
3671
7947
4412
3535
3954
3993
4233
3714
4651
3296
2523
3603
1821
4016
3931
3988
1760
2199
6123
1824
4244
3703
1452
2907
3588
4211
3736
2735
5212
3409
4538
3411
4536
2961
4986
4714
3233
1872
3739
2336
4898
3049
3603
4344
3643
4303
1
3719
4228
5395
2552
2817
5130
5536
2411
2117
3568
2262
3788
4159
3801
4146
3815
4132
3237
4710
3635
4312
7947
4821
3126
5234
2713
7947
2433
2646
2868
5337
2610
7947
4460
3487
2354
2134
3459
2015
1959
3973
3657
4290
3695
4252
3903
4044
3900
4047
4444
3503
3225
4722
7947
5049
2898
2633
5314
7947
4708
3239
3502
4445
1991
2534
3422
4569
3378
3677
4270
5173
2774
5306
2640
1
3996
3951
4593
3354
7947
5052
2894
1
3709
4238
5414
2533
4581
3366
3620
4327
2863
5084
3042
4905
5514
2433
4630
3317
5619
2328
7947
3243
4704
2422
5525
3475
4472
3337
4610
4259
3688
3313
4634
4758
3189
4043
3904
2538
5409
2252
3699
1996
3184
4763
3853
4094
4858
3089
3477
4469
1
3952
2330
1665
5273
2674
4330
3617
4079
3868
4092
3855
4244
3703
4802
3145
4516
3431
4508
3439
5124
2823
5416
2531
5335
2612
3808
4139
3874
4073
4106
3841
5581
2366
7947
4706
3241
7947
4498
3449
2887
5060
5516
2431
4578
3369
3123
4824
4262
3684
1
4628
3319
4641
3306
3747
4200
3729
4218
3864
4083
2877
5070
3270
4677
3289
4658
4945
3002
4068
3879
3367
4580
2592
1757
3598
3734
4213
6139
1808
4821
3126
2476
3108
2363
4295
3652
3963
3984
4964
2983
3845
4102
4140
3807
2529
2705
2713
4113
2234
1600
7947
2802
5145
7947
3747
4200
7947
3565
4382
4551
3396
4995
2952
3480
4467
3970
2212
1764
1
4306
3641
4387
3560
7947
3487
4460
4848
3099
4220
3727
3749
4198
4058
3889
7947
7947
4034
3913
7947
7947
7947
7947
3142
4805
3199
4748
4843
3104
1879
3346
2722
3306
1772
2869
2556
3395
1996
3788
1917
2242
4430
3517
7947
5150
2797
4170
3777
4413
3534
5217
2730
2471
2075
3401
2034
5913
3640
1375
2932
5184
2763
3585
4362
4025
3922
7947
2251
2581
3115
3990
3957
7947
4168
3779
4583
3364
4192
3755
5299
2648
7947
3662
4285
4049
3898
2135
5812
4864
3083
3510
4437
4749
3198
4396
3551
3095
4852
3015
4932
2690
5257
4478
3469
3590
2365
1992
3872
4075
3191
2444
2312
4621
3326
3970
3977
4190
3757
3403
4544
2351
3481
2115
5841
2106
4613
3334
3714
4233
2443
3633
1871
5180
2767
4140
3807
7947
7947
5689
2258
4247
3700
7947
3404
4543
4872
3074
1
4540
3407
7947
5044
2902
1
7947
3503
4444
7947
2879
5068
3791
4156
7947
3425
4522
7947
3523
2446
1978
7947
2779
3602
1566
5609
2338
3092
4855
5492
2455
3826
2275
1846
4093
3854
5926
2021
5081
2866
3777
4169
1
3057
4890
7947
4698
3249
1688
6259
2900
3318
1729
3589
4358
3442
4505
4461
3486
2286
3984
1677
3289
4658
4272
3675
2755
3825
1367
2518
3287
2142
4783
3164
3933
4014
5866
2081
4769
3178
3662
4285
3456
4491
2103
5844
5717
2230
7947
3886
4061
5051
2896
5023
2924
4431
3516
3871
4076
1870
4656
1421
4471
3476
7946
1
7947
4838
3109
3125
2831
1991
2183
5764
7947
1696
4242
2009
4429
3518
3379
4568
4186
3761
7947
3913
4034
3414
4533
4224
3722
1
4055
3892
3730
4217
4363
3584
3733
2552
1662
4443
3504
3707
4240
3792
4155
4329
3618
1989
2322
3636
3819
4128
7947
3770
4176
1
4422
3525
3867
4080
4080
1683
2184
3896
4051
7947
4019
1648
2280
7947
4022
3925
3831
1482
2634
2766
1624
3557
3068
4879
5239
2708
3274
4673
3665
4282
7947
7947
4206
3741
4889
3058
3859
4088
4137
3810
3945
2467
1535
2994
4953
4453
3494
3603
4344
5779
2168
5223
2724
4790
3157
7947
2873
3530
1544
7947
5070
2877
3947
4000
4534
3413
4423
3524
7947
4272
3675
3453
4494
7944
3
3577
4370
5295
2652
3094
4853
4704
3243
5159
2788
7947
4193
3754
2706
5241
7947
2456
3605
1886
5631
2316
4665
3282
7947
2052
3198
2697
5949
1998
4589
3358
3880
4067
3194
1822
2931
3597
4350
3636
4311
2410
1877
3660
2898
5049
2377
3814
1756
3548
4398
1
4020
3927
5366
2581
2564
3466
1917
2527
5420
3503
4444
3126
4821
3632
4315
3356
4591
4547
3400
4665
3282
3495
4452
4617
3330
3646
4301
4110
3837
7947
4571
3376
1876
2381
3690
3658
4289
4345
3602
4156
3791
3735
4212
3383
2627
1937
3247
4700
7947
3334
4613
3446
4501
7947
3316
2807
1824
3918
4029
7947
2289
1926
3732
4393
3554
3675
1811
2461
3257
4690
3934
4013
3488
1810
2649
4251
3696
2372
3231
2344
4529
3418
7947
3916
4031
2937
5010
3833
2436
1678
4092
3850
5
7947
4501
3446
4317
3630
4438
3509
3952
3995
7947
3359
1891
2697
4391
3556
4434
3513
4669
3278
2715
3325
1907
3921
4026
3927
4020
4204
3743
4684
3263
3383
4564
5090
2857
4554
3393
4134
3813
4574
3373
4013
3934
4040
3907
4045
2380
1522
4390
3557
1641
2104
4202
3755
1500
2692
4013
3934
4237
3710
3693
4254
7947
4659
3288
1951
2837
3159
1844
3809
2294
3625
4322
3609
4338
3192
4755
5115
2832
4038
3909
3442
2842
1663
7947
4114
3833
7947
4542
3405
3202
4745
7947
2706
5241
4436
3511
5296
2651
3812
4135
4502
3445
2497
3844
1606
3831
4116
4490
3457
5103
2844
5160
2787
3768
1512
2667
3830
4117
4125
3822
3460
4487
5366
2581
3257
4690
2344
3723
1880
3924
4023
7947
3343
4604
2144
2226
3577
4820
3127
3911
4036
7947
4960
2987
4091
3856
3017
4930
4466
3481
7947
3946
4001
2585
5362
4218
3729
3917
4030
3349
4598
5067
2880
2277
5670
3693
4254
7947
3265
4682
2768
5179
3657
4290
5036
2911
2021
3291
2635
4702
3245
3734
4213
4914
3033
5207
2740
3296
1750
2901
4767
3180
3494
4453
3495
4452
3340
1769
2838
4038
3909
3583
4364
3147
4800
7947
3767
4180
5090
2857
4191
3756
4639
3308
3828
4119
7947
4284
3663
3317
4630
1689
4192
2066
3876
2208
1863
3340
4607
2262
2152
3533
3254
2351
2342
3169
4778
5447
2500
1957
3082
2907
1
3378
4569
4873
3074
3758
4189
3197
4750
2937
5010
2737
5210
2376
3628
1943
7947
3903
4044
5717
2230
2382
2329
3236
4498
3449
4112
3835
4410
3537
3171
4776
4214
3733
7947
4750
3197
4024
3923
4130
1267
2550
7947
2699
5248
3138
4809
3262
1554
3131
4426
3521
3652
4295
4322
3625
3851
4096
3194
4753
4679
3268
4543
3404
5893
2054
4435
3512
3968
3979
3770
1724
2453
3588
4359
3659
4288
3708
4239
4447
3500
7947
5593
2354
2266
5681
4597
3350
3593
4354
7947
7947
2555
5392
4071
3875
1
7947
4583
3364
3589
4358
2126
5821
4357
3590
2796
5151
3879
4068
3808
4139
4557
3390
4263
3683
1
3235
4712
3571
4376
7947
4406
3541
2562
5385
5186
2761
6041
1906
4506
3441
7947
4322
3625
3038
4909
7947
2620
1759
3568
4192
3755
4028
3919
4683
3264
4341
3606
3894
4053
3804
4143
3250
4697
4390
3557
4318
3629
4011
1810
2126
3830
4117
3558
4389
7947
3392
4555
4889
3058
4268
3679
4014
3933
4327
3620
7947
5033
2914
2054
2989
2904
3710
4237
3150
4797
3990
3957
3408
2262
2277
3343
2951
1653
3562
4385
3451
4496
4073
3874
7947
4036
3909
2
4060
3887
3255
4692
4781
3166
5160
2787
3340
4607
1655
2474
3818
3196
4751
4754
3193
4610
3337
4626
3321
3225
4722
2578
5369
4820
3127
2019
5928
4078
3869
4999
2948
7947
2162
1836
3949
4029
3918
4246
3701
5513
2434
7947
7947
3163
4784
3752
4195
3261
2339
2347
2861
5086
4435
3512
3812
4135
4415
3532
2835
5112
3772
2686
1489
4030
3917
4610
3337
2873
2432
2642
4400
3547
3122
4825
4238
3707
2
3089
4858
2586
5361
5692
2255
7947
7947
3882
4065
3625
4322
4586
3361
4310
1537
2100
3709
4238
4166
1331
2450
2220
3712
2015
4243
3704
2825
3383
1739
4684
3263
3404
4543
1865
4176
1906
4465
3482
3644
4303
3705
4242
3439
4508
3630
4317
4372
3575
4534
3413
2532
2036
3379
5475
2472
5085
2862
3706
2039
2202
3825
4122
5796
2151
1356
3398
3193
4923
3024
2846
2737
2364
2955
4992
3960
1262
2725
4312
3635
7947
4790
3157
4443
3504
3539
4408
4472
3475
7947
4444
3503
2431
2775
2741
7947
7947
4112
3835
4408
3539
3799
4148
3400
1720
2827
4574
3373
7947
3907
4040
3803
4144
2134
3615
2198
3643
4304
7947
3215
4732
3401
4546
4293
3654
5788
2159
2617
3563
1767
4112
3835
2047
3474
2426
3998
3949
3208
4739
3414
4533
7947
4064
3883
5701
2245
1
3108
4839
7947
4468
3478
1
3212
4735
4351
3596
1923
3623
2401
4168
3779
5032
2915
3282
4665
5530
2417
3898
4049
4173
1808
1966
2149
5797
1
7947
3049
4898
2096
3655
2196
7947
2114
3614
2219
7947
7947
3286
4661
3798
4149
4163
3784
4657
3290
3275
4672
1815
2296
3836
4483
3464
3241
3945
761
3624
4323
7947
4258
3689
3489
4458
4969
2978
4989
2958
5571
2376
3902
4045
4332
3615
2473
3526
1947
1
4430
3517
2827
5120
4562
3385
7947
5016
2931
3836
4111
4206
1581
2160
5155
2792
2681
3061
2204
1
4368
3579
7947
4982
2965
3026
4921
7947
3232
2726
1988
1
3373
4574
3174
2944
1829
4493
3454
3493
2555
1899
7947
4328
3619
4329
1947
1671
3914
4033
7947
4945
3002
3325
2293
2329
5178
2769
2183
2673
3091
7947
4933
3014
3919
4028
3624
4323
5382
2565
4028
3919
3048
4899
3616
2739
1592
3723
4224
3195
4752
7947
4468
3479
2311
3783
1853
7947
4703
3244
4014
3933
3750
4197
2239
2007
3701
2018
3924
2005
7946
1
7947
3527
1612
2808
4445
3502
3970
3977
1940
3803
2204
3473
2224
2250
4942
3005
5034
2913
2347
3503
2097
4084
3863
3323
4624
3967
3980
7947
4273
3674
3404
3138
1405
2475
5472
5857
2090
7947
4957
2990
5149
2798
7947
2455
3385
2107
2337
1652
3958
3353
4594
4899
3048
5255
2692
2925
5022
4328
3619
3224
2748
1975
4620
3327
4491
3456
7947
7947
3014
4933
3031
4916
2275
3031
2641
4644
3303
3818
4129
4668
3279
3668
4279
3386
4561
4060
3887
3900
4047
3553
4393
1
3310
4637
7947
5157
2790
2803
5144
5919
2028
4470
3477
7947
2785
3609
1553
3673
4274
7947
4159
3788
2589
5358
5352
2595
5344
2603
7946
1
2613
3435
1899
4077
3870
2200
3919
1828
7947
1603
2677
3666
1
4292
3655
7947
3637
4310
3867
4080
7947
5725
2222
3542
4405
3049
4898
3926
4020
1
3084
4862
1
3995
3952
4671
3276
3433
4514
3487
4460
3292
4654
1
3746
4201
3992
3955
3846
4101
4912
3035
3129
2328
2490
2531
2420
2996
3174
4773
4878
3069
4379
3568
5321
2626
2970
4977
5054
2893
5644
2303
4657
3290
3981
1840
2126
4451
3496
7947
3024
2890
2033
3721
4226
4031
3916
4144
3803
3927
4020
7947
2423
3013
2511
3007
4940
3386
4561
4117
3830
4204
3743
3323
1897
2727
2137
3591
2219
3622
1984
2341
3202
3232
1513
5245
2702
4681
3265
1
7947
7947
4791
3156
3075
4872
3505
3322
1119
1
2967
2515
2465
2287
5660
7947
7947
4876
3071
3098
4849
7947
7947
4375
1674
1898
7947
4274
3673
3275
4672
7947
4326
3621
3881
4066
4942
3005
7947
5000
2947
2701
5246
3480
4467
3975
3971
1
7947
2296
1594
4057
3718
4229
3892
4055
3319
4628
7947
3876
2427
1644
3232
4715
4040
3907
3932
4015
4340
3607
7947
1227
3622
3098
4133
3814
4944
3003
4550
3397
2293
2132
3522
3690
4257
7947
4827
3120
3806
4141
4955
2992
3586
4361
7947
3738
4209
3038
4909
4609
3338
5023
2924
3971
3976
7947
2342
3757
1847
1
3856
4091
7947
4640
3307
4049
3898
3914
4033
1494
3321
3132
4292
3655
4113
3834
4586
3361
4031
3916
3802
1888
2257
5118
2829
4037
3910
4956
2991
4324
3623
7947
3020
4927
3649
4298
4311
3636
3399
1915
2633
7947
4237
3710
5055
2892
2172
3504
2271
3270
4677
4291
3656
7947
3906
4041
3749
4198
3988
3959
5703
2244
7947
3814
4133
4490
3457
4020
3927
4371
3576
3915
4032
3751
4196
3410
4537
1803
2197
3947
2204
3478
2265
2910
1771
3266
4188
3759
4570
3377
5386
2561
4093
3854
4361
3586
7947
7947
4775
3172
5364
2583
7947
3188
4759
7947
1185
3135
3627
3629
4318
7947
7947
7947
2559
5388
7947
2255
5692
7947
4108
3839
4799
3148
4029
3918
4081
3866
5803
2144
3465
4482
3999
3948
7947
4244
3703
3974
3973
4454
3493
7947
3895
4052
5534
2413
4690
3257
3791
4156
5199
2748
7947
4068
3879
4496
3451
4952
2995
7947
3527
4420
2583
5364
7947
2578
1532
3837
4830
3117
4845
3102
3203
4744
7947
4454
3493
4158
3788
1
3287
4660
3122
4825
3909
2043
1995
3197
4750
4069
3878
3343
4604
7947
3050
4897
2233
3674
2040
2071
2799
3077
7947
4727
3220
3651
4296
2819
5128
3342
4605
3936
4011
3520
4427
7947
4613
3334
4203
3744
2374
5573
4320
3627
4505
3442
3525
2050
2372
4683
3264
3744
4203
2455
4638
854
3402
2324
2221
3623
4324
2312
5635
4361
3586
5109
2838
3130
2812
2005
5632
2315
4680
3267
7946
1
7947
4308
3639
2721
1371
3855
5251
2696
5892
2055
3792
4155
4276
3671
4236
3711
7947
7947
3846
4101
3625
4322
3719
1862
2366
4161
3786
3195
4751
1
3829
4118
5129
2818
4549
3398
4674
3273
4898
3049
3570
2880
1497
2833
2805
2309
4069
3878
4300
3647
4700
3247
3357
4590
4497
3450
4469
3478
5347
2600
5032
2915
4056
3891
4435
3512
2960
4987
4540
3407
4206
2410
1331
2495
2425
3027
3338
2912
1697
7945
2
3765
4182
3962
2368
1617
7947
2113
5834
3481
4466
3043
4904
4054
3893
4865
3082
3962
3985
2978
4969
4752
3195
3928
4019
4701
3246
3050
4895
2
3956
3991
3568
4379
3571
4376
5567
2380
3831
4116
7947
4375
3570
2
4991
2956
5218
2729
4040
3907
4045
2118
1784
3898
4049
1722
2332
3893
3499
4448
4524
3423
2381
5566
4164
3783
3928
1920
2099
3505
4442
5148
2799
3221
4726
4883
3064
3311
4635
1
3523
4424
2234
5713
4559
3388
4708
3239
7947
2497
2428
3022
7947
4537
3410
4520
3426
1
4927
3020
4449
3498
3677
4270
4658
3289
7947
7947
7947
4756
3191
2948
4999
4382
3565
4754
3193
3689
4258
4635
3312
7947
4568
3379
4462
3485
1941
4133
1873
2695
3552
1700
3555
4392
3696
4251
2107
3790
2050
4624
3322
1
3715
4232
7947
4479
3468
3686
4261
3705
4242
5058
2889
4094
3853
2879
2697
2371
4213
3734
7947
3898
4049
4088
3859
3435
4512
4781
3166
3964
3983
4122
3825
3705
4242
4461
3486
3936
4011
4399
3548
4623
3324
4030
3917
4249
3698
3986
2581
1380
3773
4174
3740
4207
7947
4201
3746
4236
3711
7947
4100
3846
1
4813
3134
4314
3633
3744
4203
2664
5283
4640
3307
7947
3510
4436
1
7947
7947
7947
4148
3799
7947
5080
2867
4110
3837
4008
1838
2101
7947
7947
5020
2927
4425
3522
7947
3848
4099
5010
2937
4147
3800
2515
3280
2152
5195
2752
4674
3273
2900
3269
1778
3803
4144
7947
3643
4304
7947
3018
4929
3574
4372
1
3142
4805
4183
3764
7947
4975
2972
7947
3210
4737
2226
3917
1804
3532
4415
3922
4025
7947
3898
4049
2796
5151
7947
7947
3981
3966
7947
4078
3869
4670
3277
3780
4167
4380
3567
4331
3616
4971
2976
1984
3470
2493
4534
3413
2610
5337
4839
3108
5556
2391
4203
3744
4968
2979
7947
7947
3943
4004
3267
4680
3530
4417
3613
2307
2027
7947
3469
4478
4458
3489
3766
4181
3714
4233
1597
4024
2326
2978
4969
2435
1654
3858
7947
5124
2823
4241
3706
5193
2754
3669
4278
2674
5273
3005
4942
3966
3981
3919
4028
5724
2223
2463
5484
2577
5370
5508
2439
3160
4787
3858
2437
1652
4245
3702
5408
2539
3944
4003
4727
3220
3590
4357
4839
3108
4182
3765
7947
3434
4513
7947
4315
3632
2478
3028
2441
4585
3362
4932
3015
3861
4086
3723
4224
3743
1709
2495
4846
3101
3640
4307
7947
5295
2652
5071
2876
1782
2421
3744
4554
3393
4274
3673
7947
4426
3521
4956
2991
4794
3152
1
3436
4511
4926
3021
4553
3394
4388
3559
3663
4284
3999
3948
4862
3085
4083
3864
7947
5240
2707
5061
2886
4803
3144
1823
3043
3081
1808
3677
2462
4481
3466
4555
3392
4327
3620
4557
3390
4661
3286
3696
4251
3578
4369
1552
2791
3604
3821
4126
5558
2389
4131
3816
4266
3681
3723
1783
2441
2454
4046
1447
7947
3937
4010
4002
3945
2707
5240
5211
2736
4083
3864
4282
3665
3064
4883
3278
4669
2173
5774
7947
3608
2405
1934
4071
3876
4778
3169
3210
4737
3836
1670
2441
4032
3915
5442
2505
2387
5560
7947
7947
5074
2873
2778
5169
4518
3429
4670
3277
2123
5824
4050
3897
4498
3449
7947
4126
3821
4084
3863
7947
2415
2875
2657
3897
4050
3276
4671
3549
4398
4428
3519
4963
2984
7947
2767
5180
3509
4437
1
4417
3530
3434
2540
1973
4367
3580
4170
3777
4286
3661
3712
4235
4324
3623
3839
4108
4193
3754
3323
4624
3427
4520
4698
3249
2620
5327
2126
3878
1943
4658
3288
1
3066
4881
3615
4332
3743
4203
1
3538
4409
4396
3551
3578
4369
7947
3650
2237
2060
2788
5159
3310
2373
2263
1
2953
4994
7945
2
7947
4234
3713
1817
4107
2023
3039
4908
3092
2352
2503
3800
4147
3404
1348
3195
5135
2812
2861
5086
3837
4110
4147
3800
3782
2482
1683
3918
4029
4708
3239
7947
3980
3966
1
2458
1691
3798
3889
4058
4459
3488
3122
4825
2935
5012
4755
3192
2152
2237
3558
2417
3448
2082
4594
3353
4165
3782
3825
4122
4968
2979
4238
3709
1935
3967
2045
3169
2767
2011
4697
3250
5580
2367
4561
3386
3500
4446
1
3553
4393
1
4409
3538
3949
2093
1905
5500
2447
7947
3537
4410
2467
3559
1921
5657
2290
3814
2213
1920
3960
3987
3039
4908
4070
3875
2
3599
4348
7947
3790
4157
3756
4191
3366
4581
5056
2891
4700
3247
7947
3724
4223
4626
3321
3878
4069
2711
5236
4681
3266
3717
4230
4345
3602
5153
2794
4430
3517
7947
4245
3702
5380
2567
2123
3726
2098
3892
2622
1433
3478
4469
4384
3563
3661
4286
5257
2690
2252
1590
4105
3948
3999
5624
2323
2548
2299
3100
7947
4922
3025
3030
4917
7947
3078
2628
2241
4117
3830
3142
4805
3312
4635
3158
4789
3367
4580
4167
3780
2614
5333
4804
3143
4115
3832
7947
2569
5378
4653
3294
4224
3723
4430
3517
3846
4101
4781
3166
3857
4090
7947
4663
3284
3639
4308
3940
4007
4681
3266
3538
4409
1695
4105
2147
3565
4382
4157
3790
3860
4087
3868
2188
1891
4431
3516
7947
2511
5436
4305
3642
3055
4892
4311
3636
4091
3856
4096
3851
4409
3538
3904
4043
4274
3673
3251
4696
3731
1748
2468
7947
2675
2808
2464
2636
5311
4479
3468
1922
3848
2177
4520
3427
7947
3666
2268
2013
3271
2310
2366
4389
3558
7947
2648
5299
5027
2920
4254
3693
2082
3848
2017
1529
2625
3793
4179
3768
4847
3100
4644
3303
3826
4121
4505
3442
3060
4887
3512
2457
1978
3151
3029
1767
7947
7947
7947
4581
3365
1
4786
3161
4005
3942
2920
5027
3188
3113
1646
7947
7947
7947
4417
3530
1963
4164
1820
4769
3178
4441
3506
3869
4078
4616
3331
4979
2968
4415
3532
3480
4467
5392
2555
2785
3087
2075
1899
4056
1992
7946
1
4802
3145
5904
2043
2534
3612
1801
2490
5457
3173
2470
2304
2205
5742
4278
3669
1496
2326
4125
4249
3698
4787
3160
3489
2715
1743
5413
2534
2915
5032
5153
2794
3279
4668
7947
3666
4281
4175
3772
4521
3426
3696
4251
7947
7947
3735
4212
3281
4666
3688
4259
3844
4103
2888
5059
4339
3608
4328
3618
1
3407
4540
5643
2304
4899
3048
3762
4185
7947
4344
3603
7947
4817
3130
4370
3576
1
5173
2774
4888
3059
4252
3695
4031
3916
1483
2768
3696
3381
4566
4670
3277
4300
3647
7947
7947
4107
3840
4104
2017
1826
5333
2614
4833
3114
4882
3065
3457
3074
1416
5135
2812
3807
4140
4455
3492
2165
2363
3418
1
4242
3705
7947
3228
4719
4023
3924
3096
4851
4885
3062
3338
4609
4671
3276
5679
2268
4956
2991
4223
3724
4346
3601
3403
2172
2372
4248
3699
4246
3701
4262
3685
3780
4167
3594
4353
4049
3898
4420
3527
3139
2846
1962
3581
2163
2203
3535
2769
1643
3952
553
3442
4466
3481
4261
3686
3983
3964
2855
5092
5908
2039
3118
2485
2344
3548
4399
4296
3651
3087
1806
3054
3719
4228
3792
4155
3860
4087
4493
3454
4979
2968
3621
2540
1786
4006
3939
2
2209
5738
4270
3677
3548
4399
3042
4905
3862
4085
6335
1612
3611
4336
7947
4536
3411
4181
2102
1664
7947
4785
3162
2806
2588
2553
5389
2558
4193
3754
4071
3876
4697
3250
7947
7947
4347
3600
7947
3263
4683
1
4278
3668
1
2352
3407
2188
3647
4300
4377
3570
3233
4713
1
3861
4086
4840
3107
1469
2415
4063
5757
2190
4669
3278
1485
3770
2692
3371
4576
3944
4003
5100
2847
7947
4039
3908
4317
3630
7947
4067
3880
4214
3733
3681
4266
3243
4704
2227
2909
2811
3584
4363
3836
4111
4070
2050
1827
3825
4122
2639
5308
4368
3579
3549
4398
3697
2137
2113
3826
4121
4122
3825
4987
2960
3342
4605
4604
3343
4230
3717
7947
7947
4944
3003
4388
3559
4597
3350
2405
3993
1549
2873
5074
3962
3984
1
7947
2684
5263
7947
3477
4470
4336
3611
4357
3590
6115
1832
7947
4244
3703
4197
3750
7947
7947
7947
5003
2944
4568
3379
4927
3020
4487
3460
7947
7947
3114
4833
3615
4332
3095
4852
4180
3767
4436
3511
4004
3943
5499
2448
3991
3956
3583
4364
5458
2489
4504
3443
4000
3947
4346
3601
2954
2664
2329
4690
3257
7947
7947
7947
7947
5143
2804
3970
3977
4438
2462
1047
4436
3511
4799
3148
4562
3385
4637
3310
4596
3351
4552
3395
3222
4725
3820
2113
2014
1920
3479
2548
4324
3623
4601
3346
4090
3857
4378
3569
4225
3722
3239
4708
5393
2554
2104
3601
2242
4187
3760
2931
5016
4108
3839
1850
3911
2186
4364
3583
3388
4559
4577
3370
3852
4095
3795
4152
7947
5574
2373
5602
2345
3998
3949
4340
3607
5748
2199
7947
3180
4767
4014
3933
3381
4566
4272
3675
1717
2768
3462
4583
3364
7947
2246
3323
2378
3367
4580
3784
4163
2225
3890
1832
3821
4126
2608
5339
2947
5000
3335
4612
4323
3624
4784
3163
7947
4135
3812
3219
4728
7947
3924
4023
2978
2279
2690
3613
4334
4754
3193
2294
2014
3639
4969
2978
7947
5215
2732
3010
4937
3771
4176
3841
1962
2144
3612
2123
2212
2755
5192
3952
2301
1694
3304
4643
4741
3206
3197
4750
2299
2332
3316
4255
3692
4127
3820
4211
3736
4145
3802
4411
2168
1368
3465
4482
7947
3575
4372
5442
2505
2100
2561
3286
5129
2818
3953
3994
7947
7947
4725
3221
1
5113
2834
3935
4012
3653
4294
4134
3813
4457
3490
3347
4600
5140
2807
4174
3773
3518
2484
1945
5135
2812
4871
3076
7947
4077
3870
5861
2086
5748
2199
3960
3987
7947
5004
2943
2929
5018
3793
2221
1933
2488
3642
1817
7947
4406
3541
4256
3691
7947
3955
3992
4153
3794
4158
3789
7947
2124
2164
3659
3740
4207
1945
3892
2109
1
4217
3730
1366
4058
2523
3123
4824
4172
3775
4026
3921
7947
5438
2509
3888
4059
3490
4457
3123
4824
5081
2866
4981
2966
3658
1729
2560
4474
3473
7947
7947
3374
2671
1902
4820
3127
3547
1535
2865
4061
3886
5845
2102
4462
3485
7947
3553
4394
4177
3769
1
4691
3256
2669
5278
7947
5133
2814
3858
4089
5369
2578
7947
2966
4981
4096
3851
4423
3524
3949
3998
2704
5243
4401
2480
1066
4612
3335
5505
2442
5105
2842
4007
3940
3627
4320
4908
3039
7947
5037
2910
3315
4632
4194
3753
7947
7947
4186
2502
1259
5195
2752
4739
3208
4456
3491
5289
2658
1960
2223
3764
3344
4603
3180
4767
3461
4486
7947
4162
3785
5022
2925
7947
5248
2699
3135
4812
4597
3350
7947
4449
3498
3590
4357
4575
3372
3824
4123
3504
4443
5012
2935
4472
3475
7947
3730
4217
3637
1879
2431
3796
4150
1
2698
5248
1
4541
3406
7947
4101
3846
7947
7947
3591
4355
1
5273
2674
5419
2528
4280
3667
3544
2246
2157
4757
3190
4584
3363
3887
1562
2498
4122
3825
4162
3785
5710
2237
4111
3836
5641
2301
5
3823
4124
1456
3575
2916
7947
3711
4236
4240
3706
1
4624
3323
3517
1770
2660
3819
4128
4404
3543
2860
1594
3493
3029
4918
2985
4962
4026
3921
3532
4415
3776
4171
3948
3999
3360
4587
3459
4488
4780
3167
4112
3835
2834
5113
3478
4469
1713
2752
3482
2535
5412
4383
3564
4304
3643
5011
2935
1
2680
4073
1194
3936
4011
1983
5964
4732
3215
5426
2521
7947
3773
2364
1810
3638
4309
2301
3821
1825
3277
4670
7947
4772
3175
5119
2828
4140
3807
3512
4435
7947
7947
3662
4285
4043
3904
5507
2440
4880
3067
3171
4776
4115
3832
4175
3772
4262
3685
5308
2639
2405
5542
2150
1971
3826
7947
4108
3839
7947
4451
3495
1
4180
3767
7947
4746
3201
3863
4084
7947
4281
3666
7947
3820
4127
3191
4756
4681
3266
3626
1693
2628
3851
4096
3152
4795
7947
3055
4891
1
3446
4501
3298
2284
2365
3118
4828
1
3629
4318
5034
2913
3767
1832
2346
2
4806
3139
2
6148
1799
6401
1546
2203
3396
2348
2464
5483
4735
3212
1991
5956
4553
3394
4569
3378
3422
4525
3352
4595
7947
2844
5102
1
4899
3048
4379
3568
2266
3742
1939
3722
4225
4374
3573
4080
3867
4620
3327
3835
4112
4590
3357
2994
4953
4435
3512
5118
2829
3097
4850
4793
3154
3985
3962
2540
5407
3957
3990
4018
3929
3149
1912
2886
4578
3369
7947
7947
4572
3375
7947
4125
3822
1986
3662
2299
7947
4165
3782
3101
4846
3156
4791
3678
4269
3742
4205
2986
4961
5554
2393
2690
5257
4214
3733
2406
5541
2949
4998
4386
3561
7947
4432
3515
4064
3883
7947
4438
3509
4007
3940
3975
3972
3980
3967
4515
3432
3889
4058
7947
4022
3925
3916
4031
4044
3903
4721
3226
4241
3706
5740
2207
4734
3213
2949
3408
1590
7947
4561
3386
7947
5149
2798
4416
3531
7947
3730
2696
1521
5480
2467
3451
4496
4985
2962
2499
3453
1995
4861
3086
3926
2159
1862
3545
4402
4040
3907
4482
3465
5166
2781
7947
6273
1674
3343
2370
2233
1
5524
2423
7947
7947
5402
2544
1
4843
3104
4236
3711
3790
4157
3734
4213
4637
3310
4091
3856
3861
4086
7947
5118
2829
4678
3269
3310
4637
4258
3689
2895
5052
4281
3666
4181
3766
7947
5299
2648
3695
1718
2534
5063
2884
3722
4225
5032
2915
4725
3222
3428
4519
7947
4129
3818
7947
3225
4722
7947
3870
4077
2305
3468
2174
3627
4320
2712
5235
3900
4047
4022
3925
4622
3325
3201
4746
4561
3386
4439
3508
1791
3445
2711
4305
3642
2261
3772
1914
5082
2865
2911
3074
1962
3666
2006
2275
4998
2949
3348
4599
4119
3828
1541
4295
2111
3165
2451
2331
7947
7947
3462
4485
4079
3868
3256
1954
2737
5172
2775
3562
4385
4001
3946
5304
2643
2557
5390
3591
4356
4705
3242
4237
3710
2172
3766
2009
3904
1587
2456
4648
3299
4327
3620
3726
4221
3877
4070
7947
7947
2812
3390
1745
3205
4742
7947
4001
3946
5304
2643
4895
3052
3256
2329
2362
2986
2816
2145
3904
4043
7947
3745
4202
3787
4160
3003
4944
3475
2102
2370
2159
3312
2476
4642
3305
2202
3530
2215
5141
2806
4611
3336
3792
4155
2571
3791
1585
7947
4512
3435
4306
3641
1947
3814
2186
3073
4874
4731
3216
4677
3270
4161
3786
4873
3074
4441
3506
5609
2338
7947
7947
4342
3605
7947
5296
2651
2216
3263
2468
7947
4195
3752
5063
2884
3291
2699
1956
1
3651
4296
4340
3607
3166
4781
3834
4113
7947
7947
3821
4126
4919
3028
2277
3934
1736
5057
2890
3702
4245
7947
4771
3176
3489
4458
3881
4066
3073
4874
2819
5128
3779
4168
2137
3741
2069
4765
3182
3466
4481
5066
2881
4859
3088
3454
4492
1
1689
3475
2783
3608
4339
3216
2929
1802
3342
4605
5527
2420
4062
3885
4632
3315
3773
2339
1835
7947
7947
2451
5496
4531
3416
3248
3016
1683
2250
3839
1858
5687
2260
2714
5233
4176
3770
1
3764
4183
7947
2410
3891
1646
2808
5139
3896
2475
1576
4056
3891
1911
2752
3284
3640
4307
3393
4554
4395
3552
7947
4606
3341
4216
3731
3923
4024
4508
3439
4133
3814
4561
3386
5497
2450
4043
3904
4678
3269
5601
2346
4543
3404
4261
3686
4324
3623
7947
3666
4281
2206
3550
2191
3969
3978
7947
4906
3041
3744
2225
1978
3175
2757
2015
4123
3824
3622
4325
4762
3184
1
4820
3127
5472
2475
3543
4404
7947
7947
3558
2456
1933
4968
2979
7947
7945
2
3137
4810
7947
3479
4468
3838
4109
3369
4578
4512
3435
4742
3205
4110
1885
1952
3827
4120
3907
2329
1711
2373
3638
1936
4525
3422
3888
1892
2167
5374
2573
3289
1245
3413
4520
3427
5261
2686
3636
4311
2900
5047
4440
3507
3650
4297
7947
3703
4244
4232
3715
2835
5112
4870
3077
7947
7947
4133
3814
6246
1701
7947
4129
3818
3031
4916
3915
4032
4195
3752
7947
7947
4416
3531
4169
3778
7947
7947
4931
3016
3708
4239
4116
3831
4202
3745
1943
2001
4003
6205
1742
3261
2610
2076
3099
4848
5208
2739
7947
2270
3167
2510
4612
3335
3903
4044
4665
3282
5362
2585
7947
4424
3523
3757
1750
2440
4899
3048
7947
4811
3136
3380
4567
3883
4064
3237
4710
4322
1768
1857
4450
3497
3798
4149
4007
3940
3386
2556
2005
7947
4397
3550
7947
7947
4503
3444
5073
2874
3704
4243
7947
3498
2186
2263
4157
3790
4636
3311
3831
4116
2994
4953
4953
2994
1721
3660
2566
4520
3427
7947
4851
3096
3939
4008
3719
4228
7947
4570
3377
7947
6037
1910
5140
2807
7947
3994
3953
5078
2869
4410
3537
5109
2838
7947
3901
4046
2984
4963
7947
4984
2963
3242
4705
4170
3777
3160
4787
2665
5282
2708
5239
3751
4196
4022
3925
4608
3339
7947
5507
2440
4039
3908
4985
2962
4103
3844
5500
2447
2892
2765
2290
2346
2344
3255
1
1
4107
3840
4946
3001
6187
1760
4527
3420
7947
7947
2918
3226
1803
3478
4469
3620
4327
4267
1782
1898
3233
4714
2006
3611
2330
4714
3233
3314
2489
2144
3118
4829
2993
4954
4882
3065
7947
7946
1
2217
3978
1752
2272
3517
2158
7947
2527
2519
2901
3910
4037
4734
3213
7947
5497
2450
3923
4024
2115
2250
3582
7947
7947
4230
3717
4273
3674
5120
2827
7947
5284
2663
1737
4155
2055
7947
3896
4050
1
3006
4941
4959
2988
2714
5233
3615
4332
3590
2653
1704
7947
5556
2391
4151
3796
2646
5301
1876
1711
4360
7947
7947
3701
1949
2297
7947
3797
4150
4772
3175
3186
4761
4143
3804
2833
5114
6214
1733
4586
3361
4251
3696
7947
3549
4398
4577
3370
5360
2587
3793
4154
5409
2538
3729
4218
4655
3292
2313
5634
2903
1461
3583
3311
4636
2761
2844
2342
3279
4668
4817
3130
7947
6628
1319
4335
3612
4212
3735
3745
4202
2546
3524
1877
4309
2340
1298
7947
4536
3411
4867
3080
5167
2780
4935
3012
3428
2159
2360
3990
3957
2428
2829
2690
3882
4065
4037
3910
3166
4781
3609
2157
2181
7947
5318
2629
2925
5022
4115
3832
4362
3585
4175
3772
3977
3970
7947
1715
2399
3833
4035
3912
2020
3882
2045
4124
3823
3037
4910
2462
5485
3408
4539
7947
7947
7947
3478
4469
3020
2865
2062
4747
3200
3078
4869
7947
4894
3053
3791
4156
4108
3839
2202
3665
2080
3779
4168
2821
5126
5520
2427
3535
2077
2335
4733
3214
3476
4471
4760
3187
2386
2708
2853
3708
4239
4044
3903
7947
3787
4160
5941
2006
3765
4182
7947
7946
1
3077
3088
1782
4300
3647
4065
3882
4524
3423
4405
3542
7947
7947
2338
5609
3743
4204
7947
2593
3405
1949
4791
3156
4489
3458
3288
4659
5649
2298
4868
3079
7947
2546
3235
2166
1801
3814
2332
2766
5181
4240
3707
3426
4521
5830
2117
7947
5443
2504
7947
4845
3102
7947
3365
4582
7947
3449
4498
2759
5188
3000
4947
2870
2494
2583
3633
4314
2733
3038
2176
3985
1587
2375
5360
2587
4942
3005
4754
3193
3095
3776
1076
3966
3981
3371
4576
2494
5453
4381
3565
1
4202
3745
5075
2872
3925
1962
2060
4047
3900
4260
3687
7947
2970
4977
4730
3216
1
4042
3905
7947
4247
3700
4614
3333
7947
4727
3220
3333
4614
4421
3526
3524
3029
1394
7947
5475
2472
2719
5228
4206
3741
3821
4126
4340
3607
7947
7947
3098
4846
1
2
2808
5139
3327
4620
2855
5092
2902
2935
2110
4558
3389
4825
3122
3671
2067
2209
7947
4399
3548
3185
4762
3827
4120
4633
3314
7947
3707
4240
3418
4529
5299
2648
4822
3125
4133
2712
1102
4294
3653
4071
3876
3542
4405
3584
4363
2614
5333
5810
2137
4322
3625
2553
3598
1796
2153
2231
3563
3251
2672
2024
2653
3671
1623
3625
2622
1700
5530
2417
3638
4309
3570
4377
3765
4182
7947
4189
3758
3371
4576
4258
3689
7947
3906
4041
3286
4661
5659
2288
4940
3006
1
4780
3167
2753
5194
5131
2816
7947
4057
3890
4498
3448
1
5383
2564
4446
3501
7947
3359
4588
4667
3280
5693
2254
4923
3024
4378
3569
4734
3213
2974
4973
3690
2062
2195
3838
4109
7947
7947
7947
4338
3609
7947
5129
2817
1
4086
3861
5690
2257
3647
4300
2420
3444
2083
4181
3766
4486
3461
4578
3369
2911
5036
7947
4459
3488
4070
3877
3868
4079
2114
5833
2897
5050
3470
4477
7947
3118
4829
7947
3429
2813
1705
7947
2956
4991
4230
3717
4654
3293
3632
4315
3079
4868
2214
5732
1
7947
3372
4575
4141
3806
3281
4666
3513
2069
2365
4175
3771
1
4521
3426
4035
3912
2427
1774
3746
7947
3869
4078
4652
3295
4759
3187
1
5040
2907
3813
1599
2535
5209
2738
4087
3860
4370
3577
3645
4302
3886
4061
4128
3819
2056
5891
4022
3925
3968
3979
4668
3279
7947
5079
2868
7947
3539
3022
1386
3284
4663
3933
4014
3607
4340
4636
3311
5919
2028
7947
3027
4920
4188
3759
3949
1748
2250
5054
2893
7947
7947
3125
4822
7947
1892
3760
2295
1844
4243
1859
1
3799
4148
1979
3328
2640
7947
4735
3212
4615
3332
2508
5439
3586
4361
3593
4354
4693
3254
2235
3917
1795
4219
3728
4264
3683
4268
3679
3604
4343
4047
3900
5143
2803
1
4250
3697
1988
2722
3237
2736
5211
3833
4114
4641
3306
5065
2882
1855
4156
1936
4883
3064
5285
2662
2489
2528
2930
4191
3756
4210
3737
3688
4259
4506
3441
4026
3921
3778
4169
4263
3684
2496
5451
3803
1920
2224
2775
2268
2904
3387
1870
2690
7947
4017
3930
4417
3530
4657
3290
3214
2293
2440
2890
5057
7947
3731
1470
2746
4283
3664
5110
2837
3173
4774
3655
4292
4484
3463
4618
2167
1162
2945
5001
1
4630
3317
5209
2738
7947
3354
4593
3685
2209
2053
2175
3425
2347
1546
3604
2797
3844
4103
3930
1925
2092
7947
5128
2819
7947
5652
2295
4638
3309
4222
3725
3359
4588
7946
1
3364
2338
2245
2676
1680
3591
7947
3823
4124
4351
3596
3248
4699
3320
2381
2246
3910
4037
5267
2680
3776
4171
3156
4791
5874
2073
3854
4093
4615
3332
3723
4224
3123
1545
3279
5222
2725
4599
3348
4785
3162
3352
1930
2665
4104
3843
3759
2409
1779
4645
3302
3345
4602
3950
3997
3773
4174
3091
4856
7947
3514
4433
4814
3133
3881
4066
3814
4133
5962
1985
2309
3952
1686
3484
4463
4383
3564
3818
4129
5048
2899
3710
4237
4431
3516
7947
3389
2019
2539
3418
1998
2531
3622
4325
7947
4000
3947
7947
4278
3669
7947
2774
5173
2342
5605
7947
4921
3026
6140
1807
3832
1778
2337
3719
2494
1734
3993
3954
3947
4000
7947
3672
1941
2334
3509
4438
4935
3012
5451
2496
3831
4116
3968
3979
3797
4150
7947
5799
2148
3404
2756
1787
4742
3205
3972
3975
4010
3937
7947
4801
3146
3000
4947
4825
3122
3717
4230
3614
4333
2857
3295
1795
3276
4671
3196
4751
3012
4935
3249
4698
3767
4180
4906
3041
7947
7947
2977
2108
2862
1976
3982
1988
1
4341
3606
1916
2664
3367
2420
5526
1
3947
4000
4481
3466
3610
4336
1
3551
4396
7947
2318
5629
3046
2834
2067
3796
4151
2394
2594
2959
3929
4018
3915
4032
4141
3806
4033
3914
4352
3595
7947
3882
4065
7947
4099
3848
7947
4471
3476
2398
1895
3654
2624
3711
1612
3762
4185
3087
4860
3349
4598
4509
3438
3858
4089
7947
3541
4406
1372
3763
2812
3911
4036
5594
2353
7947
7947
4859
3088
7947
3380
4567
7947
7947
4969
2978
7947
3005
3569
1373
7947
4176
3771
3404
1723
2820
7947
4845
3102
3693
1952
2302
2871
5076
4471
3476
5233
2714
3839
4108
3391
4555
1
7947
5072
2875
1478
3788
2681
3931
4016
2824
5123
4097
2124
1726
4145
3802
4278
3669
5370
2577
3367
4580
2542
3721
1684
4296
3651
3631
4316
4300
3647
5210
2737
4005
3942
4977
2970
4549
3398
5629
2318
2895
5052
4097
3850
4450
3497
2414
5533
3231
4716
3697
4250
3656
4291
3597
4350
4416
3531
4350
3597
3852
4095
6020
1927
7947
4870
3077
3771
4176
3967
3980
3260
4687
5125
2822
3893
4054
4689
3258
4285
3662
3786
4161
3426
2245
2276
3970
3977
4386
3561
7947
5118
2829
4040
3907
4535
3412
3146
4801
7947
5634
2313
4079
3868
3733
4214
4283
2240
1424
7947
3802
1926
2219
4156
3791
1779
3587
2581
4718
3229
3695
4252
4731
3216
3155
4792
2206
5741
3813
4134
7947
3232
4715
4332
3615
4670
3277
7947
4482
3465
4093
3854
3829
796
3322
3791
4156
2687
5260
3839
4107
1
3721
4226
4475
3472
2400
1652
3895
4224
3723
7947
3969
3978
7947
4763
3184
7947
2648
5298
1
2407
1809
3731
3860
4087
2148
4174
1625
7947
4546
3401
3868
2782
1297
2914
2367
2666
4732
3215
3226
2237
2484
4606
3341
4005
3942
5077
2870
3051
4896
4423
3524
4557
3389
1
4505
3442
1910
2190
3847
5609
2338
7947
3099
4848
5230
2717
4476
3471
3202
4745
7947
3833
4114
4748
3199
4553
3394
4245
3702
2523
3088
2336
3748
1954
2245
3416
4531
4561
3386
7947
4214
3733
3181
4766
4980
2967
7947
5357
2590
2053
2619
3275
7947
3579
4368
2353
2453
3140
1
4928
3019
5704
2243
4755
3192
3596
2509
1842
4288
3659
3224
4723
4423
3524
4034
3913
3582
2123
2242
3871
4076
7947
3049
4898
4859
3088
3925
4022
2504
5443
4570
3377
3686
4261
1953
3252
2742
4043
3904
1944
3954
2049
3555
4392
3656
4291
3483
2506
1958
4950
2997
1621
4399
1927
4599
3348
4108
3839
2958
3381
1608
4031
3916
5224
2723
2354
2220
3373
3822
4125
3364
2231
2352
7947
4313
3634
4434
3513
7947
3466
4481
7947
4956
2991
4461
3486
4770
3177
5443
2504
4477
3470
7947
4086
3861
4054
3893
3890
4057
4254
3693
2719
5228
4254
3693
3251
1965
2731
4142
3805
7947
3716
4231
7947
4123
3824
7947
3632
4315
4943
3004
5185
2762
7947
3443
4504
4745
3202
3738
4209
4155
3792
5538
2409
2859
5088
7947
3502
4445
4231
3716
7947
3432
2520
1995
3573
4374
4112
3835
3382
4565
2052
5895
4741
3206
4977
2970
4380
3567
7947
3997
2222
1728
3458
4489
5599
2348
4489
3458
7947
3282
4665
5869
2078
4895
3052
4082
3865
3440
2795
1711
1
4081
3866
4348
3599
4160
3787
4550
3397
4067
3880
5104
2843
4157
3790
5689
2258
4604
3343
3803
4144
2798
3782
1367
3812
4135
4685
3262
3850
4097
5338
2609
3542
4405
6130
1817
3907
4040
7947
3434
2242
2271
4595
3352
4233
3714
3962
3985
3811
4135
1
4106
3841
2670
3344
1933
4538
1473
1936
3260
2675
2012
6000
1947
2759
3088
2100
4045
3902
7947
4180
3767
4515
3432
7947
3350
4597
2842
2835
2270
5167
2780
5874
2073
3910
4037
4246
3701
3620
2640
1687
4117
1572
2258
3336
4611
3478
1763
2706
5216
2731
4394
3553
3113
4834
4671
3276
3617
3607
723
5860
2087
5241
2706
4535
3412
4250
3697
2217
3544
2186
3488
4459
3189
3148
1610
5617
2330
3129
4818
5397
2550
1631
3475
2841
3193
4754
2433
5514
4115
3832
4387
3560
4512
3435
4612
3335
7947
7947
2382
3902
1663
2835
3515
1597
3909
4038
2857
3696
1394
4329
3618
4391
3556
2729
5218
7947
4137
3810
4427
3520
5826
2121
4209
3738
7947
4166
3781
2721
5226
3688
4258
1
5192
2755
5417
2530
3618
2002
2327
3451
4496
3668
4279
5264
2683
7947
4237
3710
1711
4157
2079
3926
4021
5156
2791
5200
2747
3591
4356
4217
3730
7947
3881
4065
1
4642
3305
5757
2190
4363
3584
1645
2226
4076
3489
4458
7947
2736
3469
1742
3652
4295
3659
4288
4445
3502
4102
3845
4834
3113
2713
5234
4696
3251
5378
2569
5037
2910
3838
4109
4594
3353
4166
3781
7947
7947
4928
3019
2651
1784
3512
5096
2851
4538
3409
4733
3214
3472
4475
3813
4134
4386
3561
3280
4667
4188
3759
4105
3842
4419
3528
2382
3566
1999
3519
4428
3824
4123
3929
4018
7947
3330
4617
4840
3107
4300
3647
4568
3379
3976
1618
2353
4552
3395
5298
2649
4802
3145
7947
3235
4712
7947
3938
4009
4017
3930
4014
3933
4352
3595
7947
4297
3650
4469
3478
4241
3706
2541
2436
2970
3622
2354
1971
3844
4103
4741
3206
3406
4541
4718
3229
4544
3403
3249
4698
4171
3776
3287
4660
3242
4705
4375
3572
3360
4587
4344
3603
2779
2408
2760
4527
3420
4208
3739
7947
3150
1514
3283
3994
3953
3657
4289
1
4265
3682
5092
2855
3658
4289
4524
3423
4970
2977
3566
4381
7947
3810
4137
4690
3257
4052
3895
3789
4158
4283
1645
2019
2557
3833
1557
4169
3777
1
3583
4364
3912
4035
7947
3623
4324
3108
3181
1658
4447
3500
4612
3335
2553
1697
3697
7947
3269
4678
4133
3814
2501
5446
3549
4398
4835
3112
4989
2958
4256
3691
3915
4032
4847
3100
3743
4204
3398
4549
3901
4046
4500
3447
3772
4175
7947
5157
2790
4602
3345
4258
3689
3358
4589
5000
2947
3280
4667
4620
3327
3349
3032
1566
2324
1835
3788
4196
3751
3371
4576
4508
3439
4508
3439
3621
4326
4547
3400
4500
3447
3529
4418
5418
2529
5589
2358
3532
4415
