56
482
184
508
41
187
158
25
21
145
24
9
17
10
11
9
24
5
8
12
9
5
11
18
32
4
8
4
6
118
22
13
4
22
33
13
49
34
7
19
15
67
15
16
16
14
134
31
23
16
21
12
5
16
8
13
8
8
1
6
8
1
4
163
29
15
23
9
21
11
9
11
9
13
10
26
11
6
6
13
9
9
5
7
7
1827
8
9
584
15
141
14
194
14
37
18
34
44
27
8
15
13
2
63
4
16
35
17
8
14
14
7
4
10
1
328
99
68
62
49
109
420
18
73
17
27
31
21
7
11
4
19
11
19
138
30
8
89
9
57
12
24
20
19
25
13
18
12
9
3
31
11
9
14
15
19
6
1
5
1
9
6
11
10
6
1
1573
445
19
282
10
41
155
27
245
15
18
24
10
87
74
27
15
35
5
24
10
31
15
14
16
6
15
9
4
7
4
12
29
93
40
16
13
17
117
16
111
23
63
20
29
8
12
16
14
10
62
16
9
11
9
11
20
14
19
25
2
9
1
9
17
72
107
88
13
22
21
12
10
11
10
6
18
29
8
9
2
4
1
16
11
33
16
135
26
7
47
21
27
43
12
9
24
14
13
6
8
5
183
16
28
14
26
26
34
8
36
17
26
13
27
77
21
17
9
14
44
19
44
11
6
9
1
17
12
3
28
1720
431
666
55
28
82
48
9
42
9
12
77
72
8
19
76
265
20
37
6
41
6
24
35
7
13
9
8
15
15
10
14
10
25
18
14
14
9
13
1
4
1
14
8
9
9
72
56
47
40
14
12
17
27
25
18
49
9
36
19
21
11
16
24
35
26
11
14
10
7
1
240
664
12
16
11
12
37
15
21
28
15
40
21
4
2
32
8
14
8
8
6
5
26
18
25
12
22
45
14
32
26
13
27
17
57
11
6
29
12
18
18
26
14
45
13
9
1
14
67
18
25
19
14
11
13
61
2
10
13
27
9
11
5
1
393
85
11
109
33
18
9
39
17
18
61
14
9
16
11
12
10
4
12
4
6
14
51
72
20
38
19
23
29
51
23
11
9
18
20
10
66
14
6
12
11
11
14
17
5
14
7
28
10
5
68
156
131
460
9
10
47
17
109
3
15
30
15
14
47
9
23
6
7
7
21
20
13
23
8
11
8
1
11
55
38
43
29
40
3
24
16
10
54
6
21
11
10
9
21
12
13
14
10
14
24
7
8
9
1
7
1
1432
20
107
38
18
11
12
27
17
7
23
16
24
8
7
6
9
9
14
21
8
10
14
5
20
1343
45
32
64
17
38
11
19
41
9
13
6
28
38
20
1
16
21
29
11
9
16
149
144
61
43
62
15
9
30
80
22
15
23
35
17
17
21
15
16
4
19
13
12
23
15
13
7
13
4
5
2
32
104
19
39
31
5
14
184
46
19
27
12
9
12
104
22
13
5
12
9
8
4
1
2
4
1710
328
384
63
53
31
30
28
9
46
6
18
16
10
5
11
15
11
45
19
11
18
10
18
16
13
13
10
16
1
4
1
2
20
14
14
26
299
121
23
54
10
44
18
11
19
22
17
12
6
14
3
3
10
1
21
6
46
62
269
21
66
68
48
23
27
22
41
8
16
54
7
13
4
9
13
10
8
9
12
2
976
42
27
14
54
24
24
20
60
27
20
12
17
28
52
25
13
23
15
13
26
15
14
7
21
1
12
7
5
5
8
8
85
11
36
39
17
23
47
8
38
23
18
4
9
7
6
13
28
19
12
32
7
9
7
1
27
11
30
7
84
13
5
56
50
26
19
14
18
26
8
13
30
15
13
9
9
7
21
8
2
18
12
1
18
170
12
39
16
10
9
15
15
46
22
13
26
15
17
24
9
11
18
11
9
12
11
16
10
16
4
21
1
7
1
21
28
17
28
11
19
15
44
28
11
23
9
11
3
20
19
13
10
13
14
17
99
7
16
10
8
28
12
39
3
10
43
15
20
8
10
6
5
65
27
68
19
9
16
8
14
30
16
11
12
8
17
3
9
12
5
1
44
286
182
17
42
23
10
46
17
9
11
87
11
16
36
17
19
26
20
7
1
62
23
403
152
95
25
23
17
33
22
16
24
21
19
18
21
18
25
6
9
22
13
13
3
1
1
11
143
74
23
28
75
23
14
26
39
39
25
22
10
33
5
13
30
26
13
12
9
20
14
10
12
14
5
11
15
5
1
16
1
37
37
24
132
12
22
10
31
17
12
17
25
37
24
16
5
7
3
1
2
3
12
12
10
21
88
14
11
46
50
16
23
8
20
5
7
7
26
21
64
10
4
7
13
7
1
27
87
15
53
11
18
34
30
42
17
9
8
11
18
13
17
17
11
6
8
3
10
12
14
7
11
5
3
11
146
15
41
48
8
26
50
7
13
11
25
18
13
8
4
20
1
10
31
14
9
7
1
184
38
14
31
35
11
24
37
31
29
7
12
12
18
13
5
8
4
16
14
1
11
5
4
9
3
43
16
16
48
23
20
83
11
68
17
28
6
5
107
5
8
42
10
30
24
15
36
13
11
11
10
1
7
13
14
9
11
7
3
13
19
75
100
11
103
15
169
61
14
36
14
28
40
10
9
11
19
17
22
12
11
7
2
3
52
14
92
46
11
1
133
17
79
43
64
14
17
6
30
9
9
5
15
26
5
19
22
9
4
1
1
2
2
7
430
761
12
487
615
174
127
123
30
100
11
10
12
46
10
36
77
14
1
9
35
8
32
6
8
44
12
18
9
11
1
20
5
3
15
4
2
1
51
9
17
112
12
9
12
6
7
19
15
18
13
7
4
10
24
10
14
8
15
1
7
5
1
5
1122
32
128
29
173
477
150
353
365
87
54
173
19
37
66
20
41
52
15
14
35
98
25
11
9
14
26
17
42
20
26
9
24
47
6
10
15
10
5
1
105
60
525
17
21
34
17
20
16
17
19
18
12
7
8
22
6
7
3
12
17
2
5
10
9
11
10
7
5
1
10
68
31
13
13
12
12
12
20
6
15
15
29
11
8
11
7
13
2
167
1609
30
16
40
17
6
42
42
27
12
17
40
22
11
40
10
15
6
16
10
13
5
8
7
6
4
8
56
128
14
70
35
29
27
22
36
12
7
6
1
1
799
62
152
31
37
13
24
16
27
16
23
17
17
20
7
9
17
12
8
6
6
7
1
2
25
122
23
29
23
86
36
42
28
11
32
22
17
5
45
13
9
18
16
9
10
16
6
12
19
6
12
2
1
1
18
29
205
45
72
25
18
9
31
55
25
44
32
12
23
13
10
3
14
9
12
16
2
20
681
29
113
9
91
86
48
31
38
10
36
64
14
10
19
17
20
24
12
12
11
7
9
6
15
163
7
59
13
6
31
17
28
19
26
22
19
13
33
3
26
16
22
14
5
13
2
9
14
12
8
10
10
2
1
23
36
78
32
8
20
13
71
14
11
19
14
17
37
17
8
38
16
16
6
8
27
9
15
9
9
8
5
6
14
47
13
29
13
8
20
11
158
70
28
114
13
22
59
46
9
20
25
14
9
11
54
31
18
7
8
12
10
17
22
261
214
21
20
9
104
9
9
91
29
60
10
5
20
13
12
15
9
11
15
9
7
10
11
125
131
100
36
44
63
245
10
11
87
44
10
10
11
8
48
42
13
11
6
15
9
3
1
68
12
77
17
56
57
11
39
36
26
14
23
4
27
9
14
12
11
8
5
2
1
43
31
11
667
60
18
148
20
37
48
31
56
45
74
16
3
9
10
1
4
12
1
404
198
338
14
8
69
41
3
60
38
28
80
67
20
10
37
15
9
31
39
10
21
16
8
6
6
15
5
5
4
4
3
1
106
71
19
237
17
36
30
14
11
8
107
74
7
19
57
14
33
13
20
25
14
8
9
2
1
7
9
1
3
1
146
31
8
8
8
18
53
9
17
17
14
27
14
26
31
6
8
13
6
20
6
10
9
1
18
19
78
6
11
10
8
7
6
14
14
29
28
28
22
17
10
19
21
7
22
12
34
20
75
14
19
15
6
40
13
47
21
56
20
12
9
17
17
13
12
11
18
11
5
1
9
95
39
8
280
9
128
12
17
19
8
13
12
5
1
27
14
8
11
16
8
21
16
13
2
4
7
9
41
185
13
9
29
88
11
14
14
28
54
8
11
6
13
1
10
2
11
1
77
22
74
8
7
51
311
28
82
52
76
16
87
86
12
15
24
9
13
8
1
16
419
78
192
79
20
14
107
42
18
34
14
9
16
10
16
16
13
7
6
6
13
3
17
2
2
5
9
1
333
20
80
119
28
120
89
19
7
12
7
7
14
7
28
23
17
16
20
4
14
9
10
16
7
19
9
11
7
13
10
779
15
79
76
9
48
22
403
14
104
32
42
12
30
44
32
15
35
6
56
10
19
2
22
13
9
3
13
8
2
1
1233
664
35
245
478
17
10
188
111
185
23
109
83
12
30
24
167
32
31
21
20
9
5
27
11
11
11
8
4
2
498
878
173
30
18
213
15
12
14
14
13
73
11
10
74
26
42
9
6
12
7
12
5
3
1
6
468
105
25
35
19
14
10
21
134
20
25
39
35
16
15
92
14
11
13
13
6
19
11
25
13
9
2
4
182
28
106
48
36
116
46
9
3
62
54
6
24
70
16
23
17
10
25
48
22
13
15
13
18
14
24
6
18
6
6
8
2
768
51
18
15
35
35
10
19
16
54
9
13
11
36
10
14
6
9
12
2083
124
6
12
54
13
15
36
63
9
20
96
15
29
5
13
11
16
16
15
9
34
6
8
28
9
1
4
55
43
20
21
27
19
12
18
16
20
29
10
12
12
21
10
34
8
13
13
4
13
17
5
12
9
1
7
8
1
265
15
678
202
10
6
28
209
17
60
53
184
97
113
10
101
29
13
38
20
25
30
11
14
21
11
15
17
7
28
15
24
8
33
14
15
9
10
2
5
6
4
123
37
8
45
13
7
19
19
19
7
10
10
12
10
12
28
3
18
8
20
5
1
1
72
126
128
29
130
28
118
82
18
110
54
27
19
7
7
15
15
18
13
11
8
9
6
8
1
533
85
236
47
27
24
37
21
10
9
31
13
9
32
22
23
16
12
20
11
12
12
7
6
186
31
509
42
37
100
68
38
9
17
14
8
5
24
23
11
11
26
11
21
18
14
1
8
7
4
14
769
16
107
11
41
106
33
115
264
78
13
10
8
68
60
9
13
6
9
32
19
28
20
17
14
14
17
17
8
17
7
7
10
4
1
1
57
24
16
15
13
3
1
13
45
16
7
13
10
10
17
9
2
10
3
2
133
115
829
63
13
24
31
4
310
99
9
47
33
44
16
10
38
12
8
13
3
25
6
14
9
15
13
8
5
2
42
158
142
24
53
19
15
31
7
5
111
14
16
24
9
17
18
6
5
7
1
4
1
30
552
178
20
51
85
13
9
43
13
21
49
13
12
20
17
10
4
11
19
22
9
11
12
6
14
16
13
21
14
43
42
102
37
128
73
22
46
9
5
15
11
13
23
24
7
4
14
54
14
12
21
13
5
7
6
8
13
14
4
3
1
2
113
55
26
50
41
13
77
7
33
10
24
16
15
11
25
21
14
3
10
2
5
8
6
2
1
655
77
180
341
9
35
77
37
5
10
14
24
31
39
9
15
14
16
19
35
11
10
10
3
4
2
5
1
34
13
20
338
81
39
110
1
33
146
70
31
32
29
73
9
24
27
64
13
58
31
14
23
10
5
10
9
7
1
4
4
102
26
9
59
166
15
44
70
54
79
12
28
22
26
10
17
7
12
17
20
15
9
3
5
3
23
73
19
17
20
9
70
14
49
33
28
28
39
16
5
14
32
6
8
27
6
12
11
7
13
10
8
10
5
1
8
49
51
16
29
17
7
16
11
11
9
36
19
42
30
8
9
15
9
9
12
18
13
11
13
11
18
14
1
1
1
29
14
96
135
96
10
51
55
67
21
8
36
8
32
28
15
9
7
14
11
16
8
8
6
13
1
155
85
15
23
321
6
77
27
17
72
51
15
4
47
21
9
51
14
15
30
1
16
59
19
22
10
20
4
1
7
17
27
18
47
41
12
32
13
10
21
3
10
21
8
1
3
647
39
131
12
379
193
29
141
183
6
9
21
150
13
13
16
29
23
5
13
9
13
13
9
12
19
12
8
13
18
1
1
18
7
70
22
11
159
11
12
55
47
6
35
12
9
9
8
17
7
13
9
5
12
7
8
6
1
5
1
68
66
45
10
52
506
76
34
8
38
24
16
12
26
18
34
5
10
28
17
15
10
10
14
1
363
95
9
196
12
17
14
27
20
49
14
28
29
23
18
15
28
15
16
6
1
9
58
43
23
35
28
76
25
9
48
14
22
10
17
11
1
12
17
11
14
8
15
38
10
24
7
11
15
12
7
18
8
2
9
10
3
2
1
31
468
29
363
93
66
46
18
11
15
42
22
37
14
14
34
12
14
7
12
23
8
14
8
1
154
30
28
61
396
60
34
82
80
23
9
34
25
10
13
16
21
4
7
8
6
1
36
18
12
12
31
17
95
67
20
18
27
25
17
14
12
10
14
16
16
22
5
29
10
21
7
1
1
55
11
86
4
67
15
11
10
23
12
10
17
20
13
18
7
36
2
10
19
4
12
16
3
19
41
54
18
161
343
19
33
73
20
68
54
8
32
8
22
28
10
13
10
9
11
11
15
10
4
15
6
2
5
15
6
10
5
1
148
106
314
63
16
214
9
12
17
104
9
19
24
18
31
13
39
23
29
22
21
36
26
10
5
7
7
4
23
15
13
10
16
13
6
1
29
50
31
43
13
22
48
11
15
23
53
16
20
27
19
107
24
10
32
6
11
12
12
18
11
9
14
7
18
4
15
1
1554
70
51
21
62
14
226
9
47
3
21
15
15
13
15
15
28
4
13
13
12
16
14
7
12
11
15
12
1
15
157
1418
48
18
146
40
119
33
40
12
34
53
64
63
62
18
8
29
21
4
2
31
16
31
27
16
14
30
13
15
8
11
10
16
2
2
66
594
19
198
7
52
11
60
72
17
48
14
110
6
39
20
28
29
34
23
22
5
19
10
15
31
14
9
9
9
1
4
18
1
12
5
2
36
11
523
18
90
150
61
16
115
22
43
29
13
6
22
2
49
28
12
14
20
9
9
8
8
14
55
12
18
25
19
30
8
20
20
39
11
16
17
30
17
20
4
9
8
16
11
9
53
45
15
177
108
1
26
18
71
18
22
28
9
13
76
5
36
7
12
7
3
22
7
10
10
13
29
58
85
67
8
75
73
36
11
20
12
44
73
18
13
10
11
3
18
21
10
4
1
2
11
11
43
29
84
9
12
28
19
38
47
8
74
11
27
49
12
10
32
9
14
14
14
8
3
36
15
21
8
27
37
125
20
22
24
14
3
32
12
14
2
22
14
14
8
20
12
14
36
15
10
5
3
1
35
76
79
16
25
46
17
92
16
41
9
9
10
18
37
22
35
30
16
12
13
25
5
5
10
17
13
10
9
7
24
18
252
311
8
34
69
13
53
25
34
26
20
43
14
20
11
27
27
5
18
9
1
12
8
2
2
6
127
8
13
48
10
30
15
27
23
11
27
28
18
19
6
14
8
12
10
14
5
2
163
7
683
58
89
11
18
44
34
11
8
9
9
26
24
9
6
22
38
9
31
7
13
9
11
7
10
11
3
3
7
11
8
18
1
4
3
142
50
38
13
54
16
29
115
19
35
43
20
10
4
10
11
11
17
4
12
4
13
6
4
5
59
21
21
19
19
117
12
60
20
56
26
15
18
26
59
21
50
24
5
12
16
17
10
17
12
24
4
7
11
10
8
1
91
10
16
58
22
37
18
16
10
15
8
10
30
5
8
11
8
17
30
30
19
11
15
12
4
10
1
2
27
28
25
31
359
11
11
7
22
12
49
30
19
15
8
18
8
31
12
9
12
4
12
8
3
1
1
2
215
65
54
14
9
37
30
121
95
39
20
95
17
10
20
14
10
19
17
20
12
27
43
24
22
44
26
6
19
27
11
12
8
10
9
10
17
14
2
8
9
6
11
12
3
38
13
20
25
17
28
15
62
86
56
12
16
11
15
7
35
7
12
7
19
5
13
9
6
1
21
32
95
29
49
19
14
13
69
62
64
31
15
11
20
10
7
7
3
3
1
169
27
49
17
12
33
17
96
14
9
23
15
25
15
14
22
18
3
11
20
13
10
1659
142
42
228
10
134
67
10
16
60
22
37
60
107
20
6
11
9
56
2
18
35
15
19
10
8
4
2
1
114
210
128
64
14
53
77
41
35
21
7
16
24
14
18
1
16
15
14
6
20
4
7
2
1
4
1
2
26
179
38
119
20
37
88
21
29
17
10
1
68
674
30
12
34
27
81
46
18
34
28
36
33
18
39
12
16
6
73
35
14
9
13
5
18
8
9
21
14
18
5
12
2
1
1
1
21
32
33
11
14
12
39
12
4
17
115
37
7
10
13
12
14
12
14
9
8
32
229
43
111
98
28
13
58
55
13
39
73
88
7
41
16
44
16
11
84
11
11
15
12
11
15
8
19
14
10
15
25
2137
53
208
78
64
26
47
36
24
10
17
34
14
24
6
13
92
37
7
16
13
10
60
20
15
12
13
2
11
7
3
26
6
2
431
21
131
29
16
246
37
9
76
11
15
29
29
12
22
19
31
17
4
4
7
9
5
7
7
10
12
24
9
37
10
18
8
14
20
13
8
7
9
11
7
11
11
6
1
19
543
23
14
24
15
14
97
13
14
50
11
13
15
10
13
13
15
4
12
5
46
7
15
6
7
10
10
1
74
77
29
448
17
253
16
123
8
11
8
6
27
76
29
11
12
22
16
10
10
3
101
105
20
52
9
154
9
37
58
33
14
17
24
22
11
15
4
11
25
9
35
12
1
1
1
1
2
1
576
40
14
120
29
15
21
23
27
10
12
5
9
13
10
2
18
12
82
48
13
17
25
133
8
15
15
5
8
11
10
10
12
13
8
4
5
1
13
27
25
69
13
14
10
43
17
31
8
72
22
23
25
23
10
12
14
14
10
12
7
14
16
16
34
8
14
8
5
8
4
13
6
8
1
12
66
37
149
13
9
10
78
70
34
41
26
2
15
12
3
16
9
10
25
19
8
1
11
8
7
10
4
1
523
20
122
26
38
46
6
11
12
49
13
21
10
28
9
10
15
12
20
12
8
10
4
5
6
15
579
116
8
9
13
17
28
19
7
8
11
11
2
3
18
13
11
13
5
15
9
1
2
541
30
27
33
13
31
19
19
18
6
14
8
22
20
14
5
16
25
28
12
6
18
3
3
18
904
25
47
134
77
46
10
2
3
66
13
18
17
19
11
13
30
9
9
10
14
7
20
2
1
40
13
88
116
27
10
18
8
8
15
26
1
7
13
6
12
12
10
11
22
12
50
23
19
11
10
29
12
77
22
27
13
36
22
8
6
14
23
12
10
8
11
9
15
12
14
3
13
5
10
1
1
17
14
30
15
652
18
223
54
40
22
19
29
13
10
13
12
31
11
6
7
35
9
7
5
8
128
220
74
36
22
38
21
17
12
50
23
25
19
8
6
5
1
2746
245
9
74
27
19
14
72
23
3
6
3
15
12
10
8
27
9
13
28
6
12
9
20
9
12
10
8
48
126
14
19
25
35
31
24
51
11
39
12
9
28
25
1
12
9
6
4
7
6
2
11
1
279
254
19
28
7
11
8
11
6
11
19
11
10
4
8
20
26
16
2
8
10
64
33
21
13
28
39
10
13
52
18
29
12
20
26
15
11
19
10
9
22
46
19
28
7
13
12
12
6
1
9
10
15
4
17
5
2
2235
273
113
14
40
49
35
36
29
15
11
23
12
19
38
6
19
12
21
15
1
8
13
201
35
38
47
292
273
13
6
23
23
12
19
101
19
37
13
44
36
17
36
12
23
18
22
5
10
12
31
10
11
11
19
9
19
4
1
1
21
24
7
17
248
94
57
12
30
9
3
12
24
17
6
5
4
4
8
8
1674
63
192
44
15
19
11
15
16
23
40
17
27
16
12
11
33
17
10
18
8
10
11
65
248
90
88
23
65
37
29
17
13
13
16
19
13
6
8
6
12
19
2
6
6
3
6
6
1
4
1
7
6
43
10
121
79
10
11
17
29
26
18
11
7
8
11
11
10
9
7
1
135
15
241
28
14
48
14
12
16
6
8
11
11
17
27
21
12
12
9
15
17
43
14
15
17
7
15
7
4
1
8
35
10
78
43
27
19
42
77
22
96
8
13
9
2
14
7
10
13
9
11
6
21
5
11
3
7
8
36
13
52
21
12
73
25
68
37
28
59
16
5
13
15
9
30
29
12
33
6
15
24
1
4
1
18
28
14
20
29
21
30
20
4
14
10
10
12
28
12
26
16
33
21
10
10
11
23
7
176
9
62
19
10
46
206
70
14
17
55
43
15
21
21
14
11
9
9
12
21
3
9
11
182
303
142
65
39
225
41
153
26
252
19
19
16
17
72
97
49
19
48
11
26
33
10
18
30
56
31
32
16
16
7
13
16
30
2
13
25
34
11
25
13
13
2
1
16
155
151
19
34
50
10
23
146
41
13
4
28
12
13
25
2
9
8
9
10
12
11
5
5
14
5
2
4
2
1
3
1
32
97
31
12
51
20
11
23
10
19
15
6
14
53
7
18
28
5
36
6
9
20
17
18
10
6
13
4
7
7
8
11
10
24
18
4
14
18
13
14
9
20
15
7
6
11
12
8
14
13
4
1
6
15
79
15
16
21
13
14
8
42
20
10
4
7
8
11
14
12
7
8
9
1
62
11
49
49
10
26
10
54
21
65
11
16
38
8
25
19
14
15
36
9
12
13
22
22
9
22
14
2
50
52
38
27
40
9
11
25
17
17
42
15
11
15
36
13
14
8
14
12
27
9
20
20
34
13
11
10
12
20
8
1
53
5
11
32
9
91
41
13
39
54
19
44
42
18
40
17
19
6
30
11
8
5
11
9
11
5
18
19
36
21
39
47
17
13
8
13
11
14
11
8
5
11
4
101
14
6
9
12
59
12
90
44
35
13
55
20
41
5
45
18
27
21
11
7
26
24
23
2
4
2
3
13
9
12
11
1
1
1143
430
61
50
65
61
54
22
15
3
67
16
1
14
9
8
12
14
21
13
11
7
2
847
360
42
37
155
8
29
32
25
158
41
12
19
37
85
13
8
29
23
26
12
15
20
7
34
28
22
18
8
1
307
22
764
50
25
135
27
61
16
39
9
56
74
11
14
11
19
8
11
29
12
7
13
13
7
1
5
8
8
1
379
39
22
20
11
10
15
11
23
10
69
19
26
7
15
63
21
10
5
17
11
4
12
29
11
2
3
5
10
10
1
13
1196
121
71
54
30
75
23
28
39
34
17
5
11
16
23
13
15
14
9
8
17
22
12
5
10
2
8
18
41
50
171
19
90
18
5
25
60
18
8
28
28
25
34
16
25
5
8
8
12
5
10
8
3
4
33
10
52
72
17
13
24
30
19
74
17
3
7
20
38
13
25
20
7
24
5
8
9
16
18
8
19
11
13
7
8
8
21
13
60
34
63
16
13
30
15
11
12
6
15
9
5
30
8
10
21
6
8
11
8
1
1
284
255
156
19
6
124
49
24
60
34
12
9
26
30
19
7
25
12
10
10
4
9
2
1
1
37
9
17
38
11
21
18
75
14
110
9
14
4
15
5
10
11
12
8
7
6
1
10
6
1
21
11
34
259
202
5
33
43
15
9
42
59
36
10
38
25
10
19
3
9
7
6
10
5
1
1
100
38
10
6
9
11
58
168
30
26
13
18
88
9
70
10
12
13
13
22
38
9
10
16
13
7
10
10
10
14
12
12
24
7
145
24
15
29
18
40
18
23
43
14
28
9
4
11
19
4
44
46
34
119
50
65
38
17
46
26
36
10
11
27
13
14
15
3
10
1
6
7
8
5
38
222
95
77
51
25
40
27
12
10
13
15
9
21
8
12
11
21
6
10
2
6
9
4
4
11
12
8
8
12
2
1
4
8
2
1
1
10
24
72
34
14
37
5
15
12
14
16
9
14
13
5
12
1039
105
31
73
14
9
41
22
18
14
21
28
38
20
12
30
26
19
58
12
16
11
22
10
13
9
3
1
81
3
37
22
14
22
41
253
175
48
47
28
11
1
83
62
18
21
19
31
64
66
14
69
17
23
13
18
18
18
12
25
24
3
14
7
10
4
730
11
533
35
308
10
9
8
18
22
34
35
41
11
10
21
23
10
19
21
11
16
10
4
4
8
3
4
1
25
162
13
9
37
11
123
131
9
7
10
23
12
17
16
4
29
20
20
2
6
9
12
14
13
27
7
15
3
12
4
3
7
61
93
19
95
47
51
35
6
36
19
10
25
10
27
11
19
9
15
19
7
8
12
6
49
174
45
33
12
34
15
18
22
38
24
11
8
17
17
12
18
30
15
7
25
13
13
10
8
7
5
15
79
8
41
151
32
35
15
19
26
5
12
25
16
11
14
30
7
8
3
16
7
46
20
359
53
54
36
93
24
44
11
12
13
24
19
28
4
14
1
18
11
20
12
6
8
12
8
11
3
8
6
16
18
119
67
51
40
6
20
15
15
11
23
6
19
9
13
46
6
12
9
10
20
10
10
8
2
6
3
13
25
12
53
9
30
27
21
34
32
27
13
28
17
45
15
5
8
16
9
26
9
1
18
1
6
10
55
145
88
33
31
20
35
11
21
30
4
11
35
24
8
27
20
24
27
16
15
10
26
7
13
8
3
5
4
5
14
18
1
297
14
31
27
43
274
50
103
75
21
11
11
15
26
9
56
19
9
48
5
24
39
12
14
26
9
9
11
8
7
10
12
16
14
18
30
9
12
37
16
77
11
14
21
122
37
20
20
10
17
1
12
8
16
9
10
11
4
6
22
22
48
18
20
11
12
8
10
9
56
22
27
21
15
15
9
6
2
1
6
425
26
294
480
8
44
32
8
13
29
45
10
37
18
6
34
8
3
52
21
12
14
6
7
16
15
9
11
1
89
25
22
30
36
15
15
13
8
19
24
11
8
6
7
4
8
13
7
1
19
15
35
30
19
46
12
17
15
52
34
28
15
26
8
27
6
16
6
7
6
4
10
30
84
332
99
12
73
12
23
12
13
42
22
12
18
21
12
43
10
19
9
9
21
11
12
6
13
8
13
8
2
2
2
88
94
138
99
24
124
16
62
31
21
7
15
45
7
4
34
31
19
9
6
8
2
5
12
1
9
2
2
61
360
32
5
93
10
37
167
12
270
148
13
15
41
8
12
17
14
4
16
3
14
2
1
13
1455
10
23
17
29
8
121
22
19
4
9
9
3
84
20
49
16
5
7
26
34
11
26
10
10
1
16
13
37
15
18
24
11
64
7
19
39
15
19
14
10
4
4
4
1
10
8
6
1
1
1
19
16
17
119
15
14
11
70
16
44
22
15
15
17
81
64
10
36
11
15
20
7
37
19
15
14
13
2
10
2
7
1
7
5
3
1
1
40
164
157
351
20
10
42
9
22
56
12
40
5
39
8
24
60
52
21
7
14
18
18
15
7
10
23
17
21
8
1
108
162
392
128
18
34
27
17
54
33
13
16
32
18
21
25
10
22
16
6
19
7
10
8
7
9
3
1652
20
52
6
19
92
14
43
57
16
14
12
30
12
16
19
2
4
10
25
24
8
22
11
10
4
6
2
1
1
154
78
85
36
37
33
35
13
9
8
7
20
7
36
14
8
30
6
8
10
13
8
10
13
102
11
29
9
3
31
15
17
43
28
13
23
11
17
18
16
53
17
26
9
4
9
8
13
7
14
6
6
1
75
15
6
39
13
24
15
17
20
18
47
10
11
25
11
9
10
9
18
7
21
5
18
8
10
1
1
1
329
372
65
11
118
13
18
5
7
41
23
17
6
25
14
5
13
7
8
7
15
17
9
10
1
132
21
13
54
28
43
32
45
51
22
18
5
14
31
13
15
12
3
4
11
15
1
10
3
1
114
2477
10
16
31
36
9
52
22
16
7
17
14
2
2
10
228
16
12
20
8
50
11
19
138
29
15
24
52
12
21
44
12
25
14
26
32
20
11
12
10
11
6
16
12
15
8
5
4
9
7
9
1
2
1
655
94
308
14
36
10
48
39
8
29
9
15
45
9
51
23
26
8
49
41
22
6
13
5
16
17
14
8
3
3
3
1
1
25
49
68
33
15
17
20
25
11
17
18
35
15
30
14
27
15
10
30
3
8
7
11
6
8
24
8
18
32
10
8
5
1
1
16
251
12
13
14
16
9
21
13
11
7
30
33
14
11
16
14
39
42
13
21
4
14
7
8
12
13
15
10
7
7
7
1
7
17
33
32
16
19
10
9
91
16
45
10
20
14
20
36
8
11
13
18
13
7
10
6
16
42
16
22
20
6
14
16
8
7
8
2
349
14
8
94
18
69
213
9
67
23
9
48
10
24
19
15
3
11
17
19
47
19
5
4
10
14
12
13
10
9
14
7
10
10
8
4
12
18
1
14
6
45
31
19
19
10
62
13
16
94
22
9
16
14
22
13
15
18
8
7
10
16
2
1
43
110
13
27
17
37
76
80
14
64
23
46
27
16
33
6
13
8
6
13
11
12
12
8
9
2
11
3
1
4
51
10
14
99
23
25
10
18
7
9
11
10
15
14
7
7
6
45
20
9
71
110
34
17
21
20
11
16
6
14
12
11
4
6
11
13
7
19
2
1
632
66
45
14
10
30
71
28
26
67
10
18
51
15
25
60
26
14
16
13
7
25
9
19
8
9
1
1
783
76
4
59
8
14
7
31
9
18
22
6
7
14
12
8
12
14
9
5
75
40
68
61
23
35
54
43
80
17
13
12
14
32
11
22
8
11
9
2
2
6
7
7
11
1
2
151
8
129
30
111
34
21
18
35
22
12
22
16
27
30
39
25
22
35
10
21
14
17
18
9
12
1
212
42
31
24
17
41
29
13
16
32
25
34
11
5
8
15
5
84
24
107
26
12
75
33
17
79
51
25
34
68
23
28
8
7
5
16
13
17
17
15
33
9
7
11
250
14
119
12
24
12
35
29
12
13
26
13
33
14
23
17
12
25
15
11
6
17
10
25
21
18
7
10
5
41
19
6
36
16
34
16
20
21
32
11
13
3
14
18
9
15
17
9
1
11
6
13
137
269
43
108
45
18
42
12
18
82
10
12
16
10
5
10
12
8
2
1
4
3
3
29
114
74
29
6
11
107
4
7
21
10
11
20
18
11
9
10
23
18
9
13
3
8
33
15
18
13
6
5
5
11
431
394
623
14
21
60
485
31
25
130
13
151
16
63
39
38
11
24
14
8
23
10
12
9
9
7
2
3
4
4
1
1
24
26
49
11
10
29
114
35
8
33
10
13
21
15
9
35
10
13
32
13
10
18
15
4
3
3
1
42
41
16
28
212
124
20
20
18
89
23
44
12
72
16
21
18
11
9
17
18
13
12
13
11
2
31
13
7
11
7
1
4
20
4
14
1
1022
585
21
12
26
13
20
13
13
12
10
22
10
22
13
17
5
11
13
15
11
1
12
9
2
52
719
393
141
14
32
24
50
113
11
14
18
12
19
12
20
5
5
8
32
22
13
52
21
24
10
21
15
11
13
20
50
39
28
158
31
30
89
6
17
86
7
18
30
31
22
8
11
20
9
14
18
16
9
1
3
21
18
30
12
15
17
7
25
56
19
51
28
19
13
32
15
8
10
2
19
8
11
15
10
4
8
2
2
262
57
47
105
40
11
8
18
8
20
12
44
16
61
24
7
7
45
13
15
15
13
7
15
1
2
4
3
116
215
30
85
15
41
42
29
7
11
12
7
13
8
10
4
1
9
12
28
30
10
19
28
22
3
10
13
7
6
9
1
1
50
738
54
204
38
26
22
29
22
213
30
10
22
21
13
14
9
14
12
8
8
15
12
14
11
1
1
28
11
49
69
84
6
18
6
29
9
30
14
22
19
61
21
11
10
8
6
6
9
9
33
13
6
14
18
81
88
29
6
33
21
26
19
11
16
8
13
8
12
7
13
9
2
3
1
1
104
39
77
36
6
25
179
103
12
9
17
15
12
7
25
18
11
9
41
6
67
12
9
21
14
22
13
43
21
20
16
3
27
11
2
13
8
1
735
39
31
4
19
27
32
58
17
13
8
9
11
14
11
11
3
7
1
5
1
1
40
66
26
40
10
25
12
19
12
23
17
9
29
14
17
12
1
8
183
1294
592
16
34
19
40
8
12
16
18
17
42
29
2
46
14
18
8
6
6
10
4
4
14
12
8
6
10
10
6
1
1
6
183
46
19
19
143
16
8
14
8
13
40
34
10
14
30
5
12
18
33
10
20
8
19
58
14
22
38
15
11
35
13
26
27
21
10
18
3
12
15
11
17
9
9
225
13
79
106
15
17
8
21
16
26
52
15
10
21
6
12
31
20
14
26
4
12
20
8
13
13
9
4
6
35
45
10
155
56
14
17
10
38
9
14
18
72
14
8
15
16
3
9
15
14
22
18
7
11
15
8
14
7
8
2
4
4
1
48
27
14
10
10
12
130
30
10
24
46
8
27
33
25
21
6
8
13
10
8
23
12
11
10
8
2
27
132
129
110
10
18
26
14
14
21
36
23
31
13
17
13
23
12
6
3
10
3
44
27
28
100
86
13
37
45
25
14
100
3
14
20
13
28
12
19
13
10
18
13
11
16
12
6
17
11
6
5
4
6
126
16
417
67
43
28
14
37
21
8
22
28
11
42
18
32
16
13
9
9
5
10
10
1
6
6
1
2
16
596
110
139
61
195
23
142
37
49
43
16
12
15
6
16
10
12
9
12
5
8
11
11
11
7
2
76
677
152
15
31
16
18
12
5
54
8
16
36
46
135
13
25
37
29
24
127
2
10
13
6
26
12
12
13
9
11
29
10
10
12
19
14
7
22
104
79
20
21
14
21
13
18
16
23
13
31
8
24
7
22
9
1
16
15
12
11
3
5
1048
22
29
73
6
11
29
169
12
27
70
89
16
15
38
14
17
13
3
6
4
13
8
80
6
96
30
15
14
56
30
39
10
12
13
8
17
37
14
9
1
11
7
4
5
371
325
13
270
13
31
12
23
50
33
84
13
14
22
19
6
13
11
9
1
4
3
4
11
19
71
13
29
9
8
13
9
8
7
12
14
12
6
15
13
17
26
13
4
11
2
3
2
85
27
269
114
10
18
124
13
11
18
8
73
23
5
20
46
16
18
17
16
9
14
8
3
15
8
6
17
16
16
67
50
49
22
20
16
10
46
12
9
20
17
38
9
29
11
17
20
66
8
11
85
15
20
25
10
20
5
9
9
12
11
10
11
362
43
668
197
476
89
39
12
14
13
31
15
13
6
33
19
25
9
18
28
20
5
39
20
11
8
7
4
1
120
15
92
16
34
25
12
41
11
14
42
8
10
8
10
17
10
14
1
8
37
18
1
9
9
1
16
12
8
42
12
24
12
60
50
7
26
32
52
21
22
9
14
11
8
12
13
4
6
5
1
1
16
8
19
47
18
11
93
9
69
29
19
19
11
25
33
16
23
3
10
14
9
13
6
19
7
8
12
8
4
7
6
820
45
21
56
44
48
101
66
35
79
16
52
102
12
8
32
15
10
22
5
12
7
5
17
9
13
14
3
5
8
4
3
1
27
726
78
195
5
16
33
41
12
74
28
15
14
18
13
12
7
19
12
5
18
9
11
6
5
9
14
28
161
19
50
99
37
14
13
9
8
8
7
33
16
11
15
7
8
16
19
14
7
8
12
42
43
199
15
37
17
4
5
21
32
38
20
6
15
21
12
9
21
4
4
2
27
257
45
16
15
91
4
25
93
124
9
25
3
3
22
7
24
26
6
9
13
27
16
5
23
31
18
18
20
52
14
7
12
10
25
7
5
16
11
11
12
7
18
3
12
145
18
43
29
44
19
12
4
4
9
9
10
13
22
7
7
12
8
6
8
16
3
1
158
314
136
14
13
26
28
36
14
9
21
16
25
9
11
12
17
14
24
15
20
8
10
12
5
4
533
87
12
85
31
45
31
18
21
47
2
12
10
16
13
21
6
8
7
1
1
11
1
10
100
29
52
53
33
11
97
12
40
19
8
30
27
16
16
21
13
10
13
9
2
22
10
9
17
78
32
228
25
80
19
10
56
67
21
29
84
20
53
26
21
29
16
20
2
14
21
11
23
15
17
2
7
9
10
9
13
14
2
3
284
18
28
9
230
37
23
13
15
13
17
15
59
42
20
12
12
21
6
13
12
15
7
1
1
2
2
9
18
13
11
39
19
21
13
15
16
22
25
7
57
38
15
10
12
22
18
9
9
11
11
1
83
161
10
448
8
140
20
29
71
87
8
21
17
67
22
18
28
15
32
39
27
14
10
8
82
14
2
18
9
13
7
11
26
8
5
13
93
28
12
13
5
11
21
12
5
3
7
10
1
12
11
46
15
58
12
93
16
54
19
33
17
37
5
20
38
12
30
6
3
14
11
18
19
18
9
3
55
21
23
107
10
66
15
3
7
25
13
17
15
17
16
15
31
13
16
12
11
3
7
9
8
8
5
3
10
33
22
8
12
119
16
11
24
9
29
1
6
11
24
47
8
18
8
2
1
13
778
8
29
41
20
149
46
95
15
36
29
67
26
23
16
4
28
18
16
10
25
35
23
5
7
14
13
9
8
19
16
21
11
10
14
5
11
12
1
1
379
23
26
118
5
191
15
13
22
80
31
64
106
27
5
11
38
14
92
2
4
8
1
5
8
1
1
812
25
18
8
18
15
33
55
13
16
17
26
29
21
39
10
13
22
13
8
10
21
32
119
28
42
7
8
50
26
21
143
19
108
21
31
28
27
33
5
35
35
12
28
11
17
13
20
14
22
14
1
6
99
53
16
37
16
11
47
129
142
11
64
18
102
21
36
33
15
7
70
64
16
8
32
17
30
12
10
175
35
141
25
17
11
40
8
10
73
26
17
16
10
11
20
16
34
8
10
17
6
13
18
7
2
19
292
56
60
42
97
12
23
17
15
11
8
5
21
11
26
44
21
40
19
62
24
24
11
23
22
23
26
11
2
1
36
259
298
13
20
30
22
16
17
20
9
17
11
13
57
12
19
22
18
3
43
9
10
15
13
11
12
12
17
6
2
3
4
1
2
1
207
15
7
40
11
81
14
25
16
14
9
26
8
38
19
14
30
17
53
10
24
27
19
26
13
12
1
14
16
11
6
11
5
35
96
26
13
22
4
13
20
34
10
110
85
28
37
64
27
44
20
16
58
8
14
13
11
8
4
8
8
4
3
1
132
174
51
12
20
10
69
17
41
26
53
8
53
12
16
9
12
24
8
6
1
4
76
11
39
237
73
13
13
14
13
151
1
13
8
25
10
10
12
17
8
12
29
9
12
7
6
17
19
9
6
1
162
30
161
21
267
19
7
17
37
29
15
10
10
5
50
6
28
24
7
12
16
2
9
245
48
12
26
37
30
25
14
10
30
10
13
22
29
21
29
2
27
15
10
6
10
5
9
10
13
7
17
10
6
9
1
1
2393
464
36
25
32
29
7
26
10
94
7
4
15
11
44
7
18
16
17
24
11
19
15
10
25
17
11
12
5
8
256
1895
33
31
111
36
12
18
6
39
14
22
8
91
13
13
20
2
29
13
14
11
4
16
14
12
10
9
5
5
34
22
12
10
4
12
45
11
10
12
15
10
12
9
19
34
12
12
1
10
2
1
28
90
122
27
70
72
138
30
101
8
13
34
12
185
105
27
12
15
29
14
26
13
50
9
3
11
8
19
24
12
3
14
7
7
16
12
14
18
15
14
4
1
1
1
173
21
39
99
543
38
409
122
15
54
18
10
46
7
6
30
14
21
22
13
14
19
9
21
7
10
7
1
485
62
408
225
51
23
13
16
15
12
14
19
21
13
35
17
10
7
109
17
170
34
12
234
106
103
28
8
12
65
42
15
13
17
45
13
29
3
9
7
15
21
9
7
21
2
10
15
4
3
1926
147
186
22
21
19
18
41
30
62
6
55
12
8
11
4
10
12
15
9
16
11
17
4
14
8
4
3
3
14
36
51
13
21
12
32
10
25
12
20
28
4
11
12
41
11
16
26
52
19
8
17
3
14
10
12
11
91
86
242
16
75
7
40
17
7
10
27
8
10
20
12
10
18
9
20
14
7
11
4
46
24
10
48
9
63
31
41
42
43
13
17
11
47
11
27
15
42
17
8
14
4
3
8
1
233
355
12
110
11
24
14
88
25
117
9
14
28
10
45
4
27
16
10
10
7
14
14
83
38
23
224
44
36
203
74
11
33
17
13
39
18
12
7
14
35
23
99
48
12
7
21
9
26
58
12
32
16
16
6
1701
10
16
25
71
46
51
28
16
35
34
12
11
18
19
3
16
8
12
7
25
128
348
15
13
44
12
8
18
61
46
32
17
15
13
21
10
18
11
22
1
14
6
18
6
10
350
310
23
12
40
97
35
20
12
9
26
9
18
18
9
12
28
23
11
12
37
31
12
14
10
36
11
5
13
7
4
21
10
11
34
19
18
12
15
12
7
2
24
13
40
55
14
81
10
11
13
23
7
24
20
8
17
5
3
206
13
471
218
929
68
52
97
24
37
9
70
3
25
12
31
22
26
7
6
11
40
1
14
28
11
16
12
17
16
4
12
9
14
3
14
12
12
8
1
12
41
274
10
69
93
70
22
10
30
36
14
46
13
21
25
8
35
7
10
9
6
16
10
13
7
18
3
3
10
1079
15
115
3
10
18
24
7
17
45
59
40
13
24
15
7
2
17
20
12
2
15
32
198
15
34
14
24
13
6
21
5
50
17
18
43
41
19
10
21
16
8
13
14
21
10
36
9
8
1
3
11
10
1
1
372
148
283
16
18
29
11
40
28
60
22
1
18
17
12
10
22
3
31
10
15
16
19
11
15
14
5
9
3
6
1
280
63
93
31
39
26
13
19
31
86
42
42
12
11
17
26
13
20
10
14
18
13
12
9
9
34
13
12
21
8
1
1
1
41
2
21
9
7
13
18
18
9
8
17
20
13
8
4
11
19
7
6
5
12
11
8
16
13
43
21
70
32
11
53
14
9
15
19
10
24
12
16
28
27
23
18
7
10
2
6
10
8
3
1
788
46
113
18
44
31
26
4
129
69
37
69
37
44
19
18
56
18
14
17
27
12
5
23
16
12
10
8
3
35
37
28
219
19
29
19
90
17
15
22
10
10
12
11
7
13
7
13
14
18
19
13
10
14
9
7
17
13
10
2
2
1
2
1
477
54
60
17
99
29
41
10
19
17
15
66
84
18
14
25
7
29
28
9
9
10
5
6
20
12
2
1
1
1
33
43
33
132
38
40
14
31
150
5
29
10
18
31
13
26
17
9
7
4
44
41
5
35
134
87
7
28
12
16
26
8
18
21
9
15
13
12
5
16
9
13
21
50
5
15
90
8
31
17
6
16
17
13
17
15
12
5
18
3
1
9
39
24
114
58
16
8
30
6
15
22
17
49
46
11
13
26
31
20
20
9
6
5
10
1
1
2
35
37
265
27
106
11
16
17
24
18
11
5
10
25
1
10
15
16
7
8
1
8
2
192
36
40
496
6
67
11
41
368
56
49
32
46
18
18
34
11
18
9
12
5
30
6
16
29
19
13
10
14
9
11
10
24
8
8
1
1
27
7
10
59
10
13
17
26
69
21
25
11
7
7
16
9
1
6
3
16
18
19
11
127
42
26
11
36
28
5
8
6
16
13
39
30
13
15
12
4
17
6
17
1
6
14
9
1
10
3
1
208
14
13
90
405
7
90
22
14
29
17
21
18
6
18
12
11
14
70
14
8
5
18
8
6
10
8
12
7
11
19
14
3
65
136
129
10
9
90
10
18
7
36
19
15
32
47
24
29
21
11
41
18
16
18
24
7
28
38
23
146
53
48
35
75
33
100
21
99
43
83
9
17
19
10
20
17
28
7
29
19
7
8
3
8
3
70
212
21
27
16
18
43
23
12
35
20
8
15
5
31
16
20
3
11
15
17
39
8
284
13
93
39
46
32
30
22
33
3
16
60
29
6
41
2
12
16
7
15
7
9
8
1
97
30
24
19
53
16
10
35
10
400
110
9
18
56
26
9
11
15
19
7
5
66
141
129
64
27
65
66
146
37
6
13
18
14
23
20
15
14
14
3
8
11
7
10
2
2
409
13
15
47
31
82
681
38
13
17
230
180
40
14
35
113
22
12
13
119
143
68
144
46
39
13
15
5
34
7
5
8
18
19
10
10
18
4
9
26
14
8
12
8
12
40
86
146
120
28
26
24
15
8
15
39
4
15
16
13
43
33
12
13
7
8
10
12
7
11
17
14
20
11
11
3
1
1
7
148
23
19
106
32
34
23
45
78
6
33
11
10
10
44
20
12
60
12
13
10
7
16
1
198
34
9
13
10
30
15
32
10
11
16
10
9
41
12
18
15
4
18
13
2
3
13
6
10
11
298
439
79
57
43
34
269
55
13
7
13
33
33
18
83
41
26
15
6
11
20
21
9
13
13
18
25
3
13
1
573
10
50
18
49
6
45
198
5
20
63
23
15
16
38
39
23
25
23
8
7
6
9
16
7
1
34
28
137
35
13
5
10
29
29
8
11
1
15
9
1
7
18
23
13
133
95
29
11
43
30
12
16
15
10
20
33
26
11
8
10
7
7
6
1
27
81
22
31
7
64
30
58
17
16
13
25
12
18
9
13
1
4
19
3
7
1
23
4
63
43
14
10
30
16
24
7
13
14
10
71
35
18
11
16
8
26
9
12
7
8
19
6
13
12
6
16
19
10
21
198
50
22
30
16
17
9
28
3
82
27
11
18
8
7
4
7
5
67
20
34
116
10
11
19
7
37
35
46
3
12
12
14
16
12
6
6
2
11
1
7
1
1
1
8
192
21
65
120
19
31
104
9
99
6
6
28
14
16
30
15
9
10
8
27
11
17
8
16
12
15
8
7
4
2
1
45
14
54
677
6
12
70
24
7
16
5
9
11
31
13
25
20
21
7
9
203
11
53
22
5
58
16
12
271
12
30
26
17
20
5
27
29
16
24
17
27
7
11
18
9
13
8
10
7
1
39
13
12
600
80
22
19
31
5
23
29
22
50
14
17
59
11
9
15
4
14
8
19
16
2
3
12
2
1
18
197
74
29
21
12
21
44
22
49
14
31
19
13
23
15
15
7
14
6
11
14
8
10
12
8
17
13
8
9
11
7
3
55
14
45
33
38
26
23
177
88
12
3
21
52
22
15
1
13
11
11
36
14
11
15
5
7
2
1
31
29
67
16
97
14
14
12
12
1
41
16
7
19
7
27
13
9
7
7
8
3
1
122
278
7
12
20
10
27
19
28
17
37
9
16
13
17
34
3
13
10
14
17
12
17
8
10
17
11
11
10
12
200
93
12
25
13
65
30
12
16
16
100
14
23
39
33
7
25
34
8
14
12
11
9
32
8
12
13
5
1
1
58
152
136
193
18
14
235
179
32
17
40
17
23
27
12
10
25
36
16
10
14
12
8
17
18
6
7
23
18
62
16
9
14
52
52
8
36
30
11
7
17
8
26
34
15
15
6
3
4
1
2
48
46
24
17
6
202
133
17
10
48
146
13
30
12
20
24
15
14
11
2
66
10
14
1
18
27
25
28
8
52
18
12
12
11
13
9
5
1
1
28
57
72
68
19
29
23
12
85
19
9
44
28
16
5
3
11
12
8
4
3
596
13
32
100
10
87
8
81
12
29
14
9
9
12
18
13
8
37
7
13
14
17
5
12
1
265
41
9
211
86
15
96
53
22
79
5
21
17
11
13
8
16
16
13
15
24
23
4
30
10
21
35
15
10
14
1
717
17
7
33
20
13
19
39
23
223
19
16
20
25
20
64
22
15
17
14
11
7
11
5
21
14
12
7
5
6
8
22
18
60
118
21
46
50
13
8
15
66
9
24
8
17
27
13
7
6
15
22
12
7
13
7
15
14
566
15
15
22
23
57
10
15
19
23
39
16
8
12
19
17
13
5
23
32
12
8
6
10
6
14
7
10
11
8
4
203
106
77
15
24
24
114
58
36
24
70
109
24
49
21
22
25
9
13
25
32
17
24
19
11
12
6
7
1
57
22
13
24
16
8
24
20
7
30
61
12
27
22
14
9
10
11
6
19
5
10
10
1
27
9
42
53
25
38
30
46
44
35
12
16
13
12
12
15
13
12
7
10
10
7
4
714
19
23
8
26
53
85
19
29
13
60
18
14
20
10
20
13
14
11
11
7
24
7
6
2
64
14
314
57
24
28
17
63
12
10
24
16
20
13
17
35
15
61
11
20
14
22
11
18
16
6
12
8
8
17
2
47
62
31
51
52
34
20
26
13
7
60
17
38
8
11
18
30
10
18
16
13
24
8
11
13
8
6
33
8
5
11
8
9
12
1
3
25
12
18
13
19
10
95
10
32
17
13
10
14
7
22
20
5
10
7
9
8
2
6
18
16
7
13
2
8
4
6
292
112
30
12
15
17
24
11
8
21
17
12
16
7
16
10
18
10
9
9
12
8
2
6
19
29
20
23
36
50
15
33
7
20
23
13
10
8
20
6
1
13
15
4
23
7
9
15
17
6
3
2
15
12
8
1
1
10
45
39
51
70
8
33
18
59
16
21
25
9
24
8
14
1
10
11
23
15
1
9
1
7
1
68
253
47
15
19
51
13
30
9
24
64
27
21
18
51
17
8
125
49
9
3
14
13
6
8
25
31
20
4
7
7
1
2
13
1243
15
237
24
104
34
135
11
33
56
12
10
8
7
15
9
8
20
10
17
11
2
12
17
21
7
10
36
3
30
7
3
6
3
1
14
21
11
24
17
15
73
10
10
14
14
16
11
32
4
13
14
5
6
95
2603
23
116
10
42
68
14
15
12
15
28
23
36
59
18
24
4
5
7
19
9
8
6
14
10
9
20
70
221
26
17
16
46
49
147
56
55
13
26
9
21
32
9
21
6
6
13
10
3
42
14
26
185
6
30
13
114
10
15
16
31
43
36
13
5
33
8
9
13
22
9
12
6
2
7
8
1
6
9
325
22
15
30
23
107
49
28
34
17
8
20
27
10
12
14
11
46
9
35
9
6
16
11
10
14
10
13
10
169
466
239
14
12
28
5
18
10
8
11
17
19
21
43
3
7
17
15
16
14
6
8
24
5
1
4
13
899
75
117
53
37
43
31
12
13
74
15
6
12
11
56
59
11
56
15
10
16
10
14
19
9
5
10
12
4
3
22
64
9
80
45
17
3
35
19
13
12
15
16
7
13
38
11
8
12
38
3
1
8
3
17
151
116
9
48
11
19
79
14
27
17
6
26
3
9
9
12
17
10
10
17
8
8
18
25
11
1
5
359
398
745
14
127
33
38
77
14
17
13
10
38
10
15
244
18
36
13
79
7
84
29
12
27
17
39
8
42
30
14
12
6
18
16
4
10
16
14
187
9
14
81
134
58
13
19
34
36
8
31
9
24
11
8
11
15
38
15
7
1
16
16
34
32
49
26
27
67
77
11
14
9
8
11
197
27
52
9
3
8
3
9
26
15
7
8
8
10
251
43
8
141
86
41
12
17
18
7
28
27
13
20
11
8
4
19
10
3
3
9
19
21
22
3
10
2
11
7
8
4
25
18
16
17
26
41
46
15
12
11
16
25
50
4
11
39
11
5
20
17
23
4
9
8
8
3
2
1
110
12
11
17
9
10
23
29
10
11
11
10
13
8
30
21
11
27
13
9
1
2
63
93
173
15
65
107
13
126
16
16
12
11
8
43
13
21
6
14
11
9
10
13
15
7
6
31
144
48
100
10
12
185
44
107
6
14
15
41
8
12
12
21
19
40
17
15
38
20
25
41
31
25
30
30
13
8
17
7
9
18
19
6
17
10
466
14
9
121
9
62
8
24
34
23
34
12
54
17
34
17
21
8
9
11
10
13
15
14
4
2
1
16
14
190
27
21
66
49
16
37
38
7
14
14
12
16
13
9
230
19
16
11
37
6
24
37
20
11
8
21
5
2
25
8
9
15
20
13
6
19
11
3
2
20
56
10
41
14
22
90
7
32
9
29
22
20
23
12
15
13
7
19
11
19
14
4
19
10
14
17
14
10
13
9
10
1
1
1
58
89
10
41
36
55
33
23
20
31
45
17
14
40
7
10
10
15
17
12
16
3
18
6
1
1
11
16
366
612
131
39
13
44
7
26
42
4
22
17
17
16
8
6
12
9
6
11
12
6
132
15
81
4
28
22
9
68
26
14
11
40
14
21
6
20
6
20
13
16
25
12
22
7
10
19
12
11
8
23
11
10
5
2
144
196
146
17
11
29
60
69
23
20
59
26
12
22
8
9
21
13
40
8
9
8
12
33
17
18
10
13
6
1
28
78
19
17
74
40
54
17
20
25
13
10
10
37
20
23
13
31
10
10
17
32
32
9
19
14
8
12
10
10
16
14
241
100
48
23
72
46
11
6
19
12
12
19
5
13
10
16
14
15
11
9
13
13
22
6
5
81
87
64
926
133
24
17
5
17
14
15
26
13
8
16
14
23
30
10
13
32
35
13
20
29
15
9
16
14
10
19
8
13
14
6
22
8
6
5
3
357
49
43
17
14
12
11
7
32
30
9
5
21
7
11
14
13
85
7
30
6
11
7
12
8
14
8
7
7
51
1627
148
130
67
23
60
35
51
7
7
22
24
15
9
19
23
3
15
15
10
7
19
13
10
10
17
26
10
13
11
1
11
122
35
11
71
7
15
17
46
24
25
7
54
13
31
22
4
13
18
3
23
10
2
7
22
25
19
8
7
14
19
85
100
49
15
19
115
19
26
12
24
15
44
80
25
95
10
15
12
22
14
6
23
6
10
10
7
493
99
35
13
500
31
16
13
21
12
7
28
63
5
24
26
15
18
11
8
24
6
12
10
11
11
13
9
13
5
8
6
5
1
2
57
10
31
251
56
14
16
13
22
52
43
18
27
14
22
13
9
16
15
13
11
12
9
2
15
9
186
9
44
152
54
28
18
100
64
22
8
15
14
16
38
10
16
8
11
24
17
7
6
2
7
2775
48
59
22
21
48
35
3
9
20
24
7
10
14
14
15
33
8
26
210
98
11
160
315
119
16
149
30
18
66
27
41
21
16
23
23
23
11
12
18
26
26
6
20
6
13
10
12
4
10
6
1
10
168
15
10
17
20
6
14
9
20
19
20
29
12
23
8
8
11
8
10
4
8
15
5
13
12
10
7
2
1
25
655
12
8
50
42
75
29
23
37
12
33
25
14
20
18
11
11
6
10
14
26
14
25
20
11
11
64
59
9
12
28
15
20
31
24
32
11
29
13
23
7
21
12
10
6
8
12
1
1
250
95
22
19
217
15
14
27
12
15
23
8
25
74
72
6
18
13
7
3
15
6
5
3
73
29
9
89
43
76
41
29
16
7
22
47
21
30
19
12
7
16
10
36
32
10
15
9
1
7
8
7
13
6
6
1
47
11
40
2
9
367
70
13
15
56
28
60
17
17
22
19
7
16
15
10
8
8
7
9
9
178
19
70
27
7
23
67
32
16
29
8
11
27
20
15
15
19
8
7
13
6
3
1
13
17
63
167
55
55
514
46
49
33
9
11
6
11
31
39
21
19
23
12
12
14
6
15
5
2
1
16
39
10
112
41
12
27
22
128
5
11
16
52
33
11
4
34
26
11
11
13
7
7
24
21
7
14
3
7
17
9
52
28
52
10
31
14
8
15
4
14
20
14
12
9
2
1
415
37
19
30
18
14
55
232
28
8
19
26
7
8
14
23
18
15
29
5
18
19
5
6
5
6
1
1
13
14
13
44
8
73
23
11
9
6
12
13
10
19
4
10
8
1
2
480
89
46
28
28
10
54
9
58
22
26
152
20
25
49
35
11
52
26
16
12
8
24
10
13
7
16
21
10
205
63
23
38
38
205
15
76
79
188
122
6
39
11
9
68
95
10
16
21
15
6
15
16
14
8
21
10
38
11
2
22
13
5
7
9
7
8
2
5
13
1
21
22
74
203
13
17
37
38
38
38
8
3
9
10
14
11
5
7
22
8
14
17
7
10
6
14
15
3
1
161
62
20
11
139
27
21
15
22
11
7
9
7
25
10
3
50
188
395
53
91
21
48
11
12
27
19
22
11
8
71
12
23
9
13
25
14
8
4
1
7
22
20
28
119
16
31
44
71
26
27
7
36
15
28
17
12
16
19
10
9
11
9
1
8
6
15
1
1
342
33
8
24
9
10
3
20
9
70
39
1
28
17
10
7
10
9
13
10
10
8
9
12
26
15
90
116
34
16
11
8
32
18
15
7
13
39
44
9
5
9
15
7
7
11
14
9
27
22
11
14
51
15
10
10
21
25
36
17
21
14
6
8
24
2
10
9
7
11
1
7
12
4
1
94
56
14
54
331
152
10
26
6
8
25
15
11
11
20
22
36
9
4
11
9
23
2
3
1
4
69
29
16
36
15
100
11
4
11
14
11
30
29
11
8
7
14
9
10
8
4
1
2
2
18
22
26
12
8
10
16
48
21
37
12
6
13
22
17
11
9
9
11
10
11
4
9
4
597
144
25
94
62
84
118
18
34
10
29
18
12
17
9
26
22
18
4
9
11
6
13
5
9
84
43
22
22
29
18
29
11
9
16
22
61
19
6
13
13
22
27
12
15
10
8
7
25
2
11
5
12
13
69
52
25
31
42
6
13
32
18
6
13
17
8
14
22
10
18
7
9
1
11
11
57
22
27
89
165
7
11
46
22
22
15
12
26
23
16
17
5
8
21
16
1
25
11
36
84
10
24
26
20
93
14
13
10
14
27
27
19
11
8
16
8
19
8
11
19
10
12
24
4
10
11
13
11
2
1
23
16
167
13
88
40
32
11
17
45
13
7
64
97
19
6
24
12
15
14
13
7
8
11
1
178
41
135
17
43
11
31
15
73
8
12
11
17
8
17
15
8
24
11
13
6
9
8
1
1
1925
589
29
37
42
32
13
18
88
7
13
6
13
15
33
2
17
9
15
11
13
14
14
16
10
21
8
12
10
8
8
1
3
138
10
5
23
46
89
26
18
1
12
10
7
16
12
15
15
12
42
128
50
23
10
80
6
30
16
20
32
20
9
14
8
13
6
8
4
8
6
24
32
14
19
10
12
11
8
46
3
8
5
1
10
10
3
17
114
15
59
15
244
14
10
13
201
74
9
15
14
13
10
12
35
15
9
3
11
11
7
11
1
8
13
394
7
8
19
10
34
19
19
53
7
31
23
18
15
3
9
16
5
14
14
5
10
1
2
1
285
20
17
26
50
14
38
11
21
64
6
25
7
17
8
18
17
8
5
40
16
9
3
1
8
20
7
33
24
8
17
19
47
30
13
11
11
11
14
8
25
10
7
10
7
3
96
167
58
68
16
28
33
6
5
33
17
7
6
42
16
30
8
16
9
10
18
27
10
5
11
4
51
120
13
37
41
8
25
21
77
18
9
114
28
25
12
50
12
33
19
15
20
5
153
16
18
35
72
14
12
26
15
28
10
1
9
16
9
5
16
8
14
13
7
3
184
50
156
17
16
23
52
44
15
48
10
16
22
31
31
12
17
44
12
21
42
37
9
20
5
8
16
14
9
20
24
98
41
6
28
46
27
15
17
15
13
11
4
10
11
19
15
30
5
15
6
9
9
2
16
73
1
15
14
11
35
34
22
6
8
18
29
13
1
1
641
11
17
29
9
33
17
27
7
31
124
26
12
13
11
6
6
16
11
5
5
16
14
84
27
14
18
33
11
2
13
109
6
11
33
5
48
31
10
5
4
9
9
14
7
10
1
11
62
222
103
11
77
17
35
70
27
2
36
107
12
12
14
15
5
17
10
42
22
7
10
1
6
9
23
14
7
2
7
102
20
142
30
145
12
31
13
14
50
61
9
19
16
13
15
19
13
17
6
18
11
4
21
4
12
1
12
14
124
11
16
308
18
13
14
10
32
7
23
29
16
11
31
68
26
33
13
17
6
14
8
14
11
7
293
46
23
5
25
8
28
18
16
18
23
9
17
8
1
10
13
34
31
7
20
8
10
13
9
1
1
305
52
28
125
88
16
16
18
34
14
19
5
17
7
8
30
10
23
10
11
9
6
2
1
1273
488
149
16
28
56
204
6
13
46
27
14
82
35
27
27
34
9
20
29
11
17
10
31
8
3
8
9
5
114
26
21
71
13
22
18
22
14
18
17
5
15
6
19
11
19
13
15
26
13
10
6
7
9
22
9
22
16
1
3
10
8
4
5
12
49
15
57
8
3
35
41
14
16
150
15
33
15
28
7
12
16
24
3
18
18
10
8
11
10
3
3
3
3
1
159
42
22
7
14
14
11
13
40
3
11
9
13
14
9
13
15
8
12
14
13
17
8
5
11
2
7
4
17
94
42
14
22
63
55
27
19
12
11
20
7
22
9
19
16
11
15
4
1
96
27
49
13
37
16
21
28
83
7
18
28
15
11
11
8
39
8
12
19
5
12
14
2
9
12
11
13
3
4
1
170
59
10
72
28
14
202
17
29
8
34
9
8
35
25
13
11
7
15
18
5
1
1
6
2
1
66
25
20
11
19
47
19
38
13
25
11
9
3
8
15
15
12
23
7
8
7
11
12
10
35
255
21
19
25
57
16
89
2
33
83
14
8
20
9
20
11
9
2
24
19
76
21
38
14
13
6
55
18
9
13
15
20
7
11
6
17
14
20
5
7
15
13
3
714
302
50
154
52
24
82
28
18
54
49
65
11
40
19
14
7
6
32
46
20
35
3
5
4
2
2
2
1
24
124
66
30
36
11
133
36
54
13
32
16
60
8
21
10
49
18
12
12
12
16
8
46
2
21
7
8
18
10
7
8
6
11
14
6
10
33
26
10
17
19
25
10
5
6
16
11
42
13
12
14
9
9
3
3
13
4
3
14
3
3
104
28
21
58
64
19
341
6
50
24
28
17
15
5
36
11
12
35
14
10
7
20
22
6
9
5
20
4
13
11
3
56
30
38
41
16
49
117
61
19
13
50
18
18
85
10
8
48
50
27
8
20
9
8
15
12
8
7
16
16
9
7
9
7
13
7
3
2
121
2566
312
19
133
22
41
30
33
46
17
46
19
12
25
5
16
14
15
17
11
5
21
12
9
11
17
15
3
10
11
17
60
16
38
57
12
89
17
36
8
7
14
15
22
21
12
7
21
13
8
16
16
10
11
2
6
9
219
33
17
13
10
8
26
24
19
18
7
16
29
12
11
12
6
19
30
12
13
11
11
12
21
16
10
4
1
49
11
34
42
8
115
22
8
30
12
32
14
19
10
6
16
3
1
10
2
3
1
58
122
23
25
20
36
3
19
69
21
29
13
14
54
25
11
46
15
6
23
14
17
8
14
7
13
11
1
10
7
36
17
3
8
11
30
18
20
41
57
11
14
20
20
15
19
12
10
18
26
1
27
15
61
25
13
10
37
26
15
41
21
13
19
35
14
22
15
10
14
8
10
13
11
16
12
5
7
10
13
9
17
6
8
3
8
9
4
5
10
1
3
21
14
12
12
67
3
16
6
16
383
29
50
22
14
9
18
29
22
7
22
7
12
5
1
172
23
58
49
11
16
17
56
24
5
14
10
12
22
19
9
13
11
13
13
6
5
5
10
7
9
1
16
22
10
22
54
13
48
40
27
78
30
38
16
15
13
8
45
16
15
17
14
5
1
11
273
727
278
109
32
10
12
7
96
159
31
29
12
20
48
29
18
10
40
22
11
12
9
9
3
1
2
2
411
52
155
5
25
79
39
13
12
52
11
15
12
10
89
52
35
29
37
16
17
14
13
8
12
1
17
6
11
1
2
55
12
1082
38
49
25
126
34
92
7
199
19
16
33
8
10
10
8
14
13
21
20
6
10
8
5
6
16
6
14
3
46
57
58
247
70
32
14
42
47
156
10
31
45
31
11
159
19
17
22
13
37
21
22
21
13
10
10
12
11
7
34
16
9
7
7
6
1370
147
8
16
27
354
27
11
4
38
15
15
14
20
12
6
8
1
16
27
34
7
24
18
18
17
45
5
19
11
4
13
9
12
13
6
7
5
4
1
612
14
44
13
16
19
26
3
20
12
16
19
10
8
15
20
4
18
14
2
8
2
45
10
17
26
16
47
21
39
13
6
13
10
16
11
31
22
4
15
10
9
8
26
16
6
6
103
20
251
11
33
188
17
7
19
20
13
8
21
13
18
33
7
16
12
33
13
10
9
18
10
10
13
10
5
5
3
14
38
15
33
23
66
25
11
33
20
20
9
38
19
19
27
50
41
12
26
8
9
10
4
7
13
3
1
34
425
453
20
16
105
19
35
16
10
11
14
18
25
9
12
14
18
19
11
12
15
15
12
10
14
7
8
4
9
9
1
45
18
65
46
22
13
15
7
147
12
25
22
18
19
64
16
8
23
6
8
8
13
7
13
20
17
14
4
2
1
159
576
27
539
17
13
114
64
5
25
35
3
22
7
2
10
8
4
29
16
8
22
13
93
12
9
9
50
20
16
27
22
30
21
78
16
213
13
17
24
10
17
16
5
5
37
23
6
55
10
16
10
12
4
4
1
372
1241
61
33
9
87
50
16
12
35
64
23
23
77
60
50
44
23
11
16
19
20
16
18
15
30
19
8
5
9
7
9
11
3
6
1
1
1
1
190
22
253
20
13
149
15
38
14
16
7
8
18
9
25
13
13
10
28
34
10
7
3
39
26
34
17
20
8
6
15
9
6
16
19
23
10
8
6
10
7
5
2
2
629
30
29
29
59
32
17
42
9
27
44
2
10
4
9
10
4
517
9
69
9
39
59
70
46
17
13
63
22
30
23
25
27
15
9
9
5
24
23
15
8
3
7
17
13
3
13
7
16
30
245
37
39
60
53
16
10
5
31
27
24
5
11
17
11
21
20
10
11
46
61
23
135
20
39
49
18
93
57
10
36
9
37
11
9
19
1
35
5
5
2
14
7
6
14
13
5
27
27
11
30
22
9
7
14
9
6
139
9
26
17
7
10
6
14
20
10
6
12
8
10
3
1
199
9
11
109
20
49
7
90
15
13
6
54
23
9
53
15
22
19
20
8
13
3
3
4
214
109
129
42
61
238
20
40
17
32
26
100
16
13
63
15
43
18
5
19
9
18
12
12
25
20
7
8
5
8
10
20
20
10
18
10
13
2
49
23
21
19
22
12
8
12
5
4
18
18
6
18
18
19
37
7
7
8
9
7
16
13
1
13
10
7
124
31
12
13
18
57
129
23
6
26
12
13
15
24
11
13
17
25
18
22
6
13
6
65
480
28
50
85
21
57
7
17
9
16
14
51
10
37
65
7
16
22
17
25
10
9
9
20
17
2
7
6
21
9
4
2
6
260
301
101
5
102
25
20
23
24
30
8
90
9
23
8
14
24
21
11
10
23
9
11
15
3
14
2
12
1
10
1030
543
636
900
32
30
16
7
26
11
16
30
13
26
37
9
29
14
5
14
11
15
5
6
4
2
70
55
8
38
108
14
9
197
50
58
52
17
22
1
21
7
1
14
14
11
7
11
13
7
26
18
6
11
8
10
8
12
138
14
285
56
17
89
11
65
8
92
36
24
65
7
17
51
10
21
18
15
16
14
9
4
9
4
8
9
1
13
54
11
13
12
23
30
3
20
21
1
7
20
15
17
10
10
7
16
22
9
24
21
30
86
61
46
72
94
14
28
11
21
17
11
5
9
13
52
22
7
11
42
9
9
8
3
5
1
6
113
17
27
33
64
76
46
28
16
53
12
11
9
13
7
9
11
9
13
15
9
24
4
15
19
10
160
107
18
107
18
15
51
33
14
21
18
7
17
30
9
25
31
13
23
17
15
3
9
6
14
39
10
17
15
25
22
13
12
13
5
11
7
18
40
4
9
8
9
12
10
3
55
61
443
22
8
43
13
20
57
25
10
100
13
40
18
3
36
32
12
9
8
2
8
17
10
4
12
11
8
8
2
2
1
17
75
48
22
32
17
42
74
15
86
6
49
41
13
14
33
36
16
15
18
10
5
18
4
4
14
169
12
147
232
39
26
45
10
57
53
11
19
22
36
14
12
13
11
10
16
6
12
14
11
6
7
2
1
1
943
55
61
70
23
71
17
10
59
9
33
80
7
19
21
42
16
23
9
9
9
10
16
10
10
10
9
5
2
25
15
48
113
18
26
48
20
31
95
8
16
21
16
17
16
9
15
7
59
4
14
14
1
14
29
13
12
8
1
17
6
12
7
571
29
35
30
10
27
57
13
33
51
42
8
12
13
12
10
5
36
20
12
17
18
13
3
12
6
19
13
197
6
154
242
46
12
8
14
9
13
10
11
5
12
14
12
13
15
6
13
16
1
37
28
214
5
268
60
43
20
47
19
15
15
12
12
8
12
6
21
7
13
11
17
13
1
33
79
1382
600
44
135
137
25
12
31
67
64
90
10
19
21
14
7
8
10
13
14
7
9
5
8
16
1
17
6
3
4
1
8
38
20
34
36
47
7
12
13
2
15
10
23
9
8
12
11
25
3
15
7
9
2
21
7
509
1222
87
23
82
22
76
83
30
15
9
19
15
5
13
11
14
36
28
10
15
10
24
3
13
14
15
3
16
41
28
11
15
10
11
29
26
19
13
16
15
20
24
14
9
16
2
1
112
30
11
16
2
104
46
10
18
32
4
14
11
22
16
12
13
22
12
13
7
8
63
92
46
160
13
28
88
93
82
32
31
53
7
25
3
11
13
12
9
3
25
11
4
12
9
17
31
16
10
9
4
2
40
44
25
15
8
7
29
36
6
18
13
12
6
13
6
14
9
6
5
1
3
38
13
139
111
176
31
28
9
11
30
25
22
10
18
3
12
7
8
18
8
11
14
12
11
8
10
8
10
2
1240
813
411
61
149
37
16
239
17
87
343
37
51
8
24
30
6
14
32
7
10
16
39
5
6
9
14
7
7
4
6
2
11
8
1
270
14
23
192
28
10
58
16
15
55
39
17
8
12
28
32
16
12
13
27
48
6
40
12
7
6
9
12
6
2
73
28
8
23
5
15
26
7
18
22
19
31
13
9
13
15
2
8
1
4
10
1582
390
83
56
370
11
75
33
30
61
15
16
14
16
19
13
22
14
15
10
8
20
25
14
37
8
5
8
12
2031
607
33
26
42
5
13
45
12
11
18
6
24
12
1
9
5
47
65
15
47
12
30
13
23
16
12
16
29
20
32
12
12
10
11
20
28
15
6
11
18
3
4
113
109
45
32
93
83
8
18
12
36
7
21
42
13
9
17
7
16
10
14
18
8
17
2
1
1
129
108
764
33
15
37
163
68
10
18
77
22
18
11
13
11
36
5
24
18
44
13
147
57
16
79
20
30
29
15
14
64
8
13
31
15
14
12
52
20
15
38
15
3
14
14
3
1
46
32
7
26
18
33
13
59
16
19
9
19
51
22
21
11
13
11
12
4
8
7
1
11
36
160
26
31
20
7
24
23
12
11
28
10
22
14
17
21
6
303
175
309
598
36
25
17
15
15
10
54
71
18
13
46
65
30
14
24
19
18
18
15
13
8
19
12
15
1
13
2
8
10
9
1
7
403
6
20
38
73
44
69
17
19
10
18
9
17
12
14
9
11
33
12
13
9
28
18
11
5
15
13
5
4
1
5
13
27
22
23
23
11
15
2
19
8
21
10
7
33
2
101
15
11
36
27
21
6
9
32
25
11
44
14
18
21
3
22
31
7
13
6
19
7
14
10
8
4
8
5
1
57
32
87
25
18
29
72
25
21
9
27
14
12
51
23
42
10
4
12
9
11
4
9
9
7
3
1
60
19
88
80
12
12
9
64
9
11
23
47
8
10
10
40
22
13
10
8
9
14
14
17
21
28
9
10
13
4
9
32
20
70
11
34
12
15
14
19
10
12
3
11
13
6
23
15
7
6
13
7
11
2
9
8
42
277
11
356
28
60
5
66
17
59
39
69
21
23
48
18
19
27
18
14
6
3
18
18
12
23
14
13
12
3
10
8
277
114
56
18
16
48
26
15
41
87
45
22
28
4
7
51
23
30
63
21
16
19
9
6
12
35
4
19
7
27
355
160
136
11
73
38
25
23
23
7
18
53
39
8
40
13
15
9
9
15
10
7
5
3
68
361
65
20
27
38
27
179
115
30
36
14
21
10
25
23
34
24
22
14
13
13
15
10
6
7
30
97
126
42
8
21
9
16
10
9
13
17
1
10
12
67
80
19
33
152
26
21
132
14
21
39
8
64
8
46
28
13
21
10
12
11
6
11
6
16
21
235
26
27
15
4
12
31
33
12
16
7
27
22
9
3
37
11
13
21
10
14
5
20
11
6
5
19
20
18
13
9
4
2
12
45
32
158
10
5
22
9
24
7
13
17
11
22
40
11
13
17
9
9
14
5
7
1
20
214
30
25
28
30
10
11
16
5
31
15
9
6
12
16
8
30
207
15
66
27
16
22
53
18
82
65
22
6
36
22
9
69
13
8
16
51
41
16
12
14
17
2
10
15
258
55
110
21
5
29
40
20
15
32
18
38
39
10
19
7
13
19
39
5
5
5
5
6
10
50
24
86
77
23
32
14
17
15
6
7
5
13
23
5
10
13
9
5
9
10
10
14
7
9
3
54
442
14
37
15
50
13
20
45
17
14
58
17
14
20
11
11
14
14
14
13
5
10
9
12
10
8
8
5
13
8
7
3
109
18
12
7
20
46
31
13
10
28
29
49
11
15
9
3
12
12
29
17
19
13
12
12
12
10
29
7
7
16
23
5
22
15
34
6
5
22
4
9
9
15
1
251
23
226
30
18
2
13
7
19
5
16
39
15
14
12
19
18
44
23
17
3
3
13
50
10
75
86
18
97
27
34
13
17
11
14
14
16
21
16
4
11
18
16
28
14
302
905
15
3
26
58
32
50
39
69
8
16
27
10
34
15
14
46
11
7
18
11
7
22
43
8
18
8
1
2
1
1
1
19
32
8
47
16
16
48
11
7
13
9
8
5
8
6
9
15
22
13
10
8
8
2
7
154
27
3
132
49
92
60
13
10
16
22
20
24
11
8
13
6
7
29
38
8
19
12
17
5
1
15
14
6
11
45
10
33
3
83
21
17
7
29
13
11
26
15
28
20
18
6
36
20
2
20
10
20
10
7
3
8
1
2
1
32
139
282
18
19
11
15
28
6
19
14
20
12
25
13
9
4
32
6
10
13
11
12
1
1
5
1
75
1335
359
1792
12
56
178
246
29
31
9
22
12
27
18
7
25
16
12
1
6
263
72
35
25
107
141
104
15
9
52
14
49
14
15
4
11
3
19
18
22
29
10
11
4
16
5
2
230
18
107
49
39
7
13
23
23
21
240
14
20
6
14
13
9
16
24
8
14
12
15
11
10
5
1
1
1
115
386
8
44
26
227
116
7
10
26
45
7
30
25
15
16
12
7
5
14
9
3
10
6
18
27
57
20
37
56
119
34
72
26
49
6
15
22
10
17
15
17
9
49
12
8
9
14
21
3
20
15
66
53
30
13
20
44
38
11
33
11
18
11
31
10
11
14
15
8
12
19
13
15
6
8
13
13
10
5
108
239
445
30
13
19
23
13
41
9
57
12
38
9
31
3
14
22
12
14
30
7
11
9
11
52
107
50
16
13
20
15
60
18
30
44
37
8
13
44
13
15
41
24
8
26
6
10
14
18
12
2
10
8
1
4
6
119
175
15
14
14
78
14
18
63
18
15
5
4
10
22
26
26
5
12
9
4
12
8
4
10
9
8
10
9
8
537
10
39
12
26
7
70
19
25
5
13
30
19
27
13
14
16
7
9
157
32
413
9
6
28
17
148
14
5
81
16
47
18
41
7
35
11
20
30
7
26
12
8
9
11
4
244
25
21
17
92
18
6
18
14
27
19
14
5
13
13
7
11
11
27
6
7
3
1
2
29
78
241
128
53
32
12
49
60
89
12
8
25
22
5
31
5
16
19
9
4
9
9
3
1
1
168
11
253
25
14
63
8
20
10
8
45
3
13
13
16
5
16
20
16
18
14
22
7
6
1
38
102
17
13
9
14
6
24
16
118
10
6
31
28
51
21
17
14
15
9
25
8
11
6
7
13
15
5
1
11
12
13
14
7
6
185
210
6
16
116
161
17
18
42
32
22
48
103
9
36
59
28
10
23
19
17
12
2
7
11
24
11
12
1
11
240
37
14
33
34
62
23
9
12
58
18
4
12
15
16
29
18
10
12
3
375
2002
130
715
18
75
37
48
12
10
12
37
113
45
12
19
18
17
25
32
19
23
19
10
9
12
13
6
18
16
9
42
18
13
23
2
5
3
7
229
40
225
14
94
40
29
66
57
13
16
14
10
15
9
4
12
1
458
15
267
20
24
30
29
42
26
15
19
4
33
20
19
18
12
11
2
10
16
16
8
17
13
8
2
24
7
8
7
14
1
1
1
36
17
54
23
13
44
16
20
12
7
23
12
8
6
5
10
6
3
3
9
60
6
8
83
12
18
38
20
9
11
16
18
38
23
11
7
15
24
15
24
21
22
5
16
9
6
1
2
40
15
14
27
103
15
9
60
55
12
9
16
13
24
13
11
13
14
8
11
3
8
5
2
7
1
2268
522
81
77
43
20
6
15
35
95
20
26
38
24
25
17
61
13
11
10
14
4
24
33
346
16
28
14
24
9
9
14
18
44
7
15
7
18
18
11
10
21
20
7
10
5
18
17
28
1
6
4
7
1
177
20
101
156
183
78
28
12
16
15
7
25
46
10
31
14
18
10
10
3
2
9
69
22
24
8
104
13
82
17
22
17
22
15
12
18
18
4
7
26
13
8
12
11
1
19
219
50
93
12
37
8
16
74
37
11
23
13
39
21
19
13
2
6
14
10
15
11
12
55
29
8
33
11
75
26
7
22
20
10
6
18
16
13
21
14
9
13
3
13
1
8
1345
176
350
82
109
14
17
11
150
52
29
16
13
8
33
52
15
27
37
25
14
21
11
27
3
20
8
5
11
11
6
14
15
9
75
13
218
42
15
43
33
42
11
18
21
9
10
8
3
25
15
18
10
18
7
9
11
17
14
13
8
21
17
14
63
15
19
27
66
20
7
11
11
11
9
26
12
9
9
12
9
3
1
2
11
36
17
96
36
17
14
85
17
23
14
21
25
16
14
11
5
11
14
8
7
12
12
1
8
1
516
35
11
95
28
26
32
70
6
11
9
12
16
11
7
17
7
12
3
16
8
11
8
13
11
9
5
4
57
6
167
13
15
41
30
72
206
102
19
15
44
43
17
11
18
17
11
9
7
14
24
9
14
27
7
6
10
22
23
21
20
25
29
27
39
23
14
116
11
5
15
22
5
7
15
17
7
14
2
10
14
2
4
5
8
13
195
89
21
21
46
38
43
6
145
82
104
44
9
17
67
29
14
13
13
10
19
12
22
14
26
9
16
18
11
3
85
24
19
65
15
214
10
17
8
25
51
6
3
36
13
8
17
45
20
15
10
35
14
10
28
8
17
10
3
1795
143
252
91
345
282
542
67
14
20
8
33
12
4
22
35
5
9
14
7
8
7
4
15
9
6
6
2240
25
71
143
78
214
61
11
35
5
13
18
15
10
10
14
16
17
47
17
25
12
10
25
8
3
1
32
24
56
52
12
304
36
16
9
11
13
15
51
55
25
14
8
16
12
12
4
22
45
8
21
8
16
12
14
4
7
5
4
1631
453
127
68
167
874
55
31
24
16
26
45
9
25
19
24
21
86
28
22
7
17
5
11
12
20
5
3
8
193
233
143
101
125
29
99
27
10
22
13
7
17
6
30
98
82
20
18
20
15
2
11
18
6
11
17
12
30
10
25
28
13
9
107
17
26
27
10
7
19
9
8
22
29
3
25
15
11
15
6
20
21
11
3
15
11
8
7
41
33
38
13
20
27
16
3
8
14
5
11
51
20
13
14
13
18
7
3
200
28
216
10
17
14
41
122
6
105
21
130
56
21
42
11
1
8
32
30
14
26
29
21
4
33
14
81
40
10
41
7
18
63
10
8
31
16
17
15
5
11
20
9
26
6
15
28
10
12
9
6
10
9
1
88
11
88
73
18
51
14
35
7
26
26
21
18
26
13
10
13
18
9
5
12
18
9
6
96
153
266
11
29
30
34
22
10
42
36
17
7
20
10
21
16
9
2
15
11
4
3
72
95
21
19
54
15
14
67
12
20
7
30
19
11
3
6
16
10
7
20
35
5
17
1
1
76
4
32
96
81
26
18
9
72
13
17
2
8
14
10
13
3
15
9
7
5
27
94
21
7
10
26
43
7
31
27
17
11
8
17
12
14
8
7
13
23
6
16
8
14
12
48
11
16
15
30
14
18
13
19
19
6
9
431
11
49
467
16
390
77
44
41
10
22
3
112
10
40
18
15
15
15
76
26
51
5
65
29
17
21
15
20
26
6
6
10
16
8
6
19
2
1
192
295
8
24
10
34
39
74
67
11
15
10
20
22
18
4
20
11
21
13
6
3
6
15
18
12
20
13
32
9
26
20
14
32
3
5
13
15
12
73
10
11
17
28
44
32
23
13
9
8
10
19
8
20
10
11
18
191
34
55
21
17
1
9
18
16
17
5
12
13
18
11
12
15
4
10
10
14
11
12
1
12
5
12
16
5
42
19
8
385
16
94
14
15
20
5
8
11
34
14
16
9
11
6
5
4
3
102
1298
85
27
18
18
17
21
10
6
17
18
8
6
2
6
6
1
9
143
12
66
6
51
31
12
29
13
85
14
53
11
10
45
23
13
10
9
5
14
5
31
3
6
7
10
4
8
1
1
38
88
6
6
30
2
94
8
9
16
9
35
23
11
22
35
5
21
13
9
9
15
1
17
41
10
530
28
19
106
11
35
10
16
10
10
15
29
10
13
20
15
6
12
16
9
23
10
10
7
8
7
18
9
21
11
15
12
55
13
1
19
15
9
9
20
30
21
9
12
4
2
1
1
32
125
23
111
30
9
240
42
19
11
96
14
28
6
7
11
12
27
8
30
36
17
19
11
28
4
8
9
9
5
12
8
5
143
42
19
18
173
34
11
14
22
12
32
12
23
17
14
16
17
11
17
11
4
8
10
11
9
14
7
4
1
49
33
23
20
28
13
15
11
25
16
25
60
46
11
5
25
20
6
10
9
11
9
19
16
19
8
11
5
3
10
15
11
443
30
15
11
40
131
104
69
34
12
19
20
176
26
14
106
13
10
8
55
8
16
9
7
21
19
17
14
18
21
4
3
16
2
6
4
4
8
1
24
42
26
8
20
63
38
27
10
12
21
10
20
9
11
11
11
9
2
23
27
31
85
12
5
60
132
20
25
25
15
9
20
7
17
3
10
2
10
12
2
1
6
127
12
26
90
31
27
15
22
9
42
23
17
27
9
7
13
24
7
15
5
9
16
8
3
15
29
83
15
25
249
122
47
2
158
49
27
10
13
11
22
19
21
15
29
7
32
9
15
18
10
1
8
16
6
7
16
1
7
7
1
51
11
84
18
468
23
19
71
19
22
12
24
22
63
10
11
7
9
5
8
9
6
15
22
7
10
12
9
12
4
6
1
83
47
43
558
36
73
117
18
23
12
10
71
31
11
5
7
19
7
20
43
42
15
19
12
15
50
7
13
6
17
56
22
8
54
92
13
23
33
9
38
13
20
88
55
16
8
25
32
5
3
6
14
12
25
13
18
12
8
8
20
44
342
38
53
99
37
22
21
57
35
24
10
14
10
10
17
14
9
9
4
7
16
30
15
11
23
1
25
18
32
74
11
36
18
15
43
19
56
81
25
19
9
19
11
10
17
23
6
29
15
13
23
13
1
2
3
1
1229
36
78
145
42
17
43
28
31
13
27
9
17
23
16
14
9
4
8
8
3
4
8
1
12
1033
55
41
98
24
8
7
10
53
19
25
22
51
21
6
9
17
14
31
10
10
15
9
5
18
12
11
8
4
1
5
3
6
4
1
451
26
140
9
250
18
101
113
123
73
14
28
31
12
22
11
44
20
23
18
4
12
16
18
41
9
19
2
12
1
11
11
20
36
23
13
63
75
38
9
14
98
9
12
10
28
16
21
10
14
12
17
11
10
12
11
20
12
10
126
881
28
109
23
41
16
51
28
18
7
26
8
2
38
21
29
23
5
16
3
13
19
8
15
7
11
21
6
24
10
21
49
37
68
18
11
10
43
13
20
17
19
12
6
11
21
11
15
8
8
1
10
7
42
91
29
48
94
8
182
13
11
11
13
17
14
10
13
12
10
10
11
2
1
36
76
71
90
7
27
135
12
15
17
11
11
15
7
22
36
12
11
72
11
12
12
16
11
23
9
6
21
10
9
3
6
1
26
11
152
165
17
40
43
10
19
28
32
15
9
31
11
7
8
21
17
6
11
16
27
12
2
11
3
10
13
10
2
78
6
471
14
29
12
25
9
41
18
177
32
10
32
13
12
10
19
15
21
37
7
16
17
23
5
4
2
16
15
7
1
187
102
28
78
17
10
7
3
27
21
13
20
24
18
58
28
46
31
24
15
30
19
9
10
5
54
32
13
10
15
14
11
13
37
14
15
7
9
20
17
14
8
11
7
417
181
63
15
23
327
23
10
16
29
16
127
22
17
27
23
18
12
10
10
10
7
1
26
6
74
51
42
71
13
48
12
202
97
8
15
35
67
32
5
14
3
10
17
32
8
25
9
23
1
10
14
8
7
41
190
102
160
13
57
19
99
55
19
24
26
11
22
5
25
18
44
13
7
11
13
10
23
15
10
6
7
11
9
9
10
2
12
1
8
8
52
12
31
146
9
6
33
22
16
31
5
17
12
18
14
11
7
17
6
21
4
13
14
8
14
264
99
13
8
29
13
15
13
8
22
16
49
62
20
10
23
7
11
18
24
9
52
8
17
18
12
17
17
26
12
9
7
1
5
33
32
39
61
8
11
16
11
27
21
6
16
34
28
13
36
23
13
9
13
23
11
6
12
6
93
15
32
111
12
43
19
87
11
52
12
92
23
37
35
60
27
29
16
15
62
11
35
11
11
9
18
16
16
12
15
4
10
2
6
2
23
52
16
19
210
60
18
19
44
42
62
87
12
19
63
8
31
15
9
18
11
12
28
12
12
24
9
2
22
1
2
6
3
1
38
17
40
10
11
36
12
18
39
12
9
20
9
13
7
9
9
5
4
1
170
55
36
22
9
52
46
32
14
31
15
15
26
20
6
13
6
20
14
25
18
15
9
18
15
12
16
1
9
4
1528
534
34
312
10
54
9
38
31
68
88
46
44
48
55
13
59
3
33
10
34
15
9
3
36
12
5
13
9
9
7
168
19
169
8
115
21
8
31
36
101
67
7
23
22
13
13
27
19
22
11
11
6
29
29
6
12
14
6
2
2
1
13
53
196
15
11
177
80
40
24
34
12
11
22
17
28
7
16
9
9
10
8
5
1
273
25
14
16
10
18
15
30
17
12
14
16
7
8
17
13
16
43
2
3
14
1
104
12
7
62
39
37
7
38
11
9
26
12
16
20
13
9
18
45
21
16
15
32
8
15
6
9
8
3
16
11
15
27
6
6
96
44
20
15
236
16
17
9
34
71
15
16
5
10
28
35
11
12
22
15
19
9
12
15
13
10
12
6
14
9
4
1
7
107
32
28
29
26
35
144
86
18
18
61
12
6
17
20
19
39
27
4
4
10
12
12
1
10
59
120
24
33
22
10
7
10
8
22
15
31
14
40
9
3
14
44
6
27
13
8
14
16
9
12
5
10
6
7
28
16
15
30
8
40
20
35
9
19
53
18
17
3
8
11
14
3
12
9
117
262
107
64
3
6
50
56
51
17
15
8
50
22
42
15
15
14
19
10
7
10
9
8
22
12
55
10
26
24
117
7
39
30
47
5
42
21
11
11
11
7
11
10
5
7
1
23
2
1
22
16
20
20
35
19
18
12
15
23
30
8
8
32
5
10
7
14
10
23
1
7
1
27
97
53
53
7
84
18
9
19
2
7
6
19
8
8
2
7
16
390
50
13
92
71
93
26
14
5
45
38
17
103
10
8
13
24
5
5
20
7
11
8
11
7
2
2
10
24
26
62
15
29
31
74
41
90
9
13
53
129
54
12
15
16
46
15
10
28
12
19
7
13
23
13
10
18
4
8
13
10
5
2
2
116
10
51
24
16
23
126
36
41
18
17
5
27
63
38
8
13
4
10
19
15
13
13
9
9
9
1
4
3
56
9
1
11
6
27
38
56
29
21
14
18
42
11
17
3
6
17
1
5
2
7
1
50
24
13
173
33
14
46
15
11
13
6
19
8
1
358
59
313
26
19
94
10
10
9
13
10
25
23
15
17
12
14
15
4
7
12
11
6
15
2
1
2
1
38
17
24
34
21
126
166
41
33
11
90
14
19
30
21
20
9
12
9
2
5
5
8
104
17
21
46
16
138
6
16
29
27
9
16
7
19
13
2
8
15
8
2
1
213
9
7
82
84
61
9
17
36
39
9
20
9
4
80
19
43
13
26
15
13
14
9
5
7
20
4
4
2
1
14
383
11
151
43
58
100
23
5
15
10
5
27
14
10
8
11
3
1
8
12
7
9
2
124
10
5
51
163
25
8
45
22
16
39
45
36
15
2
11
31
23
23
21
24
17
3
18
9
27
10
13
13
17
196
88
137
15
122
51
60
20
36
8
50
13
18
39
4
16
17
15
9
13
1
12
8
28
13
33
9
13
32
11
10
10
27
7
14
16
26
14
18
13
13
4
7
17
28
29
15
7
16
22
12
3
9
18
4
4
8
8
4
1
23
17
45
20
62
13
9
14
105
93
17
12
5
15
20
18
13
8
11
10
87
14
21
30
18
27
34
25
73
33
14
44
19
20
8
27
9
9
4
9
9
9
10
11
38
5
45
37
19
15
23
21
15
6
23
24
29
23
11
11
5
6
15
13
6
1
2
181
154
27
11
5
13
8
18
61
9
49
9
17
29
13
3
11
1
144
84
41
280
6
49
72
69
162
310
10
277
13
6
11
28
13
6
20
10
35
44
31
13
17
6
13
7
6
3
5
12
7
2
501
13
69
21
82
6
52
78
7
41
12
15
23
39
19
10
9
22
7
7
13
8
10
36
11
1
50
28
43
68
98
19
20
8
15
16
74
10
6
23
5
22
8
27
1
5
7
1
27
58
277
16
42
15
8
16
27
18
63
33
16
48
16
22
12
9
10
11
24
18
15
9
3
9
7
8
23
3
8
4
3
53
29
18
25
93
143
17
15
19
26
7
79
17
19
15
9
5
7
5
21
114
18
85
39
88
38
12
60
17
14
28
21
16
20
31
14
22
7
8
9
12
15
9
4
6
4
2
3
6
1
50
7
87
28
31
13
12
10
9
11
11
14
11
9
14
14
19
4
17
13
35
6
53
7
24
7
11
1
1
1
24
16
8
28
63
14
28
19
12
17
7
13
12
6
10
9
4
11
3
53
173
839
240
10
29
18
76
44
12
85
10
91
183
11
18
103
16
27
15
19
17
49
6
21
25
13
19
21
11
17
14
4
7
14
11
8
11
33
1
9
7
19
5
14
48
16
48
17
29
17
11
17
20
14
27
8
78
21
14
16
13
1
12
6
18
12
53
36
127
41
44
9
8
14
5
11
10
14
17
10
5
5
15
10
35
63
19
111
112
42
25
51
13
62
16
17
12
29
4
7
4
9
1
10
3
40
16
11
17
63
58
32
37
9
12
24
34
45
11
14
20
7
18
11
12
16
10
22
2
7
8
6
17
6
1
11
68
16
20
15
18
21
16
24
9
23
8
9
17
1
7
5
31
728
31
18
113
408
12
18
20
20
12
119
16
30
14
14
24
10
29
9
13
5
11
5
16
211
128
18
80
26
45
47
40
10
16
33
23
6
9
7
16
8
10
38
14
16
16
16
1
5
14
10
8
1
1
227
21
44
12
15
86
10
67
91
12
12
37
21
16
9
12
19
17
9
12
11
484
20
29
17
15
231
54
37
42
13
34
17
12
12
14
1
3
16
16
11
15
10
12
9
15
10
5
10
1
13
15
19
58
89
53
10
68
8
29
76
58
21
11
9
13
36
15
14
24
35
10
16
6
31
12
32
11
22
16
17
11
5
6
31
46
21
31
10
17
66
12
7
70
6
11
7
15
18
8
21
134
18
1
82
59
21
6
11
15
13
22
23
16
19
16
6
14
11
32
35
7
12
16
25
5
12
8
4
18
7
8
3
420
63
582
18
15
31
13
16
8
34
18
12
23
19
7
6
21
4
17
4
8
13
9
7
6
185
55
14
327
36
27
14
40
33
19
6
15
17
30
12
16
12
9
13
1
9
11
31
12
8
10
6
19
11
53
50
60
42
50
706
5
9
17
50
33
26
59
10
42
20
7
9
9
15
17
15
21
14
27
3
12
9
4
6
3
1691
57
49
263
14
21
13
60
40
38
22
11
89
15
8
23
61
10
25
34
9
11
15
4
9
29
21
18
21
10
7
16
3
31
13
37
33
18
47
14
29
26
21
25
46
15
7
12
13
17
16
10
21
1
9
3
1
878
75
34
8
301
11
13
24
11
33
21
50
8
16
66
11
20
20
13
13
23
32
13
3
7
13
12
11
11
14
14
37
17
141
15
4
52
78
41
29
28
17
67
13
19
22
17
12
13
10
14
35
6
21
20
8
13
66
182
9
133
79
25
138
30
3
24
32
15
33
13
16
12
3
12
8
11
2
7
229
40
21
22
10
12
14
13
38
13
51
17
39
9
8
47
21
37
21
16
8
8
20
11
19
10
7
15
8
5
13
5
1
133
1690
153
28
20
12
23
6
11
33
20
8
29
16
12
20
15
12
9
12
6
19
11
4
7
1
1
555
62
13
17
62
12
51
9
34
26
16
87
5
52
36
51
39
13
29
8
6
45
13
7
12
3
15
8
19
7
29
56
11
74
51
1
34
40
32
24
10
8
13
9
5
2
10
116
7
12
76
14
49
21
39
19
14
7
13
11
12
14
6
13
6
7
1
156
13
13
161
35
40
9
13
8
8
22
7
7
14
32
12
13
12
14
2
6
8
7
11
5
9
14
1
35
23
112
13
47
16
72
5
24
31
12
12
13
25
12
3
16
8
13
6
37
82
20
80
133
28
102
57
7
47
7
16
33
11
29
22
17
10
20
15
9
22
5
13
6
2
42
11
16
47
18
20
70
96
11
130
54
4
40
29
23
11
31
16
8
10
5
10
7
9
6
7
10
6
1
10
15
213
58
10
11
15
52
10
25
39
70
16
14
12
4
14
15
7
21
8
6
109
13
22
13
12
19
17
13
13
4
33
19
18
21
1
12
2
6
15
5
6
7
4
1
183
13
128
14
424
13
6
124
74
9
25
50
161
61
15
13
10
13
5
14
7
12
13
2
6
18
4
15
15
18
20
8
7
5
16
8
2
8
227
43
26
38
261
13
52
20
21
25
19
18
55
64
26
93
12
7
11
23
16
22
4
62
15
28
20
39
12
28
23
138
17
32
25
5
12
20
14
6
13
5
14
7
10
22
6
12
8
1
2
1
5
3
9
30
8
322
34
29
11
80
19
18
16
18
13
18
5
14
2
10
24
19
32
13
12
12
9
1
19
9
14
24
23
8
3
40
10
14
9
24
9
11
15
18
8
5
13
1
50
11
13
30
17
10
25
77
56
15
6
58
16
35
17
13
43
8
15
34
19
12
4
16
16
11
27
7
1
7
4
6
2
64
16
63
10
268
32
50
35
17
7
2
9
21
12
34
6
14
18
8
1
141
21
89
18
222
538
42
60
26
58
133
230
10
85
23
17
29
17
9
15
4
3
23
10
23
10
13
6
17
2
12
1
9
29
49
37
47
11
43
9
23
15
12
13
21
14
13
17
1
20
9
8
11
10
8
4
3
528
117
190
29
20
10
17
8
23
108
18
52
45
17
13
24
26
10
7
18
27
13
12
9
10
12
25
12
5
18
12
13
10
13
1
10
31
21
40
63
28
9
25
7
13
11
23
7
104
16
15
19
100
9
29
24
51
10
14
22
18
11
8
8
13
9
6
20
8
12
7
6
2
1
1
422
16
32
38
41
53
9
190
13
603
19
16
28
121
33
23
24
9
12
4
40
18
7
7
13
8
3
13
19
8
140
216
13
106
37
331
12
14
49
45
33
32
21
9
1
15
20
17
14
7
42
38
24
11
23
18
16
5
12
7
11
1
309
115
287
37
25
127
14
21
110
71
13
27
252
190
17
21
22
12
10
12
13
34
4
13
46
12
7
3
7
1
4
5
1
31
9
29
18
14
24
9
31
24
63
7
8
14
19
13
3
1
21
12
98
83
9
24
10
14
21
24
14
27
9
28
63
7
38
31
25
10
1
26
13
20
17
3
1
39
7
17
22
23
10
15
14
15
3
32
12
3
32
32
10
9
17
5
16
16
9
9
9
6
1
7
2
15
13
10
56
77
37
48
157
14
29
66
31
15
12
22
59
27
17
13
10
6
11
2
4
2
7
94
10
62
19
15
27
5
8
10
10
29
32
33
20
14
12
12
5
15
9
7
1
15
56
58
29
81
27
81
26
20
21
42
12
15
65
18
36
13
17
11
11
25
25
13
9
15
12
30
12
26
3
5
12
9
1
1
7
1
564
60
65
5
24
19
13
5
39
31
10
12
10
14
9
8
7
33
32
84
35
30
26
46
23
38
15
17
49
10
18
26
11
15
11
9
3
18
22
23
5
10
10
10
14
7
13
7
2
11
1
1
1
15
7
22
9
22
25
37
55
43
8
37
34
11
43
25
9
25
11
13
13
33
18
28
14
10
7
7
7
2
9
3
10
93
46
9
17
7
11
14
112
25
22
25
19
15
17
31
4
8
13
2
14
13
13
15
1
3
1
236
13
89
54
118
6
29
9
19
23
49
19
53
15
9
25
4
12
37
9
16
12
3
92
21
29
8
14
8
46
23
15
8
38
8
18
14
16
20
15
6
9
12
6
45
2
19
17
13
125
203
123
15
37
9
14
9
10
26
14
40
13
17
8
13
10
14
10
6
10
9
1
11
16
15
34
109
43
19
8
51
13
24
17
19
20
7
18
12
22
17
4
12
11
5
3
29
6
120
13
16
21
14
14
46
18
8
12
13
20
29
7
3
4
7
7
7
347
39
13
41
33
12
12
7
14
39
35
9
8
5
15
12
1
124
61
19
29
38
21
19
40
38
13
22
26
21
30
16
8
7
15
15
14
10
9
10
4
1
19
15
8
10
12
49
59
20
51
11
47
17
10
7
34
28
29
13
10
16
12
13
9
8
3
1791
210
63
15
26
10
41
19
13
1
29
11
5
16
15
11
28
2
21
15
18
8
4
10
5
1
658
300
87
107
82
69
8
43
13
15
18
4
16
13
7
8
18
15
10
16
17
8
9
7
6
10
14
1
16
1
1
16
22
165
46
34
81
17
94
29
5
25
20
20
38
13
18
19
23
9
13
13
15
13
21
14
6
12
1
32
2
8
10
9
3
1
19
35
32
31
44
14
7
9
22
20
8
35
20
7
8
10
4
9
17
9
9
3
1
43
212
37
11
33
53
40
15
65
13
17
19
12
8
13
18
11
17
83
19
5
15
10
27
9
1
9
42
10
6
12
15
9
13
4
85
69
576
39
4
6
11
59
16
30
50
12
30
1
34
13
12
6
12
8
10
9
10
7
10
7
6
1497
28
141
26
93
10
17
12
128
50
71
103
11
26
7
36
26
23
17
17
32
3
7
19
19
8
14
5
10
7
9
2
8
510
119
110
214
132
110
20
61
65
33
9
119
16
113
29
23
17
15
42
39
17
9
15
21
16
7
13
8
13
10
1134
25
109
22
21
157
23
107
12
21
12
22
11
131
17
15
37
22
13
44
47
9
28
14
19
12
9
3
4
15
3
1
263
63
12
301
88
103
15
14
43
91
31
29
13
18
31
28
32
9
15
17
7
17
25
5
14
29
1
8
7
1
17
14
500
17
21
92
31
14
36
13
14
27
38
33
15
14
38
12
14
11
13
10
26
2
9
5
2
318
29
26
21
8
9
31
7
18
15
24
8
10
17
7
19
9
15
1
18
21
4
13
16
11
12
5
8
9
3
2
34
53
25
136
34
26
18
37
29
14
20
50
23
16
15
9
12
13
14
5
9
11
13
3
4
1
53
1232
76
437
103
15
14
7
80
27
3
43
17
8
29
64
29
24
24
25
3
22
13
8
21
20
18
18
10
11
1
1
14
9
33
109
20
11
50
13
102
13
32
10
19
7
15
16
11
19
6
3
10
12
10
19
15
185
67
27
87
39
88
21
44
15
9
8
34
10
17
14
11
25
23
16
20
11
14
14
11
13
9
18
6
23
30
6
7
27
43
13
57
15
27
20
14
12
3
8
14
16
7
3
9
1
12
4
7
76
327
136
50
158
71
48
15
49
10
15
81
28
8
23
18
11
7
22
16
9
5
13
2
5
8
1
59
90
31
80
11
10
11
14
11
11
27
7
14
11
21
9
25
9
3
30
4
14
9
10
8
5
1
1312
63
179
116
15
19
44
43
20
57
16
13
7
15
5
14
16
12
29
8
6
6
9
24
21
2
13
12
9
1
329
18
40
172
20
77
24
163
136
22
10
39
15
11
47
9
16
17
2
21
11
20
6
6
15
10
18
8
6
6
9
5
11
14
3
4
9
10
8
1
2
252
19
8
16
30
27
19
124
55
33
32
128
12
8
15
13
25
9
3
19
14
9
39
8
13
25
2
24
7
11
10
9
12
10
5
21
5
59
27
8
16
24
8
16
18
93
18
6
7
38
19
9
33
11
2
1
1
269
1449
85
27
61
332
81
8
32
10
13
19
15
27
16
26
16
6
11
14
6
7
17
17
18
281
43
7
44
30
6
23
15
22
17
19
14
20
22
24
6
16
11
15
15
7
11
8
58
15
84
248
129
56
7
197
86
19
16
37
19
67
11
12
51
23
8
15
31
11
18
7
1
9
1913
62
8
30
24
8
24
30
18
11
8
22
67
21
3
33
16
12
15
18
23
22
14
28
6
11
9
18
11
7
3
4
1
27
10
16
50
25
10
11
43
12
6
18
9
11
14
10
9
9
11
6
70
102
14
565
95
7
10
6
12
72
17
10
23
9
6
17
22
11
12
8
5
11
6
19
10
95
76
344
131
15
31
36
26
140
34
48
22
23
28
60
58
28
9
28
12
15
17
8
6
1
1
596
72
9
26
159
39
42
58
34
13
10
7
30
12
37
15
14
4
6
20
5
37
4
12
5
3
730
14
9
385
79
12
41
50
11
34
29
33
17
16
13
12
12
25
12
12
1
15
8
18
7
3
4
5
18
21
23
59
10
25
1
20
56
9
44
18
13
11
76
35
30
10
10
35
6
8
7
11
4
1
11
135
13
29
7
9
25
3
9
16
7
13
10
1
17
30
19
30
20
36
50
17
149
54
45
19
8
13
19
12
11
11
31
12
10
7
4
9
5
784
130
22
118
8
34
4
15
8
7
16
13
28
20
12
170
27
11
23
69
17
6
12
52
12
16
95
11
27
44
39
34
21
8
20
10
36
14
15
6
17
36
27
9
3
19
14
15
7
15
13
12
1
1
1
177
610
952
7
97
149
25
19
28
15
10
9
39
25
14
16
17
66
6
104
11
10
14
45
12
14
14
20
23
3
13
3
11
15
14
1
9
28
22
12
11
18
40
25
93
16
23
13
8
5
19
12
4
6
20
11
28
10
30
18
18
6
8
7
8
4
6
45
23
22
641
18
8
59
73
11
90
50
4
35
37
13
33
11
9
18
12
6
13
20
9
10
14
1
2
538
55
23
15
12
13
16
19
2
23
37
30
28
28
19
23
8
6
41
1
10
23
8
75
104
33
22
9
20
45
15
11
71
12
11
14
14
11
23
13
59
11
16
11
7
31
44
18
20
23
8
14
8
7
16
10
6
2
5
24
116
12
52
22
16
144
30
43
22
22
12
34
48
32
8
26
20
6
4
16
19
16
10
15
3
11
18
8
10
10
24
48
108
28
18
19
14
12
12
19
3
6
18
8
13
8
2
4
35
49
11
8
22
104
14
12
35
17
34
20
16
25
15
17
28
3
12
10
17
14
13
923
5
192
83
534
10
13
19
28
15
32
37
20
24
9
7
22
17
8
8
9
21
3
9
9
170
224
18
298
13
106
10
14
64
11
11
17
14
5
41
23
20
8
36
11
10
13
15
13
12
17
15
6
19
6
10
2116
316
13
130
32
10
20
28
30
22
17
48
19
15
25
21
18
21
23
6
15
8
21
28
31
16
17
8
27
13
16
1
11
12
2
251
207
58
33
29
139
34
44
51
38
16
29
11
15
62
6
6
14
7
49
64
18
21
12
43
16
18
20
9
27
22
23
10
13
10
8
15
2
13
2
8
45
10
15
85
40
34
21
16
14
22
9
8
11
16
17
16
10
36
38
11
9
14
10
9
14
15
8
9
1
13
1
5
1
1665
13
46
22
8
145
20
41
14
11
9
16
6
13
9
11
4
25
21
12
6
2
1
538
17
475
57
81
17
19
183
15
114
12
18
13
18
11
34
21
12
25
24
44
37
12
10
12
22
21
16
21
12
3
15
11
6
1
1
2
1234
58
19
26
51
34
14
13
28
11
8
48
15
14
14
23
16
56
11
10
23
14
19
12
3
2
5
1
88
15
56
21
13
73
29
18
11
40
29
93
17
1
9
11
12
10
14
8
13
22
11
11
19
5
14
1
1
1
1537
1539
24
25
14
35
217
13
9
64
14
70
7
28
25
6
18
29
6
13
10
15
9
13
6
12
12
2
10
6
24
89
17
47
15
30
11
107
59
13
95
11
36
39
32
13
16
18
30
35
26
8
10
13
8
15
32
14
11
7
9
17
5
2
1
1
1
183
12
21
68
127
38
121
9
35
30
5
9
29
9
26
29
5
12
11
12
16
33
19
13
7
9
12
17
11
10
19
14
7
8
1
2610
41
38
105
18
75
22
15
42
16
7
56
11
47
12
20
12
4
10
7
118
20
113
235
60
29
29
18
19
18
6
9
10
8
23
11
13
14
12
3
9
8
9
12
3
1
344
52
266
21
25
63
13
9
24
11
46
5
37
94
12
24
5
6
13
11
2
5
3
13
8
1
39
7
12
9
17
52
16
61
13
9
12
11
19
19
17
23
24
20
15
15
96
1935
48
56
14
60
5
30
10
8
24
1
26
10
10
52
26
4
6
11
4
9
2
1
54
29
21
14
8
45
14
36
18
13
7
26
11
12
21
9
19
16
14
7
3
143
35
20
22
11
25
34
36
12
18
13
18
3
90
12
17
28
2
29
33
50
18
7
18
4
15
12
8
26
7
6
7
5
10
1
8
1
60
1233
15
16
24
16
61
21
19
110
11
10
48
6
11
11
19
15
16
13
26
23
19
4
19
8
12
8
9
12
2
9
20
7
3
7
2
4
1
3
388
34
45
59
92
15
27
23
31
40
56
29
18
67
23
13
35
21
4
43
22
11
2
34
15
21
5
34
28
1
10
19
9
24
7
9
9
283
12
173
21
33
6
85
14
150
54
56
16
10
19
23
76
31
10
24
12
35
2
9
11
7
6
6
449
356
199
90
369
9
35
21
40
18
11
14
186
48
7
4
8
27
8
32
7
13
6
23
1
4
4
5
3
25
14
18
25
33
15
29
73
10
9
12
10
12
12
8
8
16
3
21
4
1
11
32
24
24
37
11
14
21
46
12
31
54
14
32
28
35
14
16
7
40
13
7
13
11
5
13
18
6
3
22
5
1
1
54
71
27
28
8
11
100
13
10
52
17
22
18
19
12
6
12
8
5
10
11
6
13
13
94
10
62
6
8
8
32
24
11
32
13
15
20
10
21
11
15
9
9
28
11
7
148
41
18
27
32
48
36
16
13
16
37
15
22
9
28
20
5
32
14
9
18
16
24
29
12
1
59
11
43
55
39
13
61
23
14
4
19
6
10
10
7
10
18
329
39
217
11
8
50
21
19
23
15
56
57
11
8
9
24
4
8
15
27
11
2
14
1
3
15
507
32
111
10
19
2
14
4
38
8
12
2
27
14
1
8
2
11
10
71
355
99
62
55
375
97
63
14
58
14
18
26
22
22
16
32
22
31
10
9
18
90
306
15
11
37
153
119
56
21
8
8
24
15
19
61
17
26
21
6
8
7
11
45
1
47
22
523
22
147
22
21
23
49
60
7
143
10
26
48
19
32
12
26
12
11
32
11
16
10
37
4
10
9
26
1
16
11
18
18
16
4
12
7
28
1221
65
38
76
58
19
92
12
37
31
12
31
14
11
8
7
8
7
15
4
2
10
410
43
10
17
36
11
83
11
39
20
12
11
80
34
19
14
13
11
29
14
27
11
11
18
11
3
13
13
1
14
8
19
13
1
7
10
10
19
104
19
25
6
10
14
20
15
16
18
27
2
19
8
11
1
214
63
59
16
30
366
56
20
21
9
31
11
9
18
3
15
24
10
11
8
2
60
31
7
90
40
28
25
18
25
10
19
19
9
15
7
7
9
8
11
5
1
28
151
8
7
15
15
3
38
33
16
13
14
16
14
16
28
32
26
13
15
11
9
5
13
3
1
1
27
14
20
15
17
4
29
17
50
8
14
16
43
10
9
13
9
4
1
16
12
84
13
27
22
12
17
10
12
15
8
6
9
15
8
4
10
32
10
38
78
29
37
13
17
10
9
31
2
16
21
12
7
10
8
6
5
774
11
412
9
256
9
3
7
17
27
53
13
22
14
15
20
11
21
7
16
4
56
15
17
11
13
10
1
51
502
13
22
39
28
11
8
28
113
42
37
187
11
16
34
6
8
30
18
25
12
13
14
14
5
4
6
1
64
6
15
107
452
30
30
21
20
270
66
51
188
11
39
9
36
29
42
19
18
8
31
7
8
15
7
15
17
6
15
8
11
14
1
7
13
7
13
13
5
4
1
2
16
16
13
33
20
8
143
54
6
14
31
41
11
15
8
14
15
11
6
9
10
9
5
5
216
282
16
140
147
11
11
50
13
2
75
38
12
9
9
49
28
5
15
13
9
7
2
6
1
7
2
155
93
413
19
116
9
35
14
18
21
54
4
58
22
17
4
7
9
11
8
11
6
3
408
18
61
12
27
88
7
13
58
13
28
18
47
17
8
33
15
7
10
10
1
22
15
20
12
4
16
36
9
28
6
27
11
32
35
22
9
9
7
22
17
33
42
10
13
29
12
6
11
5
11
11
3
1
10
10
202
38
9
12
26
18
26
125
11
14
16
158
9
37
16
29
39
30
11
68
20
8
10
17
5
9
10
6
12
6
7
122
34
13
87
110
55
261
72
7
19
94
131
27
13
52
8
32
22
16
11
16
20
8
11
1
321
35
24
252
32
16
15
14
74
25
14
16
25
12
14
14
13
9
14
6
20
3
7
3
7
14
7
9
1
6
1241
55
744
165
37
12
559
84
45
10
21
9
31
32
25
11
20
12
32
18
38
8
19
17
13
12
13
4
6
3
17
7
21
2
94
30
383
69
59
120
22
7
32
97
22
29
15
13
19
11
13
19
5
22
5
19
10
5
10
2
13
22
34
276
16
12
91
2
31
19
30
15
9
14
10
19
34
12
42
14
25
4
11
1
4
2
2
2
5
2
38
182
109
71
23
24
32
19
10
110
24
22
38
19
23
4
68
12
13
4
22
9
7
22
13
20
5
13
18
1
1
6
1
10
21
410
29
14
62
12
31
40
31
11
10
8
17
6
13
11
19
1
42
29
24
26
204
41
16
8
20
16
24
19
61
41
12
22
61
27
15
7
9
28
10
10
9
11
11
15
8
15
11
9
10
1
2
49
25
23
34
35
10
17
18
26
8
13
10
2
8
3
10
6
7
6
1
2
14
12
47
2
28
18
28
15
73
1
10
17
8
12
19
22
7
7
7
11
12
22
6
8
3
1
1
2
345
19
50
35
6
64
20
18
4
27
34
29
17
68
9
23
14
22
23
18
14
7
9
13
16
7
7
29
9
8
3
72
442
18
21
270
11
64
15
78
7
18
25
25
66
8
27
15
47
17
28
11
15
26
9
5
3
1
1
1
72
44
45
209
126
9
22
13
15
13
100
16
16
7
10
18
12
15
6
26
9
14
25
14
5
21
11
6
13
7
4
1
2
50
7
14
67
42
16
136
30
225
13
57
7
20
4
8
7
10
27
25
11
7
13
9
9
14
3
16
10
66
17
25
27
51
29
48
13
54
27
15
10
11
16
15
16
22
3
4
4
5
16
206
208
53
70
46
182
40
30
18
16
24
11
31
16
24
11
17
22
15
14
13
6
492
1045
240
16
128
328
6
8
18
132
306
29
20
147
12
69
175
13
10
64
18
13
4
14
24
16
103
12
43
17
34
9
11
6
21
14
26
9
16
12
30
15
4
58
943
311
151
23
24
32
11
17
22
11
21
8
7
9
18
11
22
14
13
6
12
20
19
4
16
8
6
12
1
101
133
26
81
14
21
22
9
18
13
12
9
37
13
14
9
12
9
22
21
9
11
2
9
9
1
1
16
125
10
47
78
9
51
16
44
33
15
2
14
13
24
38
19
30
23
16
8
18
7
13
8
3
35
14
22
49
32
18
22
15
9
16
14
34
49
9
11
20
13
26
6
12
8
7
5
7
63
19
9
38
21
13
19
3
10
7
18
11
14
26
30
24
10
27
14
12
3
13
1401
195
181
219
61
19
15
13
28
7
12
27
28
9
16
13
55
17
15
22
5
1
12
7
16
8
9
9
1341
191
25
24
32
36
13
10
5
18
13
8
35
29
18
8
9
24
15
35
6
9
10
24
3
18
9
42
9
7
5
14
7
10
4
1
6
140
112
26
65
40
16
36
12
12
20
37
42
12
15
8
29
14
9
31
4
13
10
6
8
4
121
88
15
13
12
16
11
15
24
15
16
5
10
10
14
11
13
14
11
6
3
2
1
1482
18
10
10
14
14
46
63
55
19
18
8
10
15
22
2
23
14
24
19
23
8
8
17
17
6
3
10
6
1
197
152
42
4
69
21
40
24
15
100
23
25
12
20
20
4
9
4
9
2
12
10
8
9
16
212
64
36
154
8
13
9
7
20
18
4
7
12
21
8
25
44
25
19
10
19
29
8
3
12
2
6
7
5
2
10
12
40
76
170
13
33
26
25
10
7
18
52
13
5
10
7
9
1
433
8
117
171
35
42
123
6
23
15
27
13
25
24
21
6
11
30
13
9
12
6
12
18
5
10
2228
26
13
223
12
36
15
25
26
14
50
12
7
13
24
10
7
13
27
22
17
18
13
9
7
12
11
26
17
8
5
11
2
2
16
43
58
24
123
17
28
10
19
52
23
10
13
19
26
28
7
7
11
9
16
6
6
8
9
12
7
29
3
241
144
9
46
76
6
7
18
60
11
17
25
3
14
49
13
36
13
8
1
11
11
36
9
58
17
54
5
16
38
106
17
12
14
17
10
12
6
3
51
12
13
6
13
43
1
66
24
290
36
20
80
31
17
11
56
13
13
15
32
18
21
6
5
9
9
14
14
13
4
6
3
265
89
12
164
10
33
17
91
10
8
64
39
7
4
10
20
18
11
28
12
4
11
11
5
10
9
5
5
1
100
41
1792
13
76
20
15
1
30
1
12
8
10
18
11
13
23
45
12
8
6
15
12
12
6
6
12
9
8
1
1
168
87
20
21
12
44
18
28
253
21
38
37
7
46
7
14
144
16
28
19
17
29
7
9
20
14
10
7
17
8
5
10
9
4
14
8
26
26
89
15
10
17
15
22
33
8
14
11
10
12
13
13
2
6
14
7
9
20
4
9
54
357
76
41
15
22
23
51
20
33
54
44
9
13
18
16
6
9
10
11
11
11
13
11
1
8
1
1
2
12
70
51
38
5
15
22
65
16
18
16
6
8
12
21
9
27
18
21
6
9
23
35
2
1
3
5
291
68
14
19
45
4
40
11
54
18
19
76
26
88
33
9
8
1
9
11
14
8
17
11
3
3
18
10
6
7
13
6
1
197
518
23
26
25
17
8
58
6
39
23
10
7
12
7
4
157
48
43
147
19
7
154
118
15
64
16
16
15
16
29
19
5
21
15
18
19
13
12
10
8
6
6
6
6
4
2
30
109
603
29
125
18
16
18
26
57
14
57
13
21
11
29
13
16
18
19
13
19
17
36
24
12
18
7
7
8
27
9
13
4
14
11
15
19
21
15
15
15
13
43
32
9
10
23
6
16
20
11
10
15
1
6
30
18
16
15
83
149
134
118
11
110
32
9
8
37
37
7
8
21
33
11
11
15
9
14
5
9
33
238
17
16
13
292
8
39
35
10
29
12
8
8
47
8
119
11
9
22
11
22
7
2
14
28
7
16
44
10
36
10
74
64
5
16
17
10
15
7
18
16
7
16
5
10
8
8
170
15
20
23
1
7
21
9
14
22
6
15
10
16
19
10
6
7
11
7
5
1
1
35
36
201
70
26
32
14
12
111
13
23
10
9
21
14
20
13
2
7
22
10
4
1
2
65
10
31
19
14
22
26
12
7
14
13
20
25
6
26
26
14
14
18
10
5
10
9
9
10
159
185
11
12
4
31
61
14
27
55
31
8
7
28
10
26
12
10
10
9
3
21
39
11
11
17
13
43
17
12
11
24
30
13
37
25
28
14
15
8
5
17
16
17
12
9
6
5
10
220
26
44
63
33
20
88
30
12
8
13
63
51
37
11
37
12
25
14
41
1
14
22
8
4
4
10
37
5
9
14
9
16
20
10
15
1
12
5
8
10
1
20
15
88
11
98
32
102
77
44
17
24
19
35
11
15
35
30
25
12
37
75
4
6
3
1
95
10
11
50
55
45
31
17
7
35
10
73
12
14
15
12
13
24
21
10
9
20
16
9
10
8
7
6
3
2
2
231
134
16
31
28
33
47
9
7
11
60
11
36
19
10
29
20
54
13
6
63
22
15
18
7
7
4
18
39
10
18
30
41
25
16
16
14
15
21
23
11
44
11
11
8
13
22
11
32
8
17
20
3
13
141
194
14
37
15
10
7
23
51
12
11
17
28
8
26
10
7
13
10
17
9
5
9
1
25
84
10
19
9
12
12
4
17
12
7
9
7
10
20
21
6
16
31
279
63
44
160
40
62
42
33
14
19
7
23
9
20
11
16
18
7
9
20
20
1
1
1
433
623
128
544
16
69
25
118
13
9
38
9
25
24
5
30
19
7
1
19
14
79
88
32
46
24
22
7
21
10
27
15
28
19
30
11
13
18
11
9
16
12
9
20
27
17
18
2
2
51
46
8
26
23
45
38
47
34
21
32
24
17
12
19
20
7
9
9
14
13
1
1
71
240
31
27
16
40
25
15
25
10
43
5
25
2
34
9
15
17
11
23
27
28
59
10
25
18
56
2
10
14
6
19
12
12
16
15
16
26
14
17
20
14
12
40
14
22
13
32
67
22
56
11
16
9
9
3
24
5
2
7
1018
58
138
28
35
25
47
5
12
22
12
50
37
13
19
1
13
22
1
20
20
48
18
18
1
20
17
13
11
7
281
5
13
49
20
15
15
33
54
28
18
8
15
7
15
21
22
13
9
29
24
12
6
6
2
17
11
12
13
20
17
19
2
2
2
2
44
116
103
62
112
10
60
9
12
14
44
46
44
11
7
12
9
15
10
6
8
3
5
18
16
7
137
29
11
29
14
34
33
9
29
9
15
15
19
6
13
25
7
1
4
3
1
11
19
62
41
82
42
18
8
18
23
15
33
39
25
17
58
10
5
105
4
35
9
16
16
23
10
10
1
12
44
23
40
54
43
13
35
20
14
24
25
20
21
9
5
5
12
24
7
8
1
8
4
4
1
2
1
39
12
19
18
78
22
8
173
26
17
17
49
48
9
19
10
10
2
4
11
15
12
10
11
19
1
4
10
554
33
77
167
46
21
15
8
28
37
15
7
4
16
17
17
8
14
5
14
11
6
5
4
2
4
220
16
35
39
17
13
10
10
31
21
19
26
11
17
70
52
66
12
8
2
7
7
19
12
11
10
10
1
90
26
388
50
18
80
17
10
17
16
13
24
13
14
16
7
4
9
2
5
3
5
14
1
259
79
94
35
64
22
11
46
21
11
10
43
20
15
44
9
32
20
5
5
2
7
18
5
4
9
5
8
10
35
12
152
70
15
25
25
84
35
66
23
27
15
55
7
31
17
13
12
9
30
46
21
9
17
15
10
3
15
10
2
2
7
2290
66
248
18
50
20
14
7
13
19
79
83
74
10
17
12
58
17
19
34
15
25
13
23
13
31
13
17
33
13
3
10
9
9
6
9
4
7
2
1
1
138
262
48
18
18
31
12
95
10
10
17
16
20
25
11
9
13
11
5
11
7
1
4
9
10
13
9
1
101
11
9
14
26
52
11
14
10
45
40
11
11
15
20
19
12
19
35
12
17
13
10
12
19
14
6
2
8
24
9
87
11
23
41
7
14
63
17
11
12
16
5
13
12
6
9
9
7
2
12
6
3
1
625
339
263
25
24
15
24
32
11
12
39
16
16
36
48
16
22
18
8
34
11
12
29
18
9
11
3
9
3
8
1
14
27
69
35
60
16
7
25
23
12
5
17
17
13
12
42
9
514
3
61
13
13
44
34
38
17
45
12
12
13
7
5
6
14
18
10
2
3
2
6
11
1
1
68
83
10
18
32
58
32
7
14
16
11
30
53
18
17
9
6
26
7
5
20
16
5
12
3
7
16
21
141
7
266
174
47
38
12
29
8
17
11
60
7
11
15
8
4
9
5
4
4
134
17
7
10
14
49
50
14
4
10
28
4
1
18
8
6
29
16
12
12
