6749
65
31
37
2417
2823
46
637
803
32
46
78
6627
62
37
43
46
22
45
25
475
5528
220
59
49
198
57
61
47
72
62
26
3
6035
75
234
258
49
45
62
42
49
33
6752
40
53
37
6596
33
109
144
5395
963
123
152
78
170
1
6179
53
510
52
59
29
1546
5032
41
80
120
43
20
4764
995
363
179
42
389
63
58
29
6307
66
73
186
80
55
53
61
1
5826
914
37
39
41
25
6054
604
90
40
46
48
75
4572
718
850
295
62
183
36
58
33
76
6309
57
94
127
42
56
26
60
35
6677
123
68
14
6614
50
169
49
5467
50
203
819
48
54
51
39
25
37
49
40
6698
46
78
24
36
6736
29
80
37
561
5922
74
231
60
34
48
6381
41
150
136
36
61
29
6341
74
42
66
81
47
67
73
61
30
5988
535
161
69
128
1
6437
119
173
85
68
6703
95
50
33
1
6399
92
165
187
38
1
6357
41
60
31
73
45
83
42
48
49
53
6720
115
47
5824
118
58
66
168
57
31
37
63
157
58
64
37
46
27
29
42
54
6093
354
82
27
120
60
64
27
1
6273
26
40
158
41
37
37
30
85
71
84
4650
1478
703
48
3
6597
83
16
40
43
67
36
6342
53
54
21
112
132
46
29
54
38
1
44
1697
3900
425
161
100
245
86
87
90
47
6084
145
40
111
157
107
62
71
29
51
24
1
4003
315
400
953
103
88
95
65
469
120
94
38
59
45
35
89
5974
368
70
55
238
55
33
6275
56
121
65
38
66
64
126
52
19
6792
26
37
27
6121
52
190
39
65
311
45
59
6160
141
136
49
235
46
36
41
38
1937
3752
276
189
111
38
240
159
79
25
47
25
3
1
4058
931
697
35
129
303
80
222
111
53
65
60
47
40
51
6584
108
76
73
41
5367
842
110
59
61
260
149
34
6563
86
165
68
6363
131
54
25
100
60
51
73
24
1
6592
57
21
36
28
43
55
50
424
5975
238
62
63
42
30
48
6722
55
29
28
48
6530
66
52
46
70
35
82
1
4862
1716
64
61
52
47
31
49
6622
17
54
65
54
68
1
1
5193
436
388
216
185
76
70
61
31
84
48
52
40
2
6842
6
34
6341
47
68
253
53
50
69
1
4565
771
912
61
282
17
92
38
57
58
29
6451
181
79
43
40
45
43
5654
94
293
51
312
259
98
35
55
31
6612
81
128
41
20
6133
644
42
53
9
1
268
549
5199
69
74
335
112
52
90
38
95
1
5436
46
123
294
112
682
130
21
38
6507
34
119
62
43
64
15
37
1
1249
4833
117
76
55
80
126
43
60
39
46
102
56
4587
1277
324
221
43
39
48
38
31
56
48
104
49
16
1
5659
713
186
50
34
47
35
38
46
74
6175
194
31
204
41
46
45
76
36
34
6510
48
38
108
90
88
5929
62
256
284
48
45
52
84
96
26
6388
82
117
147
107
41
6748
94
40
6326
148
133
44
58
25
78
70
6735
34
59
54
6090
115
138
86
61
41
77
95
38
32
109
124
6050
78
194
132
48
120
51
34
51
1509
516
110
4552
50
45
59
41
6160
230
306
40
44
42
25
35
6170
44
196
94
44
83
23
38
45
53
66
26
6257
112
296
41
54
56
36
28
1
1
1341
4564
147
54
235
87
109
54
67
116
35
36
36
1
6338
48
64
176
67
48
67
24
49
1
6298
409
70
64
41
6307
146
119
49
66
58
101
32
1
3
6356
56
49
37
63
72
56
68
63
40
18
4
325
5221
645
55
232
176
83
33
37
55
19
1
6128
202
123
48
49
146
38
26
35
33
54
4793
85
818
38
297
49
36
57
40
208
45
44
201
98
40
33
6595
113
108
35
31
5806
166
400
138
105
34
98
38
57
40
5607
42
112
310
40
235
66
38
43
81
48
22
58
49
42
61
27
1
6609
90
87
58
38
6495
122
93
32
72
36
32
3551
2775
157
126
70
92
47
25
39
580
5783
45
187
69
34
88
51
21
24
6256
134
66
129
117
119
61
6377
39
101
47
41
108
76
34
59
6637
114
32
66
32
1
6210
247
109
53
37
35
53
32
50
56
6388
182
59
48
48
62
45
45
5
53
4344
66
742
697
160
538
46
168
37
31
6566
193
27
49
47
86
5791
92
188
108
112
65
153
46
41
56
40
40
33
27
2
2
6271
79
208
119
82
27
53
42
1
2807
1197
445
1153
690
109
142
83
100
47
43
31
34
1
6497
52
58
33
74
53
115
6540
94
54
63
37
25
36
33
54
6364
267
150
47
6296
102
90
98
143
52
56
45
6558
68
45
95
116
517
5856
111
67
68
68
31
35
51
53
25
6248
97
66
72
229
60
47
63
6647
135
57
43
6235
282
29
114
122
34
66
106
5644
35
414
234
129
52
48
104
79
37
5865
68
136
207
72
118
159
52
50
47
42
65
1
6481
38
66
29
82
44
57
46
38
1
6261
150
53
72
47
75
48
100
54
22
5576
531
152
201
55
26
126
33
39
34
40
48
21
6295
184
55
267
34
47
6052
67
436
34
170
42
51
30
5637
661
454
83
47
6309
28
105
67
88
46
118
79
42
4868
85
108
164
533
156
211
218
45
49
240
58
116
30
1
6007
142
118
49
184
105
133
58
34
52
5744
325
262
136
218
16
49
49
43
40
6582
75
110
31
43
41
6527
37
52
33
21
41
18
67
86
6575
55
38
62
33
32
87
5856
360
212
170
109
56
88
31
4600
2084
26
58
66
46
2
840
5551
55
237
96
45
58
6505
53
51
117
58
71
23
4
6490
146
83
33
47
41
42
5566
364
244
319
135
28
159
67
3303
1875
334
483
578
82
68
59
66
33
1
6691
133
58
4896
1031
583
66
49
46
92
63
56
6741
100
38
1
1
1
6343
156
44
99
61
59
72
48
6323
132
340
43
44
6311
179
51
158
85
49
18
30
1
6073
95
99
237
48
44
69
34
42
85
56
6326
184
29
90
110
92
51
6587
55
54
78
70
37
1
6020
120
130
265
45
82
29
46
39
40
66
6323
63
117
91
102
77
58
51
3058
2559
906
94
32
78
36
36
82
1
6086
81
239
151
52
45
52
65
57
29
25
3849
2041
257
110
110
374
111
30
49
6000
30
144
99
150
56
97
67
95
15
80
4961
218
397
43
749
186
110
120
53
45
4868
1163
64
97
213
34
55
160
39
47
45
37
33
27
5624
115
500
337
28
21
30
36
127
29
35
6260
293
45
40
73
49
74
48
6579
79
31
41
54
44
54
6305
55
47
186
166
47
59
17
6063
506
104
35
32
55
55
32
2528
3732
298
64
163
23
43
31
6608
147
77
25
25
147
5905
159
47
74
180
60
50
176
66
18
5643
438
128
71
175
43
104
191
44
18
26
1
5917
160
56
63
175
114
68
40
85
65
49
45
44
1
6448
61
120
150
41
37
25
5844
535
134
34
116
31
41
25
66
56
6479
336
67
6673
145
49
14
1
6239
405
92
49
43
31
22
1
6180
385
161
23
45
42
46
6344
159
166
70
56
47
40
6246
46
229
148
53
43
37
53
27
479
5687
33
62
161
96
45
83
162
36
38
6450
29
30
78
53
27
47
40
35
37
26
27
3
6130
316
61
57
85
65
59
34
37
38
4416
109
1323
348
103
29
283
45
59
36
53
51
25
2
4814
51
1337
183
158
41
77
40
58
100
1
22
4630
137
772
53
695
162
98
87
103
94
50
1
6160
116
79
397
48
54
28
6657
99
71
55
6129
204
185
204
77
41
42
6336
322
80
51
49
44
6387
141
126
52
40
41
45
50
5751
128
498
108
30
23
99
70
25
64
23
63
4904
82
75
125
81
367
344
174
405
104
41
56
41
39
44
6359
129
55
55
53
41
115
75
6277
59
66
64
87
184
46
36
33
30
6152
512
130
52
35
1
6085
651
50
38
26
30
2
5884
247
144
53
133
50
150
53
56
38
51
23
6448
48
90
37
33
102
37
47
40
2268
4047
52
68
149
156
57
44
40
1
6276
46
95
69
27
141
77
49
28
38
36
5851
275
78
52
38
38
85
67
31
209
46
23
33
56
6578
68
34
38
80
34
50
6738
76
68
4847
801
99
58
381
38
29
196
71
33
120
93
49
47
20
3744
45
2362
385
194
45
64
43
6191
70
57
205
31
79
137
61
4
46
1
6536
53
62
40
63
102
26
705
6025
50
40
61
1
5272
79
1066
25
108
68
123
79
62
20
5615
35
256
244
68
107
39
177
210
31
40
40
6445
204
87
76
70
6428
170
46
58
84
54
42
6115
190
50
53
159
47
45
49
30
57
44
42
1
6111
58
447
57
50
41
65
45
6
2
6512
94
117
54
31
31
40
3
5787
309
31
40
137
135
83
108
32
47
39
29
58
1
43
3
6468
51
77
80
68
30
40
68
3936
2595
45
42
24
110
36
73
21
41
5400
639
35
53
461
44
56
53
48
21
31
465
5703
108
99
132
58
62
83
52
51
69
459
43
5224
60
314
533
38
98
40
40
33
5838
81
164
654
114
30
1
6552
51
51
92
49
47
40
5247
753
103
37
78
48
37
134
53
73
104
48
107
60
6680
28
45
48
38
43
6118
162
225
31
49
73
101
62
60
1
6652
24
44
76
38
48
6208
53
389
53
29
60
46
44
6240
36
59
165
229
29
33
39
52
6441
230
73
98
40
6399
69
141
67
63
47
36
59
1
1174
995
3928
44
184
70
42
118
74
85
53
43
42
30
3880
1970
229
15
82
105
68
49
59
120
90
64
38
112
1
720
5526
95
136
92
75
59
65
27
86
1
6599
40
48
36
40
63
32
24
6731
37
43
45
25
1
5993
26
356
112
84
223
35
53
6487
163
28
96
54
53
1
6882
6427
214
23
63
41
61
53
5958
423
65
229
179
25
2
1
1135
5078
187
117
136
95
13
75
46
6376
100
75
55
44
68
26
46
58
34
6377
49
43
49
42
61
40
42
57
26
46
50
28
727
5238
261
66
37
227
79
81
56
33
48
1
6697
28
80
46
31
6532
181
36
21
67
45
6104
187
63
52
84
201
41
59
23
68
6400
84
75
39
69
37
67
28
61
22
122
5322
643
87
260
340
20
43
45
4795
1334
69
284
51
81
55
18
37
39
61
28
30
6170
459
70
83
43
57
2935
3205
287
80
54
83
169
33
36
148
6038
51
158
104
73
34
38
87
21
55
51
24
6101
319
36
73
65
156
26
70
35
1
97
6440
139
118
32
56
5785
721
63
42
99
55
67
50
6293
231
73
51
34
45
59
60
36
6280
41
429
46
31
55
6133
425
99
40
185
5799
76
170
98
479
75
52
89
44
6699
76
47
39
21
6742
74
44
19
3
6729
27
34
49
42
1
6471
80
122
39
141
29
6589
98
96
56
43
6652
85
145
6528
40
97
52
29
136
4754
905
186
364
49
258
147
33
39
94
52
1
6704
36
81
48
13
6548
169
74
30
60
1
6383
156
79
65
45
25
74
55
6451
51
40
51
39
50
85
31
46
38
50
6184
329
64
36
87
47
56
29
5619
53
90
479
46
168
65
66
35
109
42
55
54
1
6738
57
47
39
1
6588
67
29
130
67
1
6438
75
135
66
65
65
16
22
6092
410
164
44
74
40
58
6393
81
53
331
24
6138
72
80
265
42
54
114
52
18
41
2
3
1
6193
48
280
127
100
52
53
28
1
6087
190
53
85
45
59
55
52
45
70
36
38
31
36
5994
751
50
87
6294
134
50
67
66
57
74
41
99
5922
142
45
44
327
29
151
61
82
32
47
6039
91
134
156
54
75
64
72
56
60
48
33
6190
98
175
107
45
39
117
40
41
30
5685
48
118
92
180
375
102
91
44
87
60
5982
409
152
107
46
109
33
44
6413
38
183
44
73
88
43
6483
99
50
38
44
53
34
27
54
6584
134
23
53
36
52
6259
69
76
68
141
75
68
60
30
36
5970
30
33
424
89
80
79
99
40
38
3619
2897
56
101
82
40
64
23
5859
176
172
124
125
54
284
59
29
6368
63
123
44
162
35
45
40
2
6510
48
57
148
68
51
5089
872
63
701
36
46
75
6433
37
36
55
61
96
25
69
30
40
6382
40
176
101
27
39
45
40
31
1
6411
228
75
51
73
44
6334
277
126
98
47
6017
219
60
253
172
91
38
32
6520
153
36
28
27
54
62
2
6513
31
56
63
52
44
84
39
6588
58
50
50
54
57
25
6032
57
81
285
51
70
74
111
78
43
103
6275
394
45
29
36
6529
165
125
26
35
2
4604
168
1447
44
66
171
28
50
57
55
39
56
63
34
5697
106
377
149
42
189
47
58
57
121
39
5542
771
52
204
37
219
57
6381
50
197
93
122
39
5852
89
92
249
75
64
47
87
127
93
43
35
28
1
48
5640
53
416
59
88
154
44
74
143
163
2894
2974
229
313
124
67
63
125
92
1
4200
63
2448
57
88
26
6050
370
69
67
40
24
104
93
25
40
6181
148
210
57
184
102
6082
77
74
140
44
58
43
123
44
42
73
81
1
6352
54
105
43
33
40
31
39
69
79
37
6411
74
67
177
46
51
56
6558
88
155
79
1
1
4569
2023
59
82
36
18
33
62
6066
196
63
30
61
161
75
74
109
47
5982
167
51
35
239
64
58
55
98
68
30
35
5816
758
44
42
80
85
57
3706
599
229
893
371
340
100
28
103
107
263
42
54
47
6517
27
51
65
112
66
44
295
159
6131
144
50
54
49
6537
26
124
45
45
43
62
6187
283
63
48
47
49
65
58
32
48
2
6662
59
48
68
45
6606
47
32
27
41
44
30
55
1943
3768
220
33
57
371
89
79
48
101
71
57
45
5993
135
217
283
127
32
35
60
6110
90
130
42
53
6
117
79
75
54
86
40
217
3976
306
1531
190
43
65
61
98
99
103
108
32
53
4933
74
55
94
1037
150
103
42
28
57
72
152
54
31
6263
162
60
44
143
39
43
53
48
27
6140
136
105
141
61
46
71
55
86
41
6495
50
190
51
68
28
5438
1022
53
200
103
66
6425
81
53
178
72
47
7
19
6387
59
74
49
61
115
46
59
32
6153
45
57
69
17
73
164
59
88
45
37
29
46
213
299
6032
60
151
60
43
24
6361
44
163
165
35
30
37
47
6396
415
28
43
5556
45
90
41
60
552
188
133
49
61
39
44
24
5778
73
47
244
374
42
52
141
131
6563
37
37
100
37
45
62
1
6452
72
214
55
62
27
34
6012
62
379
71
46
115
122
41
5829
66
340
41
170
53
206
71
61
19
26
6578
56
49
50
42
67
40
5797
502
191
97
155
86
54
5785
330
127
55
58
98
211
43
95
40
39
1
6061
37
61
129
453
82
58
1
6469
110
152
97
54
6573
27
36
108
21
74
41
2
6114
512
119
77
59
1
131
4717
162
289
181
52
339
133
67
314
62
39
44
44
130
81
55
38
4
6516
101
57
64
45
39
60
6233
91
452
55
51
6508
116
29
84
44
58
42
1
3047
2299
949
21
70
46
50
53
60
103
75
52
21
36
36
5900
32
829
41
44
6125
191
74
94
81
63
54
110
29
61
6433
113
114
50
90
39
43
6466
45
65
24
77
30
32
63
29
50
1
5358
1359
30
52
38
45
6739
67
76
6361
69
39
313
34
24
42
5123
1471
71
115
54
15
33
184
6002
247
187
54
44
67
41
56
4978
92
388
534
98
78
584
43
63
24
6030
42
144
75
57
167
131
58
93
30
55
6146
63
347
67
137
64
40
18
5947
45
43
234
78
358
44
47
61
25
5724
616
156
72
39
44
78
35
34
43
41
6035
410
33
136
23
48
52
44
38
62
1
6136
570
50
67
59
6259
172
67
117
107
40
94
26
6350
244
54
103
67
30
34
6558
50
82
100
90
2
6304
77
278
25
27
35
45
42
49
6289
86
97
42
86
237
44
1
6670
77
64
70
1
5520
851
284
60
65
48
54
5794
50
713
121
61
117
25
1
5113
1399
36
39
36
74
38
59
22
39
27
6383
38
89
102
61
162
47
6236
53
48
162
73
25
54
43
56
63
38
20
11
5852
271
296
40
34
27
46
167
65
43
40
1
6201
51
394
138
44
39
15
6078
66
194
338
31
47
54
49
2
23
6565
40
179
27
44
27
6453
145
72
67
51
59
35
5730
49
568
101
59
43
96
89
41
76
29
1
6665
187
30
6536
50
59
51
64
48
39
35
6553
67
35
33
121
27
26
20
6721
57
64
40
5236
380
61
412
72
62
187
128
117
119
67
41
6415
63
96
67
63
90
25
63
5476
1104
128
48
41
56
29
5400
433
90
82
60
69
192
74
61
22
108
45
38
88
11
86
22
1
6316
291
161
44
42
28
5622
433
59
164
122
52
129
161
80
26
34
6210
341
198
44
51
38
5518
458
73
54
259
68
39
55
235
47
39
37
6458
53
180
164
27
110
6424
81
32
75
53
79
28
6841
39
2
6341
176
42
160
73
49
40
1
1949
4714
38
43
36
61
41
6018
166
362
183
82
71
5424
864
85
31
70
62
170
20
43
113
5952
95
107
110
136
272
132
40
38
5364
582
119
501
47
135
57
23
32
22
5689
205
293
70
73
44
289
48
48
74
49
5462
299
400
38
355
82
91
48
36
71
919
4971
892
100
6370
100
120
37
41
100
81
33
6241
103
288
41
52
27
53
53
24
6538
47
55
27
43
33
45
94
5207
1415
79
51
60
32
38
6299
52
133
63
29
102
39
114
50
1
5403
1050
43
149
41
55
47
36
58
5158
1291
53
46
40
190
80
24
6228
39
198
83
84
90
93
17
49
1
6546
21
109
161
45
5253
26
981
103
225
68
36
108
44
38
5106
1066
83
431
70
42
59
25
4129
182
1954
56
44
91
67
27
52
144
44
31
61
6444
109
24
29
63
46
36
73
58
6254
88
52
347
62
78
1
6787
39
25
31
54
5742
607
267
50
50
48
27
37
6191
187
73
62
92
169
45
30
32
1
1208
4985
68
123
162
15
137
100
58
26
321
5794
49
35
39
33
275
171
59
74
32
6678
48
58
72
26
5994
546
41
52
43
205
1
5751
66
139
81
73
674
31
67
4940
158
655
536
47
213
83
49
97
57
47
117
2939
944
1504
333
418
91
155
36
150
47
67
72
9
6498
131
75
33
39
55
51
6459
14
178
78
25
72
55
1
5872
103
27
183
21
394
97
72
95
18
5932
191
114
157
238
54
50
65
31
50
82
6175
223
172
21
103
44
26
36
3024
2155
59
107
31
126
128
38
126
432
231
44
132
51
98
42
58
6187
91
165
40
57
20
120
58
39
35
63
5
2
6649
53
55
50
75
52
6764
66
264
5196
452
115
235
85
71
74
48
114
68
80
35
45
4856
249
500
189
161
211
39
150
48
89
62
68
79
64
33
56
28
6415
331
96
16
23
1
6575
155
35
88
29
6302
57
53
211
57
33
35
34
39
22
39
3307
3111
75
107
36
43
47
30
126
6166
67
142
64
49
61
78
68
56
68
35
28
6406
50
79
124
47
109
37
29
1
6580
104
31
137
30
1113
4999
221
245
60
63
39
37
82
23
3908
2204
440
113
78
53
31
45
10
87
6446
223
28
31
22
43
2
6810
26
46
6179
188
334
63
56
62
6405
168
71
34
77
55
41
31
5606
494
52
171
215
37
111
80
59
30
27
6509
150
144
38
41
142
4717
117
42
41
116
433
804
86
204
42
60
78
6156
216
250
105
54
58
42
1
240
5639
286
102
202
71
130
33
37
105
37
6422
224
88
71
76
1
6530
248
104
5236
65
258
110
322
271
414
52
44
27
26
31
26
6344
68
260
116
54
40
3092
2839
359
181
75
29
90
35
60
36
35
50
1
6525
49
119
88
40
34
27
5391
111
427
826
92
35
6801
72
9
6628
38
72
70
36
38
6756
37
36
53
6232
127
51
45
30
169
67
38
85
36
2
5986
90
61
233
233
150
58
52
18
1
6498
32
35
177
46
35
59
404
4406
649
314
38
54
634
32
27
101
32
32
40
119
6727
155
6629
114
34
50
25
30
6731
58
58
35
5765
132
292
59
26
351
80
34
57
30
56
1590
249
50
4772
39
49
65
67
1
6179
154
94
85
51
191
84
44
6287
92
128
57
42
172
51
29
24
6662
92
39
36
53
6529
104
111
74
62
2
5847
71
307
138
65
161
31
53
59
50
42
31
27
208
5740
155
46
55
200
20
62
58
93
119
51
51
24
6631
149
61
41
5051
1430
100
31
49
59
48
69
45
5162
533
670
63
41
59
354
5829
92
196
296
166
142
45
60
56
85
6236
63
144
55
30
124
61
51
33
6247
336
51
52
67
32
24
37
32
4
6511
65
82
38
68
26
40
52
5912
76
209
111
63
61
65
63
95
95
131
1
5079
219
37
211
613
50
67
41
44
39
55
41
94
68
46
17
50
68
42
1
6343
49
110
53
50
40
52
49
60
50
22
3
1
6431
85
118
221
27
6403
113
36
92
27
51
34
51
40
35
6394
129
83
106
92
14
24
39
1
5263
969
479
75
28
24
44
6240
50
338
64
36
51
37
25
41
5572
489
57
90
35
153
115
70
81
45
40
41
28
21
45
5275
1121
114
32
163
125
52
99
6216
130
43
86
156
43
49
60
6834
47
1
6067
565
61
50
65
73
1
6608
100
34
45
56
39
6242
186
96
52
57
65
24
100
60
6308
189
97
165
63
27
33
5827
89
524
105
254
52
31
6543
53
20
48
172
45
1
63
6100
314
69
125
56
37
90
28
3684
1661
1072
45
71
32
35
54
128
54
46
1391
291
141
4441
147
132
79
33
44
94
42
46
1
6460
70
23
36
54
90
63
56
30
6387
160
63
82
32
45
74
39
6437
113
159
83
48
42
6060
94
48
185
118
59
74
82
80
59
23
6645
82
64
42
49
6800
38
44
6574
61
116
51
50
30
6045
36
114
301
125
72
110
41
38
340
6174
103
94
43
45
28
55
6196
525
76
44
41
5503
891
32
152
50
50
64
140
6256
396
79
32
34
63
22
6033
385
76
112
36
35
79
31
29
2
64
6376
60
104
145
26
48
44
29
50
5119
733
123
132
96
81
54
52
63
79
91
45
127
1
49
37
6141
97
132
141
72
123
56
42
28
27
23
5850
207
46
125
347
51
43
79
133
1
6378
79
128
56
53
63
83
42
6709
63
110
6174
134
58
179
27
54
57
110
43
46
6197
44
27
85
41
71
28
53
106
70
72
58
30
6437
82
78
100
52
28
46
59
124
5739
378
173
65
105
36
48
69
44
50
51
6614
40
44
42
38
50
41
12
1
6335
40
74
108
48
61
53
113
50
5468
871
69
175
37
220
42
82
5106
510
565
252
95
77
21
46
45
45
37
1
6484
26
186
138
48
6480
174
52
63
41
46
26
33
6279
381
48
28
31
48
34
6299
101
52
84
69
64
70
34
44
65
777
150
5600
46
23
42
90
102
52
6822
49
10
1
5519
38
603
63
52
144
83
54
95
45
66
72
48
6115
34
427
113
135
58
6192
157
189
161
49
33
47
54
6314
48
131
34
46
285
24
6451
121
61
76
82
54
36
1
6629
168
43
42
6548
35
64
54
107
52
22
5998
129
45
251
68
124
51
32
32
66
37
49
5323
1218
104
68
40
57
72
6488
54
143
32
77
33
55
5513
67
847
41
142
58
44
51
71
47
1
6115
365
172
27
18
54
131
6478
85
68
65
41
24
61
60
4413
85
1315
517
203
47
41
136
66
59
6083
134
356
237
39
33
1029
1366
3601
389
52
68
44
64
102
61
45
32
26
1
2
6347
50
50
28
245
51
48
50
13
4696
1154
603
33
39
253
84
20
6353
37
181
74
35
37
37
66
56
6
50
6258
129
187
38
112
37
71
6571
164
60
45
42
6162
42
38
75
256
51
106
60
71
21
5829
67
37
213
160
154
55
112
59
65
59
34
38
5506
628
457
72
60
22
32
56
49
6270
37
61
106
47
40
43
46
99
39
63
31
6358
31
115
202
81
95
5694
256
684
45
50
64
66
22
1
6394
274
49
85
80
6715
46
75
46
5014
246
61
157
176
293
130
341
30
49
92
101
79
71
42
6077
293
252
60
28
62
29
24
57
6444
42
60
39
37
19
84
61
70
26
6830
52
6457
45
76
38
54
23
47
46
42
54
5938
93
125
338
106
155
29
28
39
31
533
4105
72
1029
189
66
75
42
144
230
129
137
50
49
32
6598
184
67
33
2364
3862
69
101
36
52
50
77
74
28
87
82
5472
231
117
30
149
55
215
160
70
103
35
36
27
36
146
2798
122
97
3590
63
83
52
43
33
1
6716
38
57
71
5841
248
75
75
133
33
88
62
80
25
58
164
6149
185
347
51
54
31
23
41
1
6368
175
62
70
35
44
63
64
1
5092
1092
54
200
187
59
55
53
63
27
6363
42
53
50
55
47
44
62
40
94
32
6353
256
48
59
43
42
49
31
1
153
5712
599
126
88
204
6685
42
27
49
37
42
1648
3621
39
223
307
436
265
124
25
92
40
62
6081
34
262
250
34
39
113
43
26
6635
178
35
34
6823
55
4
5621
582
24
154
294
64
114
29
5826
60
59
637
61
43
44
62
41
49
5938
89
402
41
240
119
52
1
6559
73
39
67
62
25
26
31
6788
60
34
4153
2017
242
21
41
185
46
43
56
75
3
6260
318
51
28
52
30
40
65
37
1
6385
124
84
54
44
85
64
21
21
5477
36
45
376
133
32
42
187
35
60
37
33
69
41
30
42
124
26
56
1
862
5659
115
103
41
29
51
21
1
6155
45
42
53
197
96
48
46
36
41
86
37
6723
54
62
43
1765
882
1697
1724
34
51
271
176
146
60
76
6688
29
50
24
62
29
5700
310
68
118
99
106
34
125
50
38
73
51
66
44
6705
86
32
59
5795
180
227
54
102
46
105
94
46
44
111
27
51
5551
49
99
26
87
399
231
27
36
125
91
49
78
34
6734
148
6385
37
92
71
36
57
78
43
40
43
6051
62
265
91
149
29
153
41
40
1
6131
67
175
41
41
86
48
33
56
22
49
42
44
47
6714
45
64
28
31
6739
40
103
6369
51
58
42
57
59
24
37
108
53
23
1
6218
302
46
23
45
70
136
42
6632
33
133
73
11
6357
164
49
53
53
64
53
13
36
40
5804
291
117
47
95
187
76
86
42
88
49
6074
386
81
98
140
102
1
6602
59
52
67
101
1
6389
168
129
153
43
6253
66
32
61
28
40
122
89
58
97
36
934
817
4904
43
56
128
6158
269
54
40
49
177
43
39
53
233
4608
156
550
579
71
177
90
55
69
169
90
35
5486
155
54
382
56
232
84
38
72
94
62
34
21
31
33
47
1
5170
582
421
183
72
252
135
44
22
1
6474
40
179
56
76
57
6791
60
28
3
29
6310
85
49
169
116
30
59
35
6208
556
66
52
4078
1874
228
78
485
73
66
4313
1059
144
228
64
38
422
47
89
341
89
48
6029
458
72
44
86
51
47
64
31
6386
202
39
43
56
41
78
37
2467
2920
895
170
61
68
67
37
62
52
37
28
18
106
6247
76
139
41
203
69
1
5766
346
259
296
62
51
34
68
6279
138
135
162
29
50
50
39
4493
1209
361
288
387
44
100
6192
266
75
63
47
46
51
116
26
2931
2697
799
205
102
95
53
6222
225
66
28
89
58
44
21
43
45
40
1
6661
56
32
32
30
39
32
5712
46
78
714
108
40
74
36
43
31
5558
69
645
422
37
83
30
38
5833
221
265
173
173
95
72
50
60
5780
382
264
87
52
55
88
67
47
6339
80
130
116
39
74
15
48
41
6045
195
262
46
77
106
66
48
37
6481
82
31
42
55
45
65
81
5045
347
581
27
92
83
174
92
158
88
70
31
61
33
6711
58
112
1
2979
3335
92
77
136
36
59
83
44
41
6553
62
125
41
58
43
288
6130
34
50
76
135
78
50
40
1
5659
45
129
56
163
230
128
136
90
59
63
84
40
101
6140
48
59
72
224
50
86
62
40
4544
1856
73
69
78
89
123
49
1
5870
48
573
45
56
78
93
44
75
6419
144
170
50
40
39
20
5596
76
58
406
49
201
187
82
45
105
27
50
4941
448
160
724
157
84
129
82
75
47
35
44
6538
96
52
42
62
48
6357
86
35
155
53
41
39
29
71
16
6086
202
227
112
60
41
40
82
32
5511
65
97
74
23
127
38
188
78
376
44
61
55
66
57
22
5671
550
59
87
138
80
62
148
63
24
4665
210
126
1247
39
153
113
54
134
56
85
6454
111
52
30
59
125
51
5930
68
141
75
60
54
322
36
87
53
56
5980
83
371
132
62
34
126
27
67
6679
58
29
32
40
44
6511
73
221
48
29
5501
331
467
48
48
32
68
92
77
41
48
36
43
49
1
5765
581
95
36
105
58
52
139
51
6501
58
66
31
45
42
80
37
19
1
2
5029
240
320
69
452
68
75
108
36
113
126
42
58
50
49
35
12
5772
55
96
162
433
207
118
38
1
6358
399
73
52
5490
294
239
437
36
177
53
54
41
61
6541
28
111
43
52
19
44
44
5178
1013
50
356
34
40
92
46
72
1
6314
110
34
142
84
72
68
31
27
3418
46
2550
111
119
57
52
75
151
71
32
110
44
46
5751
73
229
41
278
32
55
91
52
49
21
38
45
65
61
1
5634
126
595
211
87
42
93
47
47
6019
249
137
64
48
86
77
149
53
5977
125
44
285
292
35
33
40
51
5752
349
30
61
214
41
72
149
27
151
36
5806
46
110
267
312
52
94
120
36
39
6399
58
30
70
79
113
79
50
4
6660
62
65
75
20
2088
3744
76
547
120
114
81
38
17
57
623
1837
3863
111
225
130
29
17
47
5407
909
74
222
41
64
41
39
59
25
1
6683
67
44
42
46
6016
56
187
100
28
30
84
37
117
44
100
50
33
6486
94
184
27
52
39
6316
65
99
178
59
51
68
22
24
6182
188
168
54
91
75
90
34
1439
4112
438
524
49
103
103
37
77
4572
1133
68
802
60
87
76
39
45
6410
99
71
138
82
35
44
3
97
80
3962
1994
103
51
41
95
61
227
106
34
31
6020
383
91
153
149
52
34
6588
196
97
1
6420
118
62
62
53
37
44
86
4985
249
40
348
45
600
130
37
242
32
51
35
30
58
5702
421
129
110
47
67
36
216
42
32
37
42
1
5070
532
157
56
78
156
71
374
55
96
44
52
31
69
41
6179
126
182
102
46
94
36
52
28
2
33
2
6407
119
158
198
67
5861
90
377
51
166
73
49
49
53
45
1
5614
102
423
55
34
58
51
48
110
38
50
46
57
40
95
60
1
6144
487
73
68
38
62
10
6482
38
132
46
87
59
38
6189
79
54
45
58
39
245
58
42
40
33
6104
333
59
137
123
73
53
1128
605
3980
95
643
70
100
56
77
50
77
1
6582
155
108
36
1
6110
51
175
42
162
185
119
38
4786
68
157
80
1370
42
69
43
96
58
38
45
29
1
4714
661
152
201
347
59
188
86
27
30
54
157
85
83
38
63
6326
78
70
34
45
42
47
126
51
6345
68
193
60
61
57
98
2032
1177
2293
625
318
44
58
56
53
47
47
45
59
28
6306
291
56
53
119
57
2232
4078
84
127
35
32
47
108
56
30
53
6418
95
74
98
60
51
60
26
6544
59
162
58
19
38
1
1
116
4211
271
246
448
340
266
255
249
142
44
122
67
23
43
39
6526
290
48
18
6685
64
57
44
32
5891
521
153
57
55
126
33
46
6701
88
60
33
5953
260
65
52
89
62
34
57
130
62
41
38
39
6188
49
40
175
54
118
75
113
68
2
5651
790
72
235
31
52
49
2
6414
283
66
47
41
31
6479
146
39
97
38
40
43
6327
79
97
70
110
42
27
58
72
6658
56
134
34
6082
116
46
74
246
101
88
24
35
50
20
6337
53
54
76
141
38
36
62
50
35
6585
132
52
35
46
32
6443
41
165
49
36
102
46
6522
83
23
45
123
85
1
6500
286
45
51
5629
879
122
55
85
42
70
5682
240
46
113
70
68
116
104
182
169
70
22
6192
34
36
52
62
44
136
87
134
105
6687
47
40
51
57
6441
54
56
59
39
36
27
47
32
17
43
30
1
6002
194
84
108
135
40
235
49
35
6220
156
50
246
83
62
30
33
2
6174
288
118
37
87
56
47
39
36
6343
201
73
35
112
63
26
29
646
5560
70
77
43
50
256
36
66
35
43
6422
149
129
73
54
54
1
6808
65
9
5767
800
72
105
44
94
6354
66
41
51
41
41
111
134
43
6538
125
56
61
67
35
6789
44
49
6355
414
112
1
5723
85
508
415
36
57
58
6639
54
55
84
49
1
