184
510
35
83
100
65
62
198
51
92
112
41
2
223
168
209
1337
98
323
210
289
128
334
41
66
81
116
41
78
25
31
46
1
33
45
68
72
65
49
57
39
64
42
233
51
59
104
60
26
123
43
50
148
59
57
49
70
180
237
370
169
166
243
51
86
63
691
85
231
130
59
57
116
70
57
50
42
126
106
39
57
1
72
1934
458
153
49
73
91
40
118
121
66
62
60
62
40
142
75
31
75
41
60
55
137
56
489
595
162
76
52
130
96
68
60
78
35
838
548
232
471
302
240
41
50
56
83
108
125
78
64
17
282
817
330
625
36
314
191
178
731
59
37
164
98
148
154
93
57
101
213
66
140
41
61
59
110
38
57
109
56
30
55
143
65
92
316
668
62
49
61
45
82
351
107
62
158
101
49
103
74
143
72
32
87
1
95
84
466
271
269
93
109
321
42
69
106
123
75
53
107
53
39
45
72
47
67
36
66
125
177
78
124
73
61
145
169
71
55
359
42
1
33
187
180
668
160
801
69
138
48
114
82
1086
58
344
97
125
207
96
70
98
37
78
52
56
53
98
59
52
68
76
64
1536
311
366
1482
65
54
59
87
354
95
44
60
84
37
75
22
42
433
1076
463
566
696
112
72
55
132
69
531
144
154
46
80
151
24
1
1459
318
152
237
47
125
77
164
77
114
67
111
146
62
238
88
66
55
92
28
3
1183
66
107
549
892
207
457
154
467
76
66
55
79
336
95
56
25
40
23
31
1
189
63
719
538
371
47
182
42
155
75
56
46
30
62
43
42
376
1734
1465
61
116
61
135
67
88
143
55
250
150
89
33
46
69
45
77
228
343
1368
716
366
123
213
224
92
53
70
82
298
99
314
88
43
21
72
64
53
76
109
99
47
197
70
80
95
106
121
65
62
31
59
56
59
62
67
33
428
433
2273
42
84
43
343
162
44
34
73
29
66
125
67
46
36
1095
460
291
225
232
70
170
120
67
67
78
29
2
1305
1288
103
50
48
72
244
648
51
141
40
42
148
25
60
724
289
428
253
395
1229
74
82
184
59
42
192
62
76
63
295
86
128
138
217
64
19
46
48
1178
312
137
278
96
650
361
97
48
55
202
65
59
53
37
1
501
407
61
1713
92
159
146
74
272
226
47
117
128
93
66
56
56
68
61
106
33
48
36
34
48
39
657
1403
46
160
50
124
136
44
131
75
42
97
70
49
50
97
32
51
58
89
31
51
44
29
1
474
218
825
1541
110
316
78
40
56
67
171
68
47
139
75
18
103
74
61
29
227
525
441
1014
244
267
130
69
56
126
37
80
1
943
143
91
539
621
71
75
372
45
42
87
67
35
33
137
44
107
154
80
73
27
121
249
1294
406
465
1120
239
34
107
85
77
98
131
45
56
175
78
40
65
1332
133
64
394
40
612
72
255
42
192
135
148
45
89
53
52
32
1018
416
86
518
103
307
194
83
121
98
69
47
53
38
842
383
49
46
280
73
325
116
53
42
368
117
335
128
52
280
127
830
31
117
365
143
37
62
60
41
137
25
37
39
46
80
46
26
50
66
53
57
42
53
892
215
125
139
158
98
134
206
54
29
54
114
64
62
258
52
189
64
27
78
70
26
700
55
867
1261
142
77
90
70
40
360
41
50
51
59
71
83
31
2011
866
188
477
93
42
585
66
48
58
45
64
79
49
41
3
142
61
390
99
96
112
127
38
65
104
48
48
91
50
79
36
52
2
958
184
316
635
52
711
55
134
281
265
65
246
608
53
216
71
76
64
80
29
58
31
1
431
54
1116
55
443
1034
160
166
143
85
52
71
72
46
121
89
63
76
32
58
35
37
1040
202
640
140
42
177
527
38
110
62
89
72
29
116
41
46
1
1
231
433
551
345
601
724
161
29
442
81
75
183
38
55
119
116
132
417
32
72
84
56
98
149
59
51
72
66
50
45
66
376
209
640
989
82
143
40
70
125
158
73
61
63
68
69
32
106
90
56
51
70
33
615
41
1790
123
100
69
66
143
312
381
113
63
219
59
303
130
55
19
820
54
25
158
187
164
115
91
167
58
51
59
46
52
261
199
252
68
502
47
143
46
83
68
49
123
123
143
2135
48
737
98
73
104
39
53
51
234
156
124
70
107
60
84
48
195
1176
318
161
151
198
85
112
38
240
178
718
454
141
156
28
74
46
107
1
828
576
109
697
579
165
551
350
649
250
576
59
51
64
67
28
59
51
47
42
51
36
48
177
1252
79
429
805
276
89
100
292
238
165
369
165
234
125
245
77
83
47
80
368
452
361
239
59
704
455
342
640
64
296
56
105
247
215
147
175
116
59
102
92
174
277
34
49
72
20
57
1623
48
157
638
75
174
411
295
70
44
80
65
88
118
24
290
92
60
55
130
66
248
120
41
124
46
89
101
60
60
46
53
51
1
1124
78
39
1305
454
103
314
127
57
57
222
95
35
57
76
79
55
68
42
109
165
358
139
604
98
89
70
89
407
90
85
232
129
103
232
81
114
50
46
1412
76
69
55
298
72
43
121
65
47
38
86
39
22
48
68
125
45
694
78
54
158
87
169
124
71
64
139
56
83
68
35
33
23
1
591
428
48
83
100
60
61
49
52
65
77
81
233
161
53
41
2
291
366
76
32
402
425
295
51
557
32
127
168
505
249
161
65
70
91
67
48
68
44
1
1
505
304
36
50
547
98
60
45
207
184
75
40
66
61
53
43
77
52
36
53
56
40
2
105
286
122
136
35
882
51
41
49
478
76
85
365
50
86
200
36
54
36
34
26
383
178
64
125
90
553
727
131
61
231
62
93
74
89
82
84
113
64
37
48
54
48
40
45
29
66
168
60
819
43
56
45
54
364
185
43
70
101
45
42
45
33
64
109
25
78
37
1
851
135
247
70
51
313
119
140
32
53
97
114
79
66
36
122
43
256
1687
355
55
75
262
74
55
60
100
150
90
35
90
74
68
35
97
30
105
46
93
78
79
43
524
793
244
414
340
55
137
284
78
153
94
62
139
78
54
4
279
324
335
1057
540
172
541
233
64
239
1
59
40
38
98
68
88
47
33
58
61
52
112
141
35
60
1484
86
289
127
479
282
468
44
413
186
98
83
210
95
112
76
78
266
74
38
36
794
34
46
591
153
77
192
79
78
57
385
87
94
120
173
118
79
10
1
256
475
155
1184
193
390
364
129
223
410
55
104
105
101
65
185
48
78
241
53
76
29
68
41
101
103
91
205
179
435
242
47
249
142
257
223
853
67
268
182
182
47
211
43
122
114
57
110
79
98
47
62
39
86
59
49
104
1
698
387
450
208
159
77
119
186
161
59
140
50
98
82
623
106
105
29
216
84
69
40
45
35
34
34
54
85
90
75
68
44
105
139
81
75
159
79
73
79
52
82
88
29
67
234
254
143
152
449
32
78
89
71
29
78
45
54
1753
441
63
69
41
384
97
114
169
68
232
84
140
185
121
53
60
195
63
49
117
54
47
66
127
28
39
47
45
55
92
582
92
199
44
65
73
155
84
81
105
42
40
51
66
174
61
51
46
55
50
71
49
91
47
678
49
112
36
90
66
44
66
58
78
80
65
71
121
77
248
232
521
380
126
91
398
42
59
133
86
57
38
82
40
112
72
76
54
59
100
37
76
178
57
160
277
236
114
140
386
38
473
189
152
87
61
645
120
144
37
54
74
52
48
49
37
2398
386
103
238
79
194
93
106
134
48
35
81
47
34
50
64
35
85
1088
110
1297
49
196
50
72
46
104
202
57
59
44
69
153
75
143
236
142
67
52
77
61
95
325
38
186
67
80
69
1
1
397
56
626
1118
112
55
94
82
149
38
68
127
56
118
78
41
65
39
45
53
67
26
1
1162
49
600
403
91
63
702
1116
97
591
78
62
64
59
90
54
43
67
49
26
1
591
495
54
87
421
978
65
54
75
230
319
86
58
101
118
55
37
117
35
59
83
54
105
36
1
1514
258
355
107
48
135
604
98
54
236
67
691
200
53
38
63
35
42
135
30
137
38
40
65
1
186
1638
70
163
1251
125
41
100
377
70
64
47
108
62
74
55
62
42
38
71
35
81
47
94
113
558
287
49
458
175
116
422
63
725
101
43
46
70
39
417
71
62
52
85
38
58
56
84
1104
142
159
106
84
63
174
42
44
74
55
33
76
37
63
40
67
53
4
10
70
719
74
548
163
523
55
176
283
72
183
36
116
93
52
252
140
266
78
227
67
167
48
57
1
70
120
168
79
93
57
130
223
219
43
90
76
45
64
28
44
239
89
127
224
865
380
82
50
63
77
59
131
180
42
210
50
130
341
59
35
57
99
350
52
40
46
41
55
47
55
78
39
50
32
1
1882
55
124
487
86
819
37
37
91
37
331
66
58
41
114
73
35
51
31
78
115
523
343
597
95
69
92
665
174
89
102
137
53
57
97
123
47
39
153
62
68
44
66
2078
922
42
56
113
618
287
67
69
91
70
54
59
83
35
41
23
53
1
1
221
55
90
147
156
105
87
60
76
48
74
38
114
120
59
58
37
59
49
57
123
32
58
72
70
36
2004
391
56
512
211
59
127
70
111
265
220
175
47
82
41
49
76
109
76
25
1
214
181
60
44
205
93
221
186
54
268
77
128
123
113
38
80
90
92
35
35
54
72
103
46
24
247
127
134
50
351
64
75
58
225
148
76
135
62
28
63
59
51
32
51
588
39
74
164
43
174
39
69
42
77
70
169
26
47
39
109
65
40
44
68
217
218
123
312
115
490
80
185
64
66
81
125
87
58
85
48
44
1
59
1449
1473
393
323
61
163
103
42
127
91
203
53
52
56
230
52
30
51
54
25
1
163
729
205
133
38
61
490
70
357
94
120
234
310
147
165
94
131
43
65
98
47
115
62
27
317
757
585
669
451
57
97
200
102
74
30
59
95
50
128
52
49
33
43
214
40
989
1043
108
96
350
709
404
417
93
108
526
131
66
60
63
68
70
68
35
61
48
60
54
88
197
139
55
77
126
124
54
108
354
41
48
39
31
124
56
57
66
40
33
27
2
1194
73
44
91
226
205
122
101
226
88
110
56
289
79
164
72
203
34
74
64
70
50
1
1
510
131
426
504
111
745
39
66
118
40
199
85
46
43
67
34
1
369
740
1180
39
57
195
39
61
60
38
235
42
35
42
381
641
44
1068
80
290
406
224
143
118
71
312
87
45
55
315
70
57
40
59
124
78
94
37
29
42
26
48
509
271
50
113
229
70
179
55
361
156
545
88
64
70
67
69
56
183
106
67
88
79
2
2
1
1441
318
395
749
416
123
203
167
55
40
307
43
115
43
74
69
58
45
50
278
313
68
457
141
34
272
280
256
116
118
49
49
27
71
31
890
643
545
79
46
56
54
61
69
35
51
30
37
51
51
58
22
351
57
387
186
67
219
80
40
203
60
55
69
289
36
41
66
1223
1447
62
1369
117
60
274
48
92
51
92
27
43
1207
113
448
113
126
930
46
29
97
177
315
149
64
32
57
47
55
900
182
210
278
311
273
447
235
847
75
54
45
99
74
69
48
104
67
71
177
161
45
70
59
89
77
58
70
37
50
4
28
67
1808
117
606
47
73
178
117
485
42
30
82
52
47
40
74
95
538
100
611
277
317
454
1172
130
250
28
108
50
170
43
59
25
44
51
23
36
188
197
1242
648
890
208
94
182
50
55
86
66
74
217
77
80
49
117
44
270
189
173
1252
484
271
274
177
59
74
93
174
232
39
35
90
177
39
83
389
126
881
35
119
198
72
58
83
34
63
197
35
53
64
57
33
54
56
44
165
1423
367
218
72
115
35
161
130
34
72
73
149
86
91
122
53
119
79
91
94
39
34
1383
972
64
1022
244
84
63
57
51
47
90
82
52
61
2351
186
60
46
557
64
70
62
111
136
60
81
38
34
46
110
68
49
55
1
135
651
789
164
300
138
313
209
106
197
51
117
261
71
93
45
124
192
117
65
48
42
51
85
82
29
40
36
234
1788
107
95
46
108
163
106
101
76
1
87
37
31
44
212
291
231
212
194
512
170
59
132
394
115
60
46
56
44
56
62
49
43
47
44
40
45
2
2
33
130
64
53
214
131
70
63
44
52
41
38
63
653
500
1757
355
44
175
19
143
46
87
53
31
21
75
41
40
52
32
95
48
223
269
219
310
60
63
36
39
268
35
64
79
197
84
71
62
79
50
34
303
553
65
1096
43
52
263
184
56
71
140
119
88
25
32
1407
55
43
570
58
35
57
118
66
47
18
30
62
123
38
463
203
121
154
57
116
211
95
56
162
76
46
57
75
178
93
48
43
47
41
56
38
1
394
1650
84
160
182
754
377
82
167
91
64
54
52
69
6
34
29
4
159
63
90
54
134
113
78
66
41
1124
198
479
803
388
498
124
52
69
71
62
65
32
39
56
881
430
283
96
884
134
24
50
783
121
199
65
194
68
50
107
59
117
95
96
50
64
54
27
1
1387
422
222
1396
62
450
95
195
44
192
141
34
60
57
119
115
67
81
69
383
1519
254
45
254
336
64
61
275
252
75
181
48
25
44
114
46
63
47
495
1438
33
86
41
43
38
88
53
1
1
2
123
357
156
56
316
89
253
51
171
55
58
73
68
35
58
74
126
48
40
86
69
58
47
11
569
59
435
517
104
56
192
247
112
74
34
211
130
51
114
71
111
622
241
389
124
40
62
84
63
2
50
62
126
71
38
30
26
11
1
1914
140
246
80
139
393
117
144
100
73
126
60
43
43
96
63
64
140
73
165
55
33
473
50
74
103
158
98
767
115
141
83
152
30
69
46
50
65
51
40
29
199
164
126
99
70
80
63
61
38
242
157
103
268
121
214
399
64
88
182
196
193
90
41
46
159
39
57
66
70
43
534
830
251
103
245
439
339
155
201
44
111
65
157
76
181
350
20
211
50
144
51
77
48
63
44
58
65
20
46
2206
289
154
879
74
346
122
32
78
51
1
1598
81
129
639
141
106
66
187
311
123
60
150
208
44
82
52
46
97
430
53
96
74
69
33
60
55
38
501
347
604
254
39
148
124
248
76
684
154
62
46
48
36
27
143
127
45
38
36
67
35
68
35
53
129
341
99
356
45
93
184
143
71
181
145
97
152
237
36
224
41
221
171
94
43
63
37
262
75
662
41
69
53
129
54
47
79
1
2011
228
46
95
146
152
166
57
31
358
60
345
96
47
52
37
32
46
1594
45
251
86
142
51
173
52
194
69
35
72
60
46
106
69
37
74
34
126
68
99
74
72
35
2
39
86
32
1222
419
438
58
76
27
40
85
124
98
69
83
92
51
63
66
139
485
89
145
105
405
270
112
95
69
98
44
162
180
39
57
49
71
192
54
54
53
45
55
60
1
725
62
169
847
845
59
67
92
118
270
133
47
89
170
51
369
134
53
222
82
65
60
133
187
78
68
93
105
63
61
124
33
59
32
37
1390
446
87
128
103
53
67
46
64
42
55
55
65
46
49
1
503
807
377
62
1299
162
111
274
80
42
124
974
219
56
45
146
46
43
48
40
79
91
172
867
159
72
358
133
130
183
370
172
224
87
78
184
107
38
80
79
47
51
129
119
983
194
414
106
140
60
63
47
79
52
42
59
42
35
50
71
93
264
399
62
55
90
78
38
47
100
77
84
82
72
119
41
39
35
63
117
532
71
94
43
81
139
271
133
88
66
168
287
87
79
86
89
40
55
65
39
45
150
48
32
24
45
114
51
1778
1632
45
39
63
63
159
98
34
58
81
76
124
38
45
63
41
25
45
112
116
505
242
179
34
74
65
157
50
376
48
56
43
1131
294
63
67
71
54
198
43
287
67
64
317
114
33
86
62
29
1404
720
129
287
42
449
81
171
188
49
195
81
69
44
62
4
1
35
140
91
235
102
60
114
261
128
64
480
88
225
49
175
38
37
1303
121
309
219
849
100
138
281
252
161
37
34
123
23
58
75
76
67
2
47
98
69
240
156
623
300
102
143
62
46
62
56
154
141
41
145
40
46
57
1705
229
26
202
118
162
570
679
139
198
88
59
124
58
243
57
44
38
47
49
46
28
399
258
46
277
76
87
41
29
259
83
60
45
54
38
68
63
40
809
1096
383
38
40
74
112
71
90
186
64
56
71
62
97
74
43
64
45
62
20
35
27
1040
581
1427
152
966
122
44
62
59
109
135
80
68
41
73
50
44
62
93
35
47
51
32
33
379
293
106
457
266
347
101
106
418
154
140
441
196
193
238
83
130
125
81
81
49
68
53
56
52
40
219
70
23
252
64
184
60
750
74
70
185
181
41
62
59
44
91
58
41
70
84
86
140
1
31
40
47
697
1172
75
323
271
47
96
144
146
89
100
72
32
101
59
65
48
94
34
51
1
681
166
342
115
1313
67
187
319
145
56
131
61
77
71
14
32
378
630
478
876
951
176
68
85
79
62
129
66
74
73
84
91
78
61
32
91
65
77
50
35
542
568
185
91
48
81
26
120
51
76
53
87
237
59
196
41
83
43
34
142
163
42
62
92
52
335
87
89
323
41
43
51
73
51
104
54
44
37
52
67
36
1
108
1578
200
197
506
42
315
159
381
79
206
54
232
90
55
102
103
40
79
64
144
24
64
16
428
474
459
60
77
212
129
195
89
59
91
177
47
244
160
49
53
121
62
103
21
61
1480
1201
131
99
61
85
58
35
706
43
55
53
40
61
72
57
704
331
231
148
603
191
23
55
166
270
46
52
51
49
70
116
26
59
59
38
1135
181
1590
118
136
54
50
61
89
62
117
73
80
84
28
53
2099
134
59
256
435
75
665
49
52
49
63
39
60
53
30
33
883
198
144
56
33
182
382
76
152
62
258
109
118
42
54
58
47
38
51
55
1
780
119
23
264
52
68
85
102
75
37
74
90
65
60
40
42
31
1
129
1677
277
33
383
1447
61
265
196
163
55
68
188
31
54
43
40
35
1658
1108
145
282
49
188
59
125
76
100
85
36
36
215
468
61
96
52
92
164
63
339
246
79
85
239
130
169
140
61
59
30
61
95
44
41
60
37
1881
616
347
366
34
28
66
57
119
46
116
35
179
162
410
78
72
61
35
67
50
61
1920
137
206
198
38
115
52
109
74
51
87
217
33
44
198
58
67
54
49
49
55
20
331
522
52
111
509
221
315
61
76
66
53
117
129
70
66
75
52
49
43
113
231
1335
84
1142
58
210
191
613
75
252
164
210
64
66
62
34
68
34
4
41
38
124
1
1786
336
334
410
57
66
88
224
120
35
386
47
89
56
27
54
350
146
607
814
472
257
187
19
51
57
40
54
86
188
167
63
60
70
1
106
126
233
43
349
50
142
71
58
221
50
72
61
239
35
196
55
48
57
55
42
68
85
32
75
48
42
68
48
38
41
28
77
64
500
46
275
113
185
197
53
125
51
52
59
319
70
166
29
61
48
260
1485
145
666
773
92
59
116
104
41
431
79
46
78
40
29
143
86
65
26
34
46
96
354
82
61
53
134
45
136
75
57
173
45
68
61
71
42
55
147
498
81
1151
286
94
182
70
58
72
168
45
113
54
112
147
41
36
202
54
225
44
230
233
441
508
377
87
168
42
170
196
88
28
299
31
37
42
3
498
89
329
338
330
45
169
703
101
121
48
32
48
137
142
139
56
77
39
38
95
217
137
91
80
42
42
60
42
88
924
57
1498
68
149
131
76
70
141
279
79
57
51
70
96
216
70
377
48
30
70
51
113
41
51
36
67
98
56
118
78
45
115
22
50
116
65
42
58
21
255
512
221
94
343
284
271
274
381
96
614
54
257
110
56
237
166
109
72
328
75
44
63
205
66
100
143
68
56
53
175
42
47
1218
577
181
821
128
705
184
103
337
58
121
76
51
503
59
117
82
59
73
54
457
963
79
326
121
782
223
62
205
363
153
68
73
79
73
142
39
94
1
1
1776
222
1343
434
104
118
166
49
62
55
43
34
30
65
1366
1452
326
121
354
216
55
50
53
64
74
91
87
60
49
54
49
147
62
172
897
58
454
121
104
342
107
46
118
44
50
37
167
348
79
62
53
56
65
73
48
66
48
60
162
753
394
1158
470
254
199
77
82
401
157
69
39
85
52
42
43
54
19
824
197
22
72
407
45
332
226
58
51
133
49
75
99
60
60
43
115
1
1
1
1209
273
60
402
689
421
80
164
41
97
32
62
16
91
65
51
37
47
392
434
512
68
35
84
264
171
411
268
55
100
389
146
61
46
56
57
81
324
653
406
349
60
383
163
92
150
146
29
24
41
34
52
55
51
50
1239
831
80
270
181
157
44
100
70
125
49
125
71
44
78
40
687
71
35
83
67
608
68
116
50
67
80
290
63
50
217
52
107
57
44
228
582
260
318
44
601
319
187
224
512
23
53
187
178
153
81
41
127
42
158
59
75
613
321
86
82
162
55
54
53
67
43
69
27
57
1
392
230
234
794
405
272
82
129
37
358
105
829
70
170
118
48
152
40
58
118
90
32
39
1
441
1022
542
75
65
565
210
502
76
40
55
118
154
55
67
217
115
56
119
67
27
86
91
33
638
1881
745
61
129
36
109
470
56
54
52
41
61
76
36
84
79
57
38
238
82
44
65
59
44
39
72
154
139
49
447
72
786
110
52
56
199
222
44
68
53
284
44
1
138
1186
533
293
603
129
54
56
113
197
52
50
93
40
66
52
54
26
28
1
722
246
127
69
343
49
227
152
270
52
42
70
50
97
456
1137
485
533
79
543
63
61
26
71
48
99
105
57
85
1
379
791
667
229
137
583
69
129
63
46
23
273
123
365
325
61
44
115
47
69
78
36
54
74
102
72
13
64
49
66
76
174
159
1106
522
216
241
184
318
268
52
46
55
84
41
75
38
124
244
1282
81
113
77
61
67
51
61
190
80
52
30
65
72
48
59
102
46
20
28
165
770
880
1208
327
323
67
85
209
37
54
44
70
191
221
130
159
59
77
129
138
46
47
60
51
36
29
2
167
119
53
62
58
94
696
71
39
87
31
51
90
75
93
103
226
69
67
72
46
1999
154
206
149
97
221
49
77
59
69
59
41
23
40
100
243
476
116
75
81
57
167
110
121
36
51
74
47
159
43
56
57
28
62
22
33
15
94
1968
80
167
57
107
382
138
254
52
96
116
45
247
51
75
75
72
24
83
68
68
66
31
100
101
62
66
44
1
292
199
68
495
53
72
232
49
18
45
70
86
39
84
40
30
66
233
387
83
53
54
56
61
124
250
56
110
41
79
75
54
63
133
343
636
80
53
211
47
32
81
49
53
76
55
69
106
80
76
111
48
1357
759
1419
51
101
348
71
60
78
55
88
71
46
143
180
58
38
52
62
79
24
1
1806
208
206
79
42
155
141
74
66
79
47
116
140
55
48
35
88
97
62
66
51
69
60
1
1
96
504
366
342
63
235
536
337
297
1554
466
59
95
50
32
1143
137
78
113
878
311
318
97
85
57
65
66
67
50
25
72
234
51
34
56
355
180
81
187
99
113
58
60
53
57
36
98
443
106
87
187
489
49
358
211
586
117
110
38
64
147
56
51
58
59
194
41
55
54
118
47
50
62
58
41
1273
518
380
1167
390
68
97
40
56
45
45
50
100
70
35
72
75
49
104
92
387
213
121
60
44
79
65
37
44
95
71
2
2
666
1565
458
570
558
55
72
26
443
123
104
37
2
37
61
48
45
36
46
75
145
61
87
180
575
82
99
45
75
1
1
287
119
61
46
42
50
219
48
34
69
42
80
1005
100
234
40
145
192
53
60
123
52
29
17
49
81
499
100
581
919
392
839
270
77
86
43
273
142
56
56
54
54
101
32
55
62
243
145
136
59
83
250
110
60
61
32
40
1480
187
116
99
52
112
68
42
28
56
79
595
887
447
886
60
1298
49
60
133
46
39
47
43
110
33
148
67
50
60
54
97
52
35
42
77
164
289
94
151
54
90
61
48
147
59
126
173
66
213
31
168
34
173
51
50
90
68
1
330
1826
597
549
101
98
80
150
43
122
59
37
50
60
55
613
234
151
39
110
403
40
51
641
52
79
46
38
1054
159
934
213
871
255
240
83
57
140
169
308
153
66
43
40
162
46
55
91
23
39
47
42
51
70
40
506
1294
1012
252
198
27
55
174
130
357
68
65
62
62
33
35
52
31
384
486
170
103
814
127
63
52
142
197
48
582
94
80
198
67
72
94
56
49
35
1
60
251
1716
82
798
154
651
145
81
42
35
83
68
1
62
583
1406
285
325
286
170
681
41
71
75
61
104
134
119
64
93
40
76
46
58
16
28
1
376
98
200
275
139
112
56
79
63
284
65
111
264
68
51
38
50
38
96
60
51
58
53
1
73
76
377
55
387
32
144
104
24
1
364
59
169
324
375
150
37
175
42
131
54
43
157
40
44
41
31
3
35
1
68
78
77
63
248
294
294
271
97
51
179
67
164
69
25
66
62
54
86
65
71
101
59
39
38
36
88
34
70
64
1961
85
356
449
348
262
55
98
63
132
45
59
65
78
70
36
47
91
37
31
1686
1052
815
258
112
64
42
76
77
24
49
53
24
1596
1668
37
215
516
51
50
67
47
68
57
75
79
138
54
51
54
21
1361
433
290
47
203
137
106
148
74
203
48
233
108
66
51
74
40
39
1405
367
20
126
68
656
354
250
48
51
145
55
87
130
118
66
204
96
63
57
77
122
213
62
62
73
40
58
40
91
38
55
30
33
38
1450
39
71
97
185
62
113
107
45
45
40
29
112
63
35
20
88
517
828
49
59
69
202
355
141
196
123
235
184
70
370
106
46
44
81
86
85
118
40
316
78
639
82
219
226
107
187
45
90
78
35
73
61
59
36
1468
827
64
922
218
158
181
65
73
44
63
77
51
88
29
166
43
25
1488
131
1558
56
202
70
239
158
80
36
132
70
135
48
189
83
36
49
103
59
1
2732
305
200
130
127
48
209
79
49
44
50
33
38
34
390
562
260
485
146
59
62
68
130
484
64
33
53
56
37
164
76
118
212
53
204
54
52
47
259
41
50
135
102
48
174
64
69
39
40
37
755
767
668
268
97
412
56
633
41
89
24
61
49
146
73
52
127
102
68
41
54
62
64
27
32
44
47
115
103
534
639
189
40
196
173
345
274
126
124
55
563
384
273
117
85
41
36
56
34
595
736
94
404
113
214
700
34
42
107
80
51
48
44
90
46
44
41
31
83
44
86
123
49
721
86
85
68
87
71
238
51
69
34
72
1937
62
129
220
272
36
241
42
77
38
39
36
64
76
45
45
23
395
1054
203
269
260
1743
36
56
51
98
94
125
158
50
42
30
60
58
73
55
56
60
52
1563
99
929
145
70
420
118
158
92
165
94
66
83
100
74
99
43
1
1
1150
124
136
395
1013
43
153
79
87
52
68
56
53
66
34
54
43
28
65
59
147
81
80
54
98
62
28
66
72
64
86
261
478
164
68
70
76
170
113
196
177
284
40
43
48
41
74
136
91
69
61
56
95
35
38
54
780
624
62
154
78
64
60
166
48
59
54
56
42
53
60
19
29
711
117
193
44
112
59
538
44
27
53
291
47
108
155
131
52
289
46
235
54
44
106
60
32
61
46
48
260
202
67
119
34
63
131
50
135
55
1439
86
87
239
102
112
51
68
63
72
114
109
57
104
61
1261
396
69
165
39
56
58
95
60
138
89
54
36
873
175
47
794
569
90
796
956
103
207
48
64
50
132
26
145
53
41
67
78
98
85
69
78
2
169
1114
49
255
86
44
450
120
98
151
172
111
45
314
73
172
262
206
48
139
85
66
55
58
115
88
110
55
37
34
59
75
226
81
1262
256
39
43
64
115
40
51
43
58
93
59
67
51
116
73
34
29
5
383
528
321
54
73
183
178
167
53
204
180
56
111
79
96
84
1109
71
734
51
637
284
50
461
512
178
395
138
55
29
49
125
55
80
60
142
55
99
79
60
57
34
68
104
806
89
232
461
247
80
1298
194
267
401
84
408
109
88
61
90
29
70
52
35
56
47
24
57
1
69
507
432
69
634
97
59
228
149
44
39
130
100
119
68
72
206
50
99
40
37
38
42
54
38
78
53
1071
336
500
1011
249
386
481
124
69
440
93
45
113
68
32
45
137
41
70
36
47
45
28
1
48
155
37
1956
522
84
58
170
127
235
145
91
163
68
57
55
61
164
99
99
35
52
31
77
26
48
164
1547
392
408
83
312
268
134
43
24
42
116
95
48
101
99
100
36
64
56
34
20
25
43
38
445
170
398
73
526
48
146
955
281
165
62
79
50
352
52
80
66
139
94
472
417
175
68
87
295
63
129
822
42
212
69
32
150
58
71
42
55
85
49
70
138
482
41
51
54
217
109
68
362
43
53
190
50
206
66
80
31
190
611
92
69
88
81
77
63
40
37
350
482
444
773
101
432
72
78
32
361
53
82
177
138
57
47
97
53
152
51
65
28
147
117
353
49
79
66
130
67
33
1328
390
1621
112
59
150
62
52
106
43
93
126
176
30
39
73
73
61
588
148
139
118
530
57
60
763
891
26
604
102
72
53
65
64
48
34
55
72
69
36
251
81
148
106
47
88
62
47
49
71
33
69
48
47
35
2
1247
448
370
63
65
117
174
44
88
82
45
37
75
61
76
30
40
962
835
1113
313
339
77
80
69
89
73
101
77
60
174
59
55
111
224
40
61
34
86
53
37
263
128
90
441
92
493
162
127
55
105
404
83
65
502
62
56
113
62
64
52
50
49
35
160
274
448
53
76
229
154
239
444
116
178
55
137
110
363
91
55
77
76
288
73
133
41
28
1477
26
176
162
46
165
111
41
69
42
71
416
52
44
51
63
43
63
2225
119
93
236
348
136
61
49
34
65
134
46
63
54
67
31
48
1584
1058
53
60
336
78
31
28
792
58
647
46
43
55
149
896
84
43
102
51
41
89
82
63
82
41
45
95
490
958
1051
839
58
83
53
203
42
24
227
120
90
57
68
74
53
48
51
28
78
48
83
1697
487
421
515
66
219
272
79
95
84
285
261
133
48
94
41
35
104
56
509
196
1037
544
1361
111
55
197
38
326
42
60
6
79
42
68
71
54
39
82
31
40
64
136
414
118
57
179
300
127
241
65
68
101
80
257
163
55
107
123
113
30
53
55
44
34
1
74
361
53
159
65
511
62
150
422
160
46
175
155
112
156
27
42
89
128
27
106
30
93
63
72
100
54
93
59
38
38
210
412
320
64
186
117
163
70
82
314
106
340
50
133
43
48
68
31
47
31
208
126
43
272
610
233
531
63
316
35
105
601
112
174
35
241
64
119
44
154
51
38
136
87
29
91
1
1153
872
64
282
54
83
60
625
70
133
63
53
92
71
51
35
49
56
58
1015
79
802
81
616
202
56
79
126
57
280
302
79
100
138
195
69
67
42
59
87
47
458
112
34
32
81
52
209
56
174
75
55
59
156
64
103
212
60
49
77
56
590
59
134
69
53
49
83
232
67
75
58
32
39
41
45
50
1241
259
34
72
69
236
76
82
312
17
64
53
78
50
76
56
99
50
44
119
37
114
42
111
828
60
233
103
770
89
133
152
122
151
80
219
56
81
62
136
124
83
47
105
37
63
25
30
1192
849
122
120
135
283
491
45
117
150
46
106
38
365
46
49
104
109
38
37
95
1681
625
76
100
125
169
197
131
132
50
27
83
221
105
67
58
97
40
23
72
90
80
60
39
109
260
162
274
90
57
198
60
64
118
33
175
468
625
239
409
509
129
179
171
189
147
52
19
37
121
1362
61
117
859
88
543
251
37
227
100
57
213
1848
362
299
405
67
53
93
60
96
54
71
55
63
34
384
209
62
198
366
105
262
71
117
48
206
184
51
74
149
72
176
114
29
123
75
1277
1360
218
280
256
185
212
115
128
239
175
78
33
55
55
44
66
3
1
170
579
165
550
72
60
143
129
60
284
69
60
28
218
46
61
747
294
614
1150
400
171
63
191
58
115
66
142
200
59
42
42
62
66
52
65
659
865
166
61
181
55
58
220
98
188
73
490
67
43
129
49
79
56
145
91
75
50
83
67
58
778
1955
166
46
37
143
79
54
127
61
77
60
57
62
31
75
2444
159
189
59
60
51
112
139
92
53
75
59
111
36
85
43
159
740
50
111
73
465
65
71
129
97
51
93
1
2
1213
54
1301
256
422
712
89
58
112
78
93
83
63
121
33
70
157
96
48
67
40
47
86
51
1
273
747
66
58
251
47
75
280
280
62
517
80
202
71
685
198
207
79
44
139
81
31
100
59
65
70
72
99
35
55
74
39
68
4
161
540
127
44
53
185
57
139
376
53
54
70
59
94
59
107
91
128
37
367
54
100
62
90
102
767
348
424
1074
76
417
216
115
116
53
56
52
75
109
63
46
155
44
47
1
64
1044
91
1101
59
292
258
412
517
71
107
108
230
55
113
381
67
75
45
121
54
84
51
59
27
58
31
271
205
76
407
41
113
73
47
68
58
48
48
58
53
28
46
54
985
752
1503
116
396
63
33
307
276
44
62
61
54
111
104
54
62
77
21
88
61
63
39
1703
115
391
282
446
108
62
45
52
46
242
79
38
53
39
45
1
453
647
202
617
91
620
62
124
76
324
88
62
119
45
111
41
72
65
28
49
122
82
704
81
30
66
38
84
41
32
45
57
175
1296
202
58
184
67
139
76
23
47
134
166
317
85
38
73
83
184
108
48
55
54
131
77
84
66
51
1
814
166
1128
258
380
300
51
46
230
115
84
54
40
243
79
65
30
118
88
127
224
41
247
48
69
59
52
180
113
63
90
59
91
55
79
68
59
61
51
882
73
801
96
310
1194
122
44
48
160
80
61
141
350
128
30
103
150
63
45
38
33
58
61
44
82
61
1705
140
83
784
144
458
123
79
398
57
76
67
157
106
74
43
65
59
56
1
56
138
63
64
69
65
315
149
63
152
120
71
105
135
65
39
61
62
50
49
143
58
1730
48
815
108
322
121
374
60
78
143
220
113
45
17
37
57
1
1310
814
256
438
1005
199
94
157
112
68
73
45
80
61
54
66
56
56
2396
107
76
127
734
137
89
221
67
38
82
22
56
986
1459
966
39
85
726
56
118
78
38
90
58
226
32
66
59
133
457
222
528
130
155
60
32
91
121
49
236
89
40
174
129
95
39
52
63
47
61
1
2441
541
206
147
156
179
74
48
109
46
69
88
156
84
86
1584
50
261
113
49
234
42
38
50
57
53
2
71
708
57
56
90
59
35
110
197
46
55
46
49
368
1316
54
256
89
99
146
49
74
54
35
63
48
2565
78
273
72
125
64
70
164
37
47
52
77
27
1484
58
788
130
47
61
67
47
62
307
145
127
53
61
33
54
67
50
52
146
1931
1068
54
177
245
61
61
70
117
73
50
42
61
137
90
38
1
595
1087
58
1514
70
102
113
257
50
54
31
52
53
71
130
36
52
125
59
93
51
31
48
52
31
27
2081
241
199
41
139
42
114
62
34
76
153
40
60
169
22
64
99
39
125
54
137
2481
68
152
162
73
116
85
54
98
42
130
29
61
130
38
62
38
75
118
93
190
271
173
220
70
110
45
65
75
177
34
62
74
66
1
371
284
386
450
277
271
79
859
499
708
54
96
117
80
1
45
127
79
45
100
56
52
642
161
328
213
1247
165
72
259
75
146
283
97
60
197
28
152
137
50
20
64
68
46
52
1249
40
64
27
158
51
42
1
961
1006
77
761
260
64
80
124
102
75
79
71
67
42
51
74
78
43
50
66
34
71
94
187
690
61
947
350
426
82
406
277
106
125
166
43
41
101
29
92
67
1
99
938
101
375
377
65
71
280
223
203
168
49
53
75
81
188
38
47
50
57
73
54
1
66
336
228
410
688
515
549
51
280
324
37
75
71
382
149
133
43
40
33
50
235
61
336
243
71
101
41
77
75
60
255
185
62
191
776
82
129
102
189
95
55
50
34
57
44
70
64
3
586
688
50
152
32
67
55
194
94
264
141
80
86
67
38
65
34
68
35
1
86
67
351
47
33
442
57
71
42
612
49
102
56
188
52
113
62
90
67
50
36
63
58
116
42
979
171
77
52
87
91
69
965
68
55
33
72
125
70
46
48
54
60
56
41
1
1125
38
179
45
181
259
97
86
164
281
139
59
42
86
73
33
150
59
139
72
118
117
39
57
52
11
37
33
52
22
421
185
160
126
169
125
146
81
35
81
42
57
183
198
96
53
83
72
65
88
55
23
45
28
64
233
59
413
48
84
183
214
50
51
72
64
86
44
65
57
32
29
789
555
162
998
142
460
191
67
173
120
190
499
149
326
78
106
118
42
124
50
132
38
609
464
63
76
75
1194
52
54
35
86
69
130
146
59
51
46
37
65
60
136
93
361
72
599
562
174
114
44
179
61
47
19
115
182
63
39
49
21
1
1
127
42
80
249
30
134
242
240
76
105
124
41
31
46
79
79
44
34
3
97
132
415
238
75
171
335
117
56
80
49
90
87
75
56
48
2
68
21
696
130
112
101
75
74
120
69
54
62
32
106
30
62
478
966
370
47
300
104
56
99
202
307
83
77
79
135
61
50
120
100
275
55
116
51
189
107
36
28
51
108
82
63
83
32
37
748
732
101
170
46
63
75
137
635
19
67
61
76
240
44
49
46
56
1
1340
86
65
120
185
92
96
125
78
29
46
35
1201
176
81
354
773
116
131
140
580
48
75
137
65
47
59
55
54
54
32
505
146
124
373
588
1388
191
56
60
75
74
84
40
98
102
100
105
49
100
43
33
31
46
178
82
441
274
62
37
166
53
42
43
239
639
489
144
88
52
421
106
59
50
71
57
79
27
50
48
100
44
2184
57
95
186
122
93
170
219
177
103
59
57
100
88
37
1219
1894
212
77
105
63
65
253
75
78
26
93
130
316
78
53
48
1
500
382
314
482
107
52
227
70
97
43
56
94
62
181
173
51
79
61
59
32
20
96
35
1655
577
183
480
112
169
68
271
55
88
123
119
29
153
60
63
49
64
114
28
156
75
85
28
46
73
35
51
806
38
152
131
124
42
188
106
141
228
55
51
39
83
84
59
172
36
1
882
894
110
32
952
112
54
108
33
471
70
45
116
126
131
54
263
69
50
53
50
60
49
48
61
61
218
2178
302
41
162
101
39
39
130
71
380
83
85
17
49
38
87
50
47
1
863
50
1175
107
85
110
71
54
133
134
174
47
96
34
64
43
753
1095
159
56
682
595
114
70
77
70
46
67
92
160
70
56
35
144
62
43
150
26
99
49
48
54
62
43
1
56
52
144
398
70
43
88
43
31
59
25
18
52
37
80
40
49
41
35
1100
136
906
57
315
76
198
245
54
570
119
157
64
261
68
55
60
151
65
41
158
74
27
87
42
46
46
98
55
70
55
856
302
134
191
83
881
336
770
261
142
190
449
90
94
45
81
68
32
90
73
84
67
84
24
72
68
1
224
74
91
148
57
93
104
76
46
50
1139
203
565
103
132
116
144
133
58
289
587
1
71
114
779
68
139
88
171
68
56
43
1
1
57
660
103
524
418
304
159
309
63
116
56
268
71
125
86
34
103
52
48
3
48
29
51
63
446
73
707
82
163
396
53
27
92
179
85
83
210
101
167
75
154
73
53
70
44
1
317
57
1147
769
39
71
149
150
117
129
195
232
99
108
55
2
942
334
248
1000
329
270
49
149
63
68
341
195
267
60
68
33
92
96
169
68
60
74
91
54
48
59
29
718
250
873
1087
45
218
76
48
26
59
52
84
18
1
1
91
283
111
236
76
257
21
361
52
100
39
133
52
85
42
49
61
233
30
54
141
105
158
57
687
580
34
46
98
87
50
67
103
67
2
316
73
597
57
835
1013
73
194
121
101
74
183
48
115
50
61
47
44
131
71
73
63
34
36
42
1
315
876
62
615
110
341
60
37
168
97
35
51
206
81
52
55
108
109
36
62
68
161
67
9
438
353
1086
843
716
131
122
142
76
530
78
98
103
189
50
56
39
51
54
100
1
1609
14
737
260
109
57
177
72
568
182
71
147
25
96
237
72
93
88
6
55
52
1
506
192
1033
360
113
406
129
125
991
115
36
44
60
84
131
82
77
51
98
73
96
19
60
114
105
574
518
406
881
117
189
233
511
423
41
80
164
239
89
76
62
131
72
93
69
262
88
64
86
76
72
68
39
50
555
303
130
182
191
427
564
930
465
109
233
50
191
180
185
95
69
140
65
77
67
185
44
26
46
159
55
77
198
173
1293
59
136
108
31
49
88
171
86
242
100
89
233
56
123
38
172
197
73
41
53
99
131
42
44
54
41
1357
1225
61
192
72
52
78
20
78
74
82
1
645
597
452
58
92
47
77
78
80
35
44
24
195
66
45
52
350
328
976
150
249
343
427
60
164
48
261
56
343
123
114
118
71
41
767
71
180
37
222
121
30
119
38
85
60
86
61
48
1456
140
963
63
520
833
234
41
65
79
48
43
81
57
58
68
79
165
165
61
76
27
77
487
1296
328
409
81
53
89
259
206
184
391
96
34
70
35
89
24
56
28
1
1
621
523
135
453
123
815
44
264
163
149
75
93
69
23
20
43
78
71
29
44
45
1044
1396
101
210
91
128
73
52
33
52
111
48
41
78
73
71
1
1
1868
92
130
58
75
83
67
48
260
139
60
26
43
52
139
144
46
1
521
1096
61
179
64
378
115
115
110
147
53
64
49
99
53
61
34
42
49
61
1046
69
249
119
153
99
50
79
122
79
72
71
51
45
61
113
24
35
37
917
1484
103
74
150
40
73
31
461
78
165
71
185
405
92
76
138
136
53
70
49
797
91
745
173
444
128
91
116
142
54
82
40
64
38
38
38
30
800
563
52
350
103
115
135
53
61
54
184
63
55
166
72
95
52
98
100
161
75
36
44
61
64
46
1413
311
106
48
88
158
28
161
76
60
47
60
110
42
142
49
87
225
600
321
307
57
83
176
63
42
120
199
137
50
45
107
54
55
70
62
38
34
53
368
133
65
39
41
78
63
183
75
68
52
60
79
33
43
171
54
46
227
116
43
284
53
167
96
174
61
61
188
49
118
62
89
377
66
75
48
66
99
93
101
28
506
86
56
484
123
220
54
110
84
46
48
226
58
43
57
31
74
27
1784
509
65
315
49
736
182
51
65
77
103
67
38
1
563
118
27
85
279
41
86
48
29
335
36
62
329
36
60
39
30
3
73
1515
58
270
448
166
105
73
42
454
58
58
107
26
56
963
1332
354
135
102
65
42
55
115
138
41
94
37
68
70
60
35
54
66
19
2
316
413
290
218
84
196
59
55
296
71
60
63
45
1
176
64
197
85
78
238
141
511
128
58
57
84
55
59
52
1277
64
924
70
270
444
222
307
107
146
196
368
115
95
60
175
62
162
52
42
29
97
76
34
27
52
31
69
65
46
281
137
255
146
91
45
102
40
61
42
64
52
245
127
119
113
369
239
361
958
63
169
133
275
48
137
80
59
298
55
89
88
58
65
63
133
36
76
1
146
569
49
150
417
62
98
156
59
109
37
276
51
43
27
54
41
83
321
71
1407
355
286
201
431
198
337
509
111
118
88
64
87
56
74
50
53
70
67
43
53
78
91
84
608
445
201
55
85
45
42
169
82
51
72
55
1261
68
361
195
222
111
55
122
127
298
101
74
76
67
89
22
1118
37
153
91
1202
53
811
57
1383
76
57
66
132
51
45
1241
321
599
53
79
63
64
50
45
67
138
31
43
126
54
36
2
113
125
867
1445
105
61
56
92
176
74
58
50
24
18
55
1
45
142
2186
183
32
71
42
338
174
50
23
46
40
75
30
46
40
47
70
96
24
98
59
292
146
790
314
108
482
77
253
265
124
118
106
54
89
76
151
61
237
55
71
61
58
124
65
67
54
49
32
92
56
42
50
40
138
67
24
41
1452
328
157
351
61
55
40
41
432
835
310
59
518
80
67
60
138
137
155
187
225
33
36
67
76
106
36
77
25
282
378
153
66
54
459
50
157
197
71
83
89
246
58
58
60
31
39
60
205
53
1658
139
114
433
56
78
405
402
51
54
244
75
62
95
137
178
84
213
125
30
86
31
48
37
45
57
25
1
1321
269
157
59
438
213
216
272
89
63
53
59
48
65
66
1
89
470
86
73
571
588
46
101
162
244
187
54
174
251
54
40
51
194
105
63
81
45
51
131
58
54
341
175
72
53
112
75
57
72
176
54
40
21
50
29
57
51
185
119
187
442
1408
722
468
39
36
87
63
49
30
24
53
706
108
40
95
42
41
33
44
48
53
47
2
1
622
72
128
148
872
84
635
609
156
66
546
210
363
130
77
83
60
53
45
58
42
39
23
96
40
819
460
433
108
98
46
56
55
59
161
20
60
33
93
183
72
27
42
43
74
366
175
173
241
61
108
226
203
38
103
114
59
69
30
61
68
41
100
58
62
55
30
388
412
585
102
390
75
169
282
443
70
23
62
152
50
72
59
47
67
23
1283
267
525
36
64
501
80
229
31
124
115
83
70
1771
1081
72
318
35
61
240
103
28
63
102
115
71
168
101
50
43
34
36
44
26
40
44
135
444
63
68
165
368
150
52
167
45
34
54
250
26
51
61
76
60
55
65
36
339
277
737
373
100
60
265
143
65
61
128
53
427
67
51
208
78
57
102
67
113
57
67
31
24
21
32
250
101
867
237
160
181
46
67
205
185
80
45
71
38
95
43
77
145
38
130
34
69
130
64
68
47
53
39
57
111
410
76
232
53
578
141
54
83
47
60
60
68
44
95
58
46
54
64
35
27
1
375
137
81
243
37
871
923
535
239
213
70
290
192
69
34
68
58
458
75
69
46
44
64
1
177
89
154
294
146
55
225
90
148
70
231
50
244
302
55
196
66
44
50
71
22
60
61
98
58
283
157
35
46
149
61
55
74
106
27
64
30
60
95
47
763
137
431
148
146
72
148
58
69
22
49
1
122
364
125
120
87
103
34
35
33
89
88
59
64
68
78
71
68
69
1
94
57
40
1169
328
75
41
88
65
79
83
54
436
217
50
63
90
97
51
97
49
56
129
95
38
28
605
1288
81
103
61
120
794
440
50
188
105
78
402
36
77
182
72
121
188
45
35
95
45
82
34
28
52
64
121
152
31
62
165
759
192
48
35
111
44
47
29
85
163
145
52
152
58
508
200
230
788
43
127
44
61
87
101
75
102
161
241
64
41
1489
980
95
75
110
35
41
59
153
66
188
56
46
1
109
1274
189
863
84
107
911
258
50
99
78
250
45
64
56
33
87
861
276
108
114
85
229
47
156
67
166
37
183
147
165
49
111
93
45
55
43
48
54
234
228
41
120
70
57
79
65
52
300
101
36
185
81
166
56
24
46
1050
1639
188
228
33
71
407
133
67
214
46
191
70
27
27
41
95
20
126
375
260
216
384
49
353
138
43
153
108
135
44
60
37
148
44
1556
113
50
1926
523
70
77
63
135
55
49
27
80
63
37
1
436
603
1405
1062
115
34
135
41
649
96
46
225
82
104
57
78
120
80
52
35
104
321
135
45
146
274
178
28
49
98
32
137
136
72
181
61
50
20
89
113
22
2
749
57
139
1357
102
110
145
48
417
454
134
154
43
49
397
50
118
76
79
65
78
29
61
44
46
54
61
61
45
72
91
86
38
49
147
152
64
56
55
2
60
102
439
1701
174
489
75
64
253
122
121
30
117
76
33
39
52
615
608
48
63
63
102
43
60
377
118
159
48
103
433
75
578
161
86
164
87
69
59
16
60
53
53
3
2099
65
615
93
63
665
68
234
140
112
50
59
41
64
76
55
56
74
925
1247
245
441
124
100
49
148
840
103
74
39
85
66
121
46
142
50
124
45
38
626
668
126
1702
67
170
111
36
220
56
313
55
78
143
56
39
50
69
60
192
174
52
188
116
44
72
39
59
41
33
1
251
105
588
62
108
159
94
209
212
176
128
43
80
45
140
77
34
47
59
37
74
151
231
340
157
79
43
44
62
54
43
41
1030
798
860
110
557
66
124
423
161
48
203
32
67
89
77
85
50
142
62
67
21
95
253
775
279
52
140
250
26
115
62
187
52
129
56
75
38
64
58
22
49
125
1167
449
595
550
134
80
187
265
226
309
336
66
38
57
111
94
61
93
171
46
43
36
102
34
70
63
42
65
1135
195
141
240
174
101
410
60
144
122
59
50
45
73
33
47
61
28
1
1029
268
1756
45
85
52
105
88
201
99
189
121
53
63
70
94
48
87
80
37
53
75
53
1
51
868
542
165
652
1208
98
215
137
198
104
65
286
77
53
67
55
56
42
23
122
64
27
50
32
1321
147
347
323
82
393
71
114
322
261
48
55
59
41
96
152
170
82
119
53
134
143
50
77
28
67
747
322
79
453
193
45
596
1205
79
323
89
224
26
37
82
56
51
55
89
63
41
728
144
500
65
74
82
644
173
557
216
88
194
49
187
283
333
161
63
58
427
63
32
51
240
152
37
158
57
112
33
37
73
65
40
58
44
96
353
43
855
135
366
63
61
74
42
105
68
73
126
95
335
46
28
59
161
74
30
63
53
116
60
51
944
98
84
97
155
70
85
81
406
38
50
296
97
69
51
98
56
57
67
29
848
106
602
1194
259
52
138
234
52
41
49
59
36
109
369
61
94
72
61
64
53
56
54
1
113
250
1564
38
66
47
45
38
289
81
42
79
38
38
71
65
123
49
48
46
237
1079
187
398
87
189
110
120
77
207
87
106
62
44
94
220
109
35
85
49
70
64
49
262
38
70
214
77
530
774
104
78
86
146
120
115
487
465
61
307
114
414
507
288
250
38
130
455
63
75
124
45
45
106
290
64
724
26
342
103
81
111
77
41
73
46
48
1479
440
98
435
1187
144
57
327
65
68
67
29
1
34
187
420
86
111
52
138
83
177
696
33
63
117
74
84
50
187
85
34
166
32
51
34
1
536
586
1185
79
576
32
465
87
83
65
28
56
61
51
36
65
80
99
32
230
42
179
318
65
257
1144
94
47
521
361
93
42
198
93
60
71
55
185
48
42
69
41
112
121
51
58
335
117
45
1
171
38
117
130
196
731
54
52
69
52
58
424
141
45
32
54
80
1527
455
71
87
86
205
54
114
135
100
113
117
284
98
45
196
77
54
48
59
50
47
59
52
873
147
667
468
50
94
323
63
96
166
60
72
111
84
87
98
53
93
31
50
57
53
45
46
30
22
49
73
2186
171
68
253
213
60
46
104
73
36
54
46
106
57
61
88
45
50
131
35
79
30
45
58
867
172
850
61
588
63
450
86
235
204
67
84
129
65
217
139
91
73
56
37
32
43
170
319
153
136
782
1076
32
1132
75
77
65
113
102
30
51
41
51
106
51
80
57
31
37
1
93
39
35
57
275
101
78
57
92
74
61
52
80
60
40
1
61
616
245
628
52
401
124
81
134
204
58
205
69
65
59
74
99
118
96
63
132
53
89
71
43
58
32
533
43
212
153
171
393
111
192
106
103
157
230
99
69
123
97
57
72
77
64
71
55
40
287
2020
197
165
208
106
24
32
77
36
59
37
33
44
55
72
265
77
155
133
111
76
128
222
73
73
58
523
78
59
44
60
51
49
71
1
1
447
79
258
103
27
110
110
137
53
18
66
117
34
22
58
52
58
291
69
60
573
58
172
69
49
72
142
88
61
78
133
61
95
49
35
141
115
124
641
238
563
724
137
156
62
80
51
53
81
66
275
138
67
59
71
115
210
57
105
45
55
158
106
126
255
125
121
49
640
163
46
262
59
59
40
40
38
39
371
544
1399
590
214
354
157
59
228
174
162
81
92
110
261
73
51
72
103
62
45
1
2
874
50
792
52
224
81
924
108
152
167
121
143
216
166
61
74
45
48
55
31
1
30
804
37
79
148
611
287
164
346
89
309
58
125
200
172
480
303
53
145
113
75
115
58
1
29
1341
187
290
103
105
300
264
148
78
84
176
86
36
43
30
6
100
150
130
346
84
129
72
259
250
106
164
39
88
37
71
53
45
272
376
65
66
469
98
149
48
58
80
62
62
80
52
659
138
103
42
78
55
38
88
59
62
56
58
158
5
50
71
47
75
47
71
67
37
47
68
37
252
373
976
216
38
215
272
63
113
53
54
92
31
64
56
45
493
114
1943
251
211
155
229
144
48
43
119
87
170
60
159
58
44
32
56
60
1
43
59
272
133
61
43
85
104
138
40
62
151
45
94
35
63
53
1
1064
47
54
103
943
61
55
84
168
83
46
62
28
65
69
34
48
58
243
75
58
327
62
35
82
210
274
275
128
71
196
150
75
67
67
42
84
68
57
65
1
48
120
695
236
271
72
1366
357
53
75
299
135
54
189
183
40
121
119
45
77
68
80
39
51
64
282
657
75
394
359
27
431
84
358
286
143
75
53
119
368
103
47
71
45
61
56
58
46
46
1334
62
64
61
212
564
59
73
527
273
53
158
99
88
404
138
209
129
49
101
55
78
121
61
67
42
58
52
71
631
228
261
319
359
223
1156
22
183
61
618
270
28
114
33
199
62
175
39
54
23
58
570
781
140
478
43
710
35
370
61
322
120
56
89
66
274
89
19
53
80
118
237
56
51
80
132
79
56
108
31
49
55
51
164
73
49
68
81
61
45
1797
117
375
590
65
61
432
96
116
68
82
43
66
47
42
46
54
59
60
77
57
51
54
54
474
440
54
143
347
427
55
258
518
481
329
421
105
60
87
179
170
66
31
41
58
39
35
90
40
38
22
45
581
91
71
47
76
122
403
242
65
86
76
42
226
96
295
88
84
54
146
290
40
99
59
47
1
48
51
64
583
812
87
429
59
92
62
156
131
674
37
132
244
346
37
54
82
110
88
80
45
39
88
1
1197
1219
83
30
72
74
640
41
32
187
128
36
91
79
97
40
77
39
103
101
41
665
168
1458
73
227
131
52
48
138
243
57
297
78
72
147
36
57
74
64
69
36
32
50
1
358
141
562
935
118
91
340
362
420
119
43
60
66
107
149
418
82
133
65
61
102
76
40
121
48
15
857
86
94
39
468
50
57
56
71
42
122
130
187
66
172
55
54
64
121
96
43
122
53
89
192
60
65
99
62
87
90
97
58
87
78
80
87
42
62
288
177
32
51
159
56
45
31
38
56
31
265
92
72
72
53
72
1
135
28
313
41
99
53
39
33
62
65
63
49
75
74
64
273
870
705
896
469
136
47
5
197
149
84
105
63
180
425
154
55
55
107
120
45
58
63
46
137
77
43
58
346
181
786
32
300
66
55
914
66
72
133
144
45
127
70
38
29
26
1
243
55
286
781
99
86
273
79
56
898
40
41
38
104
88
59
155
91
72
57
43
181
150
49
51
80
1
236
51
411
547
63
123
197
99
214
60
39
44
36
109
47
95
53
63
249
52
61
44
51
62
28
53
48
44
34
47
41
73
46
24
41
1
56
1726
508
66
119
283
65
37
121
80
35
251
61
105
110
366
126
36
384
92
38
32
40
26
40
60
199
192
227
178
150
211
51
61
32
70
42
34
26
117
1047
541
593
1037
121
47
81
39
100
180
47
110
405
515
79
64
70
81
76
43
93
34
307
616
1437
1130
43
63
57
35
40
65
53
51
43
52
4
2
146
58
670
604
708
46
65
198
301
112
68
165
135
76
121
70
77
129
77
142
83
59
86
53
51
61
58
1
1
1
348
138
388
292
97
59
509
855
150
91
42
46
45
61
148
77
56
70
71
67
41
49
60
1171
74
89
209
522
43
110
166
209
122
103
86
163
94
97
125
105
144
94
101
129
187
78
141
83
39
64
67
57
62
43
26
29
57
74
320
45
78
169
289
53
547
346
374
371
140
56
78
63
50
69
70
2069
167
226
449
342
21
102
93
125
260
85
56
72
90
54
23
31
24
430
141
445
583
131
279
156
165
181
60
28
52
76
229
27
46
47
55
69
56
66
1
236
469
63
406
368
190
714
521
102
233
68
133
73
97
57
66
144
49
47
220
88
64
61
22
44
434
337
45
38
851
93
38
39
110
61
184
33
48
70
41
30
113
43
55
1
98
115
63
115
96
85
68
80
117
73
35
63
60
79
61
46
40
1
1
1
1524
453
614
122
65
101
139
121
32
54
103
52
99
63
91
54
63
41
118
87
37
26
66
36
218
1918
343
806
65
327
87
128
55
100
154
54
239
554
255
82
158
467
132
466
386
218
354
258
46
173
47
50
171
58
51
74
31
1
407
526
25
1646
95
45
68
99
56
37
41
56
46
40
1
550
1042
1379
295
68
36
49
29
60
167
252
129
250
83
39
130
60
46
64
67
71
41
659
325
152
191
248
150
186
134
32
62
19
59
50
39
2057
41
51
340
125
148
81
94
64
98
46
381
99
173
108
48
71
276
967
267
155
331
166
99
40
45
54
107
127
120
59
49
35
91
88
75
351
149
117
55
33
56
58
142
99
65
89
155
51
352
176
59
96
52
50
96
58
45
37
41
94
74
42
41
50
1519
67
881
97
165
198
84
298
53
58
441
48
66
82
14
99
182
40
29
61
62
40
1
435
135
72
52
315
157
1359
44
85
41
144
241
345
133
133
336
54
160
83
76
55
81
50
46
55
31
132
49
45
36
59
60
74
63
311
385
48
110
57
46
77
50
301
54
70
44
89
46
52
1610
113
320
192
31
937
59
51
57
73
44
243
65
56
73
263
45
85
143
37
39
60
67
22
111
37
52
43
59
128
77
66
214
101
87
63
46
1
42
43
1665
109
88
692
507
184
363
162
61
221
76
73
31
39
66
33
65
311
70
49
53
101
118
284
91
62
133
53
93
65
65
105
70
67
57
43
43
44
21
40
40
1
109
90
377
178
244
311
40
107
198
234
120
34
91
202
242
147
360
95
43
307
86
74
95
106
68
67
70
45
152
78
42
89
37
111
212
573
1470
81
180
188
230
98
140
207
79
76
51
41
40
73
137
137
65
183
102
96
93
132
244
100
49
63
157
55
72
989
620
206
198
116
437
355
243
53
144
204
20
326
72
336
75
43
91
31
80
44
43
83
137
514
60
81
108
50
194
32
43
33
64
72
66
84
150
89
36
58
97
77
35
30
1387
45
1341
690
219
60
139
94
44
82
53
58
380
84
49
136
46
55
50
49
60
1
213
746
110
182
38
420
54
180
339
60
148
136
75
168
47
89
58
56
108
71
64
31
47
93
67
36
50
752
65
392
310
451
37
471
188
206
56
161
228
60
113
231
465
277
122
33
98
38
74
73
107
36
62
53
103
70
31
49
32
135
66
113
69
83
43
54
631
781
467
88
1194
772
64
419
267
103
138
61
40
36
50
45
42
219
266
451
236
63
140
39
57
89
76
68
34
39
15
135
1431
109
615
141
80
80
188
62
48
58
30
3
29
86
69
59
474
179
35
60
293
153
55
41
34
65
126
273
251
73
51
738
360
77
264
37
84
63
52
575
329
159
608
419
1088
184
736
68
62
79
440
341
70
110
65
296
66
70
23
646
1138
123
146
153
147
231
47
56
113
76
99
149
79
58
43
68
61
47
93
37
47
1
105
608
66
405
51
37
471
145
42
92
203
31
105
124
146
52
64
101
53
844
410
153
39
75
422
328
43
128
37
66
56
52
132
45
46
48
78
38
1655
514
596
209
425
86
70
51
96
388
50
66
62
69
72
79
47
1291
84
67
63
139
42
53
217
85
81
139
187
267
44
64
58
52
27
51
376
285
878
557
31
119
62
93
103
79
54
93
67
151
89
475
46
158
167
63
225
51
79
34
39
69
686
117
40
45
89
140
212
135
163
29
104
50
45
89
39
142
276
361
209
224
82
38
88
68
138
140
122
62
98
85
60
154
53
73
546
254
704
113
84
272
182
64
45
74
43
46
51
18
57
68
26
49
1088
1002
348
189
180
448
167
398
623
91
73
102
95
376
12
86
95
67
73
80
43
1502
678
204
562
701
893
28
139
45
89
114
61
81
53
67
45
40
1365
815
159
35
44
171
63
327
479
193
108
331
59
69
576
43
107
64
97
91
99
39
33
44
1319
100
653
46
266
767
72
167
50
75
149
79
53
107
74
50
167
36
61
58
29
40
47
1
69
126
555
505
90
32
154
41
30
43
75
64
38
436
331
160
55
2030
44
141
187
74
227
81
55
271
105
91
62
1203
210
436
728
195
193
51
79
166
106
383
41
187
53
205
60
51
82
50
60
47
78
67
63
38
584
2162
68
384
174
262
223
473
70
51
33
74
50
53
41
69
357
1102
445
132
116
205
241
490
46
46
53
411
76
63
94
273
36
38
53
64
53
63
41
37
126
241
144
964
69
365
58
53
60
185
96
78
42
57
75
154
57
65
71
81
251
830
194
365
35
165
91
51
897
84
74
91
70
60
64
51
34
1255
314
206
309
368
108
164
102
149
161
350
127
111
57
53
47
66
75
42
63
284
84
1160
185
281
517
94
311
468
36
87
115
62
86
113
41
10
1
1
2
1
586
160
523
1260
1100
62
67
1039
60
67
160
60
102
82
78
40
44
36
1
33
113
1331
70
150
268
33
51
194
138
78
76
60
65
39
1
466
105
274
546
109
53
160
248
216
227
63
44
63
48
60
40
40
62
50
91
66
1
667
1150
134
340
86
59
61
76
72
80
104
103
33
41
46
153
50
40
73
823
998
275
375
655
264
163
87
69
44
78
114
129
46
71
139
57
67
39
56
138
31
49
1
434
1628
277
73
49
46
853
286
56
78
29
124
68
107
109
94
42
77
144
172
34
172
49
410
33
147
56
152
62
49
53
53
92
61
70
286
56
75
352
205
169
130
179
121
73
128
65
67
74
44
74
21
74
169
91
32
184
181
210
69
77
62
55
51
51
59
1
636
388
32
60
192
491
35
65
160
225
43
51
63
77
186
41
62
35
975
458
423
64
155
66
646
1062
104
74
149
78
59
108
200
61
50
55
53
52
23
16
44
55
1271
538
183
82
225
151
90
37
931
61
474
76
186
40
240
53
120
41
59
126
29
52
15
142
587
464
76
281
206
93
149
87
79
156
44
61
54
51
57
37
22
674
1392
100
64
56
76
191
279
92
164
83
180
115
74
68
181
183
141
172
149
84
56
99
41
24
89
105
75
46
36
