6234
58
31
29
29
70
21
66
45
5
31
11
4
2
6107
25
102
54
73
145
14
41
21
30
22
2
6093
42
34
55
36
35
15
76
196
15
25
14
6011
162
14
126
36
25
70
36
51
19
86
25
6220
63
70
47
148
37
26
5264
140
833
22
53
22
33
21
66
71
23
26
34
13
1
14
6185
28
107
66
19
177
30
18
2
4
6098
45
169
38
38
71
12
24
21
41
20
28
14
14
1
2
6532
61
7
33
1
2
6319
85
25
35
29
36
35
23
24
17
8
6101
132
25
38
25
31
40
44
17
16
52
39
44
31
1
5692
327
76
36
61
152
18
24
58
26
23
17
25
29
40
18
14
6294
62
53
46
23
32
31
41
25
28
1
18
6229
29
76
25
21
24
100
16
37
27
23
11
6469
23
42
34
40
22
6
47
5981
507
26
34
36
4
1
6081
53
34
59
32
217
59
17
54
9
21
6111
157
116
27
66
22
28
20
31
31
26
1
5717
83
55
55
71
147
231
39
63
49
19
31
52
24
6279
26
24
55
70
40
48
54
28
11
1
6553
25
35
23
5813
345
18
96
50
69
17
42
31
40
20
41
54
4313
19
1137
34
625
287
81
26
27
36
13
21
15
2
6235
20
32
62
34
36
29
29
95
23
41
5880
269
35
31
158
34
30
61
23
23
35
50
7
5779
444
216
42
38
37
34
30
14
2
6277
21
27
39
29
36
49
58
17
23
32
28
6290
24
28
26
26
11
67
57
25
30
22
7
1
16
6
6256
28
29
52
80
26
17
82
15
29
22
6266
26
102
39
49
39
27
34
30
17
7
6050
39
15
105
35
21
38
62
92
29
50
35
14
33
18
6062
60
32
60
123
38
45
22
20
43
46
19
14
20
32
6425
24
35
42
22
55
33
6554
44
17
21
6157
28
3
41
150
62
35
52
31
34
17
26
6134
94
31
63
34
156
20
26
5
38
20
14
1
6127
70
45
13
18
43
22
95
38
36
44
24
38
23
320
6092
89
37
43
14
27
13
1
5617
57
17
516
28
26
145
36
25
33
23
37
14
19
42
1
116
6077
76
26
30
66
77
91
27
22
27
1
6134
42
27
128
77
51
46
40
37
31
22
1
6450
37
40
27
24
58
6499
30
30
15
44
18
5881
97
33
161
97
33
93
44
20
69
21
19
15
15
19
19
5941
72
41
316
43
44
10
31
35
15
24
29
15
11
8
1
6136
20
38
56
115
56
33
47
89
45
1
5559
351
107
152
66
132
52
54
30
63
20
8
19
23
6201
190
28
54
47
13
17
39
20
27
5645
27
343
140
35
154
73
56
27
41
18
34
24
19
5892
158
160
50
89
77
36
17
26
23
17
35
56
6539
50
22
23
1
1
5775
562
20
32
41
31
22
48
32
26
27
18
2
29
6074
73
151
104
47
45
35
53
25
6488
16
38
31
16
17
14
16
6534
16
27
58
1
6266
15
77
69
14
31
43
34
61
26
6347
36
86
49
29
53
16
20
14
6211
55
68
9
50
23
57
87
32
24
5
1
6278
23
21
16
55
74
47
35
47
40
5976
241
78
39
18
32
64
30
72
52
25
9
6517
18
28
28
25
19
1
6175
46
127
172
79
22
14
1
6348
84
29
30
42
27
75
1
5747
20
120
107
17
64
22
155
103
42
43
34
34
30
17
65
14
1
1
6085
61
67
70
32
29
31
39
53
12
20
17
62
23
35
5844
39
245
53
24
43
52
6
98
31
68
55
13
35
30
6051
215
129
23
22
23
25
21
46
18
11
20
32
6119
48
312
30
45
28
34
15
5
6324
28
24
48
18
23
72
56
25
18
5699
381
82
34
32
55
33
23
82
58
27
57
20
29
24
283
6022
58
58
46
22
21
34
27
26
20
19
6418
30
29
63
21
34
41
18
266
6037
66
33
24
25
26
54
35
31
20
1
5859
161
259
125
27
29
27
74
12
37
11
11
4
6554
35
36
2
1
4
3
1
5765
320
82
131
118
98
20
56
25
21
1510
4581
108
104
50
18
37
45
53
26
38
23
26
16
1
6091
78
20
46
30
38
39
78
30
24
34
15
42
36
35
6405
20
29
6
54
61
16
27
18
6534
23
31
26
22
6112
308
30
64
29
20
45
28
5597
601
46
78
87
64
38
38
29
39
19
6433
48
61
21
41
20
12
6063
23
204
60
63
74
29
46
25
26
13
10
5723
34
355
70
21
73
50
118
35
33
17
72
33
1
1
6027
174
36
43
63
64
37
23
30
19
30
25
30
18
17
6419
25
28
1
34
13
74
41
1
5611
622
273
39
33
32
12
13
1
6198
23
94
162
44
52
42
21
5965
17
22
30
28
40
88
55
16
16
50
22
38
62
53
58
4
25
14
31
2
4190
1994
90
141
18
24
26
32
28
52
14
23
1
2
1
6424
26
40
22
22
36
23
33
10
6120
94
138
88
37
31
24
33
31
15
19
6
6204
54
44
20
47
32
166
33
22
14
6193
109
72
37
23
27
76
25
11
10
21
29
3
6188
50
48
119
29
23
44
22
25
24
18
24
12
10
5477
788
18
40
37
33
19
47
33
40
23
35
22
1
19
2
1
1
5654
453
31
20
46
145
85
60
41
24
32
21
23
1
5989
234
113
48
78
42
21
3
32
39
37
6011
79
190
29
71
23
34
88
49
17
16
29
5530
53
308
194
30
72
24
56
151
37
34
24
29
33
20
25
15
1
6107
41
138
61
35
35
23
76
35
27
17
20
20
1
6068
49
85
94
21
163
26
35
39
39
17
6445
62
15
32
23
33
26
6405
25
26
55
97
1
25
2
5776
63
336
104
97
30
104
25
14
21
23
18
25
6163
45
35
143
18
32
57
35
32
18
47
11
29
6333
77
36
20
43
29
26
24
19
6064
143
30
16
39
104
82
19
36
77
23
1
1
1
6272
55
74
19
38
64
34
29
50
1
5813
37
18
70
222
84
52
113
29
31
31
31
39
38
28
5758
49
19
183
37
37
92
232
136
70
23
4761
132
38
1394
32
15
81
65
27
46
29
16
6070
88
41
65
20
23
32
38
37
105
40
32
26
17
2
6203
181
117
16
35
30
54
5963
103
15
73
17
151
80
22
26
30
33
89
34
6122
163
71
68
63
19
38
37
30
25
6065
262
50
78
35
18
34
26
23
22
23
5720
217
95
63
100
38
150
40
26
50
21
24
15
20
35
19
1
2
5959
221
49
81
49
51
19
62
35
31
35
14
17
12
1
6262
140
93
35
48
34
24
6314
70
20
34
23
32
33
25
38
37
10
6402
32
75
42
84
1
6378
113
48
17
29
28
23
6127
226
85
34
88
10
13
27
11
15
5699
35
32
225
105
54
32
134
84
17
28
70
24
34
21
26
16
6034
17
158
50
133
29
46
43
16
35
10
31
5
28
1
6338
81
50
20
19
17
31
53
26
1
6247
164
25
134
27
15
24
6087
24
45
111
150
39
44
26
34
23
13
12
21
7
5784
167
69
65
61
42
21
26
48
67
62
105
16
20
53
30
6377
26
34
26
84
21
30
6
10
22
6423
37
96
26
45
9
6017
385
32
132
45
25
6091
38
22
28
19
26
43
119
21
36
16
36
7
14
34
21
64
1
6417
131
32
33
23
6246
38
62
31
73
23
26
20
23
65
28
1
6275
23
69
76
9
28
37
54
29
36
6050
34
65
19
62
21
32
28
24
49
25
47
32
82
15
33
18
26
5971
242
34
60
24
30
21
95
24
40
2
47
18
2
6302
39
57
35
27
21
24
31
27
32
18
23
6044
37
281
29
21
44
58
18
25
19
41
18
1
6179
36
59
22
31
54
146
16
14
54
21
4
6196
21
26
34
120
46
21
102
34
36
5703
177
32
197
144
30
54
91
35
26
32
56
47
12
6568
34
20
14
6437
25
87
38
31
18
5923
31
508
66
14
22
24
28
20
6175
41
8
9
65
32
27
23
31
44
39
33
26
25
14
44
6370
48
33
34
38
39
24
28
20
1
1
5928
40
79
207
43
27
60
34
31
32
35
28
47
19
23
3
6294
60
26
64
35
12
24
43
20
29
29
5065
1015
43
57
49
42
103
101
37
52
20
30
21
1
6307
119
42
10
28
75
54
1
5565
219
31
394
12
62
34
23
44
33
20
35
49
46
31
25
13
6401
51
92
38
17
37
6192
51
123
76
20
45
39
38
18
32
2
288
6120
52
20
62
14
47
33
6106
26
242
15
18
14
47
26
41
20
25
28
27
1
6432
54
49
41
34
26
5950
199
105
123
22
20
22
87
29
53
25
1
6290
15
24
21
31
28
15
92
45
24
11
40
5785
107
36
150
161
25
26
83
138
21
74
28
2
6323
28
68
122
37
33
25
6072
105
119
16
24
160
34
36
18
29
23
6294
19
109
27
62
25
30
29
24
16
1
6322
20
98
95
17
49
25
10
6139
34
59
44
37
24
53
38
40
25
47
61
17
18
5744
39
84
38
265
85
20
26
12
73
46
20
24
40
17
30
28
33
12
6044
54
74
184
29
23
59
83
19
20
30
17
6458
94
72
12
6329
18
83
81
22
31
17
18
19
18
5772
301
159
29
128
30
25
40
19
41
18
30
24
20
6240
56
146
34
42
31
43
22
10
11
1
5898
288
86
62
43
25
66
28
77
19
19
25
6345
95
34
55
21
44
42
6542
27
21
32
14
6383
21
28
59
43
10
32
23
28
9
5154
632
730
50
13
37
19
1
6349
33
38
55
29
83
21
27
1
5667
383
66
271
66
18
40
26
22
27
16
26
8
6410
27
32
23
59
22
38
25
71
6310
33
14
106
26
20
29
27
6317
35
35
58
27
43
22
81
16
1
1
6055
213
51
29
37
18
53
58
31
23
34
34
5886
61
239
155
59
23
18
34
46
21
33
20
29
12
22
49
5996
56
15
40
16
138
31
35
74
26
69
27
25
17
6263
112
49
22
94
37
29
30
4857
23
680
264
604
12
28
15
58
27
25
35
8
6081
111
61
173
18
66
32
33
28
25
8
6293
32
34
24
50
66
11
30
19
70
7
6505
48
27
25
19
11
1
6435
35
46
46
12
30
21
11
5851
64
75
18
161
40
26
23
28
48
62
25
34
25
61
37
26
22
10
6019
375
25
7
52
15
28
22
21
45
27
5251
380
32
545
25
26
27
49
41
20
37
41
92
36
17
17
6290
57
23
26
86
45
10
48
24
25
2
6019
164
83
149
49
62
1
32
32
23
16
5
1
6121
69
207
46
95
44
32
22
172
5897
24
100
32
42
93
68
16
51
38
30
27
31
5
10
5916
80
55
292
148
22
28
25
28
21
21
6569
30
37
5973
70
34
315
32
42
20
40
43
35
13
18
1
6235
36
31
33
30
19
47
18
23
29
33
31
32
7
13
19
6163
66
299
24
57
27
6084
55
282
36
28
30
29
14
13
28
37
6360
50
131
39
26
13
17
6186
56
68
27
18
28
20
20
91
38
40
40
3
1
6403
50
30
31
4
25
24
21
48
5998
25
48
101
102
58
32
16
93
68
31
28
25
11
6203
21
88
27
140
27
46
38
27
18
1
6159
29
121
35
21
118
25
18
47
27
18
18
6114
23
207
31
86
132
17
14
12
5973
538
98
23
4
6286
72
38
94
21
31
28
28
19
19
6196
150
68
17
37
34
29
30
42
19
12
2
6401
33
29
25
21
17
27
42
19
22
6083
60
62
90
13
34
51
24
35
31
99
38
13
3
5594
356
92
84
127
134
19
37
18
37
16
21
35
25
19
22
6164
27
128
46
40
21
50
43
20
32
40
25
5736
30
53
118
453
168
23
21
20
14
5949
399
28
57
48
30
35
67
22
1
6356
25
82
100
32
19
22
6139
275
35
74
39
12
32
17
13
6205
40
63
39
56
11
38
87
24
50
15
6
2
5452
430
79
238
70
87
80
21
91
24
40
20
4
5997
34
193
124
32
29
75
40
49
46
17
5016
889
339
24
147
28
38
33
30
25
53
14
5821
23
108
61
31
55
57
68
156
77
62
45
17
16
25
14
5952
32
40
55
158
100
29
32
37
83
20
45
21
32
6363
67
77
30
40
23
29
7
6051
61
33
328
42
33
82
5
1
6073
75
37
24
108
81
58
28
29
52
20
29
21
1
454
5553
67
98
80
155
58
19
31
16
29
23
19
34
3945
1956
68
28
273
32
191
58
11
18
30
23
3
5228
386
68
276
19
74
120
34
30
30
67
25
69
53
81
19
37
20
6061
259
17
21
21
33
30
30
83
15
40
26
6366
42
31
34
20
23
22
19
36
32
11
6548
83
5
538
5789
29
39
29
29
23
62
13
20
16
25
23
1
6483
10
30
40
21
37
14
1
6420
25
57
31
52
31
20
5781
286
22
91
45
77
19
207
37
39
21
10
1
6236
102
14
28
44
96
24
48
25
19
72
6070
43
17
76
34
53
45
13
50
36
27
44
29
12
15
6331
129
128
16
32
6171
46
80
81
25
15
64
24
24
14
29
18
39
6
6424
24
22
112
15
28
10
1
6176
28
94
76
24
66
36
45
30
37
20
4
6349
34
31
41
21
38
27
37
41
17
2285
4160
34
23
40
9
44
19
21
1
5852
277
115
110
33
28
68
26
30
28
15
30
24
6068
103
36
155
35
54
63
20
20
17
28
19
16
2
5801
139
302
49
100
139
23
22
31
30
5643
139
127
46
61
30
29
19
271
75
47
48
21
30
22
28
6381
42
54
33
45
31
50
2233
4066
48
21
53
38
65
28
49
35
6154
31
36
136
191
26
33
16
13
6392
112
44
61
27
6364
35
26
29
27
42
17
35
24
13
24
6238
127
19
49
32
32
25
14
50
35
15
5753
19
58
29
576
118
6
7
7
19
18
26
5769
617
41
20
69
25
41
27
13
13
1
5886
204
234
51
54
19
56
113
19
6315
73
41
33
44
26
37
22
8
24
11
1
1
68
70
6274
35
58
19
60
16
14
11
10
1
6386
59
36
28
62
35
30
322
5947
26
38
35
33
28
19
23
23
18
29
26
6
49
13
1
6180
15
134
113
91
21
34
10
38
6050
419
148
19
6360
52
53
29
24
85
10
23
5927
219
29
94
147
18
100
35
49
17
1
6138
123
25
60
21
10
25
21
45
49
79
4
25
11
5647
589
76
87
26
32
33
23
28
59
30
6
6263
57
84
70
36
31
53
26
16
6107
120
47
85
40
39
26
80
19
23
23
24
2
1
17
5569
283
499
40
49
47
14
12
21
8
12
23
33
9
4550
5
1782
63
1
61
54
30
35
29
13
11
2
6442
46
24
19
56
25
22
1
1
5885
253
192
31
44
29
22
86
29
29
21
13
2
208
6291
24
13
22
24
27
27
6426
49
39
32
49
41
6304
122
72
31
32
28
12
12
23
6302
28
24
53
31
20
64
42
29
18
3
20
2
39
5923
183
112
27
22
25
52
43
30
23
24
39
33
13
27
21
6140
44
72
48
24
24
15
19
48
93
35
26
31
17
6434
38
40
42
82
6486
46
46
12
39
7
6069
28
61
22
261
19
34
35
17
21
41
28
5789
128
24
39
133
245
22
68
39
21
19
23
25
13
25
23
6326
39
29
154
47
16
25
6115
32
88
51
31
43
46
65
42
64
24
35
6499
42
39
21
35
6530
37
21
23
25
6013
352
50
69
35
24
11
23
25
22
12
6421
22
24
33
41
1
36
26
27
5
5437
362
24
612
38
88
21
31
11
12
5946
93
66
76
88
31
204
76
28
18
8
1
1
6369
100
18
20
57
20
26
26
6187
37
215
36
33
26
17
51
23
11
6305
93
28
41
40
60
23
18
13
15
5734
163
33
453
59
32
20
15
70
38
19
5971
158
64
59
72
81
54
21
43
36
47
30
2562
2861
896
20
24
19
25
38
66
30
11
30
22
31
1
6249
64
22
68
42
17
12
24
32
30
30
18
9
19
6274
179
27
18
62
37
11
28
6332
35
185
26
31
27
5937
19
43
118
20
171
75
67
32
26
38
23
30
17
20
6380
28
47
29
67
59
26
6148
30
165
16
15
202
60
6291
32
190
42
26
21
20
14
6117
30
95
114
173
42
31
34
5933
46
89
42
149
39
86
119
45
73
15
5771
35
44
91
200
74
26
46
50
22
53
25
94
13
26
20
10
34
2
1658
4693
72
124
18
24
31
16
2692
3258
209
288
7
52
25
14
28
34
29
6190
101
33
31
73
42
98
16
28
24
6499
11
24
39
20
33
10
6143
11
128
31
103
50
26
35
19
13
20
34
23
6394
36
28
92
72
14
5937
10
129
182
178
48
70
63
19
6307
38
20
35
37
27
34
46
26
15
19
20
12
5949
185
55
178
46
25
44
20
26
40
39
12
17
6309
98
28
22
44
32
27
58
18
6414
78
27
41
32
18
25
1
5597
631
23
41
17
25
31
18
36
41
32
22
22
24
25
37
14
6368
47
69
52
14
16
28
14
10
18
6409
32
31
24
97
26
2
15
6023
189
54
22
108
21
20
78
72
12
19
18
6225
55
65
82
37
22
51
33
49
17
6028
25
66
42
53
79
19
29
34
35
46
44
19
30
63
24
4992
98
25
974
233
75
157
34
42
3
3
6324
107
43
14
56
12
31
2
24
23
5978
26
198
27
35
35
31
109
36
63
35
47
16
5939
27
27
396
20
47
21
56
40
30
3
30
5874
26
287
84
49
41
25
94
45
37
31
24
5
13
1
6091
22
32
39
244
71
35
19
26
13
22
21
1
6225
25
101
46
19
49
24
22
45
24
19
37
4557
48
1176
549
56
21
31
24
25
27
40
41
27
14
32
26
6109
149
109
30
47
47
27
30
16
14
5965
58
365
75
19
31
27
52
42
2
5847
275
43
33
44
37
6
34
42
54
38
27
26
46
27
39
18
5367
96
22
193
179
39
130
101
54
86
29
29
41
36
92
86
16
39
1
6332
31
52
34
68
30
9
28
14
38
5775
659
56
30
41
41
18
16
5057
771
632
35
40
61
19
21
5216
1121
85
38
63
62
28
19
3
1
6271
306
19
31
8
1
6128
32
55
29
70
27
46
20
82
22
25
30
19
43
7
1
5789
39
312
114
37
43
136
34
19
32
26
38
17
6066
68
35
26
99
50
38
25
27
24
23
42
28
35
25
25
5582
22
238
89
13
295
42
37
22
101
41
14
54
86
5494
727
118
32
42
30
37
37
86
16
17
6026
19
236
64
27
103
22
56
54
29
6057
54
60
75
56
14
178
141
1
5655
232
494
25
78
35
43
31
28
15
188
5789
69
183
31
56
43
37
31
40
31
37
18
46
22
14
1
5823
182
33
28
125
34
202
60
23
40
23
25
37
1
77
4726
436
108
54
838
23
23
26
175
33
45
17
21
20
12
1
1
6073
149
55
26
66
144
1
19
10
21
26
32
14
6449
18
13
20
72
44
20
6277
69
26
80
61
33
51
16
22
1
6283
24
108
21
77
41
56
25
1
6443
35
56
29
18
20
35
5944
74
153
88
119
14
21
51
38
36
48
39
10
1
6403
63
119
30
21
6183
99
57
32
40
52
32
32
12
16
40
41
26
5737
253
158
89
40
42
25
58
29
40
51
12
15
38
4
19
4450
32
346
369
909
87
29
65
162
19
26
27
28
16
31
9
31
6118
74
14
139
21
130
33
47
31
29
6212
76
26
87
32
57
33
28
46
23
15
1
6070
35
100
21
21
28
27
70
26
23
10
74
48
36
14
17
16
34
325
4840
181
374
270
187
61
51
61
39
83
34
48
45
3
6508
25
41
26
16
20
6200
23
210
35
32
27
63
30
16
5854
356
103
107
80
46
27
31
31
1
5948
138
27
55
19
30
157
52
96
25
42
26
21
6462
16
23
67
41
26
1
173
6140
15
37
78
30
34
65
21
30
13
6365
57
88
35
28
29
34
6258
45
36
30
68
32
27
54
19
42
24
1
6212
45
48
44
38
33
24
30
21
73
27
13
26
2
5707
41
24
376
53
38
132
92
31
19
37
40
16
14
16
6274
23
50
29
37
32
17
40
28
31
9
18
22
26
6207
76
44
19
22
58
21
29
14
42
10
20
23
19
32
6104
70
41
70
23
19
26
66
149
24
27
17
6037
60
33
131
26
32
58
31
29
45
33
35
37
20
14
14
1
6239
51
48
26
88
31
32
37
27
55
2
6157
32
29
61
21
17
26
89
61
42
35
50
16
6420
51
58
30
19
28
30
6363
49
78
22
13
21
19
24
33
14
6106
37
59
25
37
44
26
121
14
30
30
26
32
14
31
2
2
5900
71
262
42
57
20
25
25
26
42
18
47
36
7
34
24
6425
21
81
31
22
16
17
23
6346
21
32
58
32
15
23
44
49
16
6421
38
24
37
35
31
27
23
6323
31
57
56
35
55
22
19
17
20
1
6215
29
59
262
38
33
6316
47
22
72
38
33
75
21
12
81
6175
21
76
31
27
43
67
36
38
17
24
6130
10
20
69
138
12
21
76
34
17
28
19
16
27
19
5582
94
195
32
50
190
132
28
118
26
26
41
23
37
26
22
13
1
6508
33
38
19
16
16
5
1
5702
149
138
165
20
57
38
16
50
41
35
53
57
31
35
21
10
18
97
6244
49
42
50
18
29
32
25
49
1
6162
23
58
80
104
28
20
67
69
11
12
2
6427
26
23
70
40
32
18
354
5716
87
84
70
56
82
12
30
27
65
18
35
6388
18
73
52
20
34
30
20
1
5854
504
21
58
43
5
15
35
13
15
38
34
1
5214
313
343
125
57
22
25
120
32
53
20
36
16
12
43
93
26
31
24
31
6002
230
71
64
105
35
28
35
29
20
17
5888
147
142
325
31
13
24
36
30
6262
104
44
32
41
14
21
16
45
23
33
1
6484
29
43
29
33
18
5714
318
116
78
26
41
245
78
20
6352
51
30
38
32
23
58
22
21
7
2
116
5309
610
135
280
97
34
34
21
6101
109
32
28
19
64
81
32
40
21
33
19
35
22
6387
58
20
37
26
16
43
21
28
6235
100
152
21
65
34
16
12
1
6198
367
18
34
19
6338
25
36
14
16
70
29
52
37
19
6165
55
187
44
81
20
14
22
22
26
6570
14
24
28
6001
69
146
91
36
30
154
34
23
24
25
2
1
6111
37
57
24
202
27
33
12
30
36
16
37
14
5552
85
336
80
24
339
58
76
32
25
28
1
6348
75
30
83
16
40
44
6215
26
107
41
39
72
35
17
24
10
23
25
2
5680
76
100
69
181
37
32
20
46
37
125
84
33
17
26
30
22
21
45
27
6096
45
96
17
54
41
29
24
21
42
35
23
9
32
6392
25
87
65
26
18
23
6184
78
20
110
20
53
28
44
6
30
44
19
4899
1490
52
30
45
19
17
24
22
38
6012
241
21
48
45
26
74
19
75
57
17
1
6284
99
32
17
71
28
38
21
22
24
6332
21
72
123
24
41
23
6069
26
14
78
39
57
25
36
25
54
70
29
56
12
13
15
16
1
1
5971
35
28
278
61
49
25
23
77
27
35
13
14
211
5506
102
47
24
26
237
261
95
29
32
47
19
6382
28
43
24
27
80
3
36
13
5555
29
572
150
91
37
25
61
58
36
21
1
6584
1
27
24
6033
105
203
76
85
26
53
34
21
5736
255
368
26
30
42
34
46
24
17
22
10
17
8
1
5984
71
23
143
15
14
9
89
27
24
24
15
33
77
58
30
5537
283
166
30
46
65
38
97
175
18
90
47
17
25
1
1
6398
60
93
22
19
26
17
1
6320
76
38
20
37
58
17
37
33
6460
90
51
33
2
6041
250
174
66
28
31
20
26
6229
14
78
32
40
46
54
17
28
23
23
31
21
5956
90
60
36
32
174
63
30
78
28
33
17
23
16
6185
14
134
39
38
43
124
25
34
5348
794
118
31
28
200
69
25
23
6253
30
18
31
75
13
52
25
49
25
21
15
2
26
1
6062
34
20
28
368
28
18
39
39
6350
31
25
25
26
25
23
41
31
29
13
15
2
4992
1178
82
31
91
40
37
20
32
39
29
8
25
32
6377
28
21
34
120
16
26
14
49
6194
61
14
25
40
75
43
41
26
38
29
1
6277
15
95
49
41
55
32
31
34
7
5674
45
263
11
209
43
40
62
64
24
24
21
33
37
27
30
29
6211
237
16
82
23
52
15
5987
257
35
134
37
23
123
11
29
6389
20
36
24
81
33
23
30
5972
48
178
29
100
40
83
119
44
23
6256
30
23
51
19
24
28
63
79
6
29
28
6258
72
36
56
53
62
36
41
15
7
6351
37
147
24
21
30
26
6285
24
94
52
52
21
28
27
20
17
16
5996
104
44
32
269
22
33
33
38
6
22
21
16
6264
132
28
57
26
40
63
26
6101
86
35
27
24
70
127
25
32
27
17
20
45
3457
2724
292
15
88
20
12
28
6278
44
17
22
53
34
17
59
27
40
29
16
6269
18
21
52
49
25
29
32
20
78
24
19
215
6198
178
45
6072
37
38
101
29
26
40
32
67
39
20
22
26
31
26
30
6306
277
37
15
1
6256
11
71
32
125
50
30
37
24
27
5228
540
81
143
103
122
64
74
36
72
17
23
53
45
8
6496
28
26
24
23
16
23
4641
1111
189
199
84
23
10
37
133
132
54
23
385
5725
40
36
26
22
17
18
15
54
16
29
79
42
81
40
11
6142
159
25
28
23
26
39
59
17
36
19
16
22
24
1
6019
23
1
114
124
280
33
23
19
6406
43
49
42
35
60
1
6330
18
19
21
21
51
10
29
40
23
33
32
9
503
5206
229
185
41
30
53
105
36
56
97
33
21
26
15
6220
37
41
24
65
117
40
28
29
23
12
6361
74
16
36
37
91
21
6176
99
37
147
17
31
32
59
18
20
6035
53
243
35
23
35
29
26
157
5703
104
33
317
31
31
26
74
58
53
19
32
40
39
35
22
19
6082
30
21
433
29
17
24
6306
58
46
47
39
29
84
27
5535
666
44
41
110
31
45
106
38
20
6311
56
25
90
71
33
17
32
1
6398
59
82
28
40
28
1
6418
113
45
16
14
18
12
6538
22
21
26
29
6319
28
100
22
27
104
36
869
5254
25
168
44
30
83
30
21
18
43
26
12
8
5
6182
29
32
26
22
60
36
38
22
16
31
31
32
29
19
27
4
150
6043
50
45
26
92
87
49
25
16
35
18
6122
178
76
158
42
19
22
19
4669
76
390
821
26
99
21
204
74
29
17
43
27
31
54
14
12
29
6440
29
28
33
24
36
21
25
6154
125
13
240
63
26
15
5798
19
182
38
136
133
32
73
198
25
2
6471
56
16
32
29
32
272
6055
25
99
46
18
38
67
16
691
5543
62
88
60
48
74
26
29
14
1
6446
41
19
36
29
20
17
10
18
6057
238
52
39
29
32
37
57
22
34
18
3
18
6322
12
28
86
31
23
40
19
37
13
25
6244
11
95
9
55
35
14
33
40
24
28
7
16
25
6284
23
77
99
36
27
32
27
30
1
6133
119
93
62
101
57
27
20
24
5140
418
90
598
204
54
23
17
37
25
28
2
5874
299
84
27
85
52
34
39
40
51
38
13
51
5778
44
31
36
187
32
90
255
20
14
31
31
36
6411
84
23
16
43
34
21
4
6214
233
45
39
27
19
37
21
1
5995
33
362
126
31
15
19
38
16
1
5199
16
712
218
48
35
24
135
79
33
70
50
17
6242
41
63
101
34
60
43
37
15
292
6143
22
11
35
75
20
20
17
1
5988
30
217
68
98
42
28
34
38
32
46
15
394
5745
48
23
102
24
72
17
22
76
24
42
16
20
9
1
1
4675
123
64
1229
114
75
58
22
59
27
33
19
62
21
21
26
8
6077
19
91
128
91
78
40
19
24
20
17
31
1
5710
97
282
66
37
151
33
23
27
13
34
41
39
16
18
32
16
1
6278
23
23
63
30
20
38
49
34
33
5
40
6426
26
24
58
47
43
12
4895
1258
268
114
18
30
24
28
1
6149
26
103
77
25
49
83
16
23
32
26
26
1
6027
34
262
67
80
14
25
25
46
19
15
22
6186
157
23
20
121
21
43
30
19
16
6326
166
19
40
44
22
19
6038
143
133
128
33
56
23
18
40
24
5709
46
90
512
72
72
22
16
28
69
6114
132
28
21
21
82
27
4
19
33
40
30
47
16
22
6318
20
89
27
58
52
10
21
15
26
5920
454
47
34
35
54
56
22
14
6026
217
35
28
95
34
32
25
27
30
23
9
2
17
14
22
6245
27
31
92
67
30
23
39
20
46
16
5942
460
34
22
39
26
31
33
1
27
21
6098
44
36
23
27
41
24
77
29
46
27
26
49
44
22
23
6269
32
34
55
21
27
71
17
28
26
21
35
6221
124
39
52
15
55
46
30
27
27
925
5390
48
194
42
25
12
6410
55
38
57
30
28
18
6338
42
42
146
45
23
6293
107
27
28
43
51
40
18
29
6446
34
19
37
37
24
21
18
6284
22
26
108
35
64
34
25
12
25
1
5629
675
61
45
47
21
32
60
22
18
23
3
6224
27
18
6
146
16
19
34
41
28
41
36
6274
25
13
53
25
64
23
20
20
31
29
12
46
1
6289
59
89
24
49
48
46
32
6326
80
32
59
20
41
20
21
24
8
5
6070
46
19
42
28
27
28
100
61
29
26
28
45
35
31
14
6
1
6350
24
40
65
11
32
17
13
2
9
21
40
7
5
5329
1097
23
37
36
52
29
32
1
6134
105
20
118
46
24
54
42
43
29
21
5925
347
61
23
50
45
71
42
19
29
23
1
5733
106
22
133
33
92
42
24
225
56
31
46
29
26
38
2408
3454
154
48
74
26
23
19
31
205
36
28
27
41
17
30
15
6328
27
76
43
35
80
25
22
6594
25
17
5240
968
31
21
30
62
42
41
10
26
28
79
13
22
21
2
5971
28
57
35
25
113
189
43
31
38
31
27
19
29
118
115
5456
53
395
84
69
67
35
35
52
26
32
29
13
43
14
6005
149
71
95
160
34
52
69
1
5934
45
43
72
84
112
32
237
20
25
32
6339
85
19
62
22
31
19
16
19
10
14
48
6371
69
27
18
20
28
26
29
5953
348
20
93
55
30
56
17
39
23
2
3566
1867
877
33
47
70
45
26
45
35
24
1
6136
18
190
36
42
36
27
39
24
34
33
21
5384
567
19
76
49
79
101
29
71
36
20
31
74
21
18
36
23
1
1
6100
98
20
28
49
225
18
19
22
26
12
19
6148
76
79
33
89
24
22
68
17
43
15
20
2
1099
3845
341
142
172
242
40
73
391
49
39
15
20
58
52
32
26
6325
41
82
37
47
38
33
33
5068
109
36
162
81
502
119
24
88
24
42
145
54
38
56
24
48
16
6201
92
58
44
61
67
11
52
12
37
1
6074
139
97
77
45
33
24
18
22
35
40
32
6106
31
23
43
81
206
44
15
19
31
28
9
5870
21
59
97
48
52
81
35
31
46
15
197
20
15
30
19
5931
215
302
62
33
21
34
38
6228
75
53
31
31
60
25
50
26
33
23
1
14
6288
26
37
76
40
52
25
40
38
6228
66
56
28
41
7
3
55
30
31
36
25
30
5617
645
30
46
33
63
31
17
41
30
40
42
1
5572
205
308
142
118
32
57
56
25
16
51
24
30
6432
26
19
53
23
32
29
22
6300
57
17
37
24
26
34
43
30
44
19
5
81
6123
37
23
53
59
86
23
59
33
50
9
6368
36
36
22
13
24
17
30
31
35
23
1
112
18
6175
21
22
48
30
20
89
17
48
35
1
5926
15
26
359
13
110
26
24
34
46
25
11
21
5935
350
21
10
72
28
64
30
30
27
20
9
14
24
2
5911
457
36
50
49
88
18
25
2
6069
105
118
40
32
67
30
35
21
23
24
40
31
1
6343
101
85
52
30
25
6187
29
29
210
21
25
45
81
9
681
5704
146
25
29
40
10
1
6479
19
36
41
19
12
9
1
17
1
1
1
5024
942
50
71
52
23
95
31
68
60
27
83
50
8
30
22
6063
50
276
67
65
43
31
39
2
5882
226
78
59
37
146
33
15
6
23
50
28
16
22
14
1
67
6055
164
76
126
21
27
30
45
25
6075
32
81
81
44
46
133
18
47
15
28
19
17
4457
70
42
484
99
1040
27
36
25
66
45
17
103
22
53
26
24
4474
941
309
39
63
234
290
13
36
43
21
29
41
45
15
17
26
4744
196
511
76
81
196
481
88
27
31
21
72
38
56
18
4188
110
234
178
1596
39
49
66
82
22
45
23
4
6015
301
51
52
64
38
19
19
21
28
27
1
5286
548
27
30
115
60
64
119
29
76
29
28
40
26
31
62
18
20
23
4
1
6270
26
84
22
66
43
31
18
59
17
6498
13
25
22
26
31
20
1
6253
25
179
26
48
5
24
38
17
21
6197
43
86
61
15
46
71
24
49
22
7
15
6307
75
106
53
28
42
24
1
171
5982
120
114
17
48
27
28
27
35
22
27
18
6128
35
77
16
73
80
75
41
40
26
25
20
6436
20
114
29
36
1
6047
161
13
44
42
74
133
47
16
19
17
23
6470
50
34
26
18
12
20
6
5967
41
34
257
38
124
20
53
41
40
21
6265
62
90
47
63
28
31
17
25
8
6006
21
69
154
45
27
35
48
25
23
26
26
37
53
26
14
1
6347
91
14
69
22
20
35
19
12
7
6081
102
196
44
82
71
37
17
6
5708
68
26
137
24
59
58
106
174
93
31
17
26
34
22
53
6462
56
38
15
32
19
14
6155
88
19
27
26
28
43
54
38
79
38
18
23
5349
95
218
482
11
107
190
22
47
76
39
6199
83
34
40
88
33
24
46
10
18
22
18
21
6275
92
70
14
28
46
33
31
2
18
27
6425
147
18
19
19
8
6172
42
40
48
70
44
26
19
24
37
23
52
39
6018
147
106
162
38
37
37
19
41
21
10
6166
25
99
29
21
129
47
35
15
22
33
14
1
1512
4424
125
109
38
88
94
6
52
52
23
52
41
20
133
6018
35
27
91
88
44
43
59
28
22
18
12
18
6070
266
28
181
35
25
31
6509
50
19
31
26
1
5897
332
28
115
29
25
61
94
32
23
5130
818
317
27
42
44
26
19
22
92
80
19
1332
5033
84
23
30
17
22
28
26
17
20
3
1
6436
39
13
26
60
23
39
81
4754
331
989
63
61
20
24
44
22
91
73
25
31
26
1
5999
298
17
14
36
21
36
33
31
48
25
35
15
28
31
6326
100
42
30
29
17
26
12
23
6227
41
237
36
18
16
19
19
23
6482
33
45
27
18
3
28
6305
28
96
87
19
22
21
34
24
6203
36
45
101
157
34
23
37
6439
55
51
43
47
1
6408
51
15
23
26
32
29
26
26
5500
24
901
26
31
27
59
23
19
6
18
2
6097
185
136
39
34
110
18
17
5589
245
512
19
49
28
30
51
52
52
9
6359
40
16
33
1
65
31
64
22
5
5541
674
70
19
192
22
44
36
26
11
1
6314
78
39
49
17
15
21
49
35
10
5
4
6267
88
37
179
6
17
28
14
6000
194
168
53
24
24
43
28
33
23
26
20
5879
92
254
124
19
97
25
86
32
18
10
6189
112
28
24
18
28
50
44
20
19
24
21
16
43
6311
107
16
28
30
33
46
27
19
19
6156
165
23
29
111
27
33
37
23
25
7
6056
35
23
15
180
47
30
111
46
21
41
31
6258
65
103
26
33
92
31
28
6297
59
120
13
39
29
36
21
22
6163
37
136
21
43
124
30
19
20
22
21
5828
489
59
52
33
16
70
88
1
6215
95
15
14
46
45
34
32
15
27
29
17
10
20
22
6351
76
133
33
42
1
6290
57
134
19
10
20
32
37
23
14
6259
51
146
12
13
77
40
28
9
1
6089
93
347
20
37
5
18
26
1
6466
18
52
19
23
58
6332
56
35
56
43
51
24
21
15
3
23
6090
178
31
47
48
38
22
21
67
14
37
20
6264
21
66
29
56
39
35
32
16
38
28
12
5661
770
27
61
80
27
10
6402
104
16
40
23
20
20
11
1244
4322
110
562
33
32
40
202
27
15
26
23
5552
306
20
134
191
18
73
53
53
69
72
21
35
21
18
23
24
6390
68
106
25
6396
65
28
33
22
29
19
20
23
1
6043
345
56
73
19
20
20
33
27
5887
98
276
88
78
21
24
23
17
50
22
19
16
17
6338
69
27
11
44
42
77
28
6451
35
34
18
35
24
14
25
5866
441
51
86
24
12
77
22
19
37
1
5951
57
25
41
54
56
135
36
158
51
33
17
22
6240
37
35
36
31
30
135
73
19
6426
17
19
52
33
20
16
40
13
5812
25
112
98
179
80
37
171
22
28
24
13
16
18
1
5978
51
163
131
23
103
84
64
24
11
1
3
5709
49
624
72
32
35
28
21
22
9
35
5747
79
201
170
59
27
31
39
113
9
28
21
26
25
14
27
19
1
5907
99
40
37
127
19
71
41
72
25
90
78
18
12
980
5138
74
40
53
65
51
28
44
93
19
21
7
21
1
1
6211
27
19
49
53
31
25
37
26
13
13
34
25
21
23
19
10
5999
94
119
349
50
25
6429
16
30
18
21
26
32
38
15
3
8
6338
16
18
46
35
21
38
38
31
24
12
14
4
1
6461
79
27
15
31
23
5768
349
26
49
48
34
33
21
20
67
39
30
62
36
26
28
6391
42
18
28
21
43
35
30
28
6339
69
46
80
40
18
44
397
5891
32
118
81
11
28
42
25
11
6191
181
29
83
29
27
70
20
6
6543
55
21
17
6336
117
40
28
21
17
28
18
20
11
432
5234
27
334
88
25
21
77
27
46
109
76
81
13
40
6
6081
20
66
86
47
54
58
34
20
23
36
21
30
15
45
6314
71
39
44
61
33
23
25
26
6424
47
25
46
16
15
25
38
26
6057
71
180
39
45
44
31
26
73
44
6139
19
88
238
28
76
32
16
5808
498
98
30
25
35
40
15
25
16
30
16
5924
65
28
23
336
34
39
64
18
24
27
27
27
1032
5251
91
72
35
5
25
63
40
22
5848
160
78
148
51
34
65
109
29
9
24
19
38
24
6048
262
83
43
36
25
43
29
37
30
6096
29
81
29
35
43
33
26
92
73
41
40
16
2
126
6005
42
67
77
181
31
35
27
3
21
21
124
4816
257
458
222
22
50
120
27
40
90
62
86
115
40
14
57
24
12
3468
645
2065
21
231
94
69
20
23
5989
145
98
38
85
44
25
34
34
31
27
43
42
1
5749
369
79
186
69
100
73
11
5910
204
88
71
33
127
32
13
29
17
29
29
19
31
4
5961
62
30
53
155
37
27
54
33
37
36
38
20
33
14
40
6
6448
45
18
61
15
31
18
6290
61
80
24
19
33
27
29
9
33
30
1
6431
161
15
29
5611
393
115
151
85
45
61
26
15
31
33
16
32
19
3
6233
54
57
91
19
57
34
49
20
22
6522
30
28
16
23
17
6177
48
32
31
137
28
26
35
57
37
27
1
6072
54
161
67
60
57
22
29
24
41
24
25
5733
72
67
78
318
159
38
69
19
38
45
6088
285
28
26
29
67
27
28
27
29
1
1
6337
83
53
66
11
22
25
19
18
1
1
6395
96
37
22
19
66
1
44
2744
507
2839
77
16
17
62
39
23
47
20
37
66
17
18
33
27
3
4317
416
1329
172
41
70
29
95
27
10
39
20
29
14
28
5556
454
202
64
53
67
39
14
28
39
21
30
17
52
5742
397
26
32
79
46
124
28
42
97
23
6230
103
16
19
21
32
38
96
16
19
22
24
6289
251
28
47
21
6216
43
28
214
21
33
34
16
31
6092
253
32
71
27
82
42
37
6148
99
29
40
24
19
32
35
12
65
38
19
30
26
18
1
1
5778
30
48
438
36
54
70
18
81
21
23
39
6422
54
27
30
54
15
18
16
6022
228
38
80
148
15
20
13
52
18
2
6094
143
54
59
11
12
61
31
13
21
88
34
15
31
6518
26
44
14
1
2
5643
81
102
21
30
358
30
50
35
33
41
28
37
18
33
35
33
28
5990
70
77
233
102
43
27
26
24
15
29
6330
201
18
31
16
38
2
6335
22
16
115
40
44
64
6278
129
34
43
36
25
36
16
39
6371
38
41
22
53
20
23
39
22
6
1
6181
50
232
47
41
23
7
34
21
5782
73
18
430
26
50
40
34
35
15
21
47
24
12
29
5172
140
208
26
489
32
64
38
31
24
17
90
35
15
29
14
62
24
35
41
27
23
5229
1091
47
121
29
34
18
32
26
9
6372
92
16
36
40
44
20
16
5646
134
587
93
29
54
25
44
22
2
6370
68
12
42
24
16
21
17
26
22
18
5911
149
375
32
34
40
86
4
5
5480
776
55
65
13
34
29
57
68
23
23
13
6393
32
35
19
39
24
20
17
39
17
1
4162
46
2143
38
27
107
37
28
19
29
6152
52
26
49
80
19
26
23
32
64
25
30
19
23
16
5952
374
94
100
35
37
21
22
1
1109
4324
22
169
600
235
31
27
31
27
28
32
1
6155
169
98
36
46
31
29
28
44
6254
42
70
95
13
34
21
22
23
21
29
12
6273
73
64
46
33
27
35
58
26
1
6239
113
42
85
32
24
36
42
23
6291
147
163
12
22
1
5657
155
24
61
537
34
57
14
90
7
5932
23
97
42
125
118
93
20
50
26
17
19
20
25
29
6405
29
32
16
25
19
27
18
37
8
20
6143
23
299
29
27
20
40
38
17
5685
130
723
27
24
31
16
6423
136
19
22
27
1
8
6044
51
25
31
194
12
70
50
19
29
27
29
22
33
6059
119
26
22
62
17
71
43
60
23
18
15
28
16
20
37
5574
947
42
27
26
20
6176
35
111
58
41
79
69
16
17
8
25
1
5608
29
84
24
367
23
174
28
19
44
75
101
45
15
5632
776
31
86
20
16
1
25
34
14
1
6282
86
88
36
27
27
32
21
35
1
1
6276
50
120
106
24
39
17
4
6325
25
75
20
24
27
20
14
22
49
16
19
75
5885
219
114
93
177
30
10
28
2
3
612
5508
35
218
41
47
60
47
27
27
7
7
6413
39
55
17
33
19
10
31
19
6295
69
193
34
27
18
6372
24
142
53
18
18
9
6322
12
20
116
16
59
21
1
19
16
15
19
6179
58
34
66
35
18
33
23
43
27
18
21
23
26
31
1
6266
184
49
34
25
29
25
24
5895
247
29
59
124
8
18
38
41
27
21
24
36
16
21
18
14
6238
24
40
7
104
37
16
34
30
21
68
17
6205
153
75
27
21
35
46
24
18
23
9
4615
36
624
1070
32
30
51
129
22
27
6233
45
41
44
145
25
30
15
35
23
5853
25
37
65
27
106
80
33
32
164
25
102
26
31
29
1
5581
563
54
166
26
24
35
47
45
22
39
34
6318
116
65
32
21
23
27
34
5918
208
79
134
58
113
24
31
29
38
4
5670
326
38
94
267
82
125
33
1
6027
38
53
24
24
25
122
26
33
111
30
58
17
22
25
1
5132
1380
36
12
30
43
1
2
5694
774
26
44
51
29
18
6178
91
22
53
61
27
63
64
41
35
1
5110
691
51
65
27
6
46
236
78
59
20
59
39
34
71
20
24
6251
25
90
79
14
39
86
52
5854
109
53
101
91
23
71
98
102
53
20
61
6249
29
54
21
31
59
27
35
48
44
26
13
6080
21
25
47
23
71
51
64
36
25
31
81
27
22
25
5
2
5637
826
44
25
22
54
26
2
2317
1030
2130
25
44
31
128
59
134
18
55
275
22
144
29
37
16
15
23
15
21
39
28
1
6317
42
37
69
58
20
34
38
21
5855
302
205
57
21
75
43
10
27
18
15
8
20
6482
19
24
40
15
20
16
6016
146
107
78
23
30
28
21
26
24
17
29
27
13
14
18
18
1
6353
24
34
39
28
16
42
28
15
24
33
6127
69
121
80
15
38
61
30
32
23
18
22
6368
77
104
24
41
17
3
2
6357
59
20
22
40
33
31
24
35
15
6003
350
36
28
29
25
37
52
34
42
6471
31
26
29
17
29
22
11
6152
51
23
80
25
29
44
58
81
33
28
32
6376
157
11
28
31
16
17
6280
25
104
57
26
43
14
26
24
20
16
1
2540
3326
339
25
30
64
96
90
16
30
44
35
1
6396
42
45
56
36
25
10
26
6064
58
40
53
54
64
106
36
105
31
25
6531
31
49
25
6158
125
110
34
35
30
42
46
33
23
5820
46
52
156
103
156
92
55
38
44
17
37
20
6350
37
130
20
32
37
30
6393
62
26
64
33
31
27
49
6080
38
42
318
42
39
28
5612
144
321
180
65
33
58
36
60
23
25
56
23
6321
79
53
52
13
20
44
21
16
17
6312
39
181
16
25
31
32
6332
35
48
110
47
33
31
6078
31
234
114
33
30
34
43
27
12
5678
244
193
25
82
87
30
18
74
53
49
24
43
1
23
11
1
6329
122
59
37
16
15
13
28
16
1
5310
183
755
26
31
29
29
51
65
44
45
28
20
18
1
1
55
5461
25
80
27
189
241
83
83
38
172
32
26
18
23
28
55
6326
40
32
27
90
21
16
57
18
9
6122
153
61
26
30
35
95
69
20
25
6017
138
52
108
41
69
28
22
41
18
20
51
24
6
1
519
5921
34
50
28
20
21
43
6407
70
28
16
55
20
40
5835
61
80
81
108
154
25
145
47
26
54
20
6237
44
23
190
40
37
26
27
11
1
6353
49
34
113
36
22
29
6376
32
44
60
16
31
22
17
18
19
1
128
111
5606
25
246
250
50
28
31
20
36
31
20
17
15
21
1
6399
131
21
1
12
27
15
4
26
6080
28
55
148
21
87
73
47
29
26
24
12
6
287
5559
423
23
83
54
28
29
26
60
30
20
14
6406
57
18
48
62
26
19
6383
43
33
35
55
33
40
13
1
6457
22
18
93
22
24
6182
67
28
98
95
62
23
46
35
6247
104
59
28
26
53
29
21
37
16
16
115
5989
191
72
47
29
50
35
15
25
25
22
21
5814
22
41
191
25
54
404
32
38
15
6373
15
33
2
1
21
37
65
25
36
28
37
195
6154
85
21
69
25
22
10
18
6117
151
131
62
87
19
46
23
4634
160
22
1089
28
209
23
31
93
75
35
26
55
19
22
13
30
66
6
77
75
69
5313
60
71
24
21
273
450
23
21
27
34
21
35
42
4868
139
17
1331
71
23
98
35
22
31
1
6415
110
53
14
21
23
5863
442
73
17
28
76
45
69
23
6470
22
26
52
41
25
6331
12
66
35
94
52
46
6137
109
22
67
104
45
60
33
59
6326
67
27
26
55
32
35
13
28
15
10
2
6278
21
32
31
109
20
102
25
2
16
6475
29
57
22
18
25
10
5975
53
33
147
190
32
31
36
36
62
26
15
6091
48
67
196
41
25
43
25
43
17
21
19
6296
16
23
171
39
27
19
25
20
6275
23
247
55
21
13
2
4877
35
612
112
539
50
24
26
39
31
78
22
39
36
20
59
37
6302
22
31
40
31
45
49
21
33
2
32
28
5858
161
119
114
51
43
66
23
59
27
57
23
13
22
116
6034
19
81
28
96
63
31
42
25
41
21
17
22
6239
78
36
53
95
9
46
79
1
5758
249
384
53
39
25
32
20
21
41
14
6005
129
368
33
27
22
11
41
6193
166
27
54
55
24
38
35
44
4487
631
323
155
546
73
89
44
79
29
56
29
30
29
22
13
1
5985
200
25
208
76
45
10
35
25
20
7
6290
42
116
13
40
16
25
8
19
26
23
16
2
6346
26
125
59
26
25
21
8
6164
43
337
32
37
21
1
1
6478
35
11
36
34
18
11
13
5177
1035
46
25
58
117
108
22
30
18
6267
48
116
23
24
65
52
41
6334
113
76
82
31
6486
16
38
22
23
16
34
1
6444
56
27
41
34
34
6290
148
17
27
57
37
28
15
17
1882
3785
335
103
29
186
67
26
22
19
23
36
54
51
18
5733
120
440
25
35
34
27
43
8
22
9
98
14
9
19
5797
284
159
28
81
40
89
9
64
22
32
30
1
6077
220
26
182
35
39
23
17
17
6138
16
59
119
42
69
69
15
27
41
27
14
37
139
5857
146
89
54
30
24
20
40
37
33
42
23
14
21
16
13
1
6008
358
19
20
31
38
32
21
56
28
12
13
6178
201
95
25
37
29
16
18
14
19
4
6155
34
27
203
79
24
39
15
15
45
5656
221
213
53
119
57
28
44
48
38
86
11
28
34
6102
247
23
29
30
18
49
23
51
28
36
4053
2253
44
39
101
34
28
20
43
21
5770
668
27
21
22
26
24
37
30
11
6413
70
21
41
55
35
1
6279
76
32
108
16
19
47
37
22
6020
129
103
197
19
92
41
22
13
5658
528
48
38
44
64
20
112
27
35
21
41
5913
51
301
51
30
26
27
50
28
24
51
63
18
3
6245
81
23
86
16
34
40
57
29
23
2
6381
37
20
34
16
30
35
36
16
31
5938
312
58
94
54
68
32
27
29
24
5855
241
106
33
23
136
40
37
59
28
36
18
19
4
1
6230
24
70
20
48
63
40
30
30
23
9
21
28
6215
37
35
68
21
57
24
15
15
45
50
21
13
20
5939
37
262
40
23
51
38
24
29
23
22
44
77
27
6451
29
30
34
30
20
26
16
5987
54
98
45
99
132
35
19
62
26
1
28
32
18
6121
296
30
44
67
29
27
22
6256
19
166
28
68
36
23
23
15
2
4625
996
268
84
264
14
14
35
50
46
22
38
28
48
18
26
60
169
5956
177
29
91
71
52
30
28
33
6369
44
27
21
48
28
37
2
17
19
3
20
1
6415
85
20
13
31
8
30
33
1
6361
60
78
25
45
38
29
6223
175
47
40
73
33
25
20
6438
34
28
16
34
19
25
11
31
58
6278
73
14
54
31
24
20
55
29
70
5294
19
256
337
37
273
17
4
29
100
22
40
22
23
21
29
43
772
4977
687
57
43
33
22
27
18
5282
226
63
84
246
81
9
120
24
13
24
12
37
34
27
18
89
34
45
23
43
25
39
13
25
6193
178
13
37
22
46
46
29
37
13
21
1
6029
85
88
24
42
137
33
17
31
103
25
22
6389
46
93
22
48
18
13
7
640
4911
71
770
31
10
41
30
41
38
24
29
6459
37
36
42
45
17
5947
110
322
20
131
26
29
33
18
220
21
5904
252
93
54
22
28
14
9
18
1
6334
18
102
24
23
27
23
36
32
17
6247
47
60
32
52
69
30
23
22
34
20
5901
58
35
33
29
467
26
23
42
17
5
593
21
4582
226
514
185
57
28
43
47
71
27
54
34
18
32
38
30
36
6182
96
39
74
23
17
47
43
44
19
22
30
5991
142
19
63
97
62
28
64
29
29
19
25
34
34
6254
32
128
22
107
26
38
22
6
1
6494
33
27
35
21
17
3
1
5
6238
165
29
22
28
53
31
32
19
19
5864
170
46
31
84
76
24
22
37
29
98
17
65
23
15
21
14
6450
25
30
14
29
34
31
23
6422
69
31
32
38
42
1
1
5846
247
44
33
121
50
14
189
41
17
34
6302
149
40
26
33
51
18
11
6
5876
87
31
66
29
28
41
36
12
47
211
42
17
26
33
14
25
15
16
5782
493
31
23
40
46
64
21
17
23
54
26
6191
20
41
24
32
30
39
165
32
26
21
15
6305
18
50
26
66
17
15
51
28
25
24
9
2
5949
366
27
102
15
66
19
20
26
25
21
6293
17
66
87
109
28
22
14
6122
32
218
35
20
87
60
21
21
20
5183
628
44
34
32
182
29
26
199
73
37
19
18
54
25
52
1
4721
807
55
45
462
53
217
16
80
28
47
51
26
28
745
5708
118
23
15
26
1
6352
97
19
36
58
38
36
6362
151
38
11
27
47
6438
24
22
62
40
28
22
