317
184
48
74
52
1144
348
85
35
83
449
99
65
62
196
51
92
34
36
112
41
75
54
2
155
153
979
166
207
98
93
49
207
96
786
180
128
256
43
228
40
74
41
180
66
210
39
115
205
35
41
78
69
41
25
144
51
49
29
31
63
46
1
33
45
822
312
68
89
72
74
65
49
558
57
101
107
94
39
64
42
190
51
59
25
156
102
60
26
80
43
40
50
105
40
119
84
39
59
57
49
45
1
70
48
51
230
133
293
281
52
164
21
381
453
89
51
69
78
86
60
63
596
64
432
85
153
58
116
129
59
131
57
116
61
70
77
57
131
50
42
55
110
69
125
94
106
43
91
48
39
57
32
33
1
72
410
336
148
48
1328
49
45
1454
73
40
118
60
115
66
56
54
62
60
62
40
142
62
75
26
31
74
41
41
31
60
15
55
1130
134
1417
85
56
485
65
340
32
160
76
52
130
96
27
191
68
39
53
86
47
55
60
44
78
22
35
106
455
143
38
285
726
220
230
462
262
299
134
113
236
296
41
50
25
56
83
108
156
84
57
88
72
77
95
60
64
63
56
52
55
17
41
44
211
726
247
616
36
27
270
147
178
78
441
59
37
43
163
43
97
118
153
82
91
57
229
42
156
65
140
93
56
41
54
62
61
59
42
25
51
38
54
57
106
56
30
57
68
86
55
143
64
92
380
190
262
659
62
49
88
73
61
50
45
81
104
268
50
62
123
55
158
96
49
101
74
49
80
93
26
71
32
43
85
66
1
95
283
265
705
82
363
46
192
266
92
109
77
42
323
69
98
52
106
142
121
75
39
53
69
57
63
53
39
206
58
45
68
72
72
47
38
67
49
21
610
43
918
1353
36
66
40
85
491
74
123
73
84
61
50
76
71
55
358
51
61
89
62
94
42
102
48
32
38
30
1
33
187
175
618
156
513
69
281
136
48
114
82
713
58
120
40
115
97
67
204
238
96
173
70
97
37
78
52
56
53
26
44
59
52
68
67
56
42
64
33
41
77
364
222
1095
470
369
35
62
65
54
58
44
59
203
48
353
95
212
201
44
103
171
62
119
100
60
35
62
83
91
64
37
36
50
74
51
22
42
268
82
80
559
162
625
111
72
331
86
55
99
457
485
69
323
32
144
42
45
46
57
55
308
38
72
48
147
162
64
53
93
52
24
46
28
1
199
101
942
49
532
376
170
327
47
392
123
108
111
303
77
109
77
65
110
67
32
181
145
62
174
87
42
66
55
52
65
135
63
77
31
56
39
28
2
1
3
526
53
66
44
162
62
435
506
55
688
34
48
132
398
154
462
83
75
66
55
49
386
40
226
68
115
74
95
56
65
100
55
25
55
70
40
68
22
23
31
34
74
24
1
188
66
63
47
710
126
345
54
224
160
207
81
47
411
141
78
42
58
152
157
162
74
73
102
56
46
30
62
43
42
102
1148
577
543
204
452
61
113
61
98
67
86
68
143
55
249
67
41
70
88
33
72
134
46
35
69
68
42
35
87
34
79
49
91
46
45
52
35
77
51
143
333
462
124
361
263
65
210
219
92
80
53
67
69
82
463
231
241
99
81
82
95
65
88
170
94
54
43
91
71
21
64
72
83
64
25
53
50
2
76
772
314
41
51
894
187
37
47
664
197
49
80
59
217
33
110
106
33
50
77
65
65
62
45
75
31
43
59
61
56
59
62
38
67
33
35
17
268
425
912
970
42
45
43
86
342
142
151
771
162
44
34
70
88
88
29
66
49
123
68
67
46
36
36
14
38
26
58
1
564
322
815
101
55
378
67
106
393
60
101
230
278
537
156
103
90
70
234
84
123
24
39
72
120
67
66
43
77
63
48
39
45
29
2
766
102
50
906
139
29
124
300
300
48
202
72
41
64
470
479
51
50
203
45
35
79
140
40
42
63
37
58
147
71
50
91
124
25
60
56
49
60
543
81
138
138
52
222
365
200
38
333
95
74
33
125
182
59
725
248
50
42
138
23
62
68
76
63
290
85
128
137
216
63
48
49
47
19
46
36
26
48
35
836
751
302
136
258
277
94
231
79
95
136
123
139
87
48
55
25
82
186
50
199
65
74
68
54
59
50
53
96
75
37
1
495
134
61
140
159
931
50
92
90
153
114
144
597
74
500
272
96
47
114
126
117
122
85
58
66
56
56
67
61
41
106
33
48
36
34
56
34
48
777
195
39
646
225
1326
81
46
159
50
124
133
44
131
74
42
93
64
70
49
50
93
34
32
51
58
89
31
51
47
44
34
29
29
1
73
214
626
232
196
108
570
584
48
1056
314
37
137
40
56
120
67
170
135
163
37
68
47
137
75
18
103
74
61
14
69
45
29
224
522
364
435
367
606
350
293
239
75
131
59
104
146
129
68
154
56
49
126
76
59
60
171
44
28
74
37
43
78
1
463
189
143
263
91
194
43
972
342
170
147
253
71
35
481
344
75
365
41
57
45
181
43
42
40
42
84
175
67
35
33
23
918
34
82
136
119
300
663
44
42
107
84
70
54
105
51
154
78
94
118
70
27
52
51
66
121
184
147
763
300
120
332
201
806
236
470
34
107
83
32
97
131
73
171
60
45
45
46
260
73
44
56
82
79
175
73
63
40
53
57
65
62
351
894
825
78
64
340
40
35
91
275
72
328
51
161
42
82
190
44
92
134
134
12
163
45
53
142
87
45
53
52
46
32
29
746
152
221
549
791
82
512
64
303
62
71
34
40
194
78
120
98
190
54
33
68
27
47
53
38
22
37
35
40
4
193
116
361
49
58
46
277
71
53
67
115
53
166
39
42
167
128
36
57
330
128
214
53
52
126
161
127
435
31
116
99
29
41
385
152
140
119
37
62
68
245
139
58
60
41
90
25
37
39
46
46
66
46
26
50
43
66
30
53
45
57
42
53
381
129
470
670
134
144
323
122
139
157
342
197
60
151
71
62
163
95
47
54
66
39
29
54
42
88
80
91
93
76
35
64
62
118
52
189
64
27
93
78
24
62
70
26
138
35
350
358
55
105
124
177
680
138
74
733
244
267
41
39
69
40
50
354
41
98
351
161
75
50
51
59
90
115
64
45
71
83
42
31
511
563
358
177
477
185
317
36
474
93
65
99
508
42
82
281
235
77
53
63
48
104
151
255
70
88
63
58
45
64
29
77
49
31
72
53
90
41
42
3
140
190
696
61
1074
116
97
209
179
96
112
126
122
310
38
49
73
94
61
24
37
65
68
100
48
48
91
50
38
89
38
36
82
52
2
183
182
243
576
52
553
288
55
38
83
160
280
372
49
109
65
320
155
241
603
53
50
72
172
71
55
75
290
53
37
48
64
56
140
40
29
85
58
39
30
31
1
44
483
54
252
55
538
168
117
148
254
400
568
159
277
89
143
134
52
135
71
72
75
46
64
44
51
62
117
73
144
52
89
71
33
79
34
76
47
32
58
28
50
56
30
35
37
1
373
199
1257
317
164
73
75
161
57
42
149
387
66
49
38
110
106
99
129
242
181
94
62
32
45
41
88
71
87
71
84
72
29
66
59
40
116
41
47
46
26
1
1
229
288
91
244
383
450
160
29
151
76
75
121
110
346
38
55
25
97
38
81
128
90
189
125
412
57
32
72
79
153
396
105
100
56
81
97
98
147
59
51
59
72
58
33
66
33
39
50
45
58
1
66
374
434
732
337
125
208
139
882
40
143
244
40
150
70
179
25
156
73
60
240
63
50
66
69
46
87
32
87
43
87
41
61
57
56
51
70
37
33
388
41
55
45
1546
115
100
57
99
69
66
52
171
378
60
112
63
218
59
255
146
64
228
89
129
78
70
39
76
55
56
118
63
60
19
812
809
54
660
310
25
82
244
610
187
90
74
123
475
38
91
48
40
138
88
66
144
58
39
51
75
26
59
65
56
46
678
894
52
430
87
421
259
198
187
50
58
68
288
54
499
47
69
186
104
46
83
68
49
44
35
123
63
49
30
23
1
68
228
194
142
1365
48
491
97
71
104
111
183
39
53
50
51
232
156
308
112
123
31
70
66
130
48
60
54
51
84
33
40
48
166
172
308
253
316
158
149
197
83
111
38
191
486
726
138
601
49
47
28
384
137
113
72
36
39
62
46
28
74
64
28
33
104
46
118
104
56
43
59
32
33
1
145
109
688
524
165
318
185
255
281
558
20
46
289
194
31
244
248
194
154
234
96
59
51
131
64
38
67
72
28
59
72
51
16
47
42
36
51
28
51
36
48
126
142
78
324
368
244
89
30
586
100
266
237
106
508
92
63
367
158
164
167
104
25
233
125
36
39
99
192
201
77
29
32
82
50
44
48
47
37
61
80
72
1
1
362
447
284
203
59
279
297
173
64
54
113
30
56
408
104
247
61
146
59
54
355
50
73
74
116
197
59
54
47
54
152
174
193
59
37
238
36
219
34
34
31
49
72
53
20
49
57
41
37
798
48
97
148
156
172
75
103
602
68
40
56
374
46
298
70
319
288
47
175
70
398
74
44
80
123
42
64
88
118
63
24
56
52
106
32
30
102
621
91
355
138
703
1037
60
147
110
183
433
43
55
129
66
64
244
64
41
80
124
54
46
87
40
60
47
60
21
100
84
45
46
53
37
51
1
233
82
75
39
116
62
1128
354
748
89
100
124
103
271
140
127
85
57
57
72
220
95
42
35
96
57
51
58
81
76
78
55
31
68
42
23
108
479
165
56
240
137
164
435
149
254
74
98
86
61
70
84
320
80
55
174
90
40
85
63
173
36
129
45
55
103
228
77
113
50
46
51
49
68
320
287
75
439
69
55
55
78
223
79
117
743
72
134
45
54
174
43
132
59
209
91
90
65
65
47
38
82
27
39
54
28
22
70
48
41
54
68
420
124
45
638
75
54
900
99
230
35
339
121
119
75
123
71
64
139
56
194
111
47
33
83
68
35
48
60
50
33
46
58
23
1
423
678
120
315
781
48
120
78
186
83
216
75
440
35
226
60
61
77
49
52
65
56
76
81
97
160
135
75
61
53
30
41
37
2
383
377
235
48
75
32
318
297
292
51
354
70
124
470
315
32
127
98
339
177
135
198
99
59
206
160
198
81
65
52
38
70
37
71
91
91
79
56
66
25
48
68
68
44
1
1
499
187
104
36
50
271
380
197
668
217
372
554
373
97
60
45
205
72
74
53
148
40
66
78
129
61
31
31
53
36
79
43
75
202
52
31
36
53
56
40
39
2
956
1067
54
1701
72
43
51
105
42
280
122
169
61
133
62
35
67
395
876
51
218
1521
292
41
49
32
395
39
138
38
264
50
86
97
44
126
75
36
54
70
36
71
34
34
26
221
583
110
506
467
176
64
82
125
59
165
98
98
81
269
48
66
97
61
169
49
62
88
51
92
192
300
74
89
81
60
84
191
109
89
64
37
53
48
54
49
48
62
40
45
87
47
29
30
65
104
60
163
532
43
56
333
45
54
265
954
485
577
90
185
43
113
44
78
99
432
55
45
42
45
23
93
33
48
64
109
38
25
63
78
35
51
37
25
1
233
84
57
633
114
51
40
70
51
313
119
139
32
62
56
53
505
81
49
97
106
53
58
79
49
49
42
48
66
32
36
62
25
32
58
43
39
256
651
66
355
55
74
619
469
167
74
235
177
55
362
60
100
148
90
40
35
130
47
88
44
155
131
92
73
116
68
35
73
33
95
30
105
46
92
75
28
77
43
1
84
783
86
111
410
336
55
434
41
372
97
176
109
51
31
107
223
77
153
94
62
131
138
37
75
54
38
4
165
602
176
306
620
204
393
312
47
78
290
334
244
226
122
64
73
179
229
1
59
39
91
40
38
96
68
86
27
51
47
51
35
33
58
61
38
52
59
61
78
35
50
60
60
451
506
497
483
85
123
55
125
402
38
281
102
466
44
356
118
98
121
82
46
61
91
161
56
112
76
167
45
76
263
72
73
62
65
49
51
38
73
36
635
434
920
34
46
534
67
84
77
130
50
139
79
78
58
57
206
86
108
49
502
120
223
57
171
51
68
48
47
88
48
76
28
10
15
43
33
37
1
1
58
469
119
200
355
320
192
312
179
182
128
133
76
222
47
55
80
76
115
104
79
44
293
105
192
238
101
62
65
201
35
45
159
95
48
78
77
187
53
55
89
29
68
41
101
103
18
55
51
45
41
271
163
61
92
243
237
47
242
263
142
256
89
220
185
279
67
567
52
267
93
180
103
47
109
43
121
113
44
101
50
34
157
57
110
79
96
47
62
39
41
87
86
59
49
45
58
33
16
1
269
98
265
57
157
76
132
118
120
136
59
186
95
50
97
34
43
139
564
458
84
105
37
104
105
116
29
213
32
38
69
43
149
338
40
45
48
35
34
34
85
54
84
89
49
46
74
65
40
68
23
47
46
44
2
68
193
193
192
105
333
138
42
191
114
117
74
44
124
27
73
79
49
52
82
59
49
88
29
40
67
32
100
15
36
90
1
167
232
253
509
118
363
67
151
166
446
61
32
77
72
89
71
29
90
77
45
54
1
505
437
63
502
476
69
86
211
41
247
97
34
114
368
80
166
67
225
81
140
138
184
52
61
59
53
160
62
49
117
54
47
47
111
66
127
34
28
44
39
32
47
26
45
55
89
516
55
980
139
403
555
159
571
92
199
208
44
67
55
65
73
66
81
74
96
65
79
193
58
52
53
80
66
53
48
42
30
56
90
40
51
47
1
44
65
60
595
865
846
158
84
142
134
55
61
51
39
44
46
55
50
71
88
42
37
42
49
90
39
47
51
776
546
110
615
674
668
49
108
36
129
88
66
44
63
58
75
78
65
102
41
71
121
77
211
46
34
70
111
45
35
516
287
126
153
91
317
28
1324
42
589
59
133
79
86
57
164
38
43
99
58
67
40
56
90
44
51
26
72
76
23
34
58
54
59
98
37
640
75
176
57
91
232
189
109
114
323
138
120
38
282
185
91
86
125
262
226
61
40
184
120
143
84
97
37
59
100
54
74
26
160
145
264
52
48
49
49
81
117
37
31
27
49
32
67
38
28
654
902
58
598
166
184
294
103
167
493
79
193
46
300
46
88
216
48
49
137
35
39
78
47
45
57
127
47
70
34
39
50
59
39
41
64
35
33
84
258
109
68
576
214
49
580
517
71
120
50
77
140
72
73
779
40
84
70
46
59
87
57
164
57
157
58
30
182
85
36
59
105
44
120
134
89
69
153
43
75
100
80
219
470
190
27
912
674
204
168
169
139
67
52
77
61
100
45
135
95
321
38
186
178
53
67
145
95
80
69
69
67
45
42
1
1
264
338
56
46
1014
999
60
453
77
135
55
51
94
82
146
38
127
46
48
38
125
68
68
103
56
55
33
86
118
78
51
41
65
49
39
45
53
66
4
26
1
865
49
390
270
360
90
63
50
578
886
42
97
138
97
76
205
62
197
217
123
64
59
77
87
54
83
27
84
43
66
84
36
45
49
36
26
40
37
1
111
426
57
247
54
86
45
62
481
373
65
54
788
75
134
86
166
86
58
55
138
40
95
310
49
117
37
68
55
180
37
54
116
35
53
107
59
83
46
54
64
51
55
38
36
1
1152
151
436
126
316
106
48
135
188
97
314
54
156
67
198
89
53
53
305
38
26
63
70
178
74
35
42
42
77
135
130
51
32
93
30
83
32
50
38
40
65
27
1
1
173
160
704
166
70
124
57
125
243
795
117
41
55
98
332
70
64
182
235
47
208
108
302
1
72
62
47
73
55
62
74
196
42
38
78
71
35
50
77
169
54
41
47
94
37
427
112
159
68
49
128
63
104
172
48
167
224
63
92
358
318
240
100
67
43
102
46
70
101
66
39
415
91
71
73
58
62
158
196
87
36
52
85
29
24
38
3
504
320
58
56
84
874
141
107
154
145
326
1128
105
83
63
107
79
219
36
42
44
66
74
154
64
65
55
33
73
62
49
37
63
40
65
53
4
10
70
228
74
347
162
271
55
44
197
147
163
649
71
179
100
69
36
131
91
115
90
52
249
50
74
120
150
71
78
116
70
110
97
95
105
166
67
161
94
105
61
48
46
54
46
38
37
22
57
41
46
30
2
1
1384
155
50
70
116
168
329
306
79
93
57
245
130
152
168
215
155
86
40
43
51
67
117
45
48
30
76
76
45
64
38
39
28
44
54
34
182
87
65
188
237
338
38
50
63
76
59
130
116
445
61
42
172
50
129
32
237
59
31
35
62
57
43
55
49
182
302
44
55
62
43
347
52
47
40
56
46
33
40
41
57
55
47
55
37
81
77
39
41
50
32
1
227
55
124
140
121
533
85
378
149
162
264
395
145
22
173
37
119
37
53
91
37
177
273
100
151
66
174
58
47
41
49
64
49
65
198
56
83
69
73
75
35
39
30
51
31
51
115
636
366
340
258
54
68
236
107
88
363
154
173
46
76
51
89
297
44
47
105
135
40
53
57
51
52
97
122
47
39
152
62
48
68
44
25
95
24
51
66
41
1498
713
66
42
188
56
113
68
162
120
330
224
40
314
67
66
43
60
91
86
70
97
47
54
59
35
116
62
80
35
41
23
53
1
1
1301
624
221
470
525
37
151
45
176
126
134
55
89
310
43
141
130
105
86
60
76
101
48
45
74
22
39
42
23
38
31
564
712
1080
697
122
41
510
113
120
59
58
120
37
119
59
106
49
57
37
47
61
133
46
85
32
58
72
70
41
33
36
32
82
362
691
56
508
170
59
286
421
40
85
183
70
111
189
262
119
219
170
262
47
125
82
44
41
139
44
49
40
41
76
36
109
75
25
28
33
25
39
1
187
843
930
107
175
60
44
203
92
107
185
582
135
54
69
70
42
127
83
49
69
112
73
113
38
33
86
92
35
35
54
195
72
32
52
31
41
25
43
46
22
71
24
69
39
778
66
109
68
153
133
50
45
62
63
74
39
116
58
45
145
144
76
177
31
284
134
62
28
57
63
59
42
58
51
32
45
32
51
25
65
583
361
382
39
76
74
802
150
99
219
43
88
92
39
69
48
42
77
79
70
24
26
122
63
27
47
52
39
49
37
104
65
66
40
59
44
242
68
92
140
109
217
121
122
167
49
388
1105
88
38
461
75
181
352
64
66
81
124
65
48
141
50
37
87
91
58
85
110
39
205
48
80
72
44
33
23
23
1
59
945
34
362
861
81
561
410
347
61
161
102
76
38
42
237
100
89
127
53
127
52
56
223
81
12
52
79
41
30
51
24
58
54
75
40
24
25
1
162
418
163
40
43
306
38
321
61
370
70
399
166
94
118
47
145
49
51
30
113
144
44
94
255
184
68
43
96
108
65
48
61
47
40
114
51
116
62
62
49
50
27
45
2
55
494
746
211
281
514
116
576
254
194
57
90
50
129
56
68
199
87
40
104
300
74
70
30
59
154
94
50
128
83
61
52
49
61
26
33
43
46
211
40
692
54
766
107
96
96
349
129
396
171
355
27
91
190
108
198
201
53
75
47
66
60
194
48
63
68
144
47
63
70
68
54
35
61
33
218
48
60
60
63
54
94
35
197
81
1267
368
111
103
55
77
126
129
46
123
54
80
44
347
152
107
119
47
63
59
64
37
41
48
39
89
79
31
48
61
124
56
48
57
65
21
40
54
27
33
27
2
885
177
37
73
51
44
91
115
201
120
42
35
99
109
88
109
56
175
78
164
72
76
202
34
74
47
151
40
37
30
64
70
75
110
27
15
62
50
1
1
544
504
105
130
198
228
117
502
109
168
164
93
51
541
39
164
66
166
266
326
169
86
40
64
199
82
142
40
46
35
69
43
78
34
117
67
56
119
34
1
367
262
586
445
449
149
290
328
101
39
154
57
148
216
50
39
61
114
60
38
101
112
231
44
52
42
58
41
35
42
76
46
24
27
144
261
44
559
282
76
161
160
125
143
280
116
71
153
40
88
41
216
86
45
346
55
354
310
61
70
57
40
92
75
53
50
93
82
93
59
97
124
62
76
94
75
93
37
29
42
40
26
48
1
178
505
65
50
53
224
70
94
40
104
55
241
79
360
304
156
512
72
109
87
64
175
121
197
70
227
40
172
122
68
56
46
85
106
66
53
25
87
37
79
59
134
30
26
2
2
1
48
312
193
739
235
121
410
878
58
202
531
166
167
55
40
305
43
71
162
119
115
43
103
90
74
35
32
69
63
59
58
45
50
29
3
157
311
68
437
60
165
141
155
1012
34
106
233
42
515
242
249
116
117
101
76
172
54
113
49
49
56
115
27
32
69
35
31
477
46
95
210
238
519
378
61
386
225
330
618
115
66
53
260
277
538
42
36
34
46
56
54
61
122
69
35
59
51
30
37
51
51
58
39
22
44
1
291
347
82
108
112
57
187
555
705
52
321
159
158
102
66
39
52
163
469
78
67
40
203
345
65
60
24
55
51
69
89
98
140
52
56
36
44
41
66
1
245
1067
62
89
116
438
963
60
716
127
271
84
385
105
266
48
191
54
89
47
51
45
44
47
27
50
43
1157
113
207
41
131
113
125
201
864
46
29
221
64
35
49
174
154
45
246
148
62
64
105
32
57
67
47
37
32
15
55
78
227
182
209
133
307
272
55
59
418
259
500
348
75
170
54
63
45
56
34
74
67
48
49
343
44
57
67
70
81
140
31
24
43
45
96
70
54
42
59
84
86
119
77
94
63
62
58
69
69
35
37
91
54
46
50
41
4
28
520
67
38
105
115
328
601
47
730
73
125
178
411
103
116
83
310
201
586
42
373
30
81
52
47
56
40
74
42
95
34
36
29
58
41
44
491
452
100
259
79
344
159
293
144
63
833
40
130
210
28
52
75
474
158
50
168
170
93
43
240
59
89
48
102
48
25
39
50
45
44
51
23
36
184
135
277
754
831
288
206
280
55
931
52
181
50
73
55
36
66
58
74
105
75
54
79
83
42
49
73
54
70
61
69
103
45
44
35
39
1
194
178
184
170
254
244
853
339
268
135
59
426
176
357
65
212
59
74
55
32
59
84
60
89
231
35
39
144
28
35
90
86
130
125
44
1059
39
50
193
316
262
124
725
26
167
67
35
119
196
70
57
58
66
83
34
63
195
35
34
53
64
57
50
33
87
54
64
56
33
32
44
54
61
164
641
261
218
72
115
35
497
98
49
159
129
472
34
62
89
72
113
269
73
48
57
53
48
90
85
47
121
53
87
77
112
52
56
69
40
148
42
30
50
63
44
49
39
34
23
31
428
959
64
528
190
405
117
524
178
215
69
254
48
123
30
196
72
92
109
84
63
57
51
47
90
102
80
52
61
37
51
51
724
772
126
181
342
413
60
46
226
64
70
62
321
71
135
60
141
169
81
153
59
38
34
170
61
58
160
46
110
67
66
49
38
55
1
325
682
135
79
46
168
114
276
95
24
138
89
306
208
105
195
51
62
88
355
51
117
215
71
29
93
45
121
148
69
27
45
73
79
122
64
49
31
48
36
49
42
193
57
51
36
59
43
89
82
29
54
40
25
36
45
44
23
5
417
310
71
1530
160
76
94
133
46
60
236
107
73
240
162
59
99
57
28
76
1
45
87
37
31
44
38
351
204
211
289
178
215
193
186
52
503
77
59
132
83
78
62
35
168
21
61
80
78
51
37
60
37
46
56
147
44
56
61
62
49
43
47
44
40
43
45
5
30
2
2
125
91
33
68
473
160
317
130
637
31
171
85
64
59
53
46
213
34
46
117
137
129
70
63
44
52
41
25
50
38
63
39
126
458
309
284
950
219
55
520
44
175
135
19
105
258
217
142
68
35
46
85
114
53
31
33
21
38
41
40
32
25
52
51
32
91
1175
154
48
221
97
212
170
207
60
91
109
63
36
66
81
39
62
35
54
64
51
78
196
84
71
64
62
79
79
48
148
204
98
70
50
34
25
256
137
551
66
65
291
388
43
131
52
261
54
135
116
102
111
45
92
69
56
84
71
160
25
187
64
85
65
53
88
31
25
45
32
1
594
488
55
43
38
563
282
58
35
238
160
36
57
118
66
47
83
47
47
78
36
82
18
30
62
119
38
45
39
90
571
201
120
401
38
84
57
114
113
356
314
112
89
325
95
159
56
162
635
74
53
46
58
191
57
39
75
74
98
142
51
106
111
93
27
35
48
60
43
47
37
41
56
38
1
389
1471
83
77
417
180
613
441
77
337
82
165
102
91
78
64
54
52
64
80
45
6
34
90
29
41
37
22
4
159
63
90
1592
398
293
54
1558
156
61
133
39
112
58
44
66
62
38
32
41
77
76
291
198
211
580
309
175
17
422
284
445
209
280
138
49
160
272
122
52
144
78
69
49
56
127
73
71
62
99
126
75
43
65
32
39
56
193
635
289
299
682
279
96
235
529
134
24
37
50
159
120
103
65
116
68
50
106
136
59
58
351
74
11
62
89
115
65
58
96
50
98
36
38
64
50
54
50
50
37
27
1
125
138
70
776
421
222
43
62
417
1109
95
190
194
44
519
192
72
34
47
59
57
67
118
112
67
81
44
26
31
69
46
47
838
140
38
156
99
154
367
44
147
254
45
250
97
46
245
64
136
61
137
56
69
83
58
271
252
249
75
66
131
88
48
25
48
94
55
44
59
54
46
56
51
105
63
66
47
44
411
465
33
72
710
83
38
50
173
51
41
389
86
80
43
425
94
142
59
110
65
141
129
38
88
124
36
53
52
1
1
2
402
36
71
122
675
220
761
98
56
199
202
61
91
62
51
169
55
52
159
58
69
68
27
35
50
58
26
217
74
58
132
29
126
50
48
40
86
44
69
58
47
55
11
1
392
59
433
133
245
138
104
56
46
144
246
207
237
39
43
183
105
110
74
34
182
129
51
113
132
71
167
110
50
35
24
55
37
38
42
27
242
395
512
586
158
81
388
124
40
56
515
62
52
28
63
2
50
62
191
148
210
252
79
71
30
38
30
46
26
11
1
523
139
70
244
731
80
139
389
113
115
96
71
144
319
100
44
71
126
60
43
43
63
63
64
73
45
130
41
127
55
28
138
33
31
30
41
85
281
864
180
176
50
74
53
768
154
97
550
165
155
29
69
139
81
181
43
103
30
22
69
46
44
50
65
43
51
36
40
44
42
47
35
29
37
197
200
164
1601
126
78
60
37
55
144
127
275
70
79
79
96
30
55
49
63
43
61
35
38
646
239
220
766
48
73
103
73
56
87
151
75
98
304
64
114
88
127
41
213
182
73
45
193
190
56
38
89
41
189
46
83
159
39
57
91
66
46
70
44
33
43
258
557
230
53
274
103
53
107
204
154
249
52
44
110
65
327
60
52
179
136
20
74
120
50
205
143
51
120
55
85
377
77
76
48
63
41
95
36
44
189
58
58
65
53
44
27
20
33
46
174
216
217
135
326
1353
117
169
153
46
679
193
54
180
74
344
31
72
155
75
125
45
63
61
65
40
32
51
78
51
1
2
49
129
33
140
360
106
173
73
66
111
498
184
44
185
119
31
113
74
50
61
60
119
207
176
113
87
44
44
82
52
740
46
97
169
53
79
94
42
260
74
27
69
35
33
60
51
55
59
38
85
178
256
571
184
39
146
124
422
52
165
47
203
63
76
577
99
52
62
143
262
46
69
48
36
45
27
52
142
127
45
57
38
36
63
87
67
35
40
42
68
52
35
53
26
1
46
334
93
354
629
45
91
183
30
142
108
145
70
173
179
194
312
144
280
130
96
149
235
36
223
41
49
637
219
128
246
549
91
561
43
562
63
572
37
261
55
54
130
74
455
74
47
46
70
154
41
41
50
52
69
112
53
38
84
126
41
42
54
44
47
79
1
2
38
1
869
122
136
226
239
46
95
61
48
73
911
57
31
32
60
123
96
112
67
47
106
84
321
47
101
52
35
66
37
32
47
46
46
33
688
45
600
68
211
1077
48
45
251
82
76
51
45
134
168
52
153
68
35
141
72
60
94
46
103
69
37
37
72
34
26
65
123
40
27
98
74
72
41
38
55
39
26
35
2
39
49
32
202
406
138
98
336
108
208
447
227
162
394
93
131
213
58
74
27
40
342
85
235
47
57
98
64
69
124
53
111
39
45
68
47
51
124
62
48
66
37
34
20
58
25
53
44
581
139
68
431
96
89
390
346
145
367
104
401
268
112
94
285
69
54
135
208
30
38
44
105
180
39
57
37
49
46
189
54
126
54
53
45
55
56
76
77
24
24
35
43
60
65
1
254
142
62
44
374
303
576
59
67
42
91
117
114
99
76
53
47
89
169
51
255
133
259
53
222
109
61
82
65
109
131
59
60
16
134
78
68
92
85
117
48
48
104
35
50
79
32
114
25
79
62
61
124
33
59
32
37
51
46
17
23
518
296
653
230
854
87
92
86
46
53
141
67
51
128
46
75
171
64
42
55
60
55
51
56
61
65
46
49
35
33
67
1
454
761
178
62
219
162
130
173
62
160
110
269
80
42
31
789
176
39
116
56
142
527
43
45
55
37
84
41
102
41
58
91
54
46
43
44
49
48
46
40
54
44
77
31
90
302
230
172
360
157
72
310
353
509
499
133
130
115
92
178
275
216
92
134
46
160
31
60
91
78
183
71
218
106
38
79
78
75
27
47
51
47
31
57
54
129
119
932
157
57
162
209
405
107
106
65
140
60
143
214
79
192
63
26
141
47
69
182
149
38
78
109
52
36
42
45
48
44
59
42
35
50
32
1207
70
196
50
264
398
767
62
618
40
55
60
53
89
46
38
47
100
77
124
111
84
81
72
119
41
72
108
39
42
35
40
28
63
18
256
641
386
114
137
83
71
94
77
43
97
473
81
139
74
151
133
367
58
166
66
87
167
352
132
55
101
87
191
78
86
89
40
55
65
39
45
55
94
48
32
32
24
45
38
114
64
29
35
51
48
1
192
387
437
45
37
701
37
45
124
39
280
63
889
186
250
63
54
51
98
34
40
58
81
63
121
74
95
38
45
63
68
45
37
41
41
37
25
28
45
383
27
112
116
416
644
240
177
34
599
107
54
110
74
36
81
103
65
157
50
132
117
55
88
104
48
109
26
117
56
43
106
247
719
63
67
152
70
70
54
132
43
302
380
225
110
67
59
64
65
28
316
68
113
23
33
37
85
47
62
49
46
20
54
29
45
54
1
891
257
169
48
347
232
165
129
285
132
53
42
239
447
81
159
29
156
157
68
27
188
49
140
192
25
81
69
74
108
60
44
35
47
14
4
1
1
35
111
174
52
89
235
86
102
59
52
385
112
351
159
76
99
64
373
88
69
581
222
98
205
222
163
51
60
125
136
49
21
174
105
38
49
42
37
52
21
1152
121
87
128
556
61
275
200
155
181
49
86
57
93
178
136
131
118
250
107
37
34
56
79
23
144
65
58
72
47
67
50
2
52
73
47
42
46
50
2
110
43
839
68
166
240
155
613
395
383
299
24
485
152
225
75
102
105
143
75
78
62
46
62
56
106
43
141
41
50
144
40
52
46
107
57
38
28
214
1094
228
26
200
48
73
161
443
332
69
101
498
196
59
86
40
164
59
34
58
116
58
24
44
69
238
78
57
87
44
71
38
80
43
91
47
54
49
31
46
28
375
377
71
609
179
553
229
46
62
275
95
76
150
46
261
185
58
41
38
29
111
33
153
49
28
92
60
507
174
38
53
135
63
59
56
45
54
41
38
68
62
63
37
33
40
21
306
94
144
413
74
267
38
40
131
74
166
635
284
112
163
357
71
92
90
142
64
56
113
42
71
69
62
342
96
74
63
46
126
43
27
64
38
45
58
37
62
110
31
20
39
35
27
36
74
415
44
54
653
278
385
315
377
120
392
44
62
59
109
133
656
188
52
50
53
33
68
45
41
73
75
50
33
53
36
44
61
106
65
106
92
35
29
67
45
47
52
51
32
17
33
486
376
138
106
401
264
136
56
106
368
154
137
123
142
192
229
71
130
151
199
103
43
129
37
62
41
35
60
49
39
81
37
83
51
37
63
49
44
68
53
35
46
43
56
52
51
40
37
2
173
70
296
245
3
23
76
741
122
64
136
60
272
74
69
110
35
181
146
44
471
93
41
45
35
136
61
86
112
59
44
91
58
41
60
39
84
40
30
86
41
107
32
1
67
31
40
70
47
464
492
235
724
133
114
310
75
237
262
270
47
143
96
71
57
142
69
154
88
42
73
98
69
157
32
100
39
100
59
65
48
94
34
50
51
92
1
1062
621
162
135
114
805
67
185
205
62
171
151
167
374
37
124
52
56
50
106
25
38
61
86
77
62
58
41
26
71
14
32
121
221
374
371
324
94
58
338
69
120
169
68
516
348
557
199
85
57
115
77
200
62
128
23
82
65
100
53
168
72
73
73
83
73
66
34
91
78
54
61
51
32
91
65
77
117
50
122
35
102
456
307
192
110
91
71
79
48
72
81
26
120
35
51
73
43
24
699
53
1202
50
36
235
177
111
59
118
221
160
27
41
82
79
60
33
30
43
70
54
53
101
41
34
442
140
84
42
464
541
141
138
76
62
55
52
76
160
333
38
36
89
199
41
43
51
178
73
57
183
51
53
100
54
93
77
44
60
37
52
50
67
35
36
1
108
828
625
196
138
138
451
86
42
231
322
185
158
50
298
79
204
54
56
189
90
55
27
54
102
65
82
73
40
88
68
87
79
39
64
70
24
65
71
64
27
45
36
16
327
1295
471
204
60
36
49
71
89
80
136
54
131
33
59
52
177
47
50
159
49
70
82
98
53
121
41
62
99
70
21
56
58
51
81
31
38
39
45
67
46
51
91
37
61
832
313
114
1041
334
88
536
41
87
98
60
160
30
84
58
76
35
52
493
45
43
55
263
53
40
61
99
53
52
49
48
63
72
291
57
680
54
47
230
45
302
169
110
58
488
147
191
306
23
118
55
53
67
38
166
44
238
46
171
93
77
199
201
52
51
49
82
70
124
116
60
61
75
43
73
26
59
65
59
38
28
27
24
84
539
179
715
94
343
91
56
225
1167
136
87
54
50
60
88
96
61
89
62
80
116
68
80
32
87
34
80
28
53
66
523
1037
133
318
152
59
213
768
252
75
479
72
36
49
49
179
128
52
49
61
72
54
39
60
53
27
30
59
33
19
50
311
889
344
191
136
141
35
56
33
117
270
48
250
320
76
117
234
57
62
94
256
56
83
48
39
62
114
42
54
58
47
86
44
38
51
25
55
60
1
289
278
56
497
188
200
227
23
288
226
89
261
224
52
68
46
102
75
503
296
79
79
37
49
110
74
90
40
65
49
60
37
40
42
39
31
31
1
70
416
640
60
172
33
510
380
253
542
36
490
58
116
117
31
274
49
61
128
81
117
218
66
225
58
137
37
55
55
47
68
187
31
54
38
59
43
40
41
35
2
748
900
571
144
280
147
39
49
151
137
75
295
112
31
154
166
59
58
64
37
369
182
76
100
85
44
36
36
907
55
97
61
72
52
92
162
50
163
63
49
234
52
35
128
35
85
171
286
164
38
53
213
168
77
95
59
232
61
43
59
30
34
61
66
107
93
44
22
41
60
61
37
702
88
343
136
466
39
343
364
356
34
28
197
377
510
130
135
975
66
57
119
71
46
66
45
35
49
32
106
178
48
69
52
241
179
90
92
101
78
47
72
148
138
40
61
35
56
67
50
30
19
453
61
321
827
134
205
110
164
68
38
118
156
138
361
115
84
95
52
54
74
51
87
52
215
44
46
103
33
44
151
58
66
23
54
50
49
49
53
31
55
44
20
61
272
695
39
52
244
111
289
113
315
203
61
76
172
32
66
53
117
183
42
71
70
34
48
66
105
57
50
147
42
34
39
52
41
49
92
43
41
112
85
457
84
653
58
56
30
114
210
272
90
46
251
188
213
411
61
73
75
65
53
210
110
64
66
85
83
77
192
62
31
102
89
34
68
74
34
4
47
41
59
96
38
111
73
50
64
78
79
68
1
937
456
334
73
194
90
406
57
140
66
86
66
120
35
380
229
266
121
262
40
54
42
40
47
155
67
89
56
53
46
27
54
25
1
293
35
506
144
542
734
73
137
211
465
204
98
255
187
210
19
23
52
51
57
169
40
30
72
379
54
86
94
149
64
66
37
65
63
53
57
84
60
70
33
1
925
34
106
126
25
161
43
137
274
203
50
122
285
47
93
84
70
58
219
50
71
47
61
54
37
72
35
198
279
194
55
48
240
138
93
57
55
42
68
85
61
84
39
32
40
184
156
72
43
119
48
42
68
48
66
38
50
41
28
77
103
501
574
615
77
64
46
136
35
113
146
107
230
285
183
318
197
53
80
334
85
262
124
46
51
62
52
103
59
316
70
124
29
61
74
42
48
62
40
44
597
61
85
30
558
92
499
406
59
113
47
36
38
104
150
514
41
427
79
293
56
46
56
60
40
29
142
85
65
172
26
59
48
59
34
72
46
20
42
349
95
582
269
23
698
37
82
206
61
53
97
212
44
45
49
74
55
35
107
57
171
142
56
45
84
68
35
61
58
178
78
80
59
71
37
81
42
55
78
58
31
644
572
249
166
39
92
109
305
347
69
383
142
58
72
166
293
164
45
49
113
54
110
94
41
54
82
232
36
52
76
201
54
145
50
40
63
68
72
75
44
50
3
106
228
233
230
285
53
161
332
86
41
52
166
42
167
169
195
85
28
295
53
31
109
57
41
60
34
83
100
24
37
42
3
224
88
819
132
145
140
118
221
45
132
209
61
119
99
48
32
100
48
35
87
118
133
139
107
138
178
56
67
77
47
57
39
38
55
91
91
127
35
136
88
112
91
79
120
47
42
74
40
42
60
42
100
51
87
34
88
57
572
764
68
113
130
76
598
70
136
32
673
115
79
57
118
51
52
70
96
214
66
70
82
336
48
199
100
26
37
30
70
20
51
41
111
51
81
36
112
36
58
66
46
26
168
19
500
67
121
41
26
137
48
84
56
116
55
76
45
114
189
47
22
50
63
46
64
51
55
28
65
42
58
21
253
507
221
92
136
193
167
266
240
378
96
125
122
423
54
29
111
154
108
56
51
164
105
108
72
322
72
44
63
202
66
100
143
68
56
53
65
75
76
175
61
35
42
88
86
47
859
373
179
470
54
74
133
183
101
565
58
121
186
338
151
43
332
51
329
59
114
82
73
59
111
41
130
51
61
33
73
54
29
48
378
719
98
75
79
210
113
90
325
119
697
42
85
62
325
179
469
159
78
178
360
44
153
33
67
68
73
78
73
138
89
39
52
36
56
1
1
79
287
249
51
82
616
443
46
373
388
251
104
62
608
77
118
49
130
249
26
165
49
39
62
72
55
57
167
105
64
43
34
30
65
23
371
688
139
255
57
45
140
359
59
119
409
94
41
57
63
214
29
55
50
53
64
84
278
79
74
39
86
60
40
49
122
47
51
44
182
66
54
99
47
49
97
62
586
143
171
117
296
550
58
34
302
351
38
104
103
62
341
243
48
38
107
46
118
44
50
37
164
341
81
32
62
48
87
53
47
35
56
41
65
73
143
77
48
74
66
43
48
60
44
27
50
20
161
110
569
326
351
741
250
155
73
151
135
405
75
113
82
337
127
96
246
68
177
39
83
38
62
31
43
52
22
42
58
46
43
54
43
29
19
932
219
196
22
84
71
60
162
207
45
124
158
163
272
107
204
224
58
51
42
113
132
524
73
49
73
133
99
126
60
33
60
43
115
70
1
1
1
514
363
443
268
60
67
43
173
99
227
445
108
314
54
48
75
63
41
38
41
97
32
125
62
41
16
126
91
65
85
51
43
37
47
389
176
253
507
68
35
314
42
39
159
175
171
101
101
124
263
55
194
99
41
265
60
172
143
27
61
70
45
46
71
83
87
56
48
809
57
30
401
257
68
36
517
310
25
336
522
201
60
79
86
147
301
91
65
49
142
75
99
29
24
55
41
34
80
49
52
55
51
39
50
96
1116
711
1111
661
79
266
104
49
57
179
97
44
100
50
70
125
72
61
49
125
69
72
57
44
73
40
41
156
1108
71
35
78
67
87
459
601
67
84
439
50
100
67
54
80
284
63
186
50
216
52
96
69
42
61
80
30
31
57
44
25
66
143
260
44
502
298
160
68
42
204
263
23
53
34
177
80
50
81
37
96
274
54
68
41
127
42
118
41
155
59
75
401
45
59
113
273
86
101
97
70
81
83
81
33
55
30
47
54
55
24
53
20
71
36
66
43
66
65
37
40
88
41
27
57
28
1
388
130
94
475
91
351
109
402
145
82
126
132
37
134
58
577
234
121
23
170
117
161
56
30
48
150
40
187
56
41
146
58
118
90
37
43
32
31
46
39
37
1
388
49
84
73
973
618
65
352
52
151
264
76
40
39
55
160
60
154
55
141
351
67
58
115
63
57
56
121
213
119
34
67
27
56
178
83
40
49
28
90
40
33
575
235
173
1073
62
123
276
535
79
61
174
340
128
36
108
388
106
56
54
52
41
61
76
77
36
84
79
57
57
102
129
38
930
235
1023
261
302
172
82
44
474
55
65
59
37
38
138
44
39
27
148
138
49
412
104
69
1293
72
193
67
697
110
116
52
56
132
76
52
167
44
43
51
29
63
30
61
53
34
238
44
42
44
58
36
1
121
138
354
948
530
78
37
129
54
226
56
493
69
81
191
434
195
49
212
52
68
52
426
50
92
40
66
126
52
56
54
27
26
1
45
36
28
24
1
194
529
575
723
26
127
72
69
342
49
214
227
137
152
63
265
59
93
52
67
36
88
42
159
116
39
70
50
618
49
48
396
720
56
93
199
481
283
90
37
377
289
523
63
145
179
69
61
132
26
71
183
48
74
99
40
50
38
105
48
57
37
57
82
1
1
146
40
356
244
185
96
399
65
108
26
469
135
123
92
75
130
69
38
43
64
54
30
126
112
24
63
46
23
1
99
460
812
112
384
319
130
39
247
107
407
90
130
59
44
115
127
43
47
69
78
102
120
36
54
75
171
78
37
74
101
117
43
13
141
64
49
66
28
45
115
154
1008
385
151
52
404
128
317
75
52
46
123
66
187
368
55
37
139
55
84
128
64
41
61
55
46
71
29
38
123
49
50
107
29
241
320
93
1054
76
451
80
163
228
112
387
100
77
61
67
51
61
66
120
35
52
30
65
72
42
53
119
43
48
59
100
122
46
55
20
28
165
284
603
87
303
93
120
79
260
285
234
510
67
74
84
85
73
37
54
44
94
70
339
129
131
51
130
30
135
159
59
89
59
39
69
48
138
41
38
63
31
46
48
47
43
52
60
37
33
34
47
51
36
33
43
29
37
2
403
1067
107
36
536
90
250
53
119
42
149
346
62
492
58
94
685
70
59
68
39
28
41
79
87
45
31
51
41
96
86
90
75
64
37
90
25
51
188
42
221
288
43
60
69
39
67
54
88
72
46
690
479
629
154
206
119
546
275
33
123
97
738
27
279
146
78
49
77
58
58
69
102
64
114
28
59
43
41
23
71
40
54
23
114
96
936
59
81
115
74
81
346
44
74
388
57
116
60
138
124
281
182
120
169
401
36
147
40
75
51
47
108
74
46
47
70
87
63
43
88
56
57
69
50
28
62
22
33
15
3
94
794
517
74
106
57
68
146
103
36
253
34
52
94
116
45
246
127
51
569
74
463
194
89
75
20
72
24
85
82
38
68
60
48
40
68
66
31
100
100
46
36
62
124
66
37
47
38
36
31
44
1
223
257
68
198
113
116
439
56
48
106
61
68
356
155
53
357
40
113
230
49
18
45
69
86
39
54
21
40
48
30
30
66
28
30
25
417
232
80
1144
50
207
90
146
83
36
145
122
53
144
253
54
358
69
39
30
56
219
60
169
124
247
56
110
46
41
79
74
47
54
34
48
61
63
132
439
46
466
80
53
123
1101
208
47
56
351
239
32
56
128
81
144
71
116
85
49
53
75
295
55
69
104
79
75
54
110
48
40
48
623
293
108
120
804
60
51
173
218
271
94
101
151
348
71
230
36
550
60
70
77
55
132
49
87
70
46
21
68
139
180
58
28
44
38
33
52
36
62
77
24
1
78
97
895
514
64
163
24
205
98
169
42
293
60
154
93
34
108
32
66
75
76
64
79
47
53
114
137
55
39
48
35
87
66
97
65
62
40
56
66
63
51
69
45
54
60
35
1
1
1
95
150
360
143
117
63
290
86
534
45
287
293
71
35
218
329
236
76
349
109
571
146
66
59
147
95
70
45
149
50
78
121
67
282
89
32
56
46
708
421
587
137
78
78
112
170
837
48
371
58
175
134
97
33
128
131
57
65
66
51
77
50
67
34
56
35
28
50
63
25
1
427
72
683
42
228
57
51
59
34
433
62
56
285
126
48
179
45
187
99
48
53
74
216
37
66
37
58
60
53
57
31
36
98
534
400
105
87
156
168
49
129
285
501
39
35
24
37
55
158
106
62
51
167
110
405
64
63
35
38
64
147
56
51
90
58
59
101
41
55
54
85
58
68
47
52
50
89
48
58
62
76
58
41
32
29
1209
791
209
97
378
794
80
68
97
40
355
56
45
232
48
45
303
50
245
57
48
49
70
47
35
81
50
150
1017
72
75
49
104
92
257
476
704
198
41
120
60
285
44
76
44
74
47
346
115
39
84
79
102
82
65
37
44
53
95
67
28
70
2
2
38
351
82
270
942
566
400
171
201
482
55
37
26
315
34
39
121
238
83
130
52
104
51
103
38
37
32
85
2
37
50
61
48
45
36
37
54
31
57
46
445
75
158
121
692
290
60
613
61
698
86
137
445
278
84
24
458
79
41
45
55
57
103
122
206
152
57
67
38
40
99
45
75
1
1
139
1016
480
283
118
86
60
46
63
42
50
177
181
48
34
44
61
69
34
42
35
1
80
378
558
426
77
100
49
75
163
188
262
363
40
115
90
191
56
98
128
58
51
29
53
60
122
52
109
56
36
23
29
53
17
49
40
40
392
100
520
501
388
99
201
251
210
77
83
43
206
400
103
203
513
100
83
328
58
56
56
41
57
50
38
54
170
161
49
54
101
59
27
56
57
78
32
55
62
785
649
273
662
65
385
128
85
861
204
86
34
33
135
59
47
36
78
190
54
124
56
61
63
39
58
48
47
60
61
32
40
521
349
896
164
239
120
567
186
47
152
83
99
52
52
61
71
112
61
68
145
42
109
82
45
61
32
28
56
79
43
336
308
670
151
29
314
483
60
218
171
49
160
176
59
72
46
223
39
177
47
243
43
77
59
40
110
79
132
219
33
147
107
67
67
100
50
43
60
54
66
63
52
35
31
34
42
58
30
31
976
1087
407
184
62
181
44
615
164
26
59
194
48
62
97
114
72
63
229
62
42
88
54
43
30
75
36
89
61
48
36
33
62
50
43
1
144
59
373
656
755
125
256
172
114
431
66
213
33
62
31
168
34
52
32
167
51
50
57
90
68
64
58
1
295
53
446
468
366
47
241
566
390
321
53
51
33
56
98
83
78
102
47
43
120
58
59
37
50
46
41
119
60
70
55
443
530
642
39
418
79
232
46
39
110
397
146
232
40
51
342
154
52
47
31
95
79
89
37
75
104
46
34
38
239
362
158
708
90
433
210
48
82
107
507
57
62
138
60
36
133
56
62
104
47
66
79
82
77
43
177
60
40
95
106
61
46
55
111
54
244
91
54
35
51
102
23
74
33
42
39
47
42
47
51
70
40
245
304
501
958
195
678
90
58
250
198
27
197
153
46
57
55
171
83
167
32
159
67
194
65
62
62
43
120
50
61
33
44
32
35
52
146
31
165
148
166
103
117
429
55
63
216
39
52
217
93
74
72
40
48
235
94
77
128
248
67
334
74
69
38
91
44
152
66
101
94
56
121
79
69
49
31
35
33
1
27
60
248
213
81
139
150
313
356
147
327
110
556
184
37
726
273
110
452
49
95
172
80
228
42
40
35
72
83
68
31
1
38
28
62
33
2
143
830
211
284
166
530
41
321
211
93
178
819
68
111
79
180
74
61
68
149
103
134
112
36
64
44
82
93
56
71
40
84
76
46
58
16
28
1
492
157
45
135
247
138
112
187
137
225
1087
127
56
79
63
207
65
110
259
68
51
49
25
114
38
50
44
38
96
88
46
25
60
63
75
51
58
53
1
287
1056
73
70
69
74
67
900
219
245
55
196
176
32
70
67
86
141
208
139
47
24
67
56
2
1
149
360
59
127
1123
67
117
342
150
56
152
37
204
113
116
164
42
98
54
43
154
18
57
40
31
97
44
41
31
27
40
3
35
1
21
76
1007
77
360
63
115
294
290
61
95
51
176
195
129
122
159
364
67
162
69
93
45
25
66
182
62
54
86
65
69
81
54
59
43
39
38
36
38
52
44
34
84
33
53
70
46
45
95
64
1313
45
227
371
42
69
347
54
56
55
75
96
99
24
31
61
131
45
59
305
65
199
70
39
38
31
76
44
36
46
47
90
37
31
61
61
533
980
395
408
150
127
52
50
257
288
163
64
52
109
247
64
42
108
38
208
60
43
63
76
108
77
77
104
24
49
53
24
143
51
266
62
37
109
1285
1407
212
108
51
53
84
50
67
47
397
68
57
33
49
74
44
86
42
137
54
51
34
54
21
24
1166
48
391
97
47
134
191
57
313
36
91
74
202
48
228
108
46
104
453
48
53
30
65
78
55
66
55
43
51
74
45
38
40
39
56
20
125
140
24
66
179
274
304
511
680
246
48
298
163
130
51
38
95
55
85
85
65
325
65
201
96
63
57
76
122
212
62
91
51
62
72
40
58
40
49
90
43
45
54
38
55
30
33
56
49
38
1332
39
71
1168
94
184
62
245
64
58
105
34
45
45
40
29
40
223
63
48
35
48
48
20
88
70
229
822
49
59
140
88
68
99
447
33
225
79
196
123
235
180
70
218
207
50
61
107
144
243
106
46
44
86
85
117
71
52
78
53
51
40
39
40
55
164
893
79
794
556
247
78
635
130
169
50
80
74
225
121
41
38
187
36
30
101
65
45
90
78
61
54
35
73
61
61
67
60
55
58
992
79
495
36
660
314
64
791
158
253
157
59
181
69
50
65
60
72
56
123
44
63
77
53
51
88
48
29
164
60
44
43
25
736
131
567
1439
56
30
69
255
200
58
70
170
157
80
36
86
70
135
65
48
187
42
53
34
48
79
36
41
49
102
59
30
49
47
1
392
208
142
437
892
193
199
206
204
238
56
54
422
48
207
189
79
27
162
41
80
81
72
49
44
64
44
47
90
64
33
50
33
37
38
22
71
38
34
410
241
115
216
256
114
146
274
51
59
62
184
53
68
133
128
102
64
33
142
129
53
97
56
195
81
61
62
155
37
83
185
100
56
23
43
64
79
35
76
32
1
70
727
67
30
125
412
521
82
493
48
53
99
113
506
155
531
40
67
123
54
52
47
259
41
50
79
84
72
120
61
99
48
171
42
64
66
39
50
50
40
37
399
345
597
140
263
753
96
132
123
261
115
56
372
188
41
254
129
88
24
61
48
49
60
42
146
73
77
52
127
102
68
94
63
54
41
55
54
62
64
27
27
32
44
9
47
115
103
234
527
634
189
301
40
151
103
197
341
22
265
123
122
55
284
379
226
67
270
41
116
47
85
36
41
49
36
43
56
34
589
265
726
94
136
142
138
73
213
168
215
340
34
96
42
44
80
51
48
44
90
60
186
300
46
44
41
48
91
39
31
79
216
44
104
925
38
120
49
269
679
213
50
35
84
68
85
126
87
90
71
126
51
111
161
69
76
46
34
24
70
71
44
37
43
32
498
127
62
127
694
485
49
217
101
100
290
367
42
125
149
31
36
165
178
123
46
33
70
188
58
110
42
62
120
76
113
38
39
36
64
76
58
45
45
55
23
105
443
87
99
147
203
263
260
36
726
347
694
56
318
51
100
98
46
48
59
93
42
74
51
49
50
41
42
46
105
30
130
63
60
58
73
55
56
127
30
60
52
29
1
1508
96
392
97
70
417
149
117
380
115
92
41
170
325
63
44
66
39
78
40
45
53
73
30
118
45
53
93
44
75
39
40
52
43
1
1
901
122
19
660
71
916
395
303
43
153
48
404
190
47
30
87
80
232
52
67
56
78
89
53
61
45
65
145
34
54
36
64
56
43
28
65
1663
59
675
275
147
68
80
45
104
117
216
63
56
78
54
74
98
98
62
48
28
37
66
80
64
70
490
44
63
86
176
300
123
162
68
73
70
43
76
562
167
188
111
196
58
278
45
223
40
36
43
203
82
103
109
48
41
74
66
71
99
100
28
118
36
61
35
59
61
56
53
38
29
36
35
38
52
54
386
53
387
434
39
172
58
62
104
68
78
119
64
67
219
950
46
163
60
129
124
48
120
152
59
54
96
71
132
46
197
48
56
42
52
64
53
37
60
19
49
29
441
117
110
225
191
44
110
59
534
44
27
77
53
210
47
73
155
38
125
528
130
52
289
46
174
54
134
73
33
44
104
60
47
39
32
57
30
59
67
61
46
51
1
48
282
34
715
621
32
202
668
69
51
119
176
100
167
167
67
119
63
188
34
49
63
44
41
28
54
131
50
100
972
134
241
55
327
1244
85
108
86
135
236
100
66
51
119
77
172
100
68
63
70
114
41
63
45
45
36
44
57
103
201
443
61
358
392
187
620
91
381
69
282
41
91
164
39
82
432
56
63
58
93
60
89
36
148
45
42
51
76
54
36
172
47
736
112
124
90
701
415
36
98
376
28
139
401
98
123
48
64
50
204
86
121
81
107
174
26
68
78
69
174
51
53
41
50
40
64
67
42
35
78
73
98
83
69
78
50
39
2
2
123
168
564
193
49
76
457
84
44
260
120
98
151
123
110
45
267
72
72
47
133
50
262
135
33
48
233
38
69
139
105
54
66
55
58
115
87
110
70
55
28
36
65
37
34
48
60
59
64
24
27
742
75
182
151
81
968
286
253
86
55
39
45
43
64
113
150
68
87
40
41
51
43
58
92
59
87
14
59
67
33
51
26
115
72
34
29
34
25
25
5
380
527
345
263
54
483
72
87
176
167
53
52
99
137
56
77
150
111
44
77
41
96
56
52
91
40
42
58
34
88
34
484
738
51
73
387
50
130
55
400
78
331
41
211
112
42
55
62
36
52
29
199
243
69
44
49
125
43
79
55
80
60
82
123
146
55
99
59
78
59
60
57
134
46
34
1
93
68
56
556
524
89
581
231
103
239
39
79
194
63
266
169
114
28
345
129
128
63
108
236
88
90
49
61
54
29
209
151
70
52
31
63
77
35
56
83
47
44
24
57
34
51
53
49
118
47
42
51
1
69
212
271
64
262
64
69
308
97
343
59
227
149
205
44
39
129
229
100
109
66
330
238
119
67
72
173
50
24
40
37
71
56
55
38
42
54
28
27
32
69
38
78
77
45
53
43
833
205
73
153
614
76
256
60
339
62
124
69
120
58
93
318
93
63
49
45
225
56
313
47
89
68
89
65
81
32
45
45
157
66
65
71
41
70
36
103
107
44
47
54
45
28
1
794
48
34
83
37
278
335
81
58
116
526
592
132
83
26
232
144
90
70
125
67
180
118
57
35
55
50
61
69
98
121
99
58
300
47
31
36
72
94
35
52
41
31
79
75
22
26
48
162
647
76
249
407
266
726
82
50
277
164
223
266
201
61
76
133
43
151
24
42
158
116
267
95
48
58
99
83
100
75
36
64
56
34
20
25
43
110
25
43
38
40
1
229
94
167
85
73
156
48
107
93
219
231
276
162
203
162
164
169
50
101
62
49
38
99
75
129
50
154
330
270
52
80
195
84
66
122
135
94
44
36
41
92
343
90
83
202
68
273
86
383
55
63
318
155
92
763
90
42
238
100
53
107
55
66
32
43
43
58
71
35
42
24
108
55
182
58
103
186
49
28
34
52
50
48
69
136
71
40
25
443
100
41
51
54
214
54
124
44
232
297
45
66
308
43
148
53
190
50
49
204
52
66
63
80
31
66
44
604
91
64
69
64
32
51
88
79
77
63
68
142
35
40
18
51
37
33
40
191
155
264
275
96
144
100
79
67
429
72
133
475
67
76
32
51
357
39
53
81
267
131
141
45
57
47
97
43
34
78
53
106
43
51
65
93
92
28
182
147
116
350
218
49
78
127
163
273
66
130
191
24
31
38
67
43
128
55
21
17
33
1
51
367
388
1232
277
111
59
148
673
43
59
62
52
210
57
60
83
58
32
51
106
43
92
124
45
57
129
72
150
30
39
37
30
73
44
53
42
33
61
585
59
64
138
118
102
57
60
151
751
436
175
200
230
54
218
26
554
321
126
217
101
72
53
57
62
65
43
38
79
36
64
265
48
49
34
29
55
72
69
982
971
99
191
444
70
36
248
79
98
148
46
32
73
102
47
71
94
87
55
56
62
47
50
49
32
71
27
33
69
30
41
48
51
47
24
35
2
602
259
446
367
63
46
65
464
114
117
858
88
108
268
31
38
39
120
172
153
115
44
86
98
104
116
82
45
37
75
61
42
107
41
75
30
40
68
167
280
571
261
71
396
272
416
70
480
385
64
548
75
77
69
33
39
49
94
28
101
77
60
52
59
29
55
62
110
107
223
40
135
61
34
59
119
51
43
86
53
53
39
37
55
127
89
149
68
92
487
102
141
103
162
127
74
72
55
105
255
83
65
311
87
62
80
187
56
51
113
62
57
48
130
95
45
64
52
144
45
50
49
35
289
69
273
445
53
75
168
103
237
60
32
72
114
178
55
136
40
46
118
91
407
243
69
55
77
35
76
259
88
83
73
132
202
50
69
159
32
57
41
28
84
1259
118
26
176
173
212
179
158
46
157
163
63
41
106
69
42
83
71
96
307
114
62
106
52
44
51
63
43
39
46
36
35
24
19
252
328
116
525
427
572
200
845
93
51
355
55
294
117
92
48
136
61
55
49
34
129
65
53
134
46
63
54
67
178
23
24
50
31
48
43
1
463
27
88
353
51
52
93
160
509
52
115
156
685
320
617
713
54
189
53
99
60
57
99
210
229
61
78
47
44
31
29
172
45
47
28
586
656
58
447
310
565
46
336
43
55
148
140
37
65
127
83
43
102
360
51
41
129
54
41
61
57
49
132
33
45
79
28
61
27
100
44
35
41
34
45
30
94
63
50
104
953
529
549
58
83
232
53
108
119
43
374
120
203
42
24
53
120
67
86
57
72
171
31
79
36
46
72
45
53
48
88
54
51
28
63
46
48
42
82
28
278
29
319
124
418
198
66
67
963
219
310
249
77
49
59
49
47
155
84
133
151
157
94
96
132
48
54
64
73
52
47
42
94
41
35
23
102
65
37
76
39
47
56
2
330
195
938
471
35
138
65
297
43
55
298
244
195
38
344
211
484
89
26
110
42
60
6
50
174
79
142
38
42
68
26
69
54
39
82
31
19
40
14
2
64
36
166
188
118
57
951
179
298
372
191
44
194
324
65
68
99
55
138
44
253
162
160
181
55
53
107
96
122
59
62
93
81
112
30
53
35
55
33
44
44
47
47
34
42
46
33
1
74
355
53
119
65
82
492
46
62
55
264
160
46
174
78
68
41
156
60
54
27
42
59
89
71
125
290
27
80
106
30
43
90
94
63
70
38
73
94
54
50
74
37
59
38
74
39
38
1
642
208
52
39
237
169
149
175
880
64
86
214
116
52
70
21
234
57
180
128
73
61
290
227
173
50
160
109
128
172
43
159
21
41
48
68
31
46
34
47
31
50
124
43
586
69
319
213
188
357
86
146
484
102
63
312
35
49
347
77
246
174
35
236
64
55
245
118
44
82
40
36
153
51
64
38
40
87
83
50
29
91
93
33
1
574
987
265
53
362
64
280
96
154
54
83
60
439
244
70
326
58
51
130
39
63
53
70
166
90
70
51
53
151
64
35
105
49
56
58
35
28
116
79
501
81
608
135
610
141
159
56
43
126
58
141
57
53
217
58
44
198
158
79
39
99
136
35
32
57
59
159
69
66
100
35
42
60
59
87
49
46
47
74
41
40
262
112
34
876
32
79
52
174
71
138
206
56
23
173
74
114
55
59
128
29
64
75
209
48
121
60
26
133
49
28
29
35
45
93
56
26
261
585
91
64
737
59
168
60
67
53
49
573
102
175
80
108
37
52
67
46
73
73
62
46
73
58
32
39
65
41
290
275
45
117
50
730
825
66
118
34
71
69
233
75
301
82
26
309
17
64
53
73
71
93
50
50
56
96
122
49
53
50
44
116
37
36
40
100
72
64
42
23
111
750
60
428
232
71
103
420
252
424
87
31
133
43
84
88
121
51
55
215
56
49
446
99
61
135
124
82
47
78
37
62
63
75
25
30
23
66
25
31
39
413
1065
122
98
133
282
274
485
131
45
117
150
335
35
46
142
106
98
38
181
182
46
165
34
140
49
104
40
40
38
37
92
42
37
35
50
45
68
20
21
374
1153
76
497
203
98
689
125
165
141
81
100
195
130
129
50
27
309
48
221
129
105
53
80
67
55
58
37
94
40
40
23
523
958
69
37
38
50
241
188
80
59
39
92
58
258
160
203
50
84
353
323
56
190
57
59
194
36
27
128
196
49
187
60
105
64
117
33
26
47
60
31
136
580
440
663
402
169
156
120
177
225
192
72
100
313
177
55
110
170
62
115
52
140
80
19
53
247
126
38
60
74
31
39
36
49
37
26
68
121
1185
127
61
117
130
356
227
227
132
219
86
315
248
37
225
222
122
37
52
136
37
57
44
48
62
30
45
48
804
210
609
358
298
561
226
74
59
336
141
67
53
94
118
90
60
96
56
45
135
54
141
143
34
71
216
55
52
40
38
63
41
114
82
29
30
34
22
251
275
164
62
311
658
361
104
259
239
71
532
116
54
48
62
158
184
45
51
74
149
128
71
63
103
54
362
95
114
71
66
29
72
39
83
44
32
41
1
121
73
306
760
216
197
193
702
131
80
139
69
774
113
139
184
237
127
40
83
42
99
122
51
76
67
39
155
52
33
55
19
55
91
44
65
3
1
114
393
809
257
157
320
81
112
494
72
94
42
69
60
44
192
24
140
129
170
172
60
165
116
68
286
108
57
67
60
110
28
52
95
46
55
121
35
61
62
1
729
212
43
147
426
617
125
77
355
346
38
171
74
424
63
51
55
190
58
143
175
113
180
66
111
97
52
59
30
198
42
63
36
42
61
66
52
65
519
437
113
165
61
179
131
55
263
278
240
47
275
58
139
151
97
188
73
327
66
31
148
125
43
129
85
66
193
74
121
49
79
33
56
143
88
75
44
71
50
55
83
67
58
73
22
34
674
771
384
165
83
1424
46
37
95
42
123
79
54
69
57
61
104
77
44
60
57
56
48
62
31
75
54
264
155
648
138
265
65
344
59
331
60
51
49
112
46
168
88
137
268
173
91
53
75
59
214
33
245
34
120
110
36
50
82
54
50
38
49
43
25
55
733
50
43
110
73
226
70
48
37
65
159
90
40
70
126
97
159
233
68
30
51
101
86
1
2
155
54
129
400
196
42
149
421
603
89
58
35
1036
112
212
103
77
183
105
138
93
83
63
119
84
33
128
49
70
58
59
96
48
67
40
47
83
37
111
51
1
1
272
581
66
58
42
47
129
75
278
276
205
62
299
80
614
147
71
588
196
203
56
44
46
42
101
31
26
53
70
74
54
59
45
65
39
44
70
40
46
72
27
51
35
38
55
74
39
24
20
46
62
43
4
45
19
752
160
171
605
495
127
44
244
53
467
115
57
137
42
295
53
54
277
64
70
62
25
59
78
39
66
538
610
566
91
69
59
275
70
51
91
128
235
59
37
192
104
54
100
39
54
62
87
67
51
52
49
413
134
310
390
179
252
58
591
76
335
83
77
114
81
150
147
53
311
399
60
56
42
52
75
111
301
108
36
36
63
46
31
63
153
172
115
88
33
44
47
36
33
1
1
64
112
600
91
781
59
289
86
345
211
199
71
106
77
108
35
150
50
133
55
113
241
67
75
33
261
62
119
66
45
68
94
52
56
54
65
57
153
51
59
27
58
26
17
38
39
62
61
98
36
1
207
31
1043
464
107
209
150
76
196
49
137
163
41
100
113
61
73
92
58
47
68
58
216
35
48
71
48
196
58
73
53
28
67
28
46
62
47
54
33
402
58
972
213
70
333
116
27
391
106
63
33
177
134
274
217
44
61
62
61
64
54
55
31
65
116
316
42
60
54
62
72
184
21
59
86
61
57
63
67
36
39
55
30
44
979
115
50
53
150
282
235
117
331
108
62
45
193
52
46
145
68
177
347
117
75
29
110
43
42
69
38
40
105
60
53
39
36
22
45
62
1
398
372
201
329
91
128
407
62
436
36
144
49
47
76
59
218
44
61
76
231
88
62
119
174
32
45
128
139
24
34
99
108
41
51
72
65
28
39
1
49
146
120
516
82
421
218
698
61
79
30
220
66
38
80
66
41
63
102
35
41
225
32
97
45
57
172
1305
404
763
381
364
58
180
201
137
184
55
70
51
425
68
23
67
54
50
1
46
43
84
32
29
1
23
47
131
118
1088
315
874
78
40
245
166
80
38
73
79
180
679
107
48
203
55
41
54
131
77
82
66
68
75
51
46
41
1
665
661
165
960
258
337
264
47
43
51
160
46
178
59
114
83
54
40
46
48
135
41
99
324
34
175
75
51
65
209
30
62
33
28
885
482
118
235
173
88
176
59
221
365
41
243
310
165
48
69
59
38
52
176
113
98
278
63
63
60
59
31
55
77
68
66
59
59
59
26
94
61
6
42
51
183
73
386
553
44
183
510
122
202
545
44
48
71
79
49
61
43
89
90
49
191
49
104
59
212
51
70
87
128
48
47
369
30
74
103
134
114
52
35
63
57
30
45
38
35
60
33
58
108
61
44
82
61
1
137
146
142
83
221
1105
408
252
59
143
140
122
79
194
312
138
123
57
81
95
76
31
67
155
75
200
65
62
106
146
91
73
43
107
64
42
17
59
56
78
1
2
1
56
137
1441
63
233
221
252
63
69
87
65
99
213
389
149
63
150
116
71
71
108
103
133
65
39
61
62
50
49
40
53
30
89
49
48
58
867
347
48
484
106
320
43
103
113
263
250
257
60
78
77
460
143
111
60
68
218
113
45
17
118
56
37
57
23
1
1
468
177
431
164
74
161
315
41
776
118
415
94
166
155
282
83
110
68
38
207
45
84
135
79
61
137
35
18
46
55
61
86
66
156
56
56
34
1
107
315
76
864
124
40
275
207
219
324
542
136
65
125
89
201
37
171
76
327
69
93
60
48
67
61
38
88
82
54
22
42
47
9
56
513
306
488
200
39
239
84
656
224
719
412
56
118
345
76
38
42
45
58
222
123
32
66
38
60
70
59
36
330
645
129
246
310
49
524
822
96
191
140
66
151
60
167
32
91
73
329
119
49
50
87
31
95
40
171
129
94
182
39
52
63
23
47
61
1
525
1497
536
194
205
367
113
154
115
155
72
48
233
30
109
63
40
46
36
55
69
58
88
155
53
47
33
86
546
412
411
71
50
65
224
544
195
113
32
158
39
339
137
734
49
126
84
161
123
48
50
42
38
58
50
139
248
82
89
47
71
57
71
53
72
2
1269
427
77
406
70
103
359
109
60
116
57
222
56
378
89
54
76
86
22
59
164
35
39
66
54
158
110
31
163
196
36
46
55
30
60
46
32
49
69
368
243
156
1129
265
477
114
54
51
119
326
49
172
199
86
75
27
99
56
51
85
80
116
143
160
55
49
73
45
89
53
47
54
63
35
62
63
48
348
196
62
190
451
1044
269
237
70
184
220
50
167
76
59
250
64
74
103
70
164
37
69
61
47
52
77
27
188
268
58
435
450
130
47
52
61
67
83
47
331
857
62
304
244
107
88
168
67
53
61
63
33
128
54
35
66
50
48
59
52
144
1069
48
111
514
304
112
267
251
125
94
54
596
78
94
147
183
61
51
61
123
132
70
117
60
73
50
42
29
61
137
26
90
35
38
1
528
435
287
92
212
58
35
529
217
70
42
256
102
57
253
50
54
31
52
90
717
68
53
39
104
211
74
71
118
130
36
52
37
40
59
82
93
53
59
51
21
31
32
31
47
54
48
52
31
20
27
810
1074
281
240
725
136
155
41
198
51
41
138
100
42
114
69
61
34
76
115
28
40
60
165
22
48
64
33
56
26
39
35
41
62
54
74
851
76
1475
68
120
559
181
149
43
132
73
25
116
85
62
54
66
97
42
69
29
61
130
38
62
38
75
57
118
45
60
61
3
80
638
537
73
62
187
131
67
175
70
110
42
68
188
36
45
64
81
75
176
133
55
49
34
30
41
62
66
49
69
74
66
51
41
5
24
1
368
281
383
446
72
93
79
630
237
668
54
732
95
135
30
116
136
120
80
120
104
56
1
129
77
45
200
45
28
96
31
77
45
100
56
52
36
638
97
278
317
53
1134
105
110
72
255
62
99
74
30
145
85
44
97
194
60
196
28
146
149
183
137
40
50
48
20
64
68
46
54
62
46
52
222
476
338
37
270
230
63
45
51
40
64
109
77
27
104
40
51
58
42
52
1
189
119
294
45
73
76
680
89
337
257
387
64
195
79
150
124
369
101
219
74
37
195
71
67
42
72
51
71
77
43
293
151
50
41
40
106
24
65
70
31
69
34
71
93
39
186
55
52
61
604
61
402
198
279
82
77
47
213
153
165
287
106
181
55
138
27
43
69
45
41
76
96
119
57
51
60
59
29
91
67
14
1
591
99
112
101
373
287
65
70
279
520
51
138
159
200
58
90
130
49
60
53
54
75
60
81
94
36
50
26
185
38
47
54
50
57
73
36
45
86
56
52
54
1
308
66
126
379
138
228
405
681
424
361
51
227
312
60
214
37
75
207
51
131
71
63
174
40
109
85
52
133
157
48
43
40
34
33
26
50
55
30
39
6
154
297
785
61
331
197
69
98
41
347
262
77
92
52
118
59
206
49
75
60
203
37
31
37
51
133
62
47
44
40
30
187
716
441
672
195
262
82
126
237
101
189
95
306
55
152
50
50
34
57
44
68
64
90
76
3
2
466
406
84
50
208
150
340
32
160
67
55
437
191
94
117
263
70
177
128
70
80
86
125
156
78
67
192
38
65
34
67
35
51
1
84
67
84
173
222
47
115
598
33
131
57
71
42
92
218
219
230
386
49
69
102
119
49
236
56
83
148
52
113
71
62
67
50
40
36
36
50
48
37
63
58
72
35
39
42
42
66
685
76
45
222
52
87
245
90
69
124
428
342
68
495
508
385
84
55
109
55
136
33
72
125
103
50
81
49
44
70
67
46
110
27
79
48
54
60
48
43
56
41
57
38
1
640
58
38
912
170
122
45
179
257
95
304
109
83
39
117
67
122
65
98
39
59
42
210
115
86
73
33
148
59
138
66
26
71
69
117
88
39
57
52
56
11
121
37
73
28
33
43
52
43
46
22
207
997
184
410
159
67
146
33
145
80
139
47
63
42
35
79
461
41
42
57
183
31
103
139
72
188
96
53
83
93
22
58
72
89
65
37
102
55
44
22
23
45
28
1
1034
83
247
64
113
59
168
48
197
137
143
84
177
160
544
50
131
51
71
64
136
34
85
52
74
44
63
65
50
94
59
65
57
44
32
29
418
49
161
76
217
148
317
959
187
67
171
71
33
494
100
296
500
110
223
27
77
105
72
42
42
124
89
77
64
50
140
58
47
43
73
45
38
196
507
453
87
457
276
63
365
74
72
298
709
102
354
250
131
52
106
54
35
68
86
67
126
144
150
59
51
46
37
22
36
65
60
136
93
161
72
327
192
687
104
199
69
343
173
111
748
44
123
50
122
42
59
47
165
55
35
19
51
110
54
100
63
155
62
97
43
60
58
39
36
28
49
21
22
1
1
123
1772
42
80
243
30
492
126
133
121
94
59
213
176
122
198
37
76
104
51
40
49
41
26
31
42
46
76
79
44
31
62
34
25
46
3
1
482
548
161
42
127
191
322
182
1036
72
304
205
88
119
45
53
126
102
334
68
115
56
80
49
90
53
57
86
74
56
48
52
2
55
68
21
950
367
38
126
480
159
47
696
65
226
122
323
37
696
32
73
71
39
48
64
74
120
165
69
54
62
56
32
66
30
44
61
39
23
2
473
226
95
47
440
298
325
97
67
78
244
192
48
56
99
200
222
79
83
34
43
105
49
171
75
232
103
76
135
113
78
61
42
50
37
37
1793
553
66
100
59
56
187
344
141
55
71
51
188
105
36
107
76
51
16
28
51
106
158
82
56
63
50
63
81
42
32
37
66
305
578
101
40
331
808
124
377
59
82
449
46
63
75
135
99
77
481
76
19
67
61
75
239
44
110
48
49
31
46
41
66
45
64
140
150
51
56
38
1
595
650
320
442
877
138
84
126
284
65
123
94
166
70
83
133
83
54
61
67
123
51
38
121
168
78
77
63
17
29
45
28
25
46
41
37
35
19
5
435
565
62
81
70
203
174
116
129
71
282
489
86
138
511
48
61
364
41
74
134
73
122
35
51
87
63
65
47
59
55
54
50
83
54
32
34
229
115
144
122
132
418
1121
269
49
191
56
39
60
162
75
47
73
92
84
111
40
95
50
102
235
100
40
49
100
126
63
47
60
68
43
33
31
388
46
79
386
157
103
542
85
82
115
82
165
245
62
212
62
37
66
145
164
30
53
42
63
93
79
45
43
23
70
111
57
208
280
93
402
485
143
548
88
117
52
38
414
106
57
59
50
28
23
71
69
57
78
27
50
48
100
44
234
274
57
504
65
95
55
122
33
93
438
536
64
255
168
93
37
112
177
173
67
100
59
241
74
46
57
64
33
106
40
62
100
49
36
37
54
42
34
37
25
928
600
864
210
52
46
599
130
63
143
65
343
251
73
77
26
32
93
127
53
96
235
76
35
24
73
53
37
48
54
55
28
1
28
300
237
97
62
106
1049
179
411
107
153
104
126
132
51
49
89
52
102
48
117
47
70
63
45
42
97
43
173
56
60
94
54
62
38
181
1219
490
93
141
775
222
48
65
48
51
54
185
35
27
48
75
98
171
79
38
70
61
40
59
32
33
20
38
96
69
27
35
114
419
224
601
577
200
64
42
52
284
111
160
90
68
63
55
87
207
94
118
144
44
74
29
39
152
372
70
60
63
25
123
49
95
64
113
79
28
56
40
75
23
85
57
68
28
46
72
35
51
41
369
547
652
133
38
41
52
32
61
35
118
130
120
42
246
73
187
105
70
139
227
50
39
21
55
47
46
51
39
81
81
59
106
31
36
62
1
2
596
676
128
110
32
47
79
109
363
54
49
33
342
465
70
307
45
39
63
97
229
58
126
131
54
42
260
32
69
38
50
53
49
50
54
60
121
49
66
72
48
61
61
41
59
24
37
61
149
245
41
119
100
39
347
126
233
49
39
524
505
130
209
71
80
409
140
156
83
156
111
84
207
237
92
84
17
42
49
38
54
87
50
47
1
1
858
458
50
1071
765
106
171
82
105
71
54
130
134
42
173
49
47
28
34
64
67
39
40
43
47
291
87
655
159
56
601
46
185
72
114
70
75
73
139
91
264
70
211
46
35
92
37
107
359
159
68
56
282
35
76
144
30
57
62
43
150
26
98
49
48
54
68
35
43
24
1
399
73
364
129
56
625
38
134
52
144
50
73
188
70
43
48
142
151
87
43
31
59
25
18
52
37
80
61
40
49
41
35
95
79
529
57
165
37
58
134
165
54
30
88
118
155
78
330
834
64
178
334
35
68
55
60
257
156
150
30
54
65
41
135
72
27
29
38
42
46
46
98
55
203
70
55
39
39
55
61
32
22
1
504
167
132
158
82
85
239
546
261
353
142
190
186
46
27
129
67
177
230
388
27
251
90
94
94
87
45
81
68
58
29
32
41
73
159
80
67
83
126
31
24
44
72
68
44
1
161
1379
71
320
34
146
82
509
88
64
46
117
57
589
39
55
50
104
63
48
46
61
41
59
62
50
24
39
54
1
496
139
201
561
164
97
345
67
131
23
91
240
140
127
58
56
184
543
1
70
114
333
38
94
490
68
190
138
35
109
87
86
170
47
34
68
56
38
43
1
1
57
77
470
102
545
49
413
120
890
100
159
180
186
225
100
63
113
469
56
264
73
205
71
125
85
34
103
52
48
78
3
48
46
46
29
35
51
63
32
36
155
36
53
532
535
82
162
222
53
27
138
92
61
171
178
82
83
208
42
48
167
107
45
75
106
73
54
35
53
58
38
67
32
84
46
44
46
1
131
57
1039
471
39
285
141
71
242
102
149
150
37
112
88
195
190
97
98
108
40
131
39
124
94
55
37
59
2
1
471
167
145
100
38
326
218
109
58
165
200
49
147
53
63
411
75
46
68
362
399
124
121
191
166
60
103
125
66
181
33
261
92
44
51
166
68
60
74
91
99
55
54
40
35
65
48
45
59
29
412
164
551
781
500
45
83
711
353
215
131
116
263
136
75
48
149
26
59
45
65
81
92
67
92
46
52
41
55
102
126
35
84
26
18
1
1
100
90
44
283
111
105
28
41
41
21
288
212
256
195
89
358
170
225
61
52
245
92
96
39
133
83
134
52
85
35
193
56
42
49
61
43
38
233
30
54
824
1103
139
105
843
57
156
61
57
267
522
34
46
97
51
87
34
154
67
50
67
92
59
91
53
40
67
1
2
315
73
496
57
244
1007
77
386
73
146
195
79
50
74
55
41
180
41
48
112
50
61
47
44
128
53
71
70
48
50
73
63
100
34
40
36
42
1
313
66
62
492
172
108
68
179
60
208
37
37
619
322
270
44
378
598
168
97
35
51
100
203
78
52
55
108
107
36
62
68
34
160
67
67
115
9
371
350
671
293
444
430
42
179
119
82
76
122
96
193
77
330
64
195
58
98
108
99
187
128
277
50
56
84
82
39
51
54
67
32
1
1
14
112
549
728
74
704
257
109
57
151
72
143
44
62
507
108
328
510
68
69
146
50
25
94
206
72
92
28
60
30
48
118
79
23
46
86
6
55
52
24
1
78
44
485
304
113
270
128
125
146
979
27
115
53
56
339
36
147
423
44
60
81
61
50
28
77
214
36
69
50
51
98
129
120
70
73
71
96
19
60
114
105
418
290
34
341
117
134
92
422
421
137
41
80
104
164
142
93
69
182
262
86
72
62
104
66
57
79
53
130
258
71
79
56
46
68
262
34
64
62
85
73
50
71
93
39
113
67
35
55
31
22
50
551
182
101
432
179
146
375
345
399
461
109
75
214
80
50
166
186
151
79
31
96
37
185
94
47
67
40
140
65
39
77
67
184
44
26
46
26
55
156
63
51
77
169
503
71
43
173
368
59
136
225
106
141
31
49
553
93
88
45
35
27
84
242
100
125
89
389
226
229
56
46
121
65
38
169
195
72
41
53
63
128
42
64
127
44
54
27
55
35
35
46
32
41
1
560
850
1216
87
52
37
253
83
611
61
62
330
314
71
63
52
189
78
258
20
69
73
34
67
82
5
1
616
533
1092
207
155
54
361
397
188
100
58
48
40
160
47
77
61
49
78
139
80
63
35
44
24
194
48
50
66
40
59
45
45
30
25
52
300
208
437
444
148
701
130
370
41
246
202
422
60
117
164
175
274
48
115
257
63
46
21
26
56
38
40
43
58
59
260
76
123
113
260
116
872
693
40
76
72
296
32
41
497
64
92
131
72
227
71
176
37
184
35
96
62
30
88
58
54
58
38
84
60
35
82
61
48
63
30
32
37
1
587
139
302
63
129
34
113
402
643
63
612
158
41
65
41
79
46
42
48
43
47
24
122
57
164
58
28
68
137
147
74
101
75
78
48
165
30
79
61
33
38
27
72
36
34
1
181
427
504
35
76
336
66
81
53
816
108
70
57
88
52
158
251
53
189
284
187
54
82
64
138
389
42
45
41
103
64
94
48
34
70
59
35
67
23
89
24
45
56
28
1
1
355
388
280
134
395
123
120
102
245
579
536
31
44
253
56
203
95
159
149
237
75
272
93
88
40
35
68
23
57
20
43
78
71
29
44
36
45
540
142
426
298
420
101
268
205
392
48
237
239
42
126
102
73
52
33
52
111
48
39
72
41
142
36
77
71
60
69
1
1
280
777
364
92
128
605
664
58
204
74
81
62
34
67
48
108
138
138
51
148
60
58
26
44
43
43
84
54
69
143
52
139
144
44
46
1
472
875
175
459
61
122
223
116
64
276
60
115
53
204
432
69
96
108
43
46
145
58
93
55
105
53
64
115
49
83
63
53
61
37
34
32
44
42
49
28
42
61
129
856
69
198
119
54
95
60
166
50
233
238
79
53
73
78
63
72
70
38
92
90
42
46
56
33
50
51
45
61
113
24
35
56
34
37
32
26
671
378
69
74
148
442
40
83
744
72
70
44
31
188
175
78
163
71
206
184
171
92
231
131
136
76
74
96
33
63
58
61
53
53
80
27
69
41
74
49
60
16
411
781
324
91
52
737
87
438
353
264
342
58
127
39
193
116
69
72
37
63
54
82
40
68
64
43
38
47
38
38
53
30
590
499
52
157
46
103
115
133
53
67
61
54
127
63
55
162
440
117
72
50
59
59
52
118
41
97
274
44
106
99
126
60
74
76
36
69
44
61
47
51
63
37
98
33
46
46
196
732
679
581
302
311
106
52
48
278
251
641
88
85
28
217
50
161
76
82
60
47
140
60
109
42
138
52
47
68
55
49
56
29
28
221
597
181
319
1245
302
57
29
389
69
498
26
52
80
56
175
63
32
42
120
50
157
95
50
45
29
107
41
54
41
55
70
62
38
34
30
60
53
85
128
533
258
278
361
37
71
65
133
39
41
78
63
179
75
67
52
60
79
33
43
169
46
54
46
28
47
254
36
116
43
190
878
225
47
53
564
165
96
170
33
61
63
61
151
77
49
118
34
62
89
242
242
66
103
71
195
74
74
48
55
65
35
63
29
63
128
62
100
59
28
1
196
1650
84
56
376
123
67
217
281
54
77
84
46
46
93
130
48
36
225
248
163
104
108
58
43
57
42
28
43
31
74
57
27
378
454
55
565
504
65
314
49
61
61
417
182
216
155
51
135
282
65
74
67
30
107
41
53
67
147
72
38
27
26
1
80
374
117
27
1227
80
122
41
246
58
67
915
86
48
29
218
36
62
216
58
36
51
60
183
88
111
150
52
113
45
61
39
81
66
77
59
55
59
30
3
1
532
73
284
674
58
168
339
33
57
105
107
52
479
309
73
71
197
42
377
45
58
58
107
65
26
56
47
130
46
40
42
697
155
11
353
849
135
116
106
65
47
42
141
83
55
73
50
109
77
136
41
55
37
68
35
62
60
35
31
33
54
54
38
66
37
29
35
50
19
2
1
399
246
408
118
743
101
98
215
482
193
118
59
55
68
292
87
71
38
88
36
68
54
83
60
55
63
45
50
45
1
1
829
173
522
67
999
64
100
81
78
234
139
178
313
149
64
139
126
58
27
57
147
152
96
163
191
83
55
40
53
59
38
52
792
88
64
366
70
41
227
220
50
59
120
220
132
106
131
70
193
365
114
122
94
209
251
60
172
42
47
62
161
45
53
52
47
91
53
42
29
97
113
76
85
34
27
73
52
31
49
712
1513
68
51
65
616
46
66
165
136
255
219
61
59
145
151
34
91
36
78
45
35
102
40
61
42
64
28
48
6
52
130
125
118
52
422
251
40
359
113
63
169
316
291
130
171
48
658
57
103
71
80
163
59
291
58
69
55
253
130
87
148
31
58
64
62
63
133
60
36
50
86
76
1
144
497
79
49
387
49
119
118
62
323
47
56
99
67
59
294
90
107
60
79
37
275
51
43
49
28
27
54
37
41
78
318
198
71
206
301
840
150
378
687
196
282
158
65
32
157
111
51
298
49
165
49
88
66
64
85
56
72
50
53
98
67
67
51
43
53
80
78
89
34
1021
606
177
372
156
55
85
45
42
110
1133
128
181
79
262
42
72
42
51
40
36
46
72
26
64
55
45
42
9
285
736
68
177
425
367
60
150
148
63
831
53
652
55
71
74
57
125
186
33
49
63
98
74
75
74
68
47
40
67
43
40
48
70
126
22
117
36
820
37
151
89
931
53
97
804
127
57
811
158
206
283
74
57
54
65
132
51
115
42
62
51
41
1
45
58
1112
669
76
59
548
315
311
53
116
71
78
63
64
259
50
341
45
59
137
193
98
67
135
31
46
43
49
125
53
54
36
2
113
34
123
298
858
335
313
105
61
230
248
397
739
82
56
95
92
36
457
172
74
35
58
84
73
50
83
37
57
58
24
18
143
40
146
48
55
1
1
45
142
130
915
640
49
166
40
60
446
182
32
71
42
277
128
93
50
23
259
70
59
46
51
40
34
75
241
30
93
265
35
46
40
47
69
42
24
75
56
44
53
40
24
59
173
87
521
144
53
262
246
105
444
74
171
81
261
124
66
113
81
104
34
159
54
89
73
29
150
45
61
112
113
109
55
91
71
60
58
245
123
65
67
54
48
49
124
32
92
56
42
50
66
52
40
137
65
24
41
36
828
193
555
537
267
710
299
325
265
60
350
348
155
185
61
55
60
40
46
37
41
472
316
780
273
59
111
349
79
67
33
60
60
137
137
127
74
621
108
108
155
186
105
33
50
36
116
67
30
34
70
66
36
77
25
71
53
42
19
27
279
572
309
156
152
65
315
54
364
46
70
50
157
196
71
34
59
79
87
252
246
45
48
58
58
60
31
104
39
65
39
60
40
205
53
294
155
383
137
114
98
313
332
468
56
76
65
245
65
128
298
465
51
54
45
63
73
72
61
93
135
145
40
160
84
50
57
211
62
125
55
218
40
30
85
31
48
41
36
37
45
57
31
25
1
108
269
334
351
547
155
237
310
98
111
544
59
390
211
200
54
186
209
47
269
44
110
108
62
53
59
48
159
64
105
39
60
66
41
49
1
87
164
50
352
362
332
54
84
73
52
271
83
581
107
46
99
158
429
244
133
390
34
184
54
112
65
175
54
71
40
51
108
80
105
79
44
50
41
63
61
80
45
28
51
47
29
54
355
113
233
277
85
963
128
58
97
54
81
339
37
489
119
168
72
54
53
58
666
112
75
57
72
41
191
123
98
75
55
54
40
21
50
29
40
29
57
51
182
184
63
54
31
104
52
150
79
437
1273
61
62
82
558
252
55
214
39
320
36
231
38
85
122
63
49
30
25
81
24
37
53
24
656
1043
357
413
66
106
875
40
699
42
107
43
42
56
41
48
33
97
44
51
48
86
39
71
109
53
43
80
47
2
1
1
382
581
72
566
124
67
210
84
281
204
186
243
77
156
66
488
208
79
360
316
130
56
53
51
41
118
99
75
82
59
53
156
65
45
76
30
58
42
48
39
23
96
40
558
186
48
320
297
32
855
218
126
424
341
53
98
46
64
56
55
159
59
44
54
63
96
20
78
60
77
55
33
179
62
95
45
142
111
72
47
52
101
40
27
61
40
32
42
43
1
74
297
344
304
383
1012
59
140
169
240
61
132
139
107
69
223
75
30
104
202
38
103
59
91
59
68
30
61
67
42
41
99
58
41
39
54
78
62
55
30
380
410
579
101
308
108
637
252
324
73
167
52
58
176
70
380
113
368
52
83
62
23
62
162
105
50
72
59
46
47
47
67
61
23
1287
53
1221
265
31
36
358
64
50
63
103
37
255
182
59
110
229
141
31
52
78
64
111
57
83
63
68
58
70
33
51
34
18
3
446
400
353
84
422
53
359
257
72
266
35
61
155
103
28
63
247
101
179
49
50
122
53
71
166
101
84
42
111
77
50
32
130
43
92
34
67
36
46
37
44
26
40
44
2
105
97
388
63
507
710
68
132
164
38
150
52
166
45
928
91
34
223
49
54
73
42
26
130
237
45
60
51
60
51
61
76
121
33
60
55
64
36
52
235
212
273
518
232
298
177
62
177
58
60
70
86
129
133
143
41
357
65
61
212
126
68
53
361
67
51
73
140
77
56
47
61
126
131
66
96
113
47
57
40
67
26
53
30
31
24
21
32
62
587
98
803
237
158
185
178
46
585
67
185
85
38
77
45
288
71
27
38
29
95
43
63
75
144
38
129
34
69
117
130
64
66
47
53
57
39
57
149
57
37
778
1105
405
76
72
228
53
102
468
138
54
446
508
83
47
60
57
60
68
44
95
46
58
46
54
64
35
26
27
1
338
368
574
91
81
240
37
351
94
289
83
138
22
236
212
310
207
69
288
189
196
69
59
43
34
68
63
58
112
452
125
109
75
42
43
41
43
69
46
44
64
47
42
1
366
65
88
154
234
94
55
106
161
248
102
184
39
105
55
91
48
69
229
87
27
50
240
299
55
195
50
82
72
40
176
66
58
122
45
44
50
71
22
724
60
457
600
61
61
53
98
58
243
157
35
46
51
61
55
73
159
103
27
228
64
34
97
83
61
30
60
56
48
51
37
56
47
486
92
167
221
1131
428
53
401
214
31
148
65
83
43
63
110
146
30
146
58
69
22
34
40
39
49
1
787
121
247
1535
80
125
120
96
35
32
34
172
35
33
89
88
59
64
50
68
253
87
47
78
113
71
68
32
36
57
69
41
1
208
917
94
100
57
273
40
341
413
324
263
56
133
319
421
75
66
41
87
59
356
65
79
33
36
54
57
46
24
25
30
471
373
216
781
50
63
47
87
96
51
428
233
61
97
49
118
200
56
71
69
36
91
57
23
52
63
38
55
34
46
28
51
244
798
81
102
61
46
540
439
46
50
196
120
105
308
77
364
36
75
24
62
129
225
77
180
50
69
38
33
28
186
45
45
35
46
53
53
81
41
43
45
82
73
49
38
34
28
61
45
52
35
64
610
118
654
145
220
31
62
123
167
92
456
112
144
134
481
440
48
132
109
35
75
111
196
44
63
47
45
90
29
85
163
93
52
30
151
58
69
49
45
51
42
47
41
99
199
228
51
205
211
105
43
126
44
61
285
175
200
233
86
48
42
221
70
26
137
114
138
100
40
159
66
117
58
64
28
64
41
49
48
28
92
899
1171
566
150
95
73
491
221
110
35
39
401
167
41
28
135
59
54
65
66
119
56
53
125
46
24
66
42
1
760
107
433
188
201
754
84
50
256
590
263
501
60
56
63
50
99
72
78
248
45
305
64
56
46
33
60
27
45
671
397
916
127
86
104
331
185
114
37
274
115
47
155
67
46
166
37
179
293
146
89
107
75
34
49
40
110
93
59
50
39
45
55
43
48
54
155
57
226
41
187
279
131
109
117
70
76
57
28
43
75
72
65
95
52
191
77
104
97
36
183
90
29
95
56
51
77
103
24
69
46
1009
220
456
186
489
316
153
154
253
33
44
70
403
133
67
211
46
191
40
73
219
27
106
27
41
47
38
20
30
56
27
974
149
613
125
262
256
117
303
49
96
352
136
108
93
43
151
107
44
152
64
76
104
59
135
44
37
37
60
37
100
47
42
44
836
62
50
424
212
832
265
190
292
41
38
178
77
387
124
111
63
20
78
211
31
58
134
68
113
55
58
50
44
49
27
45
77
63
37
1
1
296
158
711
90
113
34
25
344
961
41
305
78
75
113
57
46
60
223
81
109
127
268
57
107
200
37
296
171
58
28
36
52
118
80
28
40
52
35
46
48
153
329
102
67
112
683
50
111
54
45
208
80
403
144
45
272
34
178
137
50
251
28
49
98
141
53
81
32
66
383
91
32
72
72
35
93
69
62
62
51
61
54
50
20
50
89
113
22
20
23
2
119
57
77
115
88
70
142
540
102
57
145
48
162
52
225
96
43
61
39
43
208
49
394
118
50
49
324
75
140
79
65
305
45
105
78
29
64
120
89
89
60
66
61
44
46
54
61
58
61
32
71
115
34
45
1193
610
113
72
404
701
359
88
406
26
49
7
38
160
49
142
152
50
97
64
56
36
71
55
2
41
60
44
56
343
595
174
421
52
610
283
74
56
64
91
248
122
56
36
199
64
58
113
96
30
50
47
115
74
33
39
278
297
230
52
414
230
328
53
96
64
55
353
62
379
48
37
50
30
84
130
63
63
360
384
100
110
64
101
65
99
94
68
56
43
60
41
72
69
66
261
118
92
52
95
48
103
49
135
93
295
155
174
58
60
273
75
34
402
92
112
159
82
91
164
25
69
43
90
61
33
59
16
60
53
58
40
53
3
1
868
65
360
93
63
712
121
120
507
68
149
140
67
165
84
100
75
50
85
148
32
169
25
213
135
59
41
53
81
44
83
76
55
18
41
56
70
1
141
345
244
452
330
296
39
124
65
56
49
41
73
231
101
389
74
39
104
85
40
66
384
64
146
69
138
86
102
46
162
140
105
50
124
104
222
58
10
42
42
45
43
38
44
18
621
252
123
402
67
170
154
111
55
208
707
122
36
38
74
63
56
185
181
147
86
55
237
78
251
79
143
70
39
58
56
39
50
39
50
43
651
223
344
69
77
60
836
191
173
52
453
188
47
129
28
115
44
72
219
100
39
45
59
57
41
58
37
33
40
43
1
207
1071
40
398
62
71
44
94
53
207
472
210
481
78
126
63
43
97
80
31
45
39
136
69
113
134
47
46
41
77
34
47
61
59
46
37
42
31
74
1324
150
111
63
57
79
184
62
32
227
46
55
43
96
23
71
119
44
41
62
85
54
4
43
41
370
784
570
616
110
257
66
36
124
398
159
442
48
276
295
168
32
23
67
89
77
84
50
31
62
98
62
30
67
72
39
21
32
94
547
120
108
96
165
52
126
60
139
246
290
26
114
122
62
129
73
120
111
314
52
111
129
368
56
86
75
38
64
58
64
57
22
49
92
114
65
414
340
313
29
75
134
105
80
187
122
181
174
174
307
309
443
65
38
32
384
44
57
48
110
59
225
92
35
87
61
92
112
46
38
58
25
43
43
93
63
36
102
44
77
34
26
70
28
42
65
33
33
492
103
745
471
374
106
111
236
174
101
161
180
60
60
90
260
62
142
122
59
50
45
72
64
34
33
47
62
50
61
48
50
28
26
1
1
1
522
266
118
45
576
81
52
105
88
200
1212
97
60
81
36
121
50
103
376
53
63
120
70
94
49
48
53
87
78
37
53
75
45
43
53
1
26
51
37
62
384
398
163
471
262
572
42
213
44
137
70
20
93
112
104
102
66
147
65
50
82
56
177
75
53
90
67
59
55
475
53
57
56
42
23
45
122
35
63
70
27
53
50
35
32
1
106
1060
146
120
476
173
320
58
79
99
70
218
72
113
318
105
138
48
118
55
59
41
42
133
52
150
170
46
48
116
53
41
32
134
104
50
77
28
73
36
67
742
949
221
79
336
460
80
45
165
361
77
101
172
315
88
165
47
49
26
162
37
81
111
97
56
51
55
88
63
43
64
62
41
54
1111
1167
154
473
227
143
90
92
72
450
417
40
25
78
65
74
76
94
63
82
132
68
61
92
172
125
352
156
88
77
49
102
159
327
113
51
281
260
105
77
63
58
421
63
32
51
57
179
84
157
83
56
137
151
37
23
73
31
85
58
57
112
50
67
30
42
46
50
33
37
73
65
40
58
44
39
26
95
123
317
125
352
432
43
157
459
102
134
245
361
466
202
83
63
61
70
207
42
105
68
106
72
123
104
94
332
46
47
92
28
59
47
34
118
22
90
73
30
42
63
53
116
60
51
278
372
853
269
165
98
84
143
97
155
70
290
277
84
80
456
200
38
201
50
44
97
193
62
69
42
93
51
52
54
50
56
57
67
88
43
43
29
53
749
104
290
599
990
66
201
52
138
234
52
123
59
41
49
140
59
36
109
195
170
61
153
93
60
189
72
61
52
64
53
46
44
56
40
54
35
1
113
211
693
1084
300
38
110
66
705
47
305
69
45
114
38
242
81
42
78
41
71
45
37
38
220
182
50
85
38
71
65
58
65
123
49
48
43
46
167
336
827
184
174
69
67
86
180
110
220
119
77
174
119
85
47
62
44
92
166
109
66
31
35
52
49
70
48
34
64
51
58
32
87
49
216
38
70
405
212
77
338
194
81
540
181
104
74
47
42
222
41
78
42
77
28
112
187
86
41
30
88
57
47
138
120
23
41
112
98
295
119
567
61
208
114
294
114
104
120
95
48
286
144
244
507
38
129
449
46
53
153
63
505
52
55
75
92
56
60
46
74
124
44
45
45
45
36
52
43
967
146
64
109
664
452
26
54
249
137
271
103
95
71
53
80
223
111
91
25
57
42
77
34
53
41
72
49
33
46
48
1168
86
181
98
169
223
772
229
181
170
199
53
175
90
127
168
57
31
255
183
139
46
172
65
65
68
125
67
29
49
1
34
186
117
251
75
83
576
815
52
112
138
62
82
175
624
23
33
46
63
109
46
454
75
72
84
50
187
84
34
165
39
32
49
51
34
26
41
41
21
18
1
110
237
582
290
726
78
39
52
569
32
112
106
360
80
83
134
79
52
31
65
95
95
28
185
202
56
61
51
36
40
65
80
99
32
29
229
843
42
131
116
315
65
255
90
47
512
124
360
1073
93
42
193
45
60
52
71
55
52
63
48
42
67
41
41
59
121
53
44
45
65
127
1674
195
643
71
68
51
58
159
72
116
53
42
45
49
86
43
34
28
52
40
1
170
38
108
1104
116
255
129
138
216
54
228
54
442
168
54
52
202
325
188
49
54
52
45
52
58
140
360
137
45
32
54
80
64
38
62
21
255
265
41
279
126
32
57
114
53
436
287
87
46
204
43
54
114
776
132
100
113
188
380
117
186
150
133
98
45
193
188
76
54
48
108
59
50
50
27
47
66
39
59
56
52
144
66
221
312
464
261
50
93
74
265
642
142
128
184
248
132
179
98
113
63
96
41
166
33
50
60
71
93
111
41
83
48
33
34
57
68
87
98
37
55
53
89
31
90
37
52
50
61
57
53
45
46
30
985
22
49
73
1355
168
68
207
66
60
46
74
73
36
54
46
106
142
41
57
37
70
77
61
87
45
50
131
35
30
50
48
78
30
45
50
28
33
58
25
549
120
226
61
54
354
63
84
235
66
202
181
271
61
407
228
67
83
299
127
42
64
145
129
129
53
71
126
49
36
65
87
73
33
53
50
44
56
50
37
32
43
52
316
38
152
743
132
370
431
32
394
75
194
54
683
77
65
78
352
113
306
100
30
43
33
42
51
62
41
111
51
73
43
51
63
32
45
57
58
30
31
37
1
1
2036
223
57
571
54
88
70
39
35
59
57
202
59
192
93
77
57
39
91
73
61
52
79
37
70
60
40
1
61
216
43
620
52
334
1060
75
81
72
132
254
135
204
58
69
60
145
200
69
249
95
65
59
65
71
99
77
74
63
100
53
88
44
71
58
30
43
38
21
71
58
48
32
154
43
452
63
153
51
148
385
110
77
644
90
106
164
118
66
220
56
112
68
156
284
156
99
68
61
73
123
146
56
60
59
54
57
32
39
77
93
64
56
71
36
55
40
39
285
714
52
1228
764
84
152
48
110
90
164
38
97
1
120
106
38
160
47
104
79
24
32
133
77
31
36
59
37
37
33
44
55
46
24
152
71
219
75
1310
75
89
133
395
110
76
129
82
165
218
56
72
50
164
73
58
44
39
54
41
43
321
37
59
40
44
60
51
55
71
38
49
71
43
43
55
43
1
1
1309
194
725
441
79
143
546
253
102
27
108
79
105
135
119
68
53
60
18
64
30
40
54
117
62
34
22
58
52
58
53
487
289
187
310
69
60
993
172
565
58
171
69
49
72
123
53
185
85
46
79
61
72
77
131
50
41
61
95
104
49
33
45
73
62
26
42
35
141
512
115
124
52
89
596
234
131
624
390
50
154
327
62
110
49
37
41
37
135
51
53
48
37
66
188
170
138
67
59
71
38
30
113
140
57
33
104
86
45
56
59
99
55
67
38
491
59
105
126
189
61
50
151
49
67
631
145
46
207
261
56
27
63
70
177
44
59
59
210
50
40
15
40
63
38
38
39
370
339
887
66
102
433
390
159
25
306
87
60
46
157
59
223
128
161
78
47
108
90
50
92
50
110
260
51
72
51
30
105
39
45
72
102
84
62
45
76
44
50
1
2
325
236
50
456
742
52
222
80
117
75
760
94
108
706
109
42
78
46
121
214
86
127
99
38
46
61
103
42
140
31
45
48
47
55
31
22
1
30
194
37
78
144
59
48
284
164
235
467
89
93
58
81
124
442
70
200
172
51
414
116
295
53
58
107
161
61
24
165
75
115
60
47
82
39
45
58
1
29
56
51
457
569
175
202
186
75
491
594
103
104
212
293
264
148
94
26
93
544
126
180
141
84
175
56
40
84
122
36
48
43
30
50
31
59
43
48
55
6
1
56
264
51
99
149
56
456
30
342
84
162
144
128
72
128
72
70
44
92
70
161
249
560
21
106
49
145
85
163
39
144
239
111
40
82
37
38
53
45
47
2
32
1
268
468
188
425
791
1021
110
60
49
65
156
118
45
66
363
84
95
148
48
161
85
103
47
58
80
27
37
62
45
30
34
52
57
45
23
781
147
534
63
38
103
42
187
67
562
77
55
456
38
82
59
62
74
173
254
56
58
58
310
5
96
50
67
242
70
82
82
47
44
105
74
47
71
67
72
37
47
214
67
805
37
250
182
607
37
138
38
36
174
162
202
197
353
63
179
98
338
63
74
52
113
53
54
49
151
102
92
24
31
116
76
51
50
45
64
56
83
45
764
155
113
250
627
629
116
152
154
189
73
357
143
48
43
118
35
108
89
175
168
192
60
152
77
74
157
148
58
44
43
32
55
62
50
66
56
60
31
1
1089
286
921
43
59
175
59
116
133
131
61
43
85
53
33
138
40
62
195
149
45
50
94
35
164
62
121
62
53
61
20
51
1
343
1054
918
54
47
54
198
88
102
84
331
32
68
57
61
291
33
168
54
55
82
168
83
46
86
98
127
62
45
28
65
123
68
34
51
48
58
1301
239
75
58
175
735
94
182
62
35
82
228
69
212
149
148
126
71
196
32
123
54
150
78
56
71
65
66
42
84
26
68
57
65
1
1
48
120
69
315
439
166
217
72
32
300
208
207
53
75
78
296
187
450
188
72
135
45
31
272
31
54
187
311
147
40
68
64
35
45
68
75
106
53
67
50
24
80
51
52
52
39
31
51
360
92
64
197
57
74
188
543
47
177
93
353
539
27
135
83
229
62
283
142
225
75
305
53
201
119
365
103
47
71
45
53
125
61
56
57
58
46
28
35
46
32
66
158
985
62
109
64
61
59
466
139
59
73
452
83
130
53
156
131
61
77
88
396
137
65
161
128
30
49
101
55
78
119
21
120
147
61
67
75
92
67
42
58
52
44
70
58
1
626
146
94
259
353
128
922
22
53
47
61
280
82
48
96
186
59
183
79
88
212
37
28
94
114
33
198
130
62
52
173
79
16
80
39
54
62
41
31
23
58
324
87
276
108
95
43
287
595
72
35
167
61
139
500
120
134
198
153
238
49
49
56
86
66
272
48
84
325
19
53
76
44
233
56
51
72
80
132
57
19
56
129
107
31
49
55
37
51
173
554
70
1279
309
146
177
71
236
43
164
259
72
49
68
68
56
167
80
50
61
23
121
104
45
55
64
41
818
673
872
117
45
54
70
105
65
65
61
294
65
164
271
349
56
150
74
114
67
64
82
43
66
47
42
46
48
54
59
36
60
77
83
57
51
54
43
54
29
44
45
292
437
54
343
71
342
203
55
45
156
473
44
70
222
207
79
383
105
207
59
210
50
87
77
175
170
66
29
31
41
58
36
39
49
35
45
90
35
54
54
40
38
34
22
45
69
1
231
47
71
47
49
182
74
393
236
47
314
65
86
72
75
42
391
69
42
222
96
203
87
81
54
45
288
88
42
40
119
99
59
47
43
47
1
48
40
100
51
63
34
387
395
85
267
162
59
331
92
62
154
140
130
376
187
37
31
62
192
46
142
343
33
187
50
37
261
63
92
54
81
69
107
77
87
51
27
55
48
79
45
45
70
39
88
1
1184
214
80
961
30
174
72
74
135
513
65
93
28
41
32
185
125
81
36
54
78
95
40
77
88
39
102
39
101
45
41
34
52
277
329
252
349
73
420
166
158
82
246
224
65
52
33
57
48
167
138
243
430
57
256
78
64
71
41
35
36
57
74
55
35
64
69
238
63
36
65
58
39
60
51
32
50
39
38
50
1
228
58
556
116
108
122
91
41
234
564
167
360
735
79
70
119
54
43
55
60
66
106
41
23
83
149
44
81
139
119
112
56
133
65
35
108
41
59
101
76
40
99
79
23
53
120
48
15
55
758
958
1234
91
245
200
39
63
140
75
69
33
61
292
50
54
31
39
57
56
53
50
49
71
1
42
122
129
29
186
66
333
172
55
39
54
64
128
370
49
43
46
309
75
43
76
43
121
53
32
56
63
78
60
73
65
98
62
86
85
44
150
61
47
47
97
58
87
52
78
80
84
38
43
42
345
508
62
194
67
176
51
80
75
54
722
32
483
51
159
56
45
31
38
49
114
21
56
135
31
263
92
72
72
25
53
216
48
72
1
1680
249
135
283
134
226
28
93
51
33
233
92
362
105
68
39
41
99
112
53
39
33
62
90
65
63
49
72
33
99
73
64
35
34
57
215
121
541
240
159
478
134
47
5
109
161
149
159
84
59
104
428
258
70
63
92
202
82
61
55
30
48
55
107
33
116
166
43
45
51
45
58
63
46
101
49
45
77
63
34
43
43
55
86
53
58
43
70
33
152
531
124
565
567
56
664
117
187
32
297
66
55
457
129
327
98
27
63
66
71
132
37
68
178
192
144
85
45
125
98
70
86
39
38
43
29
26
1
204
457
55
246
99
85
165
76
38
56
229
39
443
29
164
36
366
679
40
41
38
49
86
30
59
59
155
287
91
72
57
43
173
45
202
49
150
47
53
49
51
80
56
65
53
54
33
54
63
52
26
61
34
1
235
995
245
51
177
95
471
671
34
123
151
195
98
44
254
66
209
60
180
36
46
28
39
71
45
44
36
108
46
47
46
94
7
49
166
145
53
232
63
247
129
137
52
61
44
51
65
62
54
28
70
53
48
119
135
44
46
34
34
47
53
41
73
46
24
40
56
41
1
56
92
482
432
39
99
1001
76
213
167
65
54
106
44
37
121
33
80
35
71
209
61
46
104
97
30
110
365
124
36
64
296
25
62
68
91
38
40
42
32
31
49
40
26
79
34
255
1230
489
72
636
972
40
60
197
81
183
177
146
53
211
78
77
51
47
109
61
32
69
42
34
40
29
26
116
159
536
404
88
300
213
118
208
47
81
39
118
98
425
175
177
47
110
335
107
333
259
77
60
220
305
101
179
64
70
81
76
42
24
43
89
34
35
23
280
401
305
795
126
405
1046
42
43
60
63
117
64
57
35
43
56
40
38
282
25
53
51
43
52
37
38
22
4
2
292
82
58
50
266
302
669
46
180
65
196
270
147
59
111
299
93
56
334
253
68
62
201
165
135
72
121
70
77
62
76
40
142
80
58
52
33
83
53
51
31
61
69
36
58
52
1
1
1
345
83
155
379
57
129
163
257
233
111
97
59
374
663
68
70
88
131
65
81
115
42
46
45
79
62
61
147
76
62
56
70
70
67
75
41
42
49
60
1158
74
85
149
461
43
56
47
166
473
154
122
420
41
37
52
163
94
59
45
54
124
24
53
104
53
144
61
42
92
727
98
1673
39
73
66
185
103
69
37
141
350
40
191
68
39
64
89
67
57
62
43
68
74
26
29
41
57
40
39
2
72
226
45
78
103
166
53
62
92
152
240
121
115
138
342
371
435
281
661
131
37
363
54
95
58
56
84
76
36
101
62
50
71
69
70
1
29
799
138
116
422
735
220
506
81
223
498
307
82
194
21
102
93
124
91
85
56
146
94
71
89
46
33
166
45
57
54
23
31
82
41
47
24
3
228
70
79
287
1018
208
421
131
111
45
276
352
233
404
155
47
165
180
60
28
52
76
66
120
27
50
50
46
164
47
55
68
48
56
66
55
48
61
1
52
466
63
226
304
141
523
411
102
52
58
85
68
132
93
101
329
73
95
57
60
66
143
97
49
47
82
218
42
123
88
62
64
61
96
22
76
28
48
22
44
234
53
475
45
570
74
369
38
67
27
42
137
38
39
171
139
84
514
108
61
25
136
33
159
48
65
70
30
41
30
37
59
43
53
46
56
44
65
78
55
36
1
1096
98
114
63
316
284
572
65
94
85
688
420
62
68
79
43
116
73
120
67
35
52
63
60
62
211
79
61
46
40
49
62
41
1
1
1
443
110
573
305
177
108
588
133
144
119
256
65
101
139
78
121
32
54
50
54
75
150
50
52
35
113
96
42
183
65
99
52
63
47
91
54
63
47
62
42
41
46
62
58
37
55
26
66
36
27
35
217
1620
340
799
53
65
57
326
126
55
99
85
58
111
68
101
44
39
91
90
117
54
60
54
351
61
364
168
334
219
82
46
40
29
156
146
177
81
130
387
256
179
132
253
46
65
173
138
47
58
216
177
20
44
185
50
65
63
169
34
37
70
58
51
74
31
1
287
135
300
25
1275
386
977
50
223
61
29
112
95
143
145
45
47
61
68
99
56
139
37
58
40
110
53
35
41
34
117
34
46
21
40
1
342
116
442
68
501
721
295
68
582
53
36
49
41
526
29
60
76
33
128
45
49
73
50
44
205
106
82
209
39
31
60
159
46
114
68
64
66
33
71
41
95
46
28
29
42
157
96
200
425
131
320
148
599
522
209
190
111
148
40
65
205
186
133
107
393
213
47
90
32
62
43
19
59
30
50
39
1467
91
41
51
337
188
123
35
80
329
45
325
64
226
98
46
326
99
113
286
170
70
108
48
127
70
115
36
53
44
44
128
184
542
690
59
55
211
142
266
102
42
151
86
184
272
166
99
60
40
45
427
54
34
82
88
53
190
59
59
38
66
56
27
49
38
34
71
35
88
129
64
115
841
152
149
159
489
314
653
258
39
88
53
241
69
150
70
78
39
117
55
54
51
41
33
56
21
1
357
1347
58
537
65
99
73
132
64
152
89
109
51
42
298
305
19
169
198
151
116
59
96
52
50
52
58
45
45
37
41
91
94
74
42
41
41
50
147
66
66
892
139
51
458
85
103
155
98
83
246
46
53
224
58
438
136
45
63
48
66
77
82
14
70
139
50
40
29
71
39
78
61
25
41
46
57
90
62
43
40
1
1
228
116
67
52
424
141
310
156
864
44
83
314
41
143
122
238
222
59
41
212
54
159
62
82
74
123
41
115
55
151
78
81
50
46
49
55
45
31
85
72
131
49
45
36
89
59
16
60
582
649
74
249
63
81
276
156
229
205
276
434
129
372
45
54
153
48
110
57
119
67
46
77
33
53
75
50
28
1
758
300
121
767
196
1556
54
195
70
44
122
140
87
55
53
48
46
52
63
35
29
406
298
110
130
228
115
90
31
249
59
528
51
57
73
44
61
179
64
56
73
148
45
85
47
349
110
165
144
111
37
39
60
67
75
91
107
22
110
37
52
26
43
59
242
120
237
59
77
65
116
214
43
87
63
46
57
207
255
58
1
42
67
43
559
108
222
63
89
88
630
75
183
645
674
143
56
192
159
72
59
106
71
221
347
96
182
65
67
76
73
31
149
39
54
66
33
35
65
43
23
25
21
1291
597
159
70
54
49
177
53
100
117
280
62
79
89
53
197
93
65
52
153
65
53
57
105
111
70
228
67
149
57
43
92
100
41
43
44
21
50
40
25
54
40
1
107
90
41
332
68
141
62
40
107
57
139
644
93
34
245
107
150
43
46
242
145
356
96
39
94
43
306
83
43
93
106
68
192
67
70
45
118
78
85
42
88
44
45
58
48
37
28
26
29
1008
110
159
228
836
227
228
81
180
87
186
227
123
174
96
139
54
182
141
44
72
56
53
63
50
79
64
76
54
50
47
51
41
123
40
1310
114
36
562
542
28
73
136
137
75
65
130
51
102
96
93
95
244
244
49
36
99
58
42
49
23
63
41
365
55
72
904
453
137
197
69
66
69
348
350
206
113
53
144
45
112
20
231
139
72
62
130
75
44
43
34
65
77
89
31
79
49
33
53
201
91
44
60
32
43
78
24
35
137
191
710
126
60
245
80
282
427
107
37
50
190
109
95
32
128
43
80
33
63
72
66
42
40
120
89
23
36
59
66
58
66
74
35
30
30
536
639
144
485
45
1002
481
331
115
31
345
154
55
217
60
65
132
94
44
57
43
49
76
222
44
72
44
131
56
442
95
267
714
970
1102
81
53
58
236
64
44
89
239
33
82
83
77
49
136
74
46
55
50
62
49
34
60
1
157
172
108
554
222
159
129
38
264
353
54
71
334
59
406
146
137
82
74
104
60
96
107
47
86
38
58
47
50
56
108
52
35
71
64
31
47
68
91
66
36
53
50
237
243
65
119
66
233
37
367
47
166
56
196
266
104
169
60
113
53
52
146
90
70
198
119
33
85
69
38
131
72
109
73
201
59
105
134
171
69
36
97
62
174
53
102
68
31
49
69
32
77
133
82
65
74
36
69
36
38
83
58
43
54
34
27
19
83
584
433
362
88
188
497
64
236
304
62
210
185
649
87
97
107
143
123
103
99
446
179
137
61
40
40
36
50
60
125
48
45
42
41
42
32
1300
86
1398
219
285
201
143
63
42
224
91
53
32
41
139
39
155
179
57
57
129
48
76
37
59
68
34
39
44
15
84
202
109
1180
607
872
630
320
89
77
103
79
78
37
50
63
71
62
28
50
49
48
58
30
3
2
29
86
69
423
635
38
48
281
59
89
356
256
118
107
35
164
57
60
242
19
93
169
50
54
115
55
47
59
55
57
41
34
36
65
50
87
251
73
51
218
49
430
73
828
73
158
56
136
46
130
263
41
71
130
106
70
232
37
20
100
127
47
84
63
52
74
65
27
1
368
53
37
126
138
851
103
183
567
159
68
54
215
68
62
77
58
81
271
156
357
45
53
476
47
50
70
109
65
229
293
66
65
135
59
70
23
546
758
590
159
233
362
122
130
278
271
64
145
228
72
47
56
112
76
88
51
50
147
117
13
48
47
26
79
93
58
43
67
61
47
89
37
47
17
28
1
134
271
105
269
194
65
46
47
51
181
408
37
25
273
179
144
42
36
174
155
63
31
65
313
40
105
24
123
175
69
91
52
52
47
64
54
56
98
1
53
186
614
229
153
39
74
412
566
120
78
269
43
319
296
126
373
544
43
52
47
37
66
56
53
52
131
45
46
54
48
78
126
55
118
38
90
135
192
506
146
68
361
168
388
83
360
88
86
68
804
100
51
94
142
56
50
70
66
50
62
153
69
71
79
59
181
124
60
26
79
47
40
26
47
43
111
1091
81
67
329
59
63
94
42
669
108
118
53
215
84
80
62
138
107
42
151
79
179
215
44
63
58
82
71
52
48
27
51
32
258
277
153
474
111
31
256
117
62
92
556
101
112
79
54
153
374
92
67
151
88
165
46
36
246
157
52
63
224
51
52
64
53
79
34
60
58
39
40
45
67
68
36
304
606
173
117
100
205
186
232
600
159
51
61
40
139
550
45
52
89
201
138
79
133
134
91
29
367
104
345
134
46
50
29
71
39
78
45
50
88
39
44
29
39
141
492
276
758
162
194
209
396
223
32
38
59
87
68
138
118
134
120
39
49
62
132
41
97
82
60
154
53
97
73
1
323
161
192
351
380
128
112
84
223
242
53
164
43
50
353
39
37
58
69
76
64
64
178
60
45
74
43
74
36
142
105
46
103
49
55
51
18
57
30
68
26
49
19
213
241
115
311
120
205
178
34
263
392
166
68
389
367
144
41
61
482
310
142
89
263
69
64
106
32
101
57
34
284
12
86
84
87
92
120
67
31
28
42
73
76
15
43
585
291
442
204
106
467
310
611
285
417
413
213
28
104
159
83
196
34
137
45
89
47
114
61
55
81
30
30
53
31
67
45
40
26
106
174
59
35
44
168
63
289
583
575
523
386
1
108
222
59
530
61
99
69
571
54
43
68
46
64
34
31
126
97
123
147
91
26
97
59
50
49
38
39
49
33
44
48
110
951
36
33
537
46
308
263
343
71
59
125
50
104
75
36
145
49
79
66
53
107
72
39
68
50
56
165
36
51
234
41
61
68
53
58
68
29
40
47
1
127
625
69
1305
343
125
80
271
69
468
92
240
346
47
90
32
137
154
73
41
79
30
51
59
43
78
52
59
75
63
38
311
334
331
327
158
55
966
427
44
183
139
74
224
242
79
652
153
139
55
228
98
64
91
69
1
40
31
43
41
46
2
1
61
109
732
797
312
313
53
194
153
192
51
79
162
106
135
200
56
363
180
41
186
51
53
65
48
203
43
38
60
51
48
52
81
50
60
47
51
78
42
67
63
54
38
88
68
214
293
754
172
261
163
654
221
102
328
143
290
70
32
48
115
104
37
46
72
51
33
38
74
50
31
46
53
41
87
56
29
68
306
975
47
72
116
49
240
485
46
638
46
54
53
279
365
76
292
63
100
61
58
94
208
59
36
63
29
38
52
127
44
62
39
53
46
53
63
40
30
41
37
37
67
189
143
558
250
144
50
69
105
58
53
60
132
95
77
154
106
42
57
56
75
44
58
177
154
66
57
52
65
71
48
81
36
40
27
166
84
819
238
139
123
357
360
35
132
90
51
836
83
58
73
90
53
38
70
42
31
96
47
60
64
51
48
42
34
34
95
107
66
255
365
513
107
282
161
102
152
67
97
159
57
125
348
42
212
40
139
70
55
37
102
57
72
53
56
52
47
97
47
36
66
140
124
75
66
42
63
49
283
82
883
116
280
131
433
92
308
201
362
87
107
148
36
93
87
153
137
68
92
114
62
84
147
42
38
50
62
41
10
36
1
1
2
1
395
378
884
160
521
90
62
562
67
219
905
60
67
129
136
156
215
60
51
102
81
71
78
38
36
40
33
44
51
36
1
33
113
1124
63
1007
70
51
575
19
148
158
257
67
33
51
322
103
40
56
194
54
52
83
77
76
60
84
65
33
51
42
91
33
46
39
1
416
462
147
105
48
271
835
62
82
462
109
53
138
157
245
51
252
81
224
482
61
63
87
44
63
31
48
59
116
40
78
40
62
53
50
90
66
38
40
1
410
841
133
205
1064
275
62
154
86
90
59
82
46
61
50
34
104
75
77
68
76
27
47
97
101
33
41
76
46
39
45
152
50
65
40
73
79
873
410
220
249
553
222
115
156
117
87
32
44
78
113
43
172
52
30
127
46
322
214
71
139
57
66
39
35
92
56
119
102
31
39
50
43
49
28
1
744
303
59
78
206
274
236
246
73
49
46
177
566
64
260
285
56
185
78
29
122
63
68
61
106
78
65
101
164
109
69
52
44
62
42
42
22
31
32
1
73
205
721
273
426
272
271
736
143
169
427
34
170
36
49
50
33
92
56
98
265
88
152
54
62
49
53
34
53
40
41
34
29
35
61
38
54
1015
146
42
599
69
36
907
56
73
306
247
204
106
128
176
143
119
62
73
67
128
65
34
111
45
67
33
51
44
43
73
37
71
19
21
72
1251
160
155
195
168
83
45
46
31
192
35
32
179
184
123
154
58
210
165
142
69
311
52
77
41
62
52
24
67
69
55
51
51
59
1
44
384
122
248
32
60
190
91
150
35
441
64
209
130
83
55
201
168
158
170
53
43
51
327
226
63
77
252
192
32
186
73
41
62
35
43
842
357
126
33
420
64
84
40
66
244
848
73
90
200
103
30
62
74
40
230
145
77
59
107
199
60
50
55
75
53
70
52
23
16
44
55
34
497
344
533
101
82
362
218
147
633
314
26
37
112
375
61
171
76
369
183
29
40
64
147
237
53
119
41
86
59
126
149
29
40
46
52
31
45
15
1126
142
219
60
551
86
97
75
276
370
149
73
91
131
32
205
177
145
110
65
87
79
34
154
44
61
54
60
51
57
37
54
31
22
554
668
986
100
64
56
63
73
190
82
36
40
47
88
81
64
48
112
74
68
115
16
59
73
181
180
34
102
138
148
83
103
33
56
108
98
50
66
41
24
89
77
104
37
37
39
46
26
52
36
