6633
822
7455
7455
6617
613
225
7160
295
6970
181
302
2
7160
128
167
7455
7248
207
7318
137
3025
4001
217
212
244
7210
1
7279
175
1
6723
542
190
2618
4318
242
277
6121
298
727
309
6223
141
680
411
7455
5512
1101
842
7455
7455
7221
234
7455
6895
279
280
1
6953
502
7455
7455
7455
7455
6298
681
476
7099
356
7455
4919
2536
7258
197
7455
7310
145
6936
208
310
1
6297
706
297
155
7308
147
7455
7086
167
202
7455
7455
7455
6341
1114
7167
287
1
7455
6051
890
514
7455
6887
382
186
7053
187
215
7097
358
7008
203
244
7287
168
7286
169
7119
336
6592
863
7250
205
6218
943
294
1053
6402
7326
129
7455
511
6734
210
7455
5543
1538
205
169
299
7156
5485
1970
7455
7276
179
3315
4140
5600
1855
7455
6858
395
202
829
6225
401
2359
789
3551
658
98
7201
254
7455
7455
7455
7185
270
7252
203
7221
234
7455
7119
139
197
5285
1072
795
302
1
6862
593
6631
450
210
164
6520
935
6956
298
201
6568
638
249
7455
7209
246
6954
342
158
1
7303
152
7455
6655
581
219
7454
1
7455
6294
1161
6762
693
7334
121
7455
7455
6051
1139
264
1
6820
635
749
6706
7455
582
6055
461
357
7165
290
5829
1071
333
222
7455
7122
250
83
7256
199
4961
2349
145
6973
480
1
1
7066
144
245
7219
236
5660
1795
7295
160
3584
3871
6796
302
196
161
7455
7455
7455
6913
542
7455
7339
115
1
6295
804
243
113
7455
7182
273
7455
7211
244
7323
132
7344
111
6823
247
384
1
7455
7111
344
7253
202
6605
850
7066
389
6868
208
232
147
4088
2722
400
245
7454
1
5679
488
1170
118
7455
7141
314
7079
376
7455
6830
625
6206
1249
7106
166
183
7455
7379
76
6958
497
6991
464
6942
279
234
6872
487
96
7455
6583
872
6250
723
285
197
7455
7455
7283
171
1
6974
481
7281
174
6412
894
149
6441
564
450
7005
450
6655
610
190
6848
449
158
212
7023
220
7041
214
200
2281
5174
6596
574
285
6632
611
212
7248
207
7455
6662
175
617
1
203
5873
660
561
158
7455
7455
7454
1
7243
212
7455
6966
228
261
4736
2719
7455
7220
235
7455
7283
172
7455
7455
7116
339
7170
285
2467
4892
96
7455
6512
943
6789
260
406
7455
6786
353
316
7013
442
6525
618
312
7058
397
6409
1046
7251
204
4358
1370
1081
646
6656
799
7285
170
7251
204
5417
980
382
449
227
6400
766
289
4660
2605
190
7288
167
7455
7219
236
7065
390
7455
4925
2530
1717
4825
487
426
193
4414
2394
454
7455
691
6622
142
7260
195
7455
6936
237
282
7455
3127
2606
520
282
478
442
6930
525
7455
7455
7102
142
211
7250
205
7455
7320
135
7455
7218
237
6995
326
134
7296
159
7455
6656
610
189
7455
7254
201
7455
7455
7265
190
7072
170
213
731
6523
201
7455
6563
303
225
234
129
1
7455
7185
270
7453
2
6750
705
7455
4147
2746
287
275
7455
5876
1579
7455
7079
376
7009
270
176
7090
365
6735
212
295
213
6262
301
892
7455
6900
380
175
7455
5975
979
501
7166
289
7455
7455
7455
7455
611
6843
1
7455
7295
160
7184
271
7024
431
6913
542
6852
235
148
220
6874
399
182
6404
338
713
4396
458
346
222
209
297
893
164
209
261
7455
7225
230
7204
251
7193
262
7455
6079
1056
320
6921
534
3407
320
360
3035
333
5819
1440
196
6417
862
176
7231
224
5680
894
711
170
6723
513
219
7455
268
6769
418
1296
5762
190
207
6132
805
518
7455
7455
7455
1396
4726
944
201
188
5183
1366
210
447
249
7251
204
6697
175
253
330
262
6446
461
286
7097
357
1
7455
7455
7004
451
5518
1406
353
178
7455
7152
303
7455
7455
7175
280
7232
223
7455
7049
232
174
7455
6846
419
190
7141
313
1
7455
4835
738
1714
168
6316
733
406
6743
712
7455
7222
233
5893
1562
7081
217
157
1248
5824
383
7455
1484
439
4988
121
423
7145
310
7455
7455
7455
6809
646
7455
7129
326
7261
194
7120
335
7275
180
7455
5119
1065
1271
6883
270
302
7177
278
7193
110
152
7455
7455
7287
168
7175
280
6724
731
7455
7455
6788
405
262
1412
5734
309
6728
581
146
6684
504
267
7455
7333
122
7366
88
1
7455
7274
181
7453
2
7334
121
6983
472
7336
119
7455
7455
7455
3913
3147
395
6100
1208
147
7455
1889
4657
909
5530
1016
323
328
258
691
252
5423
762
327
7455
7455
7455
6952
503
7455
6975
375
105
6278
1010
167
7263
192
5913
1017
221
103
201
7455
6266
885
304
3406
3564
199
286
302
7153
7455
7455
7279
176
7277
178
5565
1890
6773
543
139
6817
415
223
7455
7089
366
7017
438
6705
428
179
143
7021
434
7062
253
140
7298
157
7111
342
2
7455
7290
165
7455
6423
709
323
7455
7455
7235
220
6014
156
1285
7455
7088
116
251
7455
6899
228
225
103
6860
417
178
7069
102
284
6845
194
277
139
7455
6756
547
152
7140
174
140
1
6654
555
246
7455
7252
203
6988
467
7455
6845
483
127
2047
5408
7455
5674
938
843
6931
524
4495
2233
177
339
211
7133
200
122
7455
6322
668
465
7454
1
6997
458
357
6864
234
6187
267
766
235
6499
468
218
269
1
6706
749
7455
7271
184
7253
202
5302
1884
269
5937
1518
7455
7455
6406
403
646
6724
731
7455
6011
1444
7302
153
7134
163
158
7257
197
1
6315
750
122
268
3349
559
2918
629
7455
7455
7074
381
1296
5815
342
2
7455
3466
1433
706
1273
239
338
7158
297
7455
6703
541
211
7088
367
7455
7162
293
1660
492
3607
167
896
428
205
7455
7331
124
7455
6356
460
639
7455
7067
388
7455
7455
1593
5738
124
7307
148
5416
563
492
472
512
7306
149
7124
331
6961
494
6140
786
529
7455
7455
7455
7059
205
191
7455
6908
339
208
7455
5631
1216
404
204
7455
7455
5752
467
1236
5338
1304
278
196
207
130
1
1
5231
1690
345
189
7455
7001
203
251
7455
7163
290
2
7455
6531
924
7455
7455
7455
7158
76
221
7455
1297
6158
6920
125
410
6796
191
292
176
7352
103
6710
553
192
6827
411
217
7290
165
4075
254
497
890
792
261
410
276
7455
7455
7455
7059
171
225
7455
7334
121
7455
7455
3866
2306
1052
231
6424
361
670
7455
7156
299
7136
127
192
7296
159
244
5557
1318
336
7455
223
6863
114
131
124
6743
239
473
6810
642
3
7206
249
6111
1160
184
6348
267
497
342
1
7372
82
1
7455
7455
7455
7256
199
7455
6814
370
271
7454
1
6995
211
249
7073
382
7455
7455
7134
189
132
6808
324
323
563
4832
1244
447
369
7455
7455
4086
613
189
369
196
1312
690
6917
538
7455
7096
359
6707
514
234
7130
325
7455
7455
6489
491
136
339
7455
7455
6836
619
7455
6586
204
427
238
7298
157
7143
312
7194
261
7216
238
1
6201
525
572
157
6920
535
319
7136
6997
458
7455
6768
305
234
148
432
6414
295
314
6354
628
473
487
6795
173
7455
6833
202
196
224
7455
6634
271
384
166
7267
188
7455
7309
146
7455
7455
6288
501
666
5716
1502
237
7455
6748
381
326
7455
6401
356
179
518
1
7455
6062
885
508
7455
7049
406
7221
233
1
861
3356
3238
5793
387
170
634
305
166
7029
426
7455
443
5842
820
196
154
6222
1233
6681
132
642
7100
354
1
7455
5279
242
363
1271
299
1
7310
145
7455
7455
6810
239
239
167
330
6385
307
433
7455
7209
246
7455
7239
215
1
7455
6382
340
733
7011
443
1
7455
7455
7454
1
5964
411
1080
7455
724
245
6486
833
6622
7222
233
7455
5668
675
493
619
7276
179
7454
1
6851
357
244
3
7304
151
7455
343
7110
1
1
7455
7455
7364
91
6905
550
5196
2259
7018
437
340
5912
684
275
109
135
7455
7256
199
7315
140
7454
1
7180
275
7455
7455
7454
1
7455
6193
747
312
203
7183
272
7293
161
1
7455
7455
6850
605
4875
763
877
224
716
7318
137
7175
98
182
5982
812
241
420
6904
153
300
98
4502
2461
293
199
5511
1683
261
4952
2503
6502
379
244
123
207
589
4777
1689
244
156
7207
248
7455
7153
301
1
459
6996
6682
446
160
167
6958
497
6790
331
334
7455
7455
234
7221
6866
254
335
7455
7455
7455
7149
306
7263
192
7117
338
6950
505
6540
315
276
324
5500
1578
222
155
7181
274
6153
551
506
245
7220
235
7330
125
881
6431
143
7455
7455
7454
1
7455
7455
7216
238
1
7172
283
7455
7455
7455
1329
2134
2691
1153
148
5742
1191
245
276
1
6471
280
300
226
178
7239
216
7092
363
6715
315
188
237
4780
835
1291
549
7455
421
260
2043
4731
7455
6970
485
7105
350
7072
383
7455
318
7137
6420
444
333
258
694
3047
3152
276
286
7019
436
6411
153
564
327
7046
211
198
7455
7455
7455
7455
7186
269
6279
1176
6980
475
6778
677
6794
373
288
5006
316
1329
287
207
179
131
7069
386
7455
7455
7455
7253
202
7455
7455
7455
7262
193
2035
4545
243
632
6990
465
6719
519
217
7455
7240
215
7074
381
7455
7455
404
6874
177
7373
82
7252
203
7455
6909
546
7175
280
7455
7272
183
7455
7333
122
7455
7455
7295
160
6685
432
338
7166
289
7455
363
6974
118
600
6715
140
7003
252
198
1
1
6925
530
7326
129
7455
7455
6949
506
7455
7455
6520
225
710
7199
256
2433
5022
7122
333
7348
107
7193
260
1
1
7299
156
6438
340
96
581
7302
153
7455
7455
7455
4991
555
631
528
477
273
7455
1401
6054
7454
1
7455
6704
239
512
5504
418
998
148
387
7300
155
7454
1
1271
5248
715
221
7236
219
7335
120
6144
729
581
1
7455
7454
1
7455
7455
7307
147
1
7455
6190
185
1080
5223
2076
156
6111
432
146
766
7290
165
2927
4212
143
173
7455
2573
206
4675
1
7455
5658
199
944
446
208
6835
368
252
7231
224
7300
155
7455
7196
259
7455
4499
2956
6972
346
136
1
6703
752
442
6782
230
1
6941
213
301
6945
285
225
5154
482
1819
7455
6537
171
510
237
7455
6362
837
256
7144
89
108
114
333
6960
162
7455
6959
301
195
7301
154
7281
174
6154
971
330
5194
1523
514
224
7455
6560
895
7312
143
6387
398
670
7455
7455
4333
2487
300
335
5451
1569
435
7455
7455
7237
218
7263
192
7455
2801
4079
170
405
7035
420
6738
192
332
193
7293
162
3268
251
2694
1242
440
3908
2674
433
6751
271
433
5868
508
104
975
3432
4023
7455
6701
754
6958
497
7455
166
6337
952
6857
598
7455
7455
6906
549
6811
643
1
4200
2959
296
7110
344
1
7455
7454
1
388
6816
251
7455
7455
6672
368
209
206
7455
6321
488
646
7455
6877
322
256
6412
843
200
7455
6298
955
202
6970
243
242
7455
7455
5781
788
641
243
2
7209
246
7455
6402
1053
7006
449
6520
733
202
7455
7128
327
7455
6986
467
2
7455
6834
208
144
269
5976
1029
254
196
7455
7455
7362
93
7455
7070
383
2
7148
307
6828
345
282
649
5676
290
345
213
282
7455
7131
152
172
7455
7455
6396
297
762
6267
860
148
180
7270
185
7160
295
6013
1259
183
7455
7152
303
6117
306
1032
7455
7455
7454
1
7455
3045
1251
2821
338
7455
7454
1
7455
7455
5415
1762
278
337
6711
245
162
676
346
6178
255
7221
234
7455
7267
188
5115
1524
529
287
7455
7455
6820
278
357
6666
789
6841
193
160
261
5519
1200
203
356
177
7455
7455
7062
227
166
6775
680
7455
6943
252
260
6388
664
233
169
1
7455
7455
6613
842
7217
238
7455
444
6874
137
6955
500
6407
199
370
166
313
7453
2
7455
6295
842
316
2
7455
7111
344
7455
6597
406
452
7455
6350
1105
7249
206
7455
6939
381
135
4667
1412
1376
7084
122
249
6987
468
4157
567
2268
1
462
7064
210
181
6829
359
266
1
7455
7064
200
191
6994
461
7286
169
7342
113
7273
181
1
2883
4384
188
6809
337
309
7255
200
7454
1
6925
530
