181
547
65
128
80
21
31
140
54
42
27
28
37
2
1804
46
433
350
134
705
32
25
75
106
57
60
46
83
51
44
60
78
114
43
48
1486
62
239
176
332
37
43
43
46
22
45
25
393
362
66
325
186
127
101
71
59
49
34
115
61
198
129
57
75
43
102
61
30
47
29
59
62
40
35
26
3
49
81
419
75
233
49
45
81
60
152
149
42
52
36
49
100
33
27
32
41
1
1
1296
363
90
44
313
40
254
53
37
89
54
22
704
33
90
107
389
197
142
40
282
85
51
957
595
1337
122
151
111
208
246
67
41
169
32
110
65
56
46
1
41
428
53
45
58
319
54
61
38
52
59
80
59
36
65
40
29
2
1097
162
274
364
66
130
150
223
52
41
48
120
74
43
20
28
536
814
937
362
143
175
139
62
636
42
385
101
30
62
100
63
63
58
128
29
66
106
182
35
73
183
80
55
53
19
39
61
53
1
676
125
37
439
779
39
436
53
39
41
56
22
25
102
107
789
39
89
495
40
46
19
48
74
236
403
467
64
293
187
733
83
62
183
49
135
45
36
64
58
27
4
33
2
72
182
245
181
78
57
33
35
93
62
42
41
56
26
60
44
60
33
35
65
53
123
341
192
318
110
68
14
27
1040
50
186
127
1623
76
169
38
49
67
33
50
201
765
48
146
54
51
75
39
45
25
30
37
38
49
40
46
74
64
26
72
42
68
106
200
63
52
24
36
38
23
21
49
46
206
29
271
83
80
43
114
38
41
37
551
807
320
661
123
74
60
46
35
84
56
60
41
1
34
48
41
734
149
136
36
169
29
38
61
33
38
44
29
215
72
42
171
66
81
47
54
54
67
69
18
44
64
73
61
30
448
585
119
160
46
69
212
83
43
83
54
1
119
55
56
112
50
80
57
84
41
68
66
23
34
95
40
50
33
1
2018
90
164
77
37
133
184
23
38
41
29
1
41
60
56
31
73
65
59
121
45
83
42
48
49
53
31
44
951
798
115
79
47
35
31
742
1305
1426
115
58
66
164
107
57
31
224
37
62
75
63
37
128
58
62
37
46
25
89
27
27
29
42
54
350
278
56
82
27
874
120
166
59
179
31
71
51
172
64
27
27
11
1
96
26
118
40
50
49
41
37
37
39
30
106
85
71
84
43
1419
290
180
50
403
214
48
152
42
43
63
28
49
3
255
43
96
232
97
729
132
36
164
16
46
35
40
31
43
67
36
35
99
616
53
324
54
231
21
323
62
51
110
131
46
52
29
36
56
54
54
38
41
1
44
1628
252
55
421
124
99
79
158
215
85
87
48
44
43
79
47
28
34
35
142
742
127
176
59
40
109
157
120
49
62
42
71
84
29
56
41
51
36
24
1
1741
37
313
29
911
103
74
86
95
249
65
138
86
326
94
29
38
59
30
45
81
32
35
33
87
95
1931
313
35
66
195
55
163
55
115
40
49
33
36
73
653
1453
56
66
120
65
38
49
70
65
62
113
37
501
151
123
109
44
55
52
19
977
25
20
67
26
37
27
1
52
50
39
33
65
309
47
140
135
45
59
241
427
138
132
206
45
49
49
29
235
26
46
36
41
38
114
1031
159
592
125
111
38
189
34
47
30
143
120
36
79
25
114
62
47
121
25
3
33
1
1329
917
51
674
47
371
20
35
129
302
80
219
59
21
51
53
105
65
28
60
16
47
40
51
51
35
47
204
329
61
245
71
108
76
73
33
41
47
37
188
221
1251
277
143
552
213
109
59
103
61
201
140
92
29
36
38
34
53
26
58
56
86
2264
61
253
163
787
39
32
64
85
46
48
29
26
141
2110
89
178
60
90
191
89
129
54
25
20
57
55
59
41
51
50
73
24
1
1483
108
41
57
631
173
21
36
28
43
50
55
54
16
50
351
139
69
755
30
39
98
357
68
62
225
63
42
30
48
391
55
120
281
104
51
226
29
45
30
74
85
31
19
28
48
198
66
773
92
52
46
156
46
99
59
70
35
82
35
22
1
1646
329
717
63
148
63
60
46
430
52
100
47
38
31
54
68
49
72
36
165
131
17
54
173
65
158
129
53
99
107
106
71
67
44
1
1
166
128
434
101
213
208
72
69
79
61
31
183
84
48
69
36
52
45
26
40
2
2691
638
44
75
113
6
30
61
34
48
17
778
599
261
47
476
23
68
44
53
50
205
44
44
67
71
1
651
528
308
119
420
60
43
89
62
280
107
271
180
17
58
50
56
197
130
23
65
38
46
57
41
33
58
29
2
179
242
55
368
161
43
32
40
45
23
27
43
665
414
93
1500
117
204
290
51
310
258
123
29
53
343
98
119
142
53
37
35
55
31
367
272
79
126
85
50
115
33
47
71
51
50
41
35
59
20
43
808
192
137
350
75
96
63
94
42
53
9
1
264
547
1199
67
74
190
351
112
52
46
39
90
38
94
27
142
115
1
1413
85
46
121
134
111
44
730
506
671
158
127
20
21
38
4
1019
589
1413
559
34
261
147
49
119
61
267
38
115
43
63
29
15
37
4
1
209
1221
115
743
76
167
55
79
126
99
260
43
62
254
24
60
78
39
46
37
64
56
1127
156
1373
241
220
122
47
87
43
39
77
48
38
31
89
58
56
47
104
49
16
1
519
1142
633
706
77
253
123
50
167
34
47
45
81
69
37
126
38
63
61
60
35
34
38
46
90
43
74
29
48
1011
192
31
88
84
191
115
41
132
46
75
60
45
76
36
34
28
1091
513
48
91
38
59
50
107
90
41
86
74
21
68
61
253
308
201
48
59
45
52
80
83
66
134
28
26
26
1774
82
49
115
98
213
105
24
57
41
31
48
65
93
35
95
53
43
40
153
32
1137
48
144
217
311
130
44
54
33
58
25
78
51
70
45
34
205
191
59
38
46
41
54
57
122
24
40
59
28
1095
556
46
113
136
535
405
86
61
41
77
82
92
38
32
23
30
106
32
33
122
2228
55
78
194
46
130
42
48
156
38
120
51
34
41
51
2
83
399
109
255
1054
113
50
45
44
96
211
85
118
35
57
41
32
3
229
300
50
91
40
58
39
44
50
42
25
35
542
77
44
146
35
252
184
89
81
93
52
93
67
44
112
82
45
41
24
23
18
38
45
53
66
40
26
121
112
164
160
64
72
219
41
54
24
45
56
36
28
1
1
1327
104
1056
54
191
42
47
86
17
68
108
39
54
65
116
35
36
36
1
2804
44
48
64
281
174
54
65
48
67
24
76
39
81
49
25
46
1
70
345
56
331
70
42
46
33
132
144
64
78
54
27
41
26
104
843
144
101
49
215
90
74
119
415
49
64
305
44
30
58
42
219
128
58
115
32
1
3
84
1136
56
49
330
399
37
63
125
50
50
185
127
72
56
67
82
44
62
40
18
4
218
364
602
55
153
372
114
71
104
112
175
83
68
77
35
109
54
122
31
33
37
101
56
59
30
54
55
40
58
19
1
1016
15
199
408
52
121
48
158
447
49
187
155
44
145
39
38
26
35
33
54
26
255
85
742
38
65
259
49
36
57
40
98
128
45
55
196
44
196
66
46
23
34
40
40
35
33
67
41
46
29
38
711
1560
79
145
48
50
64
113
106
68
35
35
35
31
79
376
257
42
20
49
138
54
34
104
34
55
98
38
16
85
39
57
40
64
183
42
110
70
69
194
40
231
559
65
38
43
40
81
68
48
43
22
51
58
49
42
61
27
51
1
88
85
153
144
87
58
101
38
313
33
119
149
95
62
37
61
51
30
32
70
41
36
32
1224
1017
157
1729
80
69
92
59
44
47
25
28
33
39
574
495
656
45
127
185
69
125
224
89
34
86
33
51
29
21
20
24
948
304
27
198
132
65
45
98
117
87
59
136
176
119
61
97
30
51
39
101
170
47
186
41
52
56
108
37
54
63
43
73
34
41
59
47
46
40
60
43
1159
1395
179
85
307
595
114
727
32
122
57
66
81
32
30
1
1133
58
198
42
89
49
163
53
283
31
55
91
42
53
37
35
30
53
32
50
38
56
51
1
135
620
120
127
252
266
41
59
39
44
48
48
52
62
45
45
48
5
53
64
40
665
140
502
54
49
478
153
93
105
46
168
37
43
52
26
33
31
1051
154
199
37
100
718
27
91
70
374
127
49
35
47
456
275
55
77
92
36
156
107
112
47
41
148
64
152
37
41
46
41
122
56
59
40
40
33
27
2
2
1598
79
50
205
117
44
91
81
27
53
42
48
1
1
256
435
1027
373
579
109
281
39
44
51
48
142
465
82
100
47
43
31
99
39
34
28
1
780
52
233
84
143
57
33
43
196
38
112
53
114
39
35
33
28
35
26
24
27
827
1548
806
218
93
42
43
69
49
58
80
33
54
63
90
37
29
25
26
36
33
29
54
186
149
168
77
195
47
47
40
1884
101
31
94
254
98
43
66
52
97
109
56
45
58
162
329
68
45
141
140
315
42
95
115
58
44
34
51
54
32
467
110
31
286
66
68
68
43
37
38
38
31
35
51
53
53
25
40
34
97
94
56
64
39
72
229
39
57
42
47
111
35
63
43
62
2178
134
23
96
52
57
74
43
325
215
259
1452
674
102
364
29
111
61
121
25
34
36
66
115
1
58
35
118
145
234
40
482
129
52
242
192
289
108
48
102
32
47
279
40
32
78
37
382
32
344
105
136
1475
156
71
160
1148
80
364
39
159
52
50
47
42
72
36
65
49
34
33
32
1
1
575
197
38
28
48
66
64
270
68
29
412
549
38
82
102
44
57
46
48
38
1
483
147
1569
486
74
182
82
53
72
35
47
50
71
136
74
30
48
100
32
39
54
22
24
160
95
137
110
151
535
172
670
968
150
251
41
55
144
26
124
159
33
39
111
34
49
40
48
21
1277
1431
140
252
455
183
55
130
52
263
263
49
34
47
164
2151
67
68
258
402
153
223
81
34
108
88
48
119
44
183
42
30
51
30
1020
656
83
448
1987
82
47
152
51
1662
28
103
141
67
196
88
95
46
118
39
42
39
467
389
364
22
104
162
389
34
136
176
216
45
121
190
30
49
191
66
82
44
41
47
58
115
40
30
34
32
1
141
117
49
170
184
38
28
74
25
133
58
34
52
28
185
322
154
118
31
42
35
134
217
40
16
49
49
43
40
24
36
31
34
74
110
32
31
48
636
46
43
72
40
41
34
37
473
69
409
37
82
104
244
38
52
33
21
117
59
41
18
67
86
55
38
61
257
34
113
33
84
32
87
49
19
31
286
321
42
211
169
109
36
56
70
57
86
55
31
33
32
573
1352
392
83
1146
26
34
862
58
66
47
46
18
41
2
600
1804
219
55
165
676
95
158
45
47
75
41
58
29
27
159
68
42
54
43
71
29
361
154
293
53
57
51
117
72
21
58
71
23
34
38
4
159
140
146
159
61
116
33
83
33
42
47
41
77
42
282
37
208
202
19
51
429
141
310
159
43
144
135
28
44
113
43
67
35
56
768
1174
618
332
481
462
524
74
24
51
46
66
81
68
182
132
29
59
66
50
36
29
33
1
1030
42
72
57
23
56
66
30
1
85
498
421
45
42
528
93
307
234
64
45
234
50
45
49
46
52
44
63
63
56
27
47
2143
242
87
54
62
450
47
83
33
145
100
38
30
1
1
1
86
809
105
280
156
110
218
44
58
61
59
40
72
37
27
48
131
27
132
104
336
56
336
47
373
131
2
43
47
44
36
34
52
24
77
1468
829
46
80
177
50
62
51
25
84
130
68
26
49
122
68
48
185
18
30
1
838
95
306
98
138
311
48
44
69
34
42
95
65
139
85
60
88
56
2136
338
183
29
89
40
22
29
110
92
36
51
40
29
49
29
2434
872
102
58
248
55
54
76
94
68
29
37
1
30
86
254
126
40
56
45
36
220
82
29
46
118
39
40
49
66
33
33
39
173
62
591
1956
116
67
63
252
52
88
81
76
91
135
16
20
58
32
51
50
505
614
940
35
311
150
121
86
777
71
93
125
32
34
41
36
35
59
36
80
1
53
264
428
297
81
107
39
192
62
149
39
52
45
302
52
42
65
180
142
46
57
44
29
25
1543
256
109
270
305
57
51
369
140
70
30
25
40
29
49
978
532
30
47
363
38
142
98
263
147
56
97
42
94
99
15
24
77
1464
1122
215
111
234
43
342
227
111
186
154
53
119
53
126
59
54
53
45
55
36
1101
150
259
62
174
47
95
211
34
31
55
158
39
47
45
36
109
37
33
27
45
92
82
59
399
542
333
405
35
28
69
21
30
36
124
27
29
45
35
80
32
1406
744
265
200
228
75
610
191
87
178
232
45
40
41
29
49
74
67
48
34
29
29
298
229
1413
79
411
31
50
46
41
64
54
177
103
46
44
54
39
52
24
14
137
62
103
409
941
191
55
47
127
184
163
116
61
47
59
39
22
17
502
148
226
103
35
121
89
32
29
55
46
55
55
32
57
77
87
21
2192
295
64
41
46
80
161
39
171
23
55
26
49
53
45
43
28
31
107
146
239
116
72
190
158
76
129
25
49
76
49
80
77
25
146
447
267
159
125
47
71
57
180
60
228
50
116
115
176
65
31
53
119
96
46
36
38
18
40
31
192
57
128
71
83
89
202
43
104
244
188
72
44
18
18
26
1
160
202
46
61
36
56
43
312
369
58
63
173
174
112
45
67
40
85
65
49
35
46
33
45
44
21
1
1
1009
176
61
73
60
148
383
52
46
127
191
73
41
41
37
25
21
28
101
527
134
34
152
109
136
98
63
150
114
31
41
25
63
45
56
336
66
49
54
193
280
111
50
43
67
99
49
112
63
74
53
69
14
1
778
290
325
119
92
215
224
65
77
49
47
38
43
31
22
1
36
116
385
161
162
52
202
23
55
45
66
47
36
42
45
46
330
64
1139
91
145
156
140
166
74
69
56
41
47
40
56
48
112
46
44
92
222
102
48
202
44
148
53
182
125
43
31
37
91
53
27
471
177
387
33
62
422
160
57
41
31
45
83
303
161
80
59
54
36
38
734
131
29
30
207
391
78
53
53
70
67
27
47
112
32
29
49
40
35
37
26
27
3
646
700
153
91
231
61
76
57
350
85
130
64
59
219
47
34
37
38
31
30
2
109
1309
102
421
176
102
211
29
49
45
167
366
102
193
59
36
36
53
35
36
51
25
2
1122
51
3
183
156
218
279
564
61
196
815
41
76
40
58
42
37
69
39
99
1
38
29
22
1
1156
72
397
378
53
133
1221
486
161
369
97
200
39
100
38
87
101
64
94
50
22
1
115
57
394
60
48
54
65
20
137
28
42
49
37
26
36
14
1057
1173
380
743
98
169
71
370
284
242
31
16
84
55
1
142
75
32
101
35
182
202
374
76
41
42
58
62
52
48
31
318
76
125
82
79
27
51
58
49
56
44
57
1195
140
701
144
126
125
52
40
82
53
93
41
45
63
34
50
124
1442
195
341
134
127
493
39
203
147
155
107
30
23
95
34
70
25
64
23
63
433
81
36
123
81
65
55
153
172
259
301
100
82
102
44
41
251
56
41
39
44
37
21
1603
1369
819
129
54
340
77
55
53
41
36
31
114
27
75
1
59
397
66
216
114
148
64
86
171
46
144
19
60
36
33
10
169
26
30
41
28
36
295
508
129
95
52
50
35
1
1794
837
190
50
86
417
38
454
239
34
26
96
30
19
2
590
206
141
53
133
50
144
149
53
55
135
38
35
51
23
7
1158
48
151
90
37
33
102
102
84
212
37
47
40
48
40
76
38
27
129
1287
786
33
1117
52
206
68
201
53
79
154
93
55
57
44
40
1
2208
46
39
213
98
122
75
94
69
27
111
54
56
60
45
73
49
95
42
28
38
36
36
141
78
52
38
76
38
235
85
65
103
66
265
59
31
208
32
46
34
96
91
23
88
37
33
56
68
34
68
27
38
80
34
50
154
443
50
43
751
76
37
61
68
30
29
654
559
230
1414
294
38
97
42
50
99
58
376
50
38
42
29
56
30
71
139
33
120
93
108
41
41
49
47
44
20
3
567
45
2117
219
346
193
128
29
34
45
64
43
70
235
56
114
131
45
255
205
31
79
135
61
46
4
34
87
46
46
1
1861
53
392
51
62
40
63
102
77
75
40
52
47
26
18
520
103
846
616
52
167
50
24
40
331
125
24
65
95
46
61
1
100
78
402
25
593
108
20
247
68
47
71
57
50
78
62
1
20
1155
760
35
206
157
379
402
65
106
48
22
39
86
174
39
164
41
35
31
40
40
48
102
31
203
86
78
29
58
76
70
59
61
1387
165
662
158
552
46
58
81
100
54
42
42
817
195
64
50
75
53
158
57
47
45
123
49
30
57
58
44
44
79
42
36
1
1805
85
576
58
344
1056
211
57
50
49
97
41
31
45
33
41
101
6
2
70
52
94
117
28
54
31
31
57
88
116
40
40
25
39
3
472
70
274
237
29
90
719
114
31
148
40
136
134
82
49
32
152
226
47
39
38
29
136
58
1
43
35
57
39
3
164
894
51
35
77
467
395
80
68
50
30
39
61
40
68
258
1153
871
237
299
100
45
42
24
50
36
73
47
127
58
21
41
889
193
755
359
631
39
35
53
95
189
29
207
72
60
44
56
121
53
42
65
48
35
23
21
43
31
46
1392
625
106
39
234
99
58
129
739
87
43
56
62
83
52
59
51
69
13
60
402
43
371
60
153
486
311
511
864
458
38
96
89
53
40
40
40
68
33
766
307
849
53
159
497
650
113
62
73
34
34
25
30
1
1387
127
807
51
154
183
136
102
37
51
73
92
89
49
47
106
40
910
261
397
103
107
37
76
48
48
37
85
132
32
53
69
71
49
103
48
107
60
29
343
137
28
37
113
45
48
49
38
43
61
36
41
242
162
224
224
31
49
72
71
101
77
42
62
60
60
55
1
39
203
469
47
24
44
76
42
38
48
53
42
39
53
91
212
668
100
29
275
32
60
18
46
44
36
59
165
225
29
33
39
83
52
30
2471
1027
228
41
24
73
66
101
97
40
671
67
140
174
67
63
47
36
28
70
59
1
1083
628
44
37
252
435
362
452
181
78
50
69
742
42
193
71
72
75
154
155
81
58
54
53
43
52
44
42
38
30
101
132
228
15
163
722
81
828
113
36
105
139
976
66
49
74
59
34
117
90
64
38
111
1
460
95
135
254
92
75
59
65
27
85
30
19
1
720
88
67
40
48
36
40
63
29
32
24
64
37
385
118
29
58
58
45
38
43
45
25
1
81
26
591
1214
71
74
354
112
39
84
80
54
154
165
279
41
35
53
42
54
40
14
162
277
41
28
795
91
45
29
40
34
47
54
53
53
28
1
238
104
88
44
50
153
46
53
164
674
23
37
144
62
44
68
41
125
30
38
61
53
49
418
38
222
289
1007
179
41
177
25
51
25
24
2
1
863
185
144
116
43
66
35
58
136
95
13
74
49
46
48
100
74
330
1027
279
419
72
98
108
55
44
237
155
68
30
26
47
46
58
32
19
34
247
58
42
49
164
67
180
72
43
49
42
61
21
40
42
57
26
46
47
50
38
42
28
632
678
121
429
260
66
37
193
79
119
80
56
86
129
33
48
30
1
25
381
128
94
71
28
79
46
31
39
31
101
38
46
27
36
21
67
56
45
2070
155
186
800
62
147
27
52
88
39
21
201
44
41
59
23
68
1809
83
75
74
547
39
90
580
525
36
43
67
37
67
42
28
60
22
18
71
15
120
87
37
158
407
298
93
222
74
192
67
111
123
20
43
119
99
122
31
18
67
24
45
123
547
417
162
354
68
53
51
229
38
120
81
55
18
37
34
39
61
28
30
50
74
70
248
82
369
37
43
28
57
26
43
2031
285
865
80
54
83
33
82
169
33
63
23
161
51
44
36
148
974
155
51
86
102
72
32
34
38
84
62
21
55
29
70
51
24
37
1723
311
95
42
36
37
118
73
64
84
128
23
55
26
51
69
35
1
96
117
69
37
20
79
218
79
38
26
36
32
56
191
629
129
48
63
42
83
99
55
67
77
50
41
193
73
51
34
32
45
52
59
56
60
36
933
683
49
135
569
41
164
32
46
76
49
31
151
55
104
62
53
49
1415
759
253
419
74
1053
99
36
40
184
61
95
44
40
32
25
50
82
387
76
520
170
98
173
353
41
72
52
149
82
31
88
44
53
95
25
45
114
38
153
223
396
71
73
85
139
70
75
47
39
60
46
31
34
21
73
421
51
44
67
19
26
3
1
139
134
27
60
46
229
34
67
49
42
1
77
44
1071
205
139
67
57
72
122
39
97
38
29
16
40
5
97
218
2580
93
96
31
67
135
78
56
43
101
34
35
85
412
128
142
75
230
77
91
40
97
52
32
29
57
78
532
195
112
240
1416
108
361
239
49
347
311
254
41
39
44
100
25
78
44
33
104
39
77
49
48
62
52
35
30
46
1
54
109
109
459
156
181
44
167
97
41
36
50
276
126
81
254
42
48
13
62
142
186
167
67
74
39
58
28
30
60
41
1
1205
94
844
284
153
153
78
65
45
25
74
55
33
528
346
51
39
355
546
40
51
129
25
39
39
50
242
85
31
46
37
34
38
50
797
159
109
714
250
88
202
232
63
36
84
164
296
35
85
58
47
56
458
42
151
29
67
1472
1335
53
25
470
596
46
134
64
33
50
64
66
35
108
42
55
32
35
54
1
133
127
57
47
76
624
54
28
39
21
20
1
136
1595
1457
56
195
169
227
267
64
92
240
58
43
29
105
130
30
67
1
39
28
34
67
1609
60
322
175
842
25
75
151
164
135
66
49
65
38
64
16
22
28
380
163
44
74
71
25
45
77
40
26
25
42
58
81
71
116
85
48
53
32
67
203
124
24
25
72
70
272
215
80
173
265
52
123
42
54
112
154
44
59
62
40
52
18
41
33
2
3
1
39
230
873
124
48
257
279
382
25
126
168
76
52
52
68
67
100
52
39
42
23
53
28
1
1473
65
1352
53
392
143
85
45
59
112
72
55
271
52
23
172
45
50
70
36
36
29
38
31
36
1951
322
587
439
150
275
385
42
36
50
103
37
49
272
253
1553
133
50
67
82
66
57
52
164
181
31
49
74
73
41
53
33
45
438
141
274
45
118
44
92
29
151
231
156
180
60
81
32
44
29
38
47
267
680
882
90
131
1039
81
77
63
77
54
75
259
418
111
107
210
64
70
56
60
78
58
48
50
33
30
38
98
294
178
54
97
173
82
105
52
67
45
39
74
40
41
47
41
29
30
299
48
140
117
92
1134
43
179
31
372
102
68
44
87
42
60
20
809
31
312
29
151
375
106
46
223
203
109
33
150
39
44
38
183
129
90
110
44
73
27
56
55
43
32
98
162
50
38
142
152
109
44
53
34
27
54
29
99
218
134
2383
104
23
53
31
27
36
52
2097
207
765
46
67
76
203
67
139
53
75
101
83
73
68
52
60
30
36
30
33
352
148
86
111
89
41
97
79
78
80
96
296
38
33
36
43
43
40
38
31
1042
255
182
1046
753
53
500
24
44
99
112
141
272
56
53
40
64
28
23
35
281
176
114
503
36
171
375
75
409
122
43
54
69
228
59
43
93
54
25
53
29
1577
707
92
42
678
160
95
62
81
37
122
44
161
35
45
40
32
2
138
989
48
57
799
147
81
62
125
40
68
121
51
42
26
48
41
824
62
696
37
31
36
48
153
24
36
67
46
98
75
37
1328
36
55
806
295
61
96
54
54
75
60
25
50
69
31
30
40
1
1530
1072
1282
61
62
147
123
164
71
63
35
40
176
54
27
44
39
45
32
40
31
45
1
427
173
164
150
75
210
51
60
108
47
44
23
70
275
641
59
126
98
47
100
25
62
219
242
113
34
60
177
61
252
167
48
33
141
90
50
29
56
38
54
32
304
61
151
1117
36
75
104
28
27
54
41
62
20
2
29
3
182
203
31
56
206
48
62
52
52
62
117
345
33
44
82
39
499
812
60
542
269
568
58
50
50
54
90
111
44
57
56
124
25
57
126
30
80
360
277
51
70
74
108
78
43
36
102
66
346
42
163
357
60
69
45
57
29
36
780
163
97
140
463
98
67
26
40
27
88
35
29
35
2
167
1183
42
44
76
66
167
45
28
50
31
108
139
57
86
55
60
39
56
62
34
24
31
66
74
1155
213
106
155
60
371
54
42
187
66
103
47
67
58
57
14
49
94
121
33
39
25
622
138
52
28
132
168
37
214
69
38
57
34
69
406
965
50
535
191
306
55
814
86
195
93
71
121
44
102
36
39
237
88
68
61
249
75
144
47
42
87
127
63
42
43
29
62
21
35
50
49
28
30
27
1
48
53
275
98
59
138
87
152
44
74
142
108
28
52
1102
229
474
322
593
248
122
65
749
62
94
63
108
42
71
73
46
124
45
89
36
54
30
1
63
1005
116
203
298
55
537
200
791
344
278
115
90
60
65
57
37
188
46
30
47
32
88
44
26
1032
366
169
69
65
8
135
40
24
103
40
92
70
62
33
98
25
40
37
125
166
276
145
130
313
57
78
30
50
49
136
80
65
85
39
131
101
48
180
76
239
72
213
139
44
26
58
70
43
122
44
118
42
133
56
72
93
81
1
39
515
54
367
105
66
43
33
40
98
31
44
39
66
75
238
63
34
39
37
1
117
919
70
66
172
111
141
60
46
34
51
55
24
2903
87
154
79
110
59
25
38
42
73
69
1
1
1
1621
59
348
35
61
79
105
36
68
109
79
99
18
33
42
62
98
146
63
30
61
449
160
167
218
26
101
75
38
129
74
56
108
48
34
47
2661
218
167
51
35
237
44
56
64
58
55
55
49
96
32
27
34
68
30
35
1299
1046
749
127
36
44
42
79
84
44
57
112
26
615
462
185
717
366
191
235
554
68
728
60
26
134
40
207
22
51
219
31
28
103
121
107
91
217
60
27
36
42
44
32
53
47
28
30
2280
548
27
259
50
30
51
175
64
41
68
39
36
112
43
66
44
49
31
290
159
349
343
1441
83
421
694
75
246
78
144
50
57
54
49
29
1465
990
26
488
901
93
124
45
45
38
57
63
28
43
19
36
24
1920
142
486
55
62
48
45
47
49
65
53
57
40
32
169
24
24
13
48
24
2
617
27
51
442
625
59
48
35
269
58
60
67
39
45
49
34
627
718
539
55
47
151
65
44
32
117
27
42
41
44
25
30
53
55
1765
488
182
33
122
56
369
52
593
51
91
33
68
87
91
31
48
77
47
100
69
32
44
47
56
45
134
697
66
216
229
248
115
277
127
58
79
32
41
35
60
547
1415
89
481
65
103
199
34
24
42
53
6
94
116
78
75
31
83
54
86
40
215
37
252
553
1351
60
190
43
65
50
61
98
55
54
101
105
51
56
32
53
29
53
44
1
74
55
53
94
749
96
106
60
102
215
42
28
41
57
71
82
152
20
54
27
31
47
43
77
33
108
288
362
431
137
160
33
60
284
48
44
33
84
95
80
55
172
39
43
116
105
53
48
47
27
26
1130
43
165
105
99
74
61
46
70
40
91
40
55
37
86
83
41
127
50
47
130
190
51
66
32
28
969
97
53
133
195
57
240
39
109
60
141
66
110
35
29
41
1
77
81
53
174
71
47
64
23
41
45
26
7
19
1
42
59
74
49
60
56
157
314
63
115
182
37
46
143
35
56
59
32
41
45
50
520
773
34
57
69
17
50
73
36
164
62
59
87
141
45
37
29
46
210
295
22
61
60
35
31
81
284
608
55
52
143
24
47
60
29
43
66
24
278
637
69
112
443
44
109
164
393
47
35
43
52
30
37
47
21
271
34
412
227
301
98
262
74
152
60
28
40
43
22
1912
207
45
90
87
41
54
60
546
50
67
188
86
367
133
49
118
26
61
39
44
24
73
403
47
242
129
42
201
113
52
33
140
41
131
36
2312
57
171
130
403
132
57
37
65
28
90
37
98
37
45
62
1
1195
1615
142
320
74
292
200
72
55
118
172
49
55
54
62
24
27
36
34
2259
62
344
376
70
46
75
114
65
117
81
72
51
48
41
44
42
65
371
97
429
41
114
53
142
206
239
73
67
71
49
28
61
28
33
54
19
31
26
24
1347
62
56
65
57
49
50
42
118
67
40
26
1331
231
933
637
45
185
191
227
265
77
130
113
96
49
46
61
153
86
109
54
270
427
286
127
55
58
35
96
130
39
212
166
126
43
42
53
40
77
56
64
39
39
41
1
125
433
299
111
37
61
126
446
44
62
92
58
49
66
61
36
1
1366
156
120
110
151
333
96
138
331
451
29
50
19
113
36
54
49
30
27
819
36
50
98
38
83
132
86
89
21
45
74
24
77
58
41
69
1
2
54
416
91
118
133
90
50
77
58
50
184
28
25
1
26
945
108
66
179
52
98
52
133
69
67
927
183
62
39
32
218
170
41
67
44
44
298
129
107
106
81
107
30
41
66
103
55
38
4
19
101
74
59
29
57
30
24
64
181
282
45
94
39
39
59
2538
122
136
355
90
83
57
38
449
55
32
31
51
26
1
586
574
1485
116
54
29
84
36
36
40
33
44
58
42
1
1023
552
693
560
21
43
505
506
104
40
116
126
53
265
148
86
69
46
50
53
60
103
75
52
21
36
38
36
32
543
31
41
157
42
44
67
45
53
41
32
187
168
191
74
33
189
58
78
63
54
38
110
35
23
29
61
933
113
248
855
139
52
61
52
50
177
29
89
43
37
59
39
43
30
943
446
95
172
74
45
65
24
77
30
32
63
62
29
50
31
1
159
1304
189
44
30
52
38
41
60
45
222
159
170
67
69
54
76
41
32
43
164
265
69
39
148
182
49
35
378
34
128
24
42
671
831
364
33
42
71
113
225
53
15
78
94
33
183
207
1487
45
168
188
244
41
46
38
314
183
35
63
87
54
87
44
58
67
41
56
27
360
319
91
208
384
229
98
707
428
298
78
212
338
546
194
90
47
82
256
43
63
24
56
123
29
102
57
179
461
619
1194
42
127
557
201
75
656
159
57
50
157
38
114
131
58
49
32
58
30
55
1
14
632
63
304
67
96
145
101
136
65
39
62
40
31
36
18
58
72
45
79
443
43
435
190
78
343
22
212
44
82
47
40
61
10
55
38
25
1
1460
176
135
434
155
940
154
72
39
84
44
78
35
18
113
37
84
34
43
40
39
41
369
33
136
143
73
23
151
37
48
52
42
44
38
62
26
1
581
565
415
15
42
31
188
50
67
67
59
20
1
168
2319
46
300
96
22
67
116
177
67
194
104
31
124
40
93
39
53
44
26
118
243
76
208
62
54
99
67
30
68
34
72
50
256
99
66
82
74
211
33
42
37
66
88
42
30
41
2
51
54
60
275
77
278
25
27
49
35
55
28
111
45
42
19
51
50
32
49
85
96
54
42
85
76
236
27
153
115
44
1
44
35
383
141
76
59
94
63
127
125
68
116
36
39
23
1
425
416
283
60
65
48
329
58
50
54
143
50
398
43
120
79
79
61
263
96
117
60
25
1
680
1126
1051
36
39
36
74
54
90
46
104
199
76
38
97
59
147
89
22
200
39
31
98
20
27
38
43
88
102
60
160
47
53
40
22
608
53
1163
956
48
162
73
25
61
54
43
42
56
63
38
24
45
20
61
11
601
496
218
301
216
90
159
40
40
267
77
144
150
49
37
43
34
343
27
41
46
68
166
63
44
43
40
19
24
1
406
1153
51
935
142
137
132
115
1
44
123
30
39
48
49
15
312
53
31
106
149
30
337
44
60
53
31
50
47
54
49
32
2
23
884
288
560
33
492
40
62
138
27
44
35
52
31
27
48
1
1
145
519
33
154
37
67
37
37
50
43
33
59
55
35
40
932
1271
49
187
45
223
47
58
163
43
344
23
67
89
41
51
75
29
31
27
1
617
62
833
123
97
154
185
36
30
39
45
53
257
1228
140
50
71
59
73
114
51
64
51
56
48
42
39
35
404
825
66
35
80
80
71
33
120
50
92
91
27
64
26
46
50
20
63
100
294
57
38
62
30
58
21
40
2
1
377
2360
61
55
409
72
48
62
139
127
78
108
116
66
47
38
26
67
41
725
63
1725
96
263
67
223
69
24
101
63
92
29
90
25
50
16
63
26
1435
174
348
254
89
200
107
368
38
116
41
48
41
56
41
29
954
261
85
88
88
82
60
39
59
42
69
189
73
61
22
66
45
100
36
38
39
88
11
86
40
43
22
1
194
801
83
58
31
161
316
44
42
90
22
28
1
248
196
122
113
59
294
83
159
121
52
128
161
54
26
78
34
63
625
160
335
92
339
68
178
41
87
137
193
44
63
51
70
51
44
38
263
1208
454
226
73
54
253
68
39
55
185
47
46
39
38
37
23
38
133
158
52
179
71
47
164
55
285
46
71
61
39
27
46
106
2063
81
32
555
375
574
33
76
74
38
27
53
78
49
28
392
1863
39
50
2
29
24
115
42
65
208
36
94
73
120
53
49
60
40
23
1
533
457
216
147
416
520
228
38
43
36
61
41
34
684
165
97
358
182
82
33
26
71
60
452
85
31
709
70
54
733
506
59
44
61
336
208
46
69
170
20
37
43
113
34
95
104
110
135
270
80
49
36
99
28
40
38
11
527
40
119
23
493
47
18
109
49
26
57
25
84
247
23
32
22
18
149
50
48
103
37
161
163
368
50
73
44
284
48
52
24
102
82
284
48
74
49
55
43
32
84
373
38
214
227
82
359
152
19
139
90
48
41
36
63
25
59
70
212
57
124
734
667
575
142
63
27
58
49
98
46
41
206
1242
86
440
98
119
111
60
58
37
41
101
74
79
36
33
24
28
40
1905
1189
519
102
230
41
52
37
32
27
53
57
262
53
37
24
319
120
526
171
21
47
50
88
55
27
43
55
33
45
85
48
93
1282
51
529
31
52
79
51
112
60
28
32
41
38
41
34
1134
1376
52
133
342
63
299
29
44
501
204
333
102
34
39
94
113
28
23
50
23
56
19
1
769
500
43
157
148
41
111
40
54
47
73
66
37
118
36
57
1
1186
120
266
247
749
53
21
46
588
166
21
40
48
188
44
44
50
80
95
24
115
243
902
526
39
55
194
83
84
51
89
243
93
86
17
49
37
23
40
1
53
21
42
105
160
45
25
829
26
969
46
193
293
35
123
107
68
56
36
63
44
26
44
38
160
846
82
54
92
342
69
43
43
42
59
25
24
22
40
113
28
39
177
1632
56
44
54
90
250
66
155
61
38
213
27
52
143
44
31
60
48
32
107
24
29
127
261
62
46
36
21
32
41
73
58
170
35
549
87
189
62
52
39
55
123
72
164
41
62
55
77
29
1
2117
973
198
72
115
56
39
25
42
31
80
44
54
1109
819
776
49
55
179
393
306
138
343
183
62
266
26
59
50
34
50
40
48
27
37
36
58
262
25
35
186
91
44
167
45
35
30
33
32
24
56
1
1056
57
1242
77
67
123
65
190
97
162
15
137
123
78
100
79
57
32
61
30
26
60
1556
85
799
49
46
68
191
35
65
39
33
272
170
122
58
71
43
27
32
39
13
1
840
73
48
58
59
41
43
70
26
31
42
69
271
1221
88
36
41
189
497
204
61
355
158
264
52
64
139
63
21
43
183
42
21
1
66
43
109
137
52
73
186
376
64
51
107
28
31
26
39
2
157
600
517
532
47
156
523
138
45
83
49
59
128
30
57
48
73
75
97
57
33
46
47
33
116
247
838
1353
692
37
257
415
264
98
51
91
155
42
49
87
46
36
150
47
27
25
58
66
69
24
9
41
72
33
62
262
33
87
39
55
19
51
14
176
147
386
33
78
101
185
25
72
55
1
102
111
738
1159
548
27
102
181
21
173
391
33
64
128
88
57
97
108
71
95
43
30
24
18
271
360
383
575
190
113
128
489
156
849
70
106
54
129
50
50
61
85
43
70
45
61
64
31
50
29
81
223
32
38
170
21
53
44
49
26
44
54
36
1769
74
58
106
31
126
887
128
45
38
151
88
182
426
228
67
44
132
51
98
42
58
35
37
1578
91
164
83
46
231
58
40
57
20
118
58
19
39
35
63
34
5
2
234
273
53
55
243
284
124
164
50
454
75
32
39
52
1620
546
34
14
22
48
38
63
56
261
35
115
1585
94
71
15
84
126
413
71
37
73
48
113
34
35
67
41
35
45
26
38
87
32
243
51
123
409
131
159
175
39
111
45
48
374
87
26
57
62
29
38
68
148
79
64
40
34
33
56
28
1
2699
328
59
112
35
65
16
23
129
115
1
700
1171
80
151
35
422
84
40
35
23
49
111
39
72
76
29
47
57
53
91
30
45
62
210
57
110
33
35
86
34
23
39
22
39
31
1378
1043
438
48
222
544
74
83
106
84
43
148
36
60
38
43
47
30
124
38
29
38
1
815
316
1227
137
67
114
46
36
140
50
115
119
64
49
90
38
50
61
78
31
56
47
33
67
49
30
35
34
28
1358
128
347
118
98
99
97
84
50
239
41
77
76
44
45
39
47
109
44
37
76
62
35
32
29
1
41
80
272
9
100
31
247
136
35
67
22
48
30
754
221
513
165
210
179
60
74
62
132
39
37
82
64
57
48
34
23
52
1201
606
438
1244
113
35
114
575
210
120
40
78
19
60
45
53
143
38
31
33
39
27
33
45
10
87
47
26
69
187
170
33
28
26
62
149
31
22
35
43
36
28
2
17
1
1214
26
42
35
48
46
107
69
40
884
38
233
796
93
63
63
146
273
56
56
33
47
62
391
45
138
66
167
54
71
34
77
55
46
41
61
62
31
319
125
76
52
69
364
65
120
25
45
37
60
110
80
143
104
110
59
30
28
31
31
50
27
26
148
143
73
43
38
27
31
41
41
117
25
42
99
41
115
192
87
693
41
86
98
29
103
202
36
54
42
32
60
110
135
78
3
186
249
105
295
27
105
53
58
99
28
40
42
1
239
10
284
30
110
102
202
71
231
27
39
33
33
55
37
53
50
64
37
35
50
28
1
673
223
652
679
142
87
104
408
47
115
65
71
36
56
75
56
20
1
1
238
91
28
1037
289
98
195
86
16
51
78
88
65
1318
763
70
136
257
219
105
108
61
158
271
411
44
256
52
80
34
72
28
44
27
26
31
35
36
26
333
68
946
71
610
286
56
258
108
35
75
102
22
54
40
60
39
77
54
575
169
717
107
1488
356
484
180
74
451
109
29
87
35
58
53
60
57
36
35
50
1
49
496
63
508
320
48
119
86
40
34
122
29
27
1049
1387
109
423
83
663
161
90
35
156
108
53
437
131
71
59
9
38
72
65
38
70
36
82
41
1
38
37
36
106
248
67
69
94
53
48
28
2332
495
158
126
51
45
30
168
23
65
38
85
29
36
2
2452
39
90
49
61
230
43
67
231
146
139
58
145
52
106
22
18
33
75
55
1
46
32
32
223
35
174
46
36
35
43
27
58
400
642
112
126
38
53
52
538
45
61
32
52
22
27
99
31
42
65
32
32
40
119
19
60
36
256
1514
57
78
93
87
61
36
589
162
57
58
112
34
53
33
50
45
25
34
30
1
50
149
152
66
319
58
58
35
33
194
98
40
288
56
127
240
58
26
347
148
80
58
56
34
57
49
30
32
36
30
56
1409
245
50
238
359
39
148
49
44
105
67
107
53
65
54
35
67
1
1303
37
409
72
62
50
94
64
85
149
51
159
84
44
27
80
120
90
54
127
60
57
42
167
51
29
24
47
41
90
73
175
61
58
114
39
36
27
105
39
53
12
1879
428
159
77
102
297
366
111
42
41
34
73
32
18
47
33
71
51
42
2
71
2104
82
134
65
43
87
95
31
153
51
62
53
121
59
36
50
19
42
42
31
67
27
92
2125
727
57
127
32
98
46
55
97
118
94
197
112
20
62
58
93
116
66
51
109
51
24
35
280
1109
1466
128
75
239
148
143
45
100
155
61
41
27
57
521
1114
632
72
666
19
330
223
100
65
151
31
49
75
59
48
69
45
28
1183
497
665
63
515
182
450
41
59
119
113
231
31
31
31
84
607
92
194
712
389
164
95
164
122
140
45
60
125
56
53
37
1
84
63
40
133
144
55
30
115
41
26
123
60
51
74
62
27
31
33
46
20
68
25
334
73
62
200
85
51
52
27
81
126
112
37
57
49
67
26
32
24
23
37
21
32
4
57
65
37
126
61
43
81
38
68
26
40
39
52
36
243
76
75
74
110
63
121
100
61
65
31
94
30
42
91
130
46
59
82
27
1
216
47
563
37
165
381
181
45
50
34
287
322
41
304
44
39
49
55
38
41
30
92
34
29
46
29
41
17
40
50
68
41
42
1
58
49
110
102
126
53
50
31
82
44
40
52
49
60
114
99
50
15
22
35
3
1
128
176
811
51
54
308
85
254
118
51
55
102
114
94
27
47
54
1209
50
113
66
40
36
92
27
51
34
51
40
35
122
224
720
129
843
269
80
255
107
34
190
229
91
33
14
111
24
39
35
70
74
68
1
1
924
42
315
160
159
75
40
85
61
30
34
70
28
28
19
24
44
520
50
221
332
63
93
448
48
36
51
37
25
33
18
41
563
310
142
49
146
57
632
203
1312
89
53
78
35
126
106
114
331
41
67
28
80
231
45
40
84
41
28
46
33
21
45
871
144
74
113
492
32
161
145
357
243
77
42
82
52
67
31
44
42
62
99
126
192
84
43
82
104
56
26
48
43
49
35
60
36
37
60
47
41
1
61
208
209
273
109
353
60
50
65
140
73
110
30
1
137
971
194
357
118
149
50
100
38
74
32
34
75
45
56
39
73
47
263
183
96
52
35
57
65
252
24
35
97
32
60
37
186
228
254
97
53
57
73
165
165
63
72
49
27
41
33
37
1
211
88
304
51
105
108
57
123
254
52
42
84
54
31
23
992
54
1459
176
53
869
518
429
53
20
24
105
48
128
170
45
64
1
61
314
67
1026
81
56
43
48
37
78
34
133
51
28
29
42
995
58
105
271
254
50
664
45
119
71
613
267
168
32
35
54
123
127
54
90
20
37
46
27
577
247
140
148
534
576
147
411
697
95
78
33
363
50
74
61
44
40
94
23
42
46
98
34
45
1
27
70
37
23
61
104
36
78
54
90
63
56
30
908
79
63
246
57
28
89
48
59
81
32
79
45
74
39
1
72
46
65
101
83
48
98
57
29
41
42
62
587
93
48
182
28
117
59
74
160
82
83
19
40
78
59
23
52
82
101
64
19
42
89
106
58
49
75
45
503
137
442
100
53
35
50
57
72
38
42
44
37
1659
117
125
999
60
549
420
54
183
66
116
271
51
28
37
50
30
453
36
736
162
113
257
39
123
437
70
89
90
110
34
90
41
38
43
334
646
675
62
71
94
718
66
172
43
45
39
42
12
165
121
45
28
39
54
31
519
148
129
76
23
44
62
41
848
49
883
778
118
90
44
176
108
44
32
151
50
136
23
50
64
98
40
21
31
2
329
481
275
79
32
34
79
114
63
22
1
383
83
143
219
214
73
186
235
799
89
45
112
36
35
35
79
31
23
29
2
62
34
60
31
103
143
26
48
48
44
55
29
50
115
278
617
70
49
1052
88
131
95
276
81
54
52
63
78
33
91
45
127
153
180
34
1
49
37
1216
95
131
112
138
183
72
137
93
122
56
42
23
28
118
68
54
27
1
23
23
1614
581
205
46
76
61
62
217
346
51
43
52
79
58
128
31
29
1
521
1599
77
557
343
45
683
4
75
56
53
63
83
42
38
52
51
61
251
59
62
57
76
109
69
361
189
343
1638
178
134
66
673
58
178
35
96
27
54
57
109
30
45
37
43
46
574
44
27
82
42
41
42
71
28
45
53
106
70
72
58
30
204
82
762
76
100
203
52
37
28
46
59
47
43
25
123
1126
97
226
254
236
27
78
173
65
223
75
36
249
340
48
68
146
105
44
42
80
37
50
29
47
51
45
853
40
372
123
44
73
42
31
28
79
38
50
41
12
1
353
32
40
59
73
108
48
302
61
53
31
112
50
64
48
541
744
38
173
37
112
219
42
114
42
30
81
50
298
936
121
404
381
507
557
223
736
175
29
119
76
91
64
92
76
20
21
46
45
45
37
45
47
1
59
1012
26
95
87
53
137
113
39
25
69
60
48
112
34
41
171
1191
52
37
52
65
62
40
42
29
41
46
26
33
287
544
176
170
376
48
28
60
54
30
31
48
34
28
101
52
32
67
708
88
127
63
70
70
34
51
83
44
65
65
47
655
149
46
23
42
42
48
90
102
44
52
64
65
52
110
221
47
43
49
76
48
27
10
1
1
338
38
142
348
239
54
599
63
52
142
42
54
95
45
66
36
71
45
48
40
16
67
764
41
511
34
114
375
113
220
135
58
49
53
28
1959
157
189
157
158
71
52
234
96
131
82
382
40
39
49
318
271
33
47
27
34
64
54
1136
71
27
48
31
131
109
34
46
283
74
24
472
121
61
76
939
1287
200
131
158
196
82
60
54
35
27
32
36
1
1539
387
66
138
660
156
164
102
129
102
255
43
42
43
41
25
534
39
35
63
84
54
107
41
52
72
22
477
376
117
47
50
74
45
828
126
130
249
54
67
62
61
47
124
80
99
116
66
51
38
32
32
66
37
74
51
59
49
31
171
855
465
263
111
1135
88
102
176
137
68
40
127
23
56
32
39
50
30
29
1233
374
54
188
111
158
89
140
32
130
76
56
36
24
33
55
32
96
66
556
297
329
87
380
42
156
83
371
41
71
139
58
48
41
44
71
51
71
47
1
52
298
170
140
71
138
27
38
110
133
47
146
18
103
54
115
64
127
50
32
33
51
139
30
58
68
65
209
47
41
24
61
54
33
60
34
34
30
881
52
255
172
333
218
47
41
136
30
636
94
66
27
36
123
40
331
59
37
45
1442
1199
134
125
117
103
170
51
234
54
80
39
98
41
33
19
82
301
750
116
312
47
493
208
46
176
243
97
191
50
167
237
26
164
52
338
45
67
51
30
44
64
101
61
45
30
32
26
1
2
50
50
40
131
169
132
28
39
103
140
39
51
48
50
50
13
1042
99
592
33
39
50
38
121
36
128
30
83
20
431
450
37
181
72
85
35
37
37
65
56
6
50
1631
129
81
186
38
51
112
103
37
71
43
45
2305
199
285
756
164
247
23
60
113
79
45
30
23
42
38
21
23
809
42
38
75
116
43
51
98
122
41
64
60
25
19
71
92
136
43
46
21
67
37
177
160
152
35
55
322
110
115
59
72
63
59
34
34
38
33
427
312
452
44
97
129
192
72
60
22
57
32
58
44
56
49
31
1448
1228
22
58
207
37
232
61
43
209
106
47
40
43
46
92
167
216
99
39
31
63
31
21
54
49
62
612
103
31
115
85
33
200
29
29
32
95
51
53
43
50
194
201
22
35
45
50
47
656
69
32
64
62
39
66
57
102
22
1
51
162
271
859
48
51
49
85
28
75
60
83
50
51
1658
152
46
1299
123
245
26
75
96
70
46
37
32
171
246
61
228
156
108
175
129
68
287
160
128
170
298
30
39
49
92
101
79
181
70
42
41
52
44
131
290
23
251
60
112
150
28
132
62
69
26
29
24
57
46
475
983
42
696
59
187
171
39
37
19
44
148
74
34
332
84
104
31
61
70
36
26
1
52
1837
107
232
131
80
202
50
58
28
45
40
343
124
76
44
61
38
54
23
47
46
27
100
42
42
54
44
29
54
317
125
336
252
171
638
106
34
154
38
29
64
49
28
39
46
31
31
482
72
910
146
55
187
66
75
42
144
230
82
45
39
136
46
50
49
32
1214
139
204
49
48
47
62
47
184
31
361
46
26
33
34
1142
1441
732
75
166
77
144
32
67
100
47
36
52
50
75
74
51
33
28
52
87
30
37
82
36
62
229
117
30
149
204
55
213
157
69
103
35
36
27
45
36
62
39
81
36
732
120
97
41
1455
1055
784
161
41
60
63
23
82
90
67
95
52
43
33
1
130
58
1181
38
61
56
71
164
415
972
1309
29
880
29
424
245
75
111
73
133
33
88
71
62
79
25
58
62
99
335
185
616
398
279
51
53
31
65
86
23
41
1
176
96
70
34
172
62
34
70
99
53
35
64
44
63
67
63
32
1
958
54
86
197
220
70
500
59
61
83
55
88
34
44
53
63
74
66
61
54
27
42
53
33
50
1208
55
118
28
36
47
44
58
61
50
47
40
36
94
32
1
164
255
118
236
32
48
60
59
80
43
42
116
49
43
88
53
31
48
34
1
153
435
1360
43
227
34
44
175
65
94
56
218
28
43
28
44
107
48
47
94
39
48
222
32
510
300
42
44
63
211
27
49
37
33
42
26
1069
443
29
39
222
36
303
34
260
74
320
109
124
36
85
63
25
203
90
45
40
40
62
40
34
190
207
191
250
34
49
39
51
113
60
31
43
26
1
1938
93
675
173
354
35
46
41
81
74
160
52
41
37
129
35
34
23
2
947
55
267
43
116
87
35
48
38
38
101
36
22
4
143
425
764
933
39
119
86
24
154
289
57
64
66
59
114
84
29
572
59
193
96
41
59
580
130
70
61
52
42
43
32
44
62
143
26
102
98
52
49
76
41
49
17
87
346
375
41
110
195
122
22
41
23
45
119
87
25
52
126
61
1
73
69
70
39
66
67
56
62
25
106
76
26
41
31
1
282
60
170
53
50
50
54
34
92
49
70
26
16
133
1286
109
145
848
485
240
37
21
15
326
55
41
184
46
52
43
31
28
24
56
75
3
316
51
28
52
193
30
40
36
63
37
1
596
402
340
1829
192
521
101
181
124
38
83
54
44
40
85
63
21
21
72
47
32
347
36
45
72
323
132
32
42
86
186
35
60
69
78
37
33
132
68
30
41
30
44
42
124
76
26
28
54
25
56
1
852
47
115
311
1013
395
167
103
68
37
41
29
125
74
51
36
21
1
772
983
506
325
422
45
44
42
53
196
95
90
48
46
49
36
41
42
41
85
37
19
238
211
54
57
81
62
39
33
43
117
445
1065
222
548
1405
288
34
168
51
229
175
145
67
138
60
76
37
63
67
39
29
74
39
50
50
60
24
25
61
29
50
395
308
253
644
556
106
535
68
428
118
36
54
98
60
169
190
34
125
50
180
113
38
73
51
61
22
32
44
55
44
30
196
31
150
49
86
46
32
59
73
39
176
188
318
54
100
46
103
40
51
46
44
52
29
111
27
35
51
38
49
672
86
98
578
29
26
87
142
247
227
36
27
36
146
123
90
83
49
78
34
77
160
123
148
55
16
37
92
92
302
71
120
36
57
77
53
43
40
38
43
22
66
61
847
325
929
256
605
91
149
92
29
151
41
35
40
1
38
67
279
173
127
41
83
41
85
48
78
68
86
253
107
33
55
51
99
22
49
42
44
47
508
126
45
64
40
28
27
39
33
31
36
174
40
104
759
103
88
52
58
362
195
766
51
58
42
57
47
27
59
24
37
107
53
59
81
23
1
416
59
155
193
36
46
85
161
23
45
70
53
136
49
36
42
21
31
38
2254
88
115
107
25
33
188
196
131
73
18
43
73
108
33
35
28
43
11
271
68
161
49
53
135
128
108
53
52
211
22
53
50
45
97
45
67
13
39
40
28
36
40
107
38
42
322
289
627
121
100
156
502
99
43
47
45
95
57
72
67
55
34
99
76
46
27
84
28
42
45
93
38
27
49
29
106
722
396
81
278
179
183
96
140
102
558
25
92
23
1
65
979
59
52
67
68
46
53
135
49
1
98
49
128
166
128
153
44
55
43
32
40
78
71
1177
464
791
812
442
198
197
66
137
100
32
71
61
28
40
30
122
88
40
58
64
45
36
36
30
723
810
1880
43
196
182
56
127
34
30
28
1
279
19
267
708
627
59
54
40
170
58
53
49
174
43
39
39
53
37
82
156
619
546
71
1032
382
35
960
579
71
172
210
90
55
69
39
78
93
26
38
168
31
88
32
35
1387
155
54
89
620
43
44
56
231
384
84
38
243
72
92
61
121
60
34
21
37
31
43
33
58
47
1
187
458
309
190
181
72
49
237
270
43
229
104
134
19
114
37
74
119
44
29
96
37
2
22
1
392
153
251
172
40
177
56
18
72
76
57
40
21
1932
64
109
373
105
645
33
60
28
48
28
34
30
3
2
29
348
37
1107
49
34
140
435
44
36
52
19
168
116
38
30
59
42
35
1871
1038
73
372
283
66
138
81
198
69
52
336
233
235
776
784
499
224
413
122
76
63
106
483
73
65
122
28
25
75
143
225
64
38
329
336
588
47
46
220
54
241
66
48
42
48
82
95
41
57
38
47
283
280
173
34
254
31
72
44
30
86
98
79
117
51
47
34
62
31
25
50
1545
77
199
39
503
43
59
55
39
41
44
78
35
48
79
37
43
37
2263
827
87
116
61
43
55
70
353
38
67
37
62
52
55
37
28
76
29
23
18
105
260
467
1394
76
442
48
138
41
199
186
352
99
69
34
1
39
38
45
631
282
75
226
31
320
59
251
87
62
188
51
37
63
42
34
68
36
52
2002
200
40
52
86
137
209
133
90
29
343
50
71
50
85
29
39
253
358
249
794
244
408
44
249
84
33
90
429
44
144
159
197
54
97
100
36
59
167
40
75
320
37
23
63
47
46
51
97
126
114
26
121
512
211
1042
844
127
388
789
203
129
111
102
55
89
32
92
55
53
88
44
222
104
66
944
116
28
125
142
87
22
63
58
38
97
44
16
30
21
43
45
40
1
3
2072
641
489
55
32
42
157
62
32
30
39
75
32
114
258
46
949
597
39
711
48
76
108
40
38
68
74
238
36
55
41
87
43
31
88
40
65
269
123
808
223
97
418
244
68
301
105
43
37
38
30
47
40
41
27
54
38
217
160
260
171
135
170
94
134
54
72
35
39
50
43
42
2
59
380
263
55
347
199
87
38
52
55
77
87
66
47
34
50
963
50
80
128
91
69
45
39
201
74
15
48
41
48
131
113
145
260
46
77
64
106
113
35
43
54
44
66
61
48
37
363
52
31
138
126
28
157
42
55
45
65
47
52
81
268
522
468
27
48
63
92
83
174
91
78
363
78
50
39
117
87
68
34
31
61
33
40
23
1114
827
56
594
240
112
110
100
57
83
159
1
281
1025
521
855
726
596
90
36
66
227
91
100
51
36
42
58
83
31
83
155
40
44
49
41
26
37
2053
306
61
212
95
124
41
58
43
38
287
207
156
34
50
39
133
75
50
100
31
34
47
40
1
179
45
64
129
51
56
174
549
163
229
34
125
136
90
59
43
63
60
84
40
1
100
107
485
48
59
71
68
27
84
50
51
29
82
62
150
45
152
30
40
243
1232
608
137
231
73
46
69
43
77
124
227
205
46
89
73
51
43
121
40
38
53
49
1
434
512
48
87
45
57
596
188
56
397
76
30
93
83
41
31
73
34
44
22
75
73
27
142
168
50
40
104
40
43
100
39
20
21
590
76
58
281
119
457
174
49
200
185
41
80
102
45
47
27
50
57
35
21
44
157
717
157
257
32
83
60
197
126
198
82
75
47
51
35
52
51
44
96
68
491
314
2062
26
160
52
174
141
42
45
92
62
48
37
32
33
85
35
155
53
687
41
708
192
39
52
130
29
71
59
16
1941
202
278
226
1353
110
64
60
78
41
40
86
82
29
53
32
61
278
2119
67
65
97
73
450
23
32
38
187
78
275
44
61
55
94
30
165
66
56
98
22
315
547
39
45
187
176
48
32
41
136
80
25
62
147
100
25
32
99
45
29
24
39
12
39
36
209
124
1199
39
152
251
31
849
161
135
111
53
133
56
35
45
84
1214
47
1811
106
136
111
47
52
189
91
53
48
96
50
43
130
30
59
45
54
124
44
51
317
68
136
34
127
156
75
165
59
54
319
36
73
53
53
36
56
33
75
64
79
84
166
327
79
62
34
126
27
39
66
42
50
42
19
50
39
30
486
1143
58
28
47
29
98
32
40
44
51
1343
1654
73
44
56
218
231
39
40
117
65
44
75
46
149
256
47
48
106
33
29
384
479
306
409
48
21
127
96
48
32
55
68
92
77
41
48
36
43
25
49
1
354
1034
162
95
36
104
74
58
99
212
123
52
138
95
233
93
41
86
85
65
81
174
50
51
1
1033
58
162
40
66
31
76
160
109
45
42
80
37
19
1
2
214
63
69
448
208
68
73
46
49
58
87
107
36
24
113
83
42
74
58
50
40
49
35
35
46
12
2084
121
75
55
55
96
156
65
161
108
188
206
45
242
117
28
38
1
1
1
1592
105
397
1431
66
39
55
158
39
45
52
27
25
17
1021
290
110
179
188
364
432
260
228
207
300
77
128
36
45
220
53
54
41
61
129
34
105
33
1
2496
724
28
124
42
109
72
43
52
19
44
44
34
1135
194
64
441
50
696
192
305
34
30
311
40
42
90
46
68
39
16
1
1
119
110
82
970
43
57
46
23
34
142
84
71
68
31
27
205
46
1330
622
110
119
57
242
92
52
38
75
151
67
71
282
32
108
52
44
39
79
46
37
73
238
226
41
115
171
219
32
293
55
91
86
52
49
41
97
21
38
45
64
61
31
39
64
40
1
126
331
206
83
160
28
58
42
32
66
106
93
47
47
50
29
246
1324
605
91
64
48
85
77
47
118
89
44
53
58
52
45
1591
125
769
98
44
50
46
281
257
35
33
33
40
42
51
46
72
1962
346
30
372
61
211
57
41
43
71
148
27
149
36
50
687
46
113
238
53
264
309
544
195
138
52
24
120
102
31
48
36
55
39
39
67
26
666
127
436
1007
126
58
415
30
45
61
70
78
318
192
27
60
113
78
50
38
44
4
434
95
62
63
141
63
54
166
68
75
20
610
104
520
76
746
181
264
450
361
119
114
99
96
81
38
17
57
56
622
1532
111
91
46
150
124
220
653
130
62
29
36
17
47
898
73
24
147
37
41
63
72
41
39
38
59
61
61
47
25
1
290
232
77
149
67
44
297
52
42
53
46
36
68
555
56
187
25
99
42
420
31
28
30
240
88
50
49
37
115
44
32
99
49
36
25
33
31
94
181
51
32
152
27
21
52
39
27
40
56
99
270
165
176
59
247
46
51
22
66
77
22
72
24
16
15
568
187
226
680
167
54
659
91
334
75
90
57
43
39
31
19
34
2
963
438
130
981
457
338
120
74
109
49
156
101
50
103
46
58
37
77
40
61
1033
68
694
93
652
60
91
45
36
68
140
87
33
76
39
29
45
19
96
70
136
38
78
79
35
44
43
3
96
39
454
1376
73
60
103
51
60
43
41
51
52
61
40
69
80
104
145
41
47
34
31
35
27
1
49
272
44
333
18
91
59
148
86
38
52
91
34
51
251
221
494
67
526
240
196
28
1107
53
222
69
42
1
197
150
118
45
62
62
53
156
137
37
44
44
84
33
44
53
50
1095
1143
245
40
285
45
543
130
58
37
239
32
51
35
52
100
30
58
243
66
414
1414
228
376
154
205
37
461
129
108
47
66
78
36
213
36
153
42
65
36
32
37
42
1
525
119
155
61
56
78
452
156
20
335
55
96
48
31
44
52
31
66
69
91
41
468
1241
1122
499
146
47
126
80
180
68
101
46
91
23
36
17
52
28
2
33
30
2
213
119
157
198
119
501
35
218
66
390
40
1417
373
127
51
48
544
164
72
49
20
54
49
15
52
45
1
44
102
226
311
37
380
55
34
58
51
48
109
38
50
46
57
40
55
58
38
35
27
55
60
1
28
826
60
376
482
213
34
168
70
67
38
62
65
10
154
38
32
47
416
133
132
46
314
57
105
87
194
18
62
59
38
25
966
410
119
114
79
54
45
63
58
22
39
82
96
98
58
42
40
33
93
143
329
59
89
123
73
78
53
44
44
50
38
1020
369
95
292
468
67
201
35
68
66
70
100
30
55
36
53
87
29
29
77
50
36
76
40
50
23
24
1
155
82
28
36
374
276
68
108
49
39
36
19
1
1126
51
71
175
42
352
1669
65
161
183
119
98
37
38
48
1860
67
154
80
52
1069
42
68
91
140
90
43
95
147
42
35
58
38
17
45
19
29
1
1370
503
150
200
341
59
134
85
230
54
27
187
30
44
50
148
54
154
27
85
82
54
38
35
63
229
767
535
31
22
108
92
67
34
45
45
31
42
47
125
51
445
48
65
236
69
51
190
58
61
57
44
31
45
43
98
70
43
156
520
83
493
829
391
621
289
961
44
58
106
359
56
53
47
47
45
59
21
39
26
22
28
210
744
1029
56
91
293
29
53
118
30
77
35
111
57
29
2049
83
45
65
127
339
38
35
32
47
146
42
67
33
61
56
30
69
53
94
402
72
774
101
27
97
32
60
51
37
37
60
36
26
13
194
1431
146
51
1317
59
159
184
99
94
46
58
58
75
19
35
38
1
1
115
167
242
443
171
48
166
95
247
627
57
140
17
44
69
92
122
158
128
96
37
67
49
35
23
43
39
592
288
143
48
97
56
18
83
64
115
32
57
37
44
32
1664
335
261
142
408
153
57
45
62
55
76
49
33
46
32
46
470
57
66
1041
58
111
125
86
59
33
120
135
64
137
1519
52
77
46
193
39
482
565
61
50
34
49
57
34
129
90
40
41
38
39
21
49
40
44
95
54
117
180
75
112
78
67
28
2
780
1560
137
132
28
299
56
59
70
32
234
31
52
49
79
48
54
2
283
66
42
47
38
41
31
36
51
59
40
111
229
87
34
142
62
39
31
113
20
103
97
38
37
40
43
655
76
95
96
70
107
59
84
42
41
42
27
49
20
58
70
27
87
667
691
151
579
138
184
56
41
62
133
40
34
645
278
134
60
113
46
74
108
212
101
88
24
180
31
35
22
22
39
50
20
324
54
53
40
54
417
130
28
61
118
21
311
46
141
38
38
36
44
62
50
14
51
35
434
2048
567
47
259
46
131
49
52
62
50
19
35
49
46
32
25
47
48
114
539
134
41
162
49
36
212
100
163
46
45
2234
105
52
550
65
119
80
213
558
29
23
45
121
85
1
68
108
128
283
37
45
66
41
56
51
33
40
125
38
32
14
790
122
55
109
85
79
42
63
70
76
49
63
1408
238
46
111
55
32
31
116
104
106
182
169
29
104
21
35
47
34
23
22
34
819
36
58
42
370
52
62
44
41
86
360
39
47
31
38
43
26
94
42
71
62
105
23
278
47
641
270
190
65
110
40
47
51
57
77
54
60
59
29
2043
73
54
75
106
900
56
160
59
166
39
53
85
38
36
27
47
32
17
43
30
40
1
130
83
47
61
624
1146
332
72
40
234
49
61
60
35
65
54
32
188
22
122
498
47
50
33
194
45
82
60
30
47
33
2
185
286
44
215
118
315
37
85
45
99
56
47
23
39
36
181
631
224
201
73
52
125
35
112
62
37
26
29
639
717
230
105
69
77
83
43
50
82
173
61
36
31
70
43
85
64
35
43
610
280
148
149
49
126
73
54
54
38
1
943
520
101
38
190
143
116
62
36
9
318
216
80
404
150
72
259
100
159
53
105
44
141
67
154
180
44
94
49
25
310
66
465
219
628
610
83
823
134
41
43
51
107
41
86
52
41
109
67
47
134
91
33
39
55
43
23
55
125
457
219
84
56
57
61
78
90
66
35
35
29
45
34
44
50
34
46
49
44
33
63
31
282
139
111
132
35
127
56
1
523
84
435
213
60
414
121
188
42
36
57
22
46
26
51
44
58
76
58
25
487
327
1352
54
1161
55
314
333
87
84
82
49
35
144
41
208
33
29
30
1
