3309
3140
3947
2293
2102
3284
2962
3916
2890
2954
3048
1889
1760
3540
3020
2136
3629
3224
3447
2878
3408
3161
2656
1696
1703
2638
3849
3879
2597
1607
3187
3581
2534
2783
3400
3906
2904
3876
3021
3649
3167
3370
3934
2632
3307
3482
3952
3180
3491
3332
2258
2024
3762
3185
3178
3451
1
3857
3715
2008
2861
3892
2463
2342
2143
2734
3290
3942
3969
3117
3844
2847
2326
3187
3427
3101
3148
3378
2297
1490
1885
2100
3940
3902
3720
3453
3532
3463
2346
2256
3792
3528
1970
2248
3890
2175
2181
1713
2478
3760
3259
3077
3800
3683
3839
3094
3810
3453
2187
2083
3653
2037
2446
3041
3046
2031
2693
3713
2869
3774
3758
3600
3774
3767
3656
1
2614
3282
2350
1377
2371
1809
2814
3177
3934
2789
3264
3544
3507
3746
3731
3675
3786
3964
2776
3616
3404
3418
3322
3708
2415
3718
3608
3598
2846
921
1868
2173
2781
3057
1899
2899
2900
3831
2511
3870
3613
3677
3932
3653
2698
3358
3195
3544
3424
3080
2687
3690
3824
2804
2315
3659
3144
1592
2642
2492
3487
3658
3790
3768
3961
3491
1948
1
3926
3207
3591
3649
3430
3883
3071
3971
3238
3849
3676
2465
3705
3831
3882
3295
3968
3300
2877
3177
2106
2653
3570
3766
3565
2890
3385
3428
3482
2475
1963
3584
2075
3718
3586
3597
3287
2109
2438
3433
3399
3247
3714
3960
3637
3916
2392
1
3696
3692
3561
3361
2815
1
3833
2288
3596
2532
3580
1
3589
1793
3013
3798
3747
3157
1
3696
3053
2635
1811
3850
3384
3932
1578
2807
3378
1466
2421
3615
3041
3512
2477
1605
3941
2918
2804
2965
1294
2296
2173
1856
2116
3246
3355
3422
3379
3963
3156
2960
1319
2442
3844
3890
3584
3418
982
2968
1344
2758
1
3703
3807
2194
2091
2786
2097
3908
3697
3221
3132
1345
3085
2832
2632
3946
3744
3668
3210
3700
2668
1926
3717
2206
1467
2762
3260
2298
2527
2639
2081
3459
1
2843
2737
2961
1305
2817
2500
2330
3728
3027
3836
3323
3504
3049
2237
2194
2422
1584
2731
2948
3624
3108
3125
3844
1890
2100
2846
3565
3543
3927
2382
2487
1
3804
2901
1773
2296
2961
3905
3474
2391
3541
3513
3965
2771
3923
3738
3394
1
3830
3201
3854
2631
2234
1805
2622
3733
2274
3841
3951
3513
2057
2107
2937
2564
1890
2796
3843
2819
3525
3798
3766
2131
2614
1
3532
2953
2
2900
1361
3899
3878
2
3787
2905
1388
3113
3415
2343
1847
3477
3035
3308
2111
2338
3526
3938
3531
3811
3442
3872
3770
3024
3321
3873
1
2250
2330
2516
3045
3754
3738
3727
3134
3231
3162
2813
2315
1636
2338
3882
2088
2241
3196
2901
3143
3958
3195
3556
2992
2
3836
3757
1
2927
3658
3344
3610
1960
2074
2782
3451
3680
3620
3402
3279
3429
3150
3875
3739
2618
1662
2666
2379
3707
1862
2479
3856
1
2
3540
3892
3808
3188
1959
2045
3932
3126
3653
1752
2452
3893
3909
2220
1984
3390
3171
2119
2292
2524
2264
1849
2578
2267
3149
2657
3093
3583
2215
2738
3377
3738
2861
2170
2571
1554
2415
2522
3015
1
1
2869
3610
3565
3615
2
3069
3882
2553
3519
2760
2762
2908
3947
2525
3170
3549
3670
3197
3932
3783
3598
2878
3318
3277
3636
3632
3279
3403
3300
3395
2872
3605
3374
2736
1601
1
3702
3772
3519
3790
2650
2282
3180
2135
2000
3909
1468
3138
2954
3241
3515
3582
2561
2327
1198
2751
2398
3516
3540
3601
3729
3820
3297
3346
3739
3591
3595
3378
1
2767
3672
3881
3395
3946
3702
3947
3895
3415
3588
2740
2228
2748
1428
2945
3250
3573
3460
3894
3749
3909
3570
2561
2319
1901
3623
3643
3634
3313
3493
2990
3773
