57
21
25
9
9
24
5
8
9
5
11
32
4
8
22
22
49
7
15
16
16
14
135
32
23
16
21
12
5
16
13
8
1
6
8
1
4
168
29
15
9
11
9
10
11
6
9
9
5
7
7
8
9
15
14
14
34
144
27
8
20
13
14
14
7
1
49
27
33
7
11
4
32
19
30
97
57
12
25
20
13
3
31
11
9
15
1
5
1
10
19
313
27
15
24
74
52
5
15
16
15
9
4
12
16
17
138
23
64
20
29
12
16
10
16
9
20
14
2
9
1
9
73
13
12
11
10
6
29
8
2
4
11
33
16
27
7
21
34
44
22
14
14
26
105
36
17
13
27
21
17
54
11
6
9
1
17
12
3
28
48
9
12
77
20
6
6
35
7
15
15
10
14
10
25
18
14
14
1
9
72
57
47
38
25
49
36
19
16
24
27
11
14
7
12
12
37
15
15
40
4
2
8
8
6
5
18
25
12
23
46
13
29
12
27
14
45
13
9
1
14
18
26
19
14
13
61
2
13
9
11
1
395
33
9
28
19
61
14
17
4
4
6
14
51
73
90
23
11
18
20
11
20
17
14
7
28
143
47
17
3
15
15
9
6
7
7
21
13
24
11
8
1
22
116
43
29
3
24
16
10
54
6
21
11
10
12
13
14
24
9
1
7
1
38
12
27
17
7
23
16
24
8
7
6
9
14
10
14
20
64
17
38
13
6
28
20
1
16
21
29
9
62
43
16
31
22
17
21
16
4
19
12
15
4
2
137
39
31
14
186
19
12
9
22
13
12
9
8
4
4
109
53
31
28
46
6
10
5
11
19
24
18
13
4
1
14
26
10
11
19
18
3
3
10
1
21
6
48
21
79
48
23
27
22
41
16
21
9
10
8
2
42
27
54
24
20
27
12
28
52
29
13
15
7
1
12
7
5
5
8
8
17
55
8
23
9
7
19
12
32
7
27
31
7
13
5
50
14
18
8
13
13
9
7
2
18
18
12
16
23
9
15
15
46
13
26
15
17
11
30
9
16
10
16
4
21
7
21
19
59
23
9
3
20
13
14
17
7
8
12
15
20
6
5
65
19
9
16
8
30
16
8
3
9
12
5
1
23
88
10
46
17
11
16
36
20
26
20
7
96
25
33
22
24
21
18
21
18
25
22
13
13
3
1
11
145
116
23
28
75
23
14
61
5
30
26
13
12
9
20
14
12
14
15
5
1
1
41
12
10
12
17
25
42
24
5
7
1
2
12
12
21
14
11
47
50
16
5
7
7
64
4
13
7
1
53
11
18
34
42
17
9
11
18
13
17
11
6
8
10
12
7
11
3
11
15
50
13
11
25
18
13
8
4
1
10
31
14
9
1
14
11
24
37
31
29
7
13
8
1
5
16
48
11
17
5
5
8
57
10
24
15
13
11
11
10
7
14
9
11
7
3
19
100
11
15
170
14
28
9
17
22
12
7
3
53
11
1
17
79
66
14
17
30
9
5
15
5
19
4
1
2
7
12
125
30
10
12
47
10
79
14
8
32
6
12
19
9
11
1
3
2
52
9
17
12
6
15
13
4
10
10
1
7
5
1
129
235
87
37
56
173
37
67
20
52
15
25
11
9
14
26
17
20
26
9
24
6
5
60
17
21
20
16
17
19
18
8
22
6
3
12
5
1
10
68
13
13
12
20
6
15
15
11
11
7
13
30
16
17
6
42
40
36
15
10
5
7
6
4
56
128
70
29
22
36
7
6
1
1
62
155
31
38
13
24
16
23
17
17
7
9
17
12
7
1
2
25
23
42
28
11
52
17
5
45
9
16
10
16
12
19
6
2
1
25
55
25
32
12
13
14
12
2
30
31
38
10
61
14
10
12
11
7
6
15
7
61
13
6
17
28
19
26
42
13
35
26
16
14
5
2
14
12
8
10
10
1
23
20
19
14
17
37
38
16
17
6
8
27
15
5
14
177
20
72
29
114
22
46
9
20
14
11
54
18
12
29
20
9
9
29
60
10
5
13
12
9
15
9
10
128
100
36
10
10
42
13
11
9
3
1
69
27
79
17
26
14
23
4
9
8
5
2
88
11
20
37
48
46
16
3
9
10
8
69
41
3
20
10
15
9
48
39
10
8
15
5
5
4
4
3
19
17
36
31
72
11
8
127
7
33
13
25
14
8
2
1
9
3
1
166
32
8
8
18
53
9
14
36
14
6
13
10
9
1
19
6
11
10
8
29
29
22
21
7
22
34
20
15
6
41
13
47
20
12
13
12
11
18
1
9
95
40
8
296
9
12
17
19
5
1
14
8
11
16
8
16
13
4
9
9
14
14
28
54
8
11
1
10
2
11
1
167
8
61
12
9
13
16
433
80
14
19
34
14
9
18
16
16
13
6
13
2
1
337
120
28
121
29
20
7
14
23
17
20
4
14
9
7
19
11
7
10
76
9
22
436
14
32
42
45
33
15
6
10
19
13
9
3
13
1
49
10
111
83
25
31
20
27
11
4
30
32
12
14
11
10
26
9
6
12
7
12
5
3
1
35
19
14
10
20
25
11
13
11
25
9
2
4
182
29
106
48
36
47
3
24
16
23
15
13
18
24
18
6
2
15
10
16
13
11
12
6
12
15
21
29
5
11
16
16
6
20
28
49
12
20
10
12
21
10
34
8
13
13
13
17
12
1
8
1
282
15
10
21
17
62
55
115
10
13
38
20
25
30
11
15
15
33
2
6
37
45
13
7
19
10
12
10
28
3
8
20
1
1
73
28
119
18
165
27
19
7
15
18
13
8
9
1
85
48
27
24
62
21
9
31
32
22
16
21
12
12
6
31
37
101
8
23
11
27
11
18
14
1
7
14
16
42
35
79
13
72
8
68
13
6
32
19
17
14
14
17
8
17
7
7
10
15
1
13
16
10
10
9
2
10
3
2
135
72
24
4
47
33
16
39
12
8
13
3
25
6
14
9
15
13
5
42
143
24
19
15
31
7
24
9
17
5
7
1
574
179
51
13
9
13
21
13
12
4
23
12
16
14
80
73
22
9
11
13
23
4
14
12
22
5
7
6
8
4
3
1
2
194
26
59
7
16
25
14
3
2
6
78
183
37
10
24
31
15
16
19
35
10
10
2
5
1
34
82
39
33
31
73
24
13
58
14
10
5
9
7
1
4
9
59
79
12
26
10
12
17
9
3
5
3
23
19
20
9
70
14
49
33
28
28
40
16
5
14
32
8
6
12
7
13
10
8
10
5
1
8
49
61
16
30
17
16
11
36
8
15
9
9
12
18
13
11
11
18
14
1
1
1
148
10
51
22
32
28
9
14
16
8
6
13
1
23
6
27
90
51
15
48
22
9
51
14
30
1
16
19
22
4
1
17
27
47
12
13
10
3
39
132
12
29
199
9
13
16
23
13
9
12
12
8
1
1
18
34
11
12
6
12
18
7
9
12
8
1
5
1
66
60
35
78
35
38
16
26
5
10
15
10
10
1
12
17
50
23
18
15
9
59
28
22
10
1
17
14
8
15
38
10
7
11
15
12
7
8
2
9
3
1
74
11
14
14
12
8
8
1
518
30
61
9
36
13
16
8
6
1
36
31
17
20
18
28
38
12
16
16
5
29
10
22
7
1
1
11
4
15
11
10
17
20
13
7
4
12
16
3
161
367
74
20
55
32
22
28
10
13
10
9
11
11
6
2
5
10
5
162
16
256
9
12
17
9
19
24
18
31
23
30
21
36
4
23
15
13
10
6
1
43
22
11
15
23
54
16
20
19
110
10
6
24
12
18
14
15
1
70
51
21
14
9
3
22
15
15
16
4
13
12
14
7
11
15
12
1
18
147
49
119
33
40
12
34
65
62
18
21
4
31
32
27
16
30
13
10
2
66
602
19
7
53
11
130
17
39
20
28
29
23
5
15
14
9
1
4
18
1
18
16
119
22
29
6
20
9
8
8
14
56
31
8
20
39
16
17
4
9
8
11
9
46
15
189
86
1
27
18
76
5
7
3
22
10
10
70
58
8
76
12
74
13
11
3
18
21
1
2
11
9
12
38
11
49
10
32
9
14
14
8
74
8
28
22
24
14
12
2
20
14
15
5
3
1
16
41
35
10
18
22
35
16
13
5
5
13
10
9
7
300
18
113
54
25
26
11
27
5
1
12
6
48
31
15
27
27
18
14
12
10
14
220
7
11
11
9
9
6
23
38
9
11
7
3
11
8
18
4
50
13
54
16
19
35
4
11
11
17
4
12
13
6
4
60
19
19
56
27
15
18
26
21
51
24
16
17
12
24
1
10
16
59
18
16
15
10
30
8
17
30
10
2
27
28
26
31
362
11
11
7
23
55
15
8
18
8
12
9
12
1
2
65
76
30
39
17
14
10
12
27
24
23
44
26
6
11
8
10
10
2
8
11
13
21
25
17
28
15
63
16
15
7
35
7
12
19
5
13
6
1
32
96
29
49
19
14
13
64
31
15
11
20
7
3
1
42
17
12
33
17
14
9
3
11
13
365
10
60
22
37
60
109
6
2
18
15
10
8
4
2
1
114
213
65
68
77
7
16
24
14
19
6
20
7
2
1
1
2
26
20
10
67
12
34
27
47
34
40
16
6
35
9
18
9
14
18
5
1
1
21
33
12
12
4
17
7
10
13
12
14
12
91
246
143
152
55
13
73
41
16
45
16
11
87
15
16
8
19
14
15
36
10
42
34
14
6
13
7
16
13
10
60
20
2
11
7
26
6
132
29
16
361
9
11
12
42
31
17
4
4
9
7
7
12
26
9
37
8
14
20
13
8
7
9
7
11
11
1
19
23
15
98
13
14
11
13
15
13
13
15
4
12
5
15
7
10
10
1
17
16
11
6
27
30
11
12
22
16
10
106
52
9
37
33
22
11
15
4
25
9
37
12
1
1
1
2
14
21
27
10
12
13
10
18
12
82
17
25
8
15
5
11
10
8
4
5
1
27
69
14
43
8
22
25
32
12
14
10
12
7
14
16
35
14
8
6
8
1
12
67
37
151
13
9
10
72
77
15
12
3
16
10
25
8
1
4
20
39
46
6
11
12
12
8
4
8
9
28
7
11
3
18
11
15
1
27
33
13
19
19
18
6
14
8
20
14
16
25
28
6
18
3
3
47
77
46
10
2
3
13
17
13
9
9
10
14
20
2
1
40
13
118
28
10
8
15
26
1
10
11
22
12
51
56
11
10
12
13
8
6
23
12
10
8
11
15
12
14
13
5
10
1
1
14
30
18
236
54
40
22
29
13
13
31
7
7
5
8
220
36
38
21
25
19
8
5
1
9
102
20
14
23
6
15
12
10
8
27
9
13
28
12
9
20
9
8
126
14
19
35
24
51
11
39
12
25
1
12
9
6
2
1
284
28
7
11
20
6
19
20
2
10
33
21
10
19
21
26
15
11
9
28
7
13
12
6
1
9
4
17
5
2
113
29
15
19
6
21
15
1
36
47
278
19
37
13
44
36
36
12
18
22
10
10
11
11
19
9
19
4
25
94
12
30
9
12
24
17
6
5
4
4
8
8
15
19
11
15
16
23
17
27
11
34
17
10
18
8
10
66
106
23
66
13
19
6
8
6
12
19
2
6
3
6
6
1
1
7
6
10
121
87
10
11
17
29
27
18
11
8
11
10
15
244
28
48
14
12
17
6
17
12
12
15
43
14
17
7
7
4
1
8
10
78
80
22
9
2
14
7
10
9
6
21
5
3
7
77
43
21
25
37
28
16
13
15
9
29
12
33
6
28
21
30
21
4
14
10
28
12
33
21
10
10
11
23
177
9
229
61
55
37
14
11
9
9
12
192
143
66
40
302
41
153
138
20
19
16
19
11
26
33
18
30
56
17
17
30
13
25
34
11
25
13
13
2
16
155
19
35
51
23
13
2
9
8
9
10
11
5
5
14
4
2
1
3
1
31
20
11
23
15
6
53
7
5
36
6
9
20
17
18
10
6
13
4
7
7
8
10
25
18
4
14
14
9
7
11
8
13
1
6
15
21
13
14
8
4
7
8
11
12
8
9
1
26
54
66
39
14
15
36
9
51
28
40
9
37
15
15
13
14
8
12
9
20
20
13
1
162
32
9
13
19
44
42
18
40
17
19
6
30
5
9
5
18
36
21
39
17
8
13
14
11
8
11
14
6
12
44
13
114
18
27
21
11
23
4
3
13
9
1
1
61
22
1
14
8
14
21
37
41
158
12
50
26
20
23
34
19
8
1
310
22
50
25
155
27
41
74
14
19
30
12
13
7
1
8
1
39
20
15
11
69
19
7
17
11
11
3
10
1
13
217
54
23
28
39
34
9
8
17
22
12
5
2
8
41
50
19
91
25
61
8
28
25
16
25
5
8
12
5
8
3
4
10
25
30
74
7
38
13
25
24
8
9
16
18
8
19
7
8
21
13
34
63
16
30
15
12
6
15
9
5
8
10
6
8
11
8
1
19
6
34
9
57
20
7
25
12
10
4
9
2
1
37
17
11
18
111
9
4
15
5
10
11
12
8
7
6
10
6
1
34
204
259
33
16
9
59
38
10
38
10
3
9
7
5
1
6
9
58
30
26
88
70
10
12
22
39
9
10
13
7
10
10
12
24
7
24
15
29
18
14
28
9
4
11
44
50
46
26
10
11
27
13
14
15
3
10
1
6
7
8
5
77
25
40
10
13
15
9
8
24
21
10
6
9
4
8
1
4
2
1
1
24
34
14
37
15
14
5
12
14
9
42
14
21
28
20
12
19
26
11
22
3
23
41
48
28
11
1
63
18
19
69
17
23
18
18
25
24
14
10
4
18
22
35
42
23
19
21
11
16
10
4
4
8
4
1
206
13
11
9
7
12
4
20
2
12
7
15
3
4
61
95
35
6
36
27
11
19
9
7
8
12
50
175
46
33
12
15
18
38
24
17
17
12
18
30
7
13
10
8
5
15
106
41
32
35
5
12
16
11
14
7
8
3
16
7
20
38
116
24
73
11
13
4
14
1
11
20
8
8
6
16
18
41
6
15
11
23
19
9
13
6
12
9
10
20
10
10
8
2
13
25
12
9
21
27
13
5
8
16
9
26
9
1
18
6
10
55
34
31
20
51
21
4
24
24
27
7
13
14
18
1
14
32
28
44
318
76
11
15
26
19
49
24
12
14
26
9
9
11
8
10
12
18
30
9
12
44
14
21
21
20
10
1
12
8
16
9
10
11
4
22
22
18
20
11
8
9
56
21
15
15
9
6
2
1
483
8
44
13
45
10
6
8
3
21
12
15
9
1
36
15
15
13
19
24
8
6
7
13
20
35
30
19
46
17
15
34
28
15
27
8
27
6
16
7
6
4
10
100
24
12
24
12
13
44
22
12
21
12
43
19
9
11
12
6
13
8
8
2
2
2
120
248
21
7
7
4
19
6
8
2
5
12
1
9
2
32
93
10
12
13
15
41
8
14
3
2
13
23
29
122
19
4
9
3
16
7
26
10
1
16
13
15
24
10
1
10
1
1
1
186
15
14
70
22
15
15
17
10
15
20
7
37
19
15
13
2
2
7
1
7
5
1
1
167
694
21
10
24
22
12
5
8
24
61
7
15
18
34
27
33
18
21
25
22
16
10
7
9
20
52
6
19
93
57
14
12
31
35
19
2
4
25
24
10
6
2
1
35
9
8
7
36
8
30
6
13
13
107
41
9
55
17
13
16
17
9
4
18
13
7
14
6
1
77
15
6
13
17
21
18
47
11
9
10
9
18
7
18
8
10
1
1
1
333
65
11
118
17
6
25
14
13
7
7
15
17
9
10
133
21
43
51
22
18
5
14
31
15
12
10
3
1
116
10
16
32
9
22
16
7
17
14
2
2
10
20
8
50
11
139
29
15
12
12
25
26
37
11
10
11
6
16
8
9
7
1
1
14
39
8
30
15
45
9
49
6
16
17
8
3
1
1
25
84
17
20
11
17
18
35
15
30
14
27
15
31
3
7
11
6
8
24
8
18
5
1
1
16
12
13
16
22
13
7
30
33
14
11
39
21
14
12
13
10
7
1
17
33
54
19
10
9
91
16
46
20
36
8
11
10
16
20
6
8
7
8
2
14
308
18
77
67
92
9
24
15
17
19
47
20
4
12
13
10
9
8
12
18
1
6
35
19
63
13
94
22
9
16
14
13
7
10
2
43
17
64
25
27
16
34
6
13
8
6
12
12
8
9
2
3
4
10
14
39
25
10
11
14
20
9
72
22
20
11
16
12
11
4
7
1
45
10
30
28
26
10
18
15
25
26
14
16
13
7
9
8
1
4
14
7
31
9
22
6
12
14
9
5
40
68
23
44
12
32
11
8
11
9
2
2
7
7
1
2
8
155
30
112
34
18
12
27
30
25
10
21
14
17
18
9
12
1
214
42
31
17
42
13
25
35
11
5
8
5
85
26
33
17
51
25
34
8
7
5
16
13
15
33
9
24
12
12
13
44
24
33
24
12
15
6
17
25
18
7
20
34
16
21
32
13
3
9
15
9
11
13
44
18
18
83
10
16
5
12
1
4
3
29
116
30
6
11
108
21
11
20
18
11
10
23
3
8
16
18
6
11
14
21
60
31
25
131
16
11
23
10
12
9
7
2
3
4
4
1
26
49
36
11
10
10
21
15
9
10
43
13
3
42
43
20
20
16
21
18
11
9
17
18
13
13
11
2
11
7
1
4
20
1
26
13
20
13
13
12
10
22
10
22
13
11
15
11
1
12
397
144
14
33
24
11
14
18
12
20
12
22
5
32
23
13
52
24
10
13
20
28
158
31
31
6
7
32
8
20
9
14
18
16
1
21
12
15
17
7
56
19
28
32
2
19
8
8
2
2
48
41
11
8
8
12
16
7
7
1
4
216
87
15
42
29
7
11
12
7
13
1
9
12
28
30
10
19
13
7
6
1
1
26
29
22
30
22
13
14
14
12
8
15
14
11
1
11
50
6
6
29
9
30
22
21
11
10
6
9
9
13
14
19
82
30
6
11
16
8
7
2
3
1
106
39
36
6
12
25
18
11
41
6
67
12
9
14
3
11
2
13
1
39
32
4
19
27
17
13
8
9
11
14
3
7
1
1
1
40
66
26
40
10
45
12
12
17
9
14
17
1
8
16
12
17
2
46
18
8
6
6
4
4
14
12
8
6
1
1
19
144
8
14
8
13
40
34
10
5
12
10
20
58
14
22
38
35
13
27
10
18
3
12
15
11
9
9
13
15
17
8
22
16
26
10
6
12
31
20
4
9
4
46
14
38
14
18
14
8
3
9
16
22
18
11
7
2
4
1
49
30
10
10
134
30
46
8
27
33
6
8
13
10
8
23
11
10
133
129
18
14
14
23
13
17
13
24
12
10
3
27
87
37
45
14
3
12
13
10
18
13
6
17
11
5
6
16
67
21
8
22
11
42
18
16
9
9
10
10
1
6
6
16
23
38
43
16
6
16
10
12
9
12
5
11
11
7
156
15
31
16
18
12
5
36
13
30
24
10
13
6
12
12
9
29
10
19
14
7
23
80
20
21
14
21
18
16
23
24
22
9
1
16
15
11
3
29
29
12
89
15
14
17
13
6
30
15
14
56
31
41
10
12
13
8
14
9
1
7
4
5
13
31
23
51
19
6
11
9
3
11
19
13
9
13
8
7
12
6
13
13
4
11
2
85
73
20
16
18
16
14
8
3
15
6
17
16
133
106
96
22
20
16
9
20
35
29
20
8
20
20
5
9
11
12
15
33
19
25
9
29
20
39
20
11
8
7
4
121
15
16
25
12
11
8
10
17
10
1
8
37
18
1
9
1
8
12
12
61
50
7
26
32
22
9
8
13
4
6
5
1
1
16
50
18
30
20
19
11
40
23
3
10
9
6
19
7
12
8
7
6
58
46
66
35
16
12
32
15
10
12
7
5
17
13
14
5
8
4
3
1
27
78
5
16
12
29
15
7
18
9
11
9
29
13
8
15
7
8
19
14
8
15
37
17
5
32
20
15
21
4
4
2
28
46
15
93
9
3
3
27
6
9
13
27
16
5
23
18
20
14
7
12
10
25
7
16
11
11
12
18
3
18
19
13
22
7
7
8
8
16
13
26
36
14
21
16
25
9
12
17
20
8
10
12
5
4
87
85
45
31
21
12
10
16
13
1
11
1
10
30
11
12
40
19
30
27
16
16
21
13
10
9
10
81
10
72
21
30
21
29
16
21
2
21
11
23
15
17
2
9
9
13
14
2
288
19
71
38
23
13
15
13
17
15
20
12
22
6
13
15
1
1
2
2
18
13
11
39
19
21
13
15
16
25
7
57
15
10
12
9
9
11
1
84
8
151
20
29
21
67
22
18
15
39
14
10
14
2
18
13
11
26
8
94
29
12
25
12
5
7
10
1
11
12
170
34
17
37
5
59
14
11
18
18
3
187
10
3
7
13
17
15
17
16
31
16
11
3
7
8
5
3
12
16
24
9
29
1
6
11
48
8
2
861
8
41
20
97
15
87
26
16
4
28
18
16
10
25
36
23
14
13
9
8
16
21
11
14
5
1
1
492
26
121
5
344
15
13
22
5
11
2
4
8
1
5
1
25
18
17
15
55
13
18
27
21
13
22
10
32
7
50
21
145
19
108
33
28
5
36
35
12
28
13
20
22
14
53
11
129
64
18
7
66
8
10
36
25
18
26
16
10
11
8
10
17
13
18
7
2
19
57
60
12
24
17
15
11
8
62
26
45
21
62
24
24
23
2
30
22
16
20
9
17
18
3
46
9
15
11
12
12
17
6
4
1
2
15
7
82
14
25
26
8
14
17
10
24
19
13
1
14
11
6
5
96
13
4
13
20
34
10
85
29
38
65
44
20
16
59
8
14
8
8
4
3
1
247
42
8
12
8
6
1
4
86
11
13
14
13
1
13
21
10
12
17
29
12
7
6
19
6
1
21
306
20
7
30
15
51
6
28
24
9
12
26
14
10
13
2
27
10
10
5
9
10
7
17
10
6
9
1
36
25
33
29
7
26
10
96
7
11
7
16
24
11
19
25
17
5
8
33
164
18
6
39
14
115
8
13
13
20
2
11
16
12
9
5
22
4
58
10
10
12
9
34
12
12
10
2
1
28
91
27
13
12
256
105
12
15
29
9
11
8
24
3
14
7
7
12
14
18
15
14
4
1
1
21
38
18
47
7
6
30
14
14
19
9
7
1
23
16
15
12
14
10
7
110
171
34
28
13
17
13
9
7
15
21
9
7
21
2
10
15
3
22
21
20
53
30
56
12
8
11
10
12
15
16
4
8
36
13
32
10
4
11
42
16
52
8
17
14
10
17
7
10
8
10
20
12
18
9
7
11
24
48
79
43
13
17
11
11
27
15
42
17
8
14
4
3
8
1
12
14
25
46
9
14
28
4
10
7
14
84
38
23
44
36
76
11
33
13
40
18
7
14
23
12
7
21
9
26
12
32
16
16
1800
10
46
51
34
12
18
16
8
25
129
454
22
75
12
8
18
17
15
21
10
18
11
1
18
6
327
23
21
12
26
9
18
19
9
12
28
24
11
12
14
10
5
4
21
10
11
18
15
12
2
24
14
10
13
23
7
20
3
13
987
69
140
37
98
12
32
7
6
11
1
28
12
16
14
12
8
1
68
274
70
10
30
36
14
25
8
7
10
9
6
16
13
10
115
3
10
59
7
2
17
20
2
15
32
15
34
6
5
50
18
19
10
16
8
14
21
9
1
11
1
401
17
18
29
11
40
60
1
12
10
31
15
19
11
15
14
5
9
3
6
1
63
93
45
39
26
31
12
11
17
13
20
10
14
18
13
12
9
13
12
1
41
2
13
18
9
13
8
11
19
7
6
5
12
11
8
16
13
43
21
82
9
15
19
10
24
12
16
28
28
18
2
10
8
3
1
826
46
115
18
31
4
70
71
38
44
30
56
18
17
27
12
5
28
16
12
19
10
12
13
7
13
26
18
19
14
9
10
2
1
2
1
479
121
17
99
29
41
19
17
108
18
7
30
28
9
10
5
6
2
1
1
60
33
133
40
14
5
10
13
17
4
80
41
5
7
12
16
26
8
22
9
13
5
9
13
21
5
15
8
17
6
17
13
17
15
12
5
3
1
39
25
137
16
8
28
6
17
47
20
20
9
5
10
1
1
2
37
106
17
17
18
28
5
10
35
1
8
1
36
40
68
11
69
49
32
18
11
12
5
29
13
10
14
9
10
8
1
28
10
10
72
27
21
25
9
1
3
167
26
28
5
6
39
15
4
1
14
1
10
3
1
13
7
14
29
18
18
12
11
14
70
14
8
5
18
8
6
12
7
19
3
228
9
18
15
47
24
41
41
7
39
23
54
50
33
21
99
9
17
19
10
20
28
7
29
19
21
16
18
12
5
16
3
17
13
46
32
30
22
33
3
16
90
16
7
7
9
8
98
24
54
16
10
10
518
9
18
57
26
9
11
15
7
37
18
23
15
14
14
11
7
10
2
2
15
31
38
13
17
41
14
35
12
39
13
5
34
7
8
19
4
8
12
86
24
15
15
39
15
16
10
12
7
11
20
11
3
1
1
7
6
10
10
45
20
61
12
13
10
16
1
198
34
9
30
32
11
17
12
18
4
2
3
13
6
10
11
380
57
43
25
7
18
83
9
13
18
25
3
1
50
22
15
16
25
23
7
6
16
1
34
41
5
29
8
11
15
9
1
13
29
43
30
10
11
8
7
6
1
27
31
7
59
17
16
25
12
18
9
13
3
7
23
4
63
10
16
7
13
35
11
9
7
19
13
6
16
19
10
21
22
30
17
9
28
11
18
8
20
34
10
11
37
3
14
16
12
6
2
1
1
1
205
21
65
19
31
14
16
30
9
10
11
17
8
12
8
7
4
1
54
7
16
9
33
13
20
7
9
11
5
58
325
12
30
20
27
7
18
13
10
7
1
13
22
19
32
5
23
29
22
14
17
9
15
4
8
19
2
2
1
18
225
21
21
44
22
50
19
13
23
15
7
6
11
14
10
12
8
13
11
7
55
45
33
26
23
179
88
12
3
54
22
1
13
11
11
52
2
1
32
29
16
14
12
12
41
16
13
9
7
8
3
279
12
20
27
28
17
9
16
13
18
34
3
13
17
17
11
10
202
12
25
30
16
14
34
32
12
13
1
50
17
25
36
10
12
8
17
18
6
24
16
14
53
8
30
11
7
17
8
15
15
3
1
2
46
24
6
304
17
80
146
13
12
24
15
14
2
14
27
25
53
18
12
1
1
28
57
92
30
86
20
9
28
16
3
12
8
4
621
13
32
101
10
87
28
29
14
9
13
8
37
7
13
15
96
23
80
5
17
13
16
16
13
46
23
4
35
10
1
17
21
13
39
23
25
20
65
17
11
7
11
5
14
7
5
8
22
62
21
46
13
8
66
24
8
27
13
7
6
22
12
7
7
14
22
23
57
10
15
20
16
8
17
13
5
23
32
6
10
6
10
8
24
25
58
36
24
21
25
17
19
11
6
7
1
22
13
24
16
8
24
7
30
14
9
10
6
19
5
10
10
1
42
53
25
45
12
16
13
12
12
12
7
10
10
4
19
8
69
85
29
13
18
14
20
10
11
14
28
12
10
35
11
14
11
16
12
8
8
2
47
32
51
34
20
26
7
38
8
18
30
10
18
13
24
8
11
13
8
6
33
8
5
11
12
1
3
25
12
18
13
13
10
14
7
23
20
5
9
8
2
6
13
2
8
4
6
300
112
12
18
35
11
22
17
12
16
16
10
9
12
8
2
19
30
20
33
13
10
20
6
1
13
31
23
7
15
17
2
8
1
71
8
33
18
16
21
25
24
8
14
1
10
11
15
1
1
1
255
19
51
13
30
65
21
18
17
8
3
6
20
7
7
2
13
15
24
135
11
12
10
9
8
20
10
17
2
12
17
7
3
6
14
17
15
10
10
14
14
11
14
5
6
10
42
68
14
12
28
20
24
4
7
20
8
10
9
20
223
26
17
51
50
147
56
58
26
32
21
6
6
13
42
14
224
6
30
10
15
16
13
33
8
9
2
7
8
1
15
23
49
34
17
20
14
9
6
11
10
14
10
187
44
12
5
18
10
19
3
15
14
6
8
5
4
994
75
81
31
12
13
6
11
60
57
15
10
27
10
14
19
9
12
4
22
9
45
17
35
19
13
15
13
38
11
8
1
8
3
17
152
116
9
48
11
14
27
6
26
9
10
17
26
8
18
11
1
456
1084
14
38
77
17
10
38
10
138
13
7
30
12
28
17
39
30
14
12
6
18
4
9
14
82
135
13
34
8
32
24
11
8
11
1
16
34
26
27
67
11
8
11
9
8
3
9
8
8
144
42
12
18
7
28
27
13
20
11
8
4
19
10
3
9
19
21
3
2
11
7
4
18
16
17
26
41
46
12
11
16
50
4
39
20
4
9
8
8
2
1
9
10
10
11
13
33
13
1
2
300
15
13
16
16
12
8
13
21
6
14
11
13
32
145
49
10
43
187
44
107
6
14
15
43
80
12
12
21
19
17
15
39
26
31
25
13
8
9
19
6
17
10
14
27
9
62
34
17
21
8
9
10
15
14
4
2
1
14
27
66
16
37
7
14
16
19
11
21
8
5
2
8
20
13
6
19
3
2
40
22
7
22
23
12
27
13
14
19
17
14
10
9
10
1
1
107
10
23
46
17
14
40
7
10
10
15
17
12
3
19
6
11
16
372
40
7
42
22
17
8
6
12
9
6
11
12
15
28
9
26
14
11
40
14
21
6
20
6
13
16
25
12
23
7
10
12
23
2
146
17
193
26
12
9
13
8
9
8
17
18
10
13
6
1
28
79
20
17
74
54
17
21
10
31
10
10
32
9
8
12
16
14
244
48
23
72
46
11
6
19
12
16
14
15
13
13
6
5
81
107
109
24
14
27
13
8
17
14
10
32
35
13
29
15
16
10
19
13
6
8
6
5
3
50
43
14
12
47
9
11
14
13
86
7
30
6
11
8
14
7
7
149
69
60
35
71
7
24
15
9
24
15
13
10
17
10
11
1
36
11
21
15
17
25
13
22
18
10
2
7
23
25
19
7
14
19
50
15
19
115
19
12
15
15
12
22
14
6
7
514
13
556
72
13
7
28
5
24
11
8
24
12
11
11
13
9
5
5
1
57
10
269
14
16
13
18
27
9
16
13
11
12
9
2
15
9
9
46
154
28
18
22
8
14
16
16
8
11
6
2
7
48
22
21
48
3
24
7
10
15
211
11
179
16
161
30
92
27
21
23
23
11
18
26
26
6
13
10
12
4
1
10
15
10
17
9
20
19
12
23
8
8
11
10
8
13
12
2
1
25
12
8
63
42
29
12
14
20
18
11
6
14
26
25
44
11
59
9
12
28
15
31
24
32
13
7
21
12
10
6
8
1
1
22
15
14
27
12
15
23
8
25
74
18
13
7
15
6
9
16
7
22
21
31
12
16
10
36
15
9
1
7
13
6
1
11
40
2
9
369
13
61
22
7
16
10
8
7
9
9
19
93
27
7
16
8
11
15
19
8
7
13
6
1
17
168
55
9
11
11
39
19
23
12
5
2
16
40
41
12
27
22
5
16
33
46
26
13
7
7
24
21
7
14
3
9
52
10
8
15
4
14
21
9
2
1
56
8
19
26
7
22
23
18
15
29
5
5
5
1
1
13
14
44
8
22
6
13
10
20
4
8
90
28
28
9
58
26
153
25
49
11
52
16
8
10
13
7
16
21
38
15
99
79
189
11
95
10
16
21
6
16
14
8
21
10
38
2
5
7
2
5
13
22
13
17
37
39
38
8
10
14
5
22
8
17
7
10
15
3
20
11
27
22
15
23
11
7
9
50
53
23
8
23
9
25
14
8
1
7
20
141
16
31
44
27
7
36
28
17
12
10
9
11
8
6
15
1
1
9
10
3
20
9
1
10
7
10
9
10
10
8
12
15
53
11
8
15
13
5
9
15
7
7
9
27
23
11
15
10
21
38
17
21
14
6
8
2
9
7
11
4
1
57
54
10
26
6
15
11
11
20
22
36
4
11
23
2
3
4
138
15
11
11
11
29
11
8
7
10
8
4
1
2
2
31
8
10
16
37
6
22
9
11
11
4
605
25
62
18
35
10
48
12
17
9
26
22
4
11
6
5
9
22
29
30
11
9
16
22
61
13
22
27
12
10
7
2
11
12
13
6
18
13
8
14
18
7
1
11
22
28
7
11
46
22
23
16
5
8
21
16
1
10
24
26
20
94
14
13
10
27
27
8
16
8
19
8
11
10
12
24
4
10
11
13
11
2
1
16
78
41
17
7
19
25
12
13
7
8
11
1
41
73
12
11
17
15
11
13
9
8
1
1
37
42
44
18
99
13
15
33
17
15
14
14
16
21
8
8
8
3
5
89
18
1
12
10
7
15
15
42
10
81
21
20
8
13
6
8
6
24
14
8
46
3
8
1
10
17
60
15
10
13
15
15
9
3
11
1
13
8
19
19
7
23
18
15
3
9
16
5
5
10
1
2
1
17
26
50
38
11
21
64
7
17
18
17
8
5
16
1
8
20
7
33
24
8
17
47
13
11
11
14
8
7
10
3
58
80
16
34
6
5
17
16
30
8
9
10
18
27
10
5
4
37
41
8
77
9
25
12
20
15
20
5
16
19
35
26
15
16
5
16
8
14
13
7
3
195
51
16
53
45
15
10
23
31
31
12
17
21
37
9
20
5
16
14
24
98
6
28
28
15
11
4
11
19
15
5
6
9
16
1
15
14
36
34
23
6
8
18
30
13
1
12
11
6
11
5
16
14
28
18
33
6
5
50
31
5
9
9
14
10
62
27
39
14
5
17
10
42
10
6
9
14
7
102
32
160
12
31
14
50
19
16
13
15
19
17
18
11
4
4
12
1
14
439
16
13
10
32
23
16
11
31
26
33
17
6
11
7
46
8
28
18
18
1
10
13
35
31
20
8
10
13
1
1
53
28
162
16
14
19
5
27
30
11
6
2
1
1306
153
207
6
46
27
14
82
36
27
27
34
9
21
11
8
9
5
116
21
71
13
29
18
22
18
17
15
13
15
10
7
9
9
16
3
10
8
4
12
8
3
37
41
14
16
33
7
12
16
24
3
18
11
10
3
3
3
1
159
22
7
14
11
3
11
14
9
13
15
8
12
14
13
17
8
11
2
7
32
32
20
7
9
16
11
15
4
1
27
13
37
30
21
69
83
28
15
11
8
8
19
12
14
2
11
4
1
10
28
14
17
34
9
8
35
7
15
18
1
1
6
2
25
11
19
20
3
15
15
12
8
7
11
12
122
21
25
17
14
20
20
11
9
2
24
34
76
21
55
18
9
15
20
11
6
5
7
15
50
24
55
65
19
14
6
35
5
4
2
2
1
25
127
68
36
11
143
36
54
13
32
8
10
51
18
12
12
16
8
21
7
8
19
10
7
8
11
14
6
10
33
17
19
5
6
16
11
42
14
9
3
3
13
3
3
28
65
6
50
28
17
5
11
35
14
7
4
13
11
3
56
38
38
41
16
50
117
62
19
50
18
8
9
8
15
12
7
16
16
7
9
13
7
3
2
153
19
57
30
34
46
17
46
12
25
5
16
15
17
11
21
12
11
17
3
17
16
38
58
17
8
7
15
22
12
13
8
16
16
10
2
6
33
13
10
8
24
19
18
7
46
12
19
12
21
16
4
209
8
8
12
32
14
10
16
1
10
2
3
1
3
19
29
29
25
11
46
17
8
14
7
13
1
7
27
17
3
8
11
18
41
14
15
19
10
1
62
25
37
26
15
15
10
14
10
13
11
16
5
9
17
6
8
3
4
5
1
12
12
69
6
16
23
14
9
18
29
7
7
23
58
16
17
5
14
10
12
22
19
19
13
13
6
5
5
10
9
16
22
22
54
40
30
38
13
45
16
15
14
5
1
11
110
32
10
31
20
49
29
22
11
12
9
9
3
1
2
2
492
53
25
13
53
11
15
90
35
39
16
17
14
8
12
1
17
6
11
1
2
90
38
49
25
127
210
21
33
8
10
14
21
20
6
5
16
6
14
48
73
257
71
32
14
171
159
19
13
37
22
22
10
10
11
7
34
16
7
6
16
28
27
11
4
14
21
8
17
34
7
24
18
17
11
4
13
6
7
1
620
45
13
19
20
16
19
15
20
4
18
14
2
8
2
17
16
47
21
40
13
16
11
23
4
9
8
26
16
6
104
20
260
33
17
7
13
13
18
16
12
10
18
10
10
5
15
23
11
20
9
19
27
12
26
8
9
10
4
7
13
3
1
21
19
35
16
10
14
18
9
14
18
12
15
12
10
14
7
9
9
1
45
18
47
23
22
15
7
12
25
22
19
8
23
6
13
4
2
1
581
17
13
116
64
5
25
3
2
10
8
4
29
16
8
144
13
27
50
30
21
24
10
17
5
23
6
56
10
10
4
4
1
62
9
50
16
12
36
23
77
61
11
16
16
18
15
31
19
8
5
11
3
6
1
1
1
1
356
22
13
15
8
18
25
13
10
28
10
7
3
17
20
8
6
15
6
16
23
8
5
2
2
30
29
33
9
28
44
10
4
9
10
4
9
9
39
59
71
46
17
41
64
30
25
15
24
23
15
8
3
13
3
7
16
30
38
39
53
5
27
45
5
17
21
10
11
23
136
39
87
95
10
9
11
9
20
1
5
5
7
6
14
5
27
11
30
22
9
14
9
26
17
7
10
14
6
12
8
10
3
1
357
9
110
15
13
23
9
15
19
20
8
13
3
4
197
241
20
41
17
26
103
16
15
18
5
19
9
12
12
26
7
8
5
20
10
18
10
2
49
30
21
23
12
4
18
18
19
8
9
7
1
7
31
57
23
52
12
13
15
13
17
25
13
6
51
86
21
57
7
17
9
16
14
10
37
65
22
17
9
17
2
6
21
4
2
5
31
24
30
8
9
23
8
14
21
11
11
3
14
2
12
1
10
30
16
7
16
26
9
29
11
15
4
2
71
8
38
108
14
51
58
1
7
14
14
11
11
13
34
6
11
8
10
8
14
56
17
65
8
38
24
24
17
51
10
21
14
9
4
8
9
1
68
12
23
30
3
1
7
15
17
10
7
16
22
9
24
21
140
95
14
11
17
11
5
9
13
11
42
3
64
54
12
9
13
11
13
15
24
4
19
171
18
18
33
52
33
21
18
9
25
13
23
17
15
9
14
17
15
25
22
13
12
13
11
7
18
40
4
8
9
3
56
44
25
10
100
40
18
37
9
8
2
17
10
4
11
8
8
2
2
1
17
76
104
43
15
49
42
13
14
33
36
16
15
18
18
4
14
12
165
27
10
58
11
19
14
12
13
11
10
12
2
1
1
55
62
69
33
80
7
21
42
16
23
9
10
10
10
5
2
15
18
75
20
95
8
16
21
16
17
16
9
15
7
4
14
12
8
1
6
12
7
29
35
10
28
13
8
10
5
21
12
17
6
19
6
242
46
12
9
5
32
14
12
13
16
1
28
5
270
20
48
19
15
15
12
8
12
6
21
7
13
11
17
1
101
138
31
65
90
14
7
8
14
7
5
16
1
17
6
4
1
34
36
48
7
12
13
2
15
10
23
9
8
12
11
25
7
2
7
76
15
15
11
14
10
15
10
3
14
41
11
10
29
13
16
15
20
16
2
1
112
30
2
10
18
32
14
11
22
25
12
13
12
13
32
31
53
7
9
3
25
11
4
12
9
16
10
2
38
15
8
7
29
38
6
13
6
13
9
1
139
31
28
9
30
25
10
12
11
14
12
11
8
8
37
16
8
30
14
32
7
10
16
5
6
14
7
2
8
1
14
23
29
10
15
39
17
8
32
16
12
48
6
41
12
7
6
12
2
75
28
8
23
15
7
19
32
13
9
13
2
8
1
4
10
83
76
33
30
61
15
16
20
14
10
20
25
14
38
8
5
8
33
26
5
13
45
11
6
30
12
1
9
47
12
31
16
12
16
30
20
12
12
10
20
29
15
18
3
32
18
12
7
22
17
10
18
8
17
2
1
130
108
15
10
18
78
11
13
44
148
58
81
81
20
31
29
14
13
15
14
52
20
15
3
14
3
1
46
32
7
19
19
52
22
11
13
12
4
1
11
36
26
31
7
23
12
11
10
22
17
21
6
25
17
15
15
10
72
18
46
30
14
19
18
18
15
13
8
19
15
1
13
8
9
1
7
38
19
18
17
12
9
11
13
28
11
5
4
1
27
22
45
23
11
15
19
8
10
2
102
15
36
27
21
6
33
14
21
7
13
6
14
10
4
5
1
18
29
25
28
14
42
10
9
11
4
9
9
7
3
102
19
9
47
19
10
10
40
22
8
9
14
14
17
9
10
4
9
32
20
11
12
15
14
19
12
11
23
15
7
13
7
42
11
29
60
5
85
17
39
18
19
27
14
6
3
12
23
13
3
8
15
41
29
4
53
23
63
21
16
19
9
6
35
4
27
11
25
23
7
18
39
8
40
15
9
9
10
7
5
3
523
20
50
31
36
14
21
13
10
6
7
30
43
21
9
20
13
17
1
10
12
68
33
21
14
39
8
46
13
21
10
12
11
6
11
6
16
21
26
15
4
12
33
12
16
7
9
3
13
10
5
20
11
5
20
13
9
4
2
12
46
32
10
9
24
7
13
17
11
23
13
9
5
7
1
20
25
11
16
5
31
15
9
12
16
217
15
27
16
22
18
22
22
9
16
51
16
12
17
10
259
21
5
30
40
15
18
39
19
7
13
39
5
5
5
10
65
24
77
23
32
14
17
15
7
23
10
13
9
10
14
9
3
458
15
13
21
46
17
14
81
14
14
14
13
5
10
12
8
8
13
12
19
20
31
13
28
49
9
30
19
13
12
12
10
29
7
7
22
15
6
5
9
256
30
38
2
13
5
18
44
23
3
3
13
51
18
27
34
13
17
11
14
16
16
365
15
3
26
32
50
39
69
16
10
46
7
43
8
18
8
1
1
19
8
16
16
11
13
9
8
9
15
13
10
8
8
7
169
27
3
93
10
22
24
11
13
6
29
8
12
18
5
1
15
6
11
45
10
83
21
7
29
26
18
6
36
20
2
20
20
10
8
1
1
19
11
15
6
19
14
25
13
9
4
32
10
11
1
1
5
1
178
29
31
12
27
18
7
16
12
1
6
217
104
9
14
49
4
3
18
22
4
2
49
40
7
13
21
35
13
16
24
12
15
5
1
1
8
26
143
7
28
45
7
15
16
12
7
5
3
6
18
27
34
26
49
15
22
10
17
15
12
8
9
14
22
3
15
55
30
21
53
11
33
18
11
10
14
15
12
19
13
8
13
10
5
109
30
13
19
23
13
42
9
58
12
38
9
3
14
23
7
11
97
51
16
13
20
61
19
37
8
13
15
41
24
8
6
14
18
12
2
10
1
4
6
14
14
78
14
15
5
4
10
22
27
26
5
12
4
4
8
10
10
27
7
19
13
30
19
13
14
7
9
9
6
28
5
81
16
49
41
7
11
20
7
26
9
21
17
18
14
27
20
14
13
13
11
11
3
2
29
32
61
90
12
8
25
23
31
5
16
19
4
9
9
3
1
186
14
20
10
8
13
13
5
20
16
18
14
7
6
1
38
132
13
14
16
120
10
46
21
17
15
9
25
8
11
6
7
15
1
11
12
13
7
6
6
116
18
69
59
19
17
12
11
24
1
11
33
63
58
18
4
12
16
18
10
12
3
396
206
788
18
10
43
45
12
18
26
19
23
19
9
13
6
18
16
9
13
23
2
3
387
107
13
16
12
15
30
42
15
4
20
19
12
2
10
16
16
17
8
7
8
14
1
1
1
37
17
23
16
20
12
23
6
6
9
60
6
8
18
38
20
9
16
11
7
15
24
15
21
16
9
6
1
2
40
14
9
61
9
16
13
13
11
14
11
3
7
1
43
20
6
15
96
26
38
17
61
11
10
24
16
28
14
9
44
7
15
7
19
10
20
7
10
5
18
17
1
6
1
20
187
79
12
16
15
25
32
10
3
9
24
13
23
17
17
15
12
18
19
4
7
26
1
19
232
8
37
24
13
21
19
13
15
11
12
55
29
8
11
76
22
20
6
16
21
14
13
1
111
17
11
151
29
16
13
33
52
15
28
14
21
11
3
5
11
6
14
9
13
15
34
11
22
9
10
8
18
7
9
11
17
14
13
8
17
63
15
20
27
20
7
11
9
26
12
3
2
17
17
14
85
17
24
14
25
16
11
5
11
12
1
8
1
536
35
11
29
33
70
12
11
17
3
16
8
8
13
11
9
5
6
15
31
72
207
15
44
17
11
18
9
7
9
14
6
22
21
29
27
23
14
11
15
22
5
7
15
7
14
2
2
4
8
13
21
21
56
43
6
93
104
44
68
14
13
10
19
14
17
9
11
3
24
19
65
15
215
17
6
3
36
13
8
17
45
21
15
10
10
28
8
3
254
91
67
14
20
8
33
4
22
14
7
8
7
4
15
6
25
62
11
35
5
16
17
17
12
8
3
1
32
53
16
11
13
51
55
26
16
12
12
22
45
8
21
16
12
19
7
5
4
25
16
26
25
50
17
11
27
10
22
7
17
31
99
20
15
2
11
6
11
17
12
10
53
13
9
26
19
9
8
29
3
15
6
21
11
3
15
7
33
38
13
20
27
3
14
5
11
13
14
7
28
222
14
123
6
120
57
21
32
30
21
33
82
40
10
41
18
8
17
5
11
9
26
10
12
9
6
10
9
1
11
88
73
18
14
26
21
19
26
13
18
5
12
18
6
30
23
10
42
17
20
22
16
9
2
15
11
3
72
19
15
67
12
20
7
30
19
11
6
16
20
1
32
82
18
13
17
14
10
15
7
96
7
26
43
7
31
46
11
8
14
8
7
13
23
6
16
14
49
16
15
18
13
19
19
6
9
11
49
16
97
42
27
10
22
10
15
15
5
17
21
20
6
6
16
6
1
194
332
8
24
10
39
67
11
15
10
20
23
4
20
21
6
3
18
12
13
32
28
20
14
32
3
5
13
15
10
28
44
32
23
13
8
10
19
8
11
240
34
74
21
17
1
18
5
12
11
12
4
10
10
14
11
12
1
12
12
16
5
19
94
15
8
14
16
9
11
6
18
18
17
21
10
6
17
18
8
6
2
6
6
1
9
221
12
6
12
14
53
45
23
10
9
5
3
7
4
8
1
39
6
6
2
9
9
35
11
5
21
9
9
15
1
17
29
20
11
35
10
16
10
15
29
10
13
15
6
9
23
10
8
18
9
34
11
55
13
1
19
15
20
30
9
12
2
1
1
96
14
8
31
36
17
11
4
9
5
12
8
144
19
19
51
14
24
12
12
23
17
11
11
4
8
11
9
14
7
4
49
20
13
15
11
25
16
25
11
5
26
20
6
9
11
9
16
19
11
5
10
15
11
15
40
12
19
20
15
13
10
8
8
16
21
19
17
18
4
3
16
2
6
4
4
42
26
8
63
12
21
10
20
9
11
11
9
23
31
12
144
20
25
9
7
3
2
10
12
2
1
6
129
12
91
22
9
23
27
27
7
7
9
16
8
3
95
15
47
2
50
10
13
22
15
7
18
8
6
7
16
1
7
1
11
18
472
23
19
19
23
11
9
8
9
6
15
22
7
10
9
12
4
56
117
18
23
12
10
71
5
19
20
15
19
12
15
50
7
17
22
8
13
9
13
55
16
25
3
14
46
13
18
12
8
44
53
99
10
14
17
9
7
16
15
11
23
1
25
76
11
18
43
39
82
25
19
9
10
17
23
6
29
15
13
23
1
3
36
146
31
13
27
17
23
4
8
8
8
1
12
55
24
8
21
19
22
22
6
9
14
31
10
5
18
12
11
4
1
5
3
6
4
1
602
26
18
113
14
41
31
20
23
4
16
18
41
19
2
12
1
11
20
36
38
14
99
10
22
14
12
17
11
10
12
21
12
10
138
41
28
18
7
26
8
2
38
23
5
16
3
13
8
15
11
21
24
10
21
50
37
11
10
17
19
12
11
21
8
1
7
29
49
13
11
13
17
14
10
13
12
10
77
71
7
27
226
15
29
11
15
22
12
11
12
12
23
10
9
3
1
11
17
40
10
28
32
15
20
11
21
21
17
6
11
16
2
11
3
10
2
95
6
14
12
9
42
18
180
32
10
32
13
10
19
15
38
7
17
23
5
15
7
1
103
29
7
3
27
21
13
20
28
46
69
24
31
19
55
11
15
7
20
17
7
64
24
10
16
130
17
27
23
18
12
10
10
10
7
26
6
42
48
98
8
32
5
14
3
17
32
1
10
8
7
41
57
102
19
27
11
22
5
26
44
13
7
10
10
7
11
9
10
1
8
31
6
22
17
12
11
7
17
4
14
8
14
13
8
29
13
23
16
62
20
23
11
9
8
18
19
17
17
26
12
7
1
5
61
11
16
28
6
16
13
36
23
13
9
13
11
94
15
32
12
43
19
53
12
95
37
36
29
16
15
62
11
11
9
18
16
12
15
2
52
16
19
18
45
63
88
12
19
31
9
18
11
12
12
24
9
22
1
3
1
10
11
44
12
39
12
9
20
9
13
9
9
5
4
1
23
52
47
32
15
15
20
13
6
14
25
18
15
9
18
12
16
1
9
4
551
9
38
47
56
10
34
15
3
36
12
9
9
8
117
8
7
23
23
13
19
11
29
12
6
2
2
1
198
15
24
11
17
7
9
9
10
5
43
16
10
16
30
12
14
7
8
17
13
16
3
14
1
7
39
37
7
12
13
25
21
16
15
32
8
15
8
3
16
11
27
6
24
44
20
27
16
9
16
5
28
35
19
15
13
10
12
6
14
4
7
35
145
86
61
17
39
27
4
10
12
1
10
130
24
80
7
10
15
32
40
9
14
6
27
8
14
5
10
6
29
16
15
30
8
40
20
35
19
66
17
3
8
3
9
109
6
50
71
18
50
15
15
20
10
10
9
22
24
117
7
39
78
5
11
11
11
10
5
1
23
2
1
20
20
12
23
32
8
32
10
14
10
23
1
7
28
53
54
7
18
9
8
2
7
16
5
39
17
10
8
13
24
5
20
7
11
11
7
2
26
63
29
74
41
90
9
13
53
12
16
15
12
19
7
13
23
4
13
5
2
116
52
24
23
19
128
17
5
63
13
4
19
15
13
9
9
1
3
9
1
11
56
29
22
17
3
6
1
13
14
46
15
13
6
27
19
94
10
9
10
15
17
15
4
12
15
2
1
2
1
18
24
21
41
33
11
14
20
21
12
9
2
5
17
22
47
6
16
29
27
7
13
8
15
2
9
7
85
9
18
21
4
57
26
15
14
5
4
14
498
11
23
15
10
14
11
1
12
7
9
2
10
5
8
36
2
11
23
24
17
9
27
13
13
17
51
21
44
17
15
9
13
12
28
9
32
10
7
14
16
26
13
13
4
17
29
7
22
12
3
9
18
4
4
8
4
1
17
20
63
13
9
106
5
15
20
18
8
11
10
26
18
74
34
14
19
20
27
9
9
4
9
10
39
5
47
24
21
15
6
24
29
11
5
13
1
2
11
18
9
9
18
29
13
3
11
6
13
11
10
46
31
13
17
7
6
3
5
7
2
13
70
21
6
52
78
7
15
23
39
19
7
7
10
11
1
50
69
15
16
75
34
6
5
22
8
1
5
1
25
43
16
18
33
16
12
9
10
18
9
3
9
7
23
3
8
3
53
29
26
146
17
19
26
80
15
9
5
7
21
18
85
100
38
12
17
28
20
14
15
9
4
6
3
1
7
31
12
10
9
11
14
11
29
14
17
13
7
24
7
1
1
16
28
17
7
13
6
10
9
4
11
241
29
18
112
45
12
10
11
18
16
27
39
17
25
13
19
21
17
4
7
14
8
11
1
9
7
5
16
17
29
110
14
12
6
12
37
129
45
9
8
14
5
11
10
14
17
10
5
10
35
111
42
25
51
17
29
4
7
1
10
41
16
11
17
24
34
11
11
16
10
2
8
6
6
1
11
69
20
16
9
23
8
17
1
5
32
32
18
12
18
20
21
12
16
14
14
10
9
11
16
18
26
47
10
16
33
23
25
16
10
16
16
14
10
8
1
21
12
15
10
68
21
16
9
19
12
11
20
29
289
37
12
12
1
3
16
11
15
10
12
15
10
5
10
1
13
53
127
11
9
15
14
42
16
12
32
22
11
5
6
46
32
10
66
12
7
70
11
7
15
8
18
86
21
6
11
15
22
19
6
14
35
7
12
16
25
8
4
18
8
3
65
15
31
13
8
23
19
7
4
8
13
9
187
55
14
36
27
33
19
15
17
33
12
16
12
1
9
11
12
19
11
53
42
9
50
9
9
15
17
21
9
4
6
3
325
14
61
38
22
23
10
34
11
15
9
21
22
18
32
38
33
18
47
14
29
25
46
15
12
13
17
16
1
75
8
11
13
11
21
51
11
20
20
13
13
32
7
12
11
14
14
15
4
52
41
29
17
67
13
19
22
17
10
13
66
9
135
25
31
3
24
32
15
33
13
3
12
2
7
230
40
21
22
10
14
13
38
17
40
9
19
37
21
16
8
29
19
7
1
190
28
20
12
6
11
16
12
20
12
6
11
7
1
1
17
27
5
36
13
29
8
45
13
7
12
3
15
8
19
11
75
1
35
41
24
13
5
2
76
14
40
19
7
13
11
12
14
6
6
7
1
157
13
13
161
35
40
9
13
8
8
23
7
12
13
2
7
11
9
14
1
35
16
5
32
12
12
3
16
8
13
6
37
20
80
28
103
47
16
34
29
22
17
20
15
22
5
13
6
2
45
11
131
4
40
24
11
16
8
5
10
9
7
10
6
11
16
70
16
14
15
7
21
8
6
13
13
12
4
19
18
2
15
5
7
1
13
129
14
13
6
74
9
15
13
10
13
26
14
12
13
6
19
4
15
8
7
16
8
8
229
26
319
52
20
86
26
94
7
16
62
15
20
29
23
32
25
12
13
5
7
10
22
12
8
1
1
3
30
8
11
19
18
16
19
18
5
14
10
24
19
12
9
1
19
9
14
24
23
8
40
14
15
8
13
50
31
11
103
16
17
13
19
12
4
16
16
11
7
1
7
4
6
16
63
32
7
2
9
12
6
14
18
8
1
21
152
18
26
135
232
23
3
23
10
10
6
12
1
9
49
44
47
9
23
15
22
13
1
9
8
10
8
4
192
20
53
45
17
13
24
27
7
27
12
28
12
25
12
5
10
13
10
31
21
63
28
9
7
24
7
105
16
9
24
10
14
22
8
13
9
6
20
8
12
2
1
16
32
39
9
13
28
23
24
9
12
4
7
7
8
38
14
94
33
22
9
15
20
14
7
42
38
11
23
18
7
312
19
110
13
27
17
22
12
13
34
4
7
7
1
5
1
9
9
31
8
19
13
3
1
12
24
10
14
25
14
27
49
7
31
25
13
3
1
22
23
10
14
15
3
32
32
17
17
9
7
2
15
13
57
165
14
31
66
12
22
59
28
13
10
6
2
2
94
63
19
15
5
8
25
29
32
20
12
12
5
7
56
81
26
87
15
18
13
17
11
25
25
9
12
12
26
3
1
1
7
1
586
60
66
5
24
5
10
10
9
8
33
35
27
24
49
15
18
11
3
18
23
10
14
7
2
1
1
1
15
7
22
9
22
25
37
44
37
11
13
13
52
14
7
7
3
96
46
9
18
11
113
25
25
19
17
4
14
13
13
3
1
237
54
29
19
19
15
25
4
12
38
95
14
47
23
22
8
14
20
15
6
9
6
2
19
13
125
15
38
9
14
9
27
8
13
10
6
10
9
1
15
34
109
43
19
8
51
35
24
19
7
12
22
17
3
50
6
13
16
22
47
8
12
13
29
7
7
7
7
52
12
14
62
19
29
21
28
40
38
30
15
16
7
15
4
19
12
60
11
10
29
29
13
10
12
13
8
1
11
5
16
15
11
2
21
8
10
852
301
43
13
15
18
16
13
7
15
10
8
9
10
14
16
1
1
16
22
46
91
17
29
5
20
38
19
13
13
15
13
21
14
12
10
9
3
1
19
31
14
9
35
7
8
10
4
9
9
3
1
11
33
77
40
66
17
12
8
13
17
19
15
27
9
1
6
12
9
85
4
11
16
30
12
30
1
12
12
10
9
7
10
6
28
170
10
17
39
149
51
72
11
23
17
32
3
14
5
7
2
8
691
132
20
62
33
9
129
16
113
30
39
15
21
8
13
42
23
12
21
11
15
37
22
13
47
9
12
9
3
4
15
1
15
14
43
31
13
18
15
17
5
29
8
17
17
36
14
27
38
33
38
14
11
10
26
2
5
2
29
21
8
31
24
8
10
7
19
15
1
21
4
8
3
2
35
53
19
37
29
14
23
15
9
12
13
14
9
11
13
3
4
1
54
147
15
23
7
27
3
43
17
24
13
18
10
11
1
1
14
9
20
50
11
6
3
10
12
15
129
21
45
15
9
8
17
14
11
25
16
14
13
9
6
23
6
43
59
14
8
14
16
7
3
4
7
76
72
49
20
8
23
18
11
22
5
13
2
5
90
31
10
11
14
11
11
27
7
14
11
21
9
56
9
4
9
10
8
1
63
182
117
44
7
5
14
16
30
33
9
21
13
1
478
18
40
20
78
24
10
11
47
16
17
2
15
10
18
8
6
6
9
5
14
3
4
9
10
1
2
19
8
16
67
19
34
32
131
12
15
13
25
9
3
19
14
9
39
8
13
25
2
11
10
12
5
27
8
16
8
18
18
6
7
19
9
34
11
2
1
27
62
81
8
47
10
19
15
29
16
27
16
6
18
7
30
6
23
15
22
17
19
20
6
16
11
104
7
198
20
19
11
52
23
8
32
11
18
7
8
30
26
8
18
11
8
21
3
33
16
12
18
22
29
6
11
9
11
10
16
51
25
11
43
6
18
9
11
14
10
9
11
14
571
7
20
17
9
6
17
22
12
8
11
6
10
95
78
31
37
48
29
58
9
18
8
6
1
1
9
26
34
13
10
7
43
15
20
5
4
12
5
14
390
12
53
34
34
17
17
25
12
1
15
7
3
4
5
77
1
58
9
18
13
11
35
10
6
8
7
1
11
29
9
25
3
9
1
30
20
36
150
58
19
13
19
32
12
11
10
7
9
5
8
34
16
12
69
17
12
69
98
11
27
40
34
21
39
20
10
14
6
9
3
19
7
12
1
1
25
19
28
39
25
14
16
66
6
10
12
14
14
23
3
3
11
15
1
46
22
12
18
40
56
95
23
5
4
20
11
28
19
18
6
8
7
8
4
6
22
8
59
11
35
37
13
33
11
6
20
10
14
1
2
15
12
13
16
19
23
28
28
20
23
8
10
88
22
20
11
71
11
14
31
44
20
7
10
6
116
12
16
43
22
12
26
20
6
4
16
19
16
10
24
3
11
18
10
10
24
49
108
29
20
14
12
19
3
18
13
8
2
4
12
20
16
15
28
3
12
10
17
13
5
83
537
10
15
21
24
7
22
17
8
9
21
3
235
18
10
11
11
5
23
20
8
36
10
13
15
13
12
17
6
19
10
32
20
22
17
19
15
25
18
21
24
6
15
8
28
16
17
28
8
12
2
341
58
29
102
16
29
11
6
14
7
65
40
12
9
27
8
15
2
13
8
10
15
85
41
21
16
14
22
8
31
17
16
38
14
8
9
1
5
1
13
20
41
11
9
16
6
13
9
11
12
2
1
17
57
19
15
150
18
13
11
35
21
12
25
10
12
22
16
21
12
11
1
1
2
59
53
35
14
13
28
11
15
14
23
56
23
14
12
3
2
5
1
25
56
21
75
29
18
40
29
93
17
14
8
11
11
19
5
14
1
1
24
25
25
13
14
70
7
25
18
13
15
9
13
12
12
2
6
17
26
45
11
59
13
36
39
13
16
18
8
13
8
32
11
7
9
17
1
1
1
68
38
122
5
9
5
12
11
12
16
34
19
7
9
12
11
10
7
8
1
15
16
56
47
12
20
4
268
29
18
6
9
10
8
23
11
13
14
12
3
9
8
9
12
1
21
25
24
11
5
37
12
24
13
2
5
3
8
1
7
12
16
9
24
19
19
23
24
15
60
30
10
8
24
1
10
53
11
4
9
2
1
54
29
14
8
45
14
36
18
13
7
26
11
12
16
14
7
3
146
20
11
34
36
12
18
13
18
3
90
17
2
29
51
18
4
15
12
8
6
7
5
1
1
78
15
16
24
21
19
11
49
11
19
15
16
13
26
23
19
4
19
8
8
9
12
2
20
7
2
1
3
34
46
60
93
15
28
56
29
18
23
72
36
21
4
50
11
21
1
10
9
24
7
9
9
287
21
14
67
16
19
23
32
24
2
9
11
6
41
11
7
8
7
6
23
1
4
4
5
18
29
9
12
12
8
16
21
4
11
25
24
11
14
47
12
31
54
28
14
7
40
13
13
11
5
13
18
6
3
22
1
1
54
10
17
12
6
12
8
5
10
13
10
6
8
32
24
32
10
11
9
9
77
11
7
46
37
16
16
22
9
5
14
9
16
25
61
44
14
4
10
7
18
8
50
21
23
15
57
11
8
9
4
8
15
14
1
15
10
19
2
4
8
2
27
14
1
8
11
10
360
162
399
58
14
22
22
16
22
10
9
18
15
11
123
57
21
15
19
17
21
6
8
7
11
46
1
47
22
716
22
23
7
10
19
12
28
12
11
28
16
10
37
10
9
1
28
66
19
12
38
31
12
14
11
8
8
15
4
10
17
36
39
12
11
80
34
29
13
11
27
11
11
3
13
1
8
19
10
20
120
19
6
10
15
16
2
19
8
215
59
16
56
20
9
31
11
18
3
15
24
8
2
31
7
29
25
18
25
10
19
7
11
1
8
7
15
15
3
26
33
16
14
16
16
26
15
13
3
27
14
15
17
4
69
8
14
16
10
9
9
1
12
13
22
12
17
10
12
15
8
6
9
15
8
4
10
10
29
13
17
10
9
31
2
16
22
12
7
8
11
9
7
27
53
22
14
15
20
11
21
16
4
57
17
11
13
10
1
51
509
13
39
28
8
28
114
53
16
8
30
18
12
13
14
5
6
1
6
15
688
21
20
51
190
11
9
19
18
32
7
8
15
7
17
6
15
8
14
7
13
7
13
5
4
1
2
50
16
13
144
54
14
41
15
14
15
11
9
9
11
2
9
49
28
5
15
13
2
6
1
573
118
9
35
14
18
21
55
4
58
18
4
9
11
8
11
3
18
12
27
7
13
32
28
10
1
15
12
4
16
36
6
32
35
9
7
33
13
29
6
11
5
3
10
10
38
9
26
26
14
16
159
16
39
11
20
10
17
5
9
10
6
12
6
7
13
7
19
13
22
16
16
8
1
35
16
15
14
14
13
14
6
7
3
7
7
1
55
85
9
31
20
12
18
39
19
17
13
12
13
4
6
3
21
2
100
30
120
22
32
22
29
15
13
19
11
13
19
5
19
10
2
22
2
43
19
9
10
20
34
12
42
14
25
1
4
2
2
5
184
181
23
24
19
10
24
38
19
69
13
4
36
9
7
5
13
18
1
1
6
1
10
21
62
12
31
10
6
13
11
1
24
88
41
16
8
24
12
23
7
9
10
10
9
8
11
9
10
1
25
34
10
17
18
26
8
10
2
8
3
7
2
14
12
47
28
1
10
17
8
12
23
7
7
11
12
22
1
1
2
19
51
35
20
18
4
27
34
17
69
23
18
7
9
13
16
7
29
9
3
37
21
64
7
25
8
27
15
47
28
11
9
3
1
1
1
73
44
128
9
13
15
16
10
12
15
28
14
6
13
4
1
2
14
67
30
13
7
21
7
10
25
11
7
14
16
10
17
28
30
49
13
54
15
10
11
15
3
4
5
17
54
47
31
18
16
24
31
16
24
11
17
22
15
13
6
255
142
345
6
8
25
350
20
175
69
180
18
16
43
21
26
9
16
12
30
4
23
24
36
11
21
8
9
18
11
13
6
20
16
6
12
135
26
14
21
9
13
9
37
13
9
12
9
21
9
9
9
1
1
16
10
47
80
35
40
2
24
38
19
31
16
8
19
3
35
49
22
50
32
22
9
16
50
11
20
13
26
6
8
5
7
9
21
13
19
3
10
7
11
14
26
26
10
12
13
185
61
19
15
28
12
9
13
17
15
23
1
12
7
16
8
192
24
32
36
13
10
5
13
8
29
18
8
9
25
6
10
24
44
5
14
7
10
1
141
26
16
12
42
12
15
8
30
14
10
6
8
16
11
15
16
5
10
10
11
13
11
1
14
46
63
19
18
22
2
14
19
23
8
17
21
6
10
6
1
42
4
69
24
101
23
12
20
4
4
9
2
9
65
36
9
18
4
7
12
21
8
25
25
19
29
8
3
12
6
5
2
12
40
76
25
10
7
18
52
5
9
1
8
124
25
21
6
9
12
5
10
63
13
12
15
25
26
14
7
13
24
10
7
17
18
9
12
11
17
8
5
11
17
43
70
25
28
19
52
23
13
26
7
11
16
6
9
12
30
146
9
46
6
18
60
17
39
3
50
1
11
197
58
17
54
17
12
12
3
13
6
1
99
32
11
13
15
32
5
9
14
14
13
4
90
12
33
92
8
64
7
4
20
18
28
4
11
5
10
9
5
5
1913
13
77
15
1
8
13
23
12
8
6
8
1
188
21
45
19
30
37
7
46
7
14
16
29
19
17
29
7
9
7
8
5
10
9
4
14
27
17
15
33
14
11
23
13
2
14
9
56
42
67
22
23
20
33
54
9
18
6
10
11
11
13
11
1
8
1
1
2
36
71
52
38
5
35
16
6
9
27
21
6
9
35
2
1
3
68
19
45
40
54
89
9
1
14
8
17
3
3
18
6
13
6
1
23
17
6
12
7
4
7
157
64
26
16
19
21
13
12
10
6
6
6
6
4
2
62
125
18
16
18
26
58
14
13
13
19
17
36
7
8
9
13
4
34
14
11
16
19
15
15
13
10
20
10
15
1
16
15
11
33
8
39
7
34
11
15
14
5
33
17
16
13
8
39
36
12
8
47
11
9
22
23
7
14
16
44
10
10
92
65
5
17
15
7
18
16
7
5
10
8
8
172
23
1
7
21
14
6
15
16
19
10
6
7
11
1
1
59
26
14
112
13
10
9
21
19
20
13
2
10
2
10
31
14
7
14
13
20
6
26
14
14
18
9
9
10
162
192
12
4
14
27
8
7
28
10
26
12
9
21
40
11
11
13
17
12
11
30
28
14
5
17
16
17
9
6
10
224
26
46
20
45
12
13
51
37
11
37
12
25
14
1
4
10
37
5
9
14
9
16
20
10
1
12
5
8
10
1
20
15
99
78
44
17
24
35
11
15
32
25
37
4
6
1
97
10
11
31
17
7
10
74
12
15
12
24
10
9
21
16
10
8
7
6
3
2
2
276
31
104
47
11
11
36
10
22
15
18
7
7
18
39
10
16
15
21
23
11
11
8
13
22
8
17
20
3
13
141
14
38
15
10
7
51
11
17
7
13
10
9
9
10
12
4
17
12
7
7
21
16
31
282
40
42
33
14
19
7
23
9
20
11
7
9
21
20
1
1
1
16
13
9
38
24
5
1
14
24
7
10
27
15
28
19
11
13
18
11
9
12
9
20
46
2
2
26
38
58
34
22
32
24
17
19
20
9
14
13
1
97
31
28
16
41
25
15
25
15
17
11
23
10
56
14
6
12
12
16
15
14
14
14
22
13
32
67
56
41
9
9
3
5
7
36
48
18
22
12
37
19
1
13
22
20
19
18
1
17
13
11
330
5
47
50
20
69
28
27
15
7
41
9
24
6
6
17
11
12
13
20
2
2
2
116
9
12
14
46
11
12
9
15
6
3
5
18
16
7
11
14
34
9
29
15
15
19
6
13
7
1
4
3
1
62
18
18
23
15
33
17
58
9
16
16
23
10
10
1
43
13
20
14
45
25
21
5
5
12
24
8
4
4
1
1
39
12
20
8
17
9
19
2
4
11
19
1
4
170
21
15
48
7
4
17
17
8
14
5
14
11
6
4
2
4
16
17
13
10
10
21
19
11
18
52
8
2
7
11
10
66
18
80
17
17
24
14
16
9
5
5
14
1
268
102
97
21
11
10
44
20
15
20
5
2
5
9
8
10
12
71
15
25
23
7
12
9
15
10
3
15
10
2
7
18
20
83
10
17
17
19
34
21
23
13
17
13
10
9
9
2
1
48
10
16
20
25
9
5
11
1
4
9
13
1
102
11
11
14
10
11
15
20
12
19
13
19
14
6
2
8
87
11
42
7
32
64
11
12
16
12
6
9
9
2
1
25
24
24
32
11
12
39
16
16
22
18
8
18
9
11
3
1
27
60
25
23
12
17
17
13
12
84
3
17
12
12
13
6
19
2
2
1
68
10
18
58
7
20
16
11
30
17
26
7
16
12
3
7
16
143
7
12
8
11
8
4
9
4
4
7
49
14
4
8
16
12
