312
229
277
259
281
232
612
225
295
181
302
219
2
128
167
301
207
137
1550
604
861
217
212
244
389
1
175
151
1
171
189
542
190
1
2611
242
277
1179
295
726
308
141
593
676
405
1576
1099
1096
836
126
386
399
225
177
234
2611
1657
181
338
303
278
279
100
1
502
180
402
260
1197
661
1332
259
184
677
1016
476
581
356
153
2305
218
179
197
192
445
1
145
142
215
388
436
208
310
1
556
1199
693
295
155
172
325
139
147
167
202
163
478
205
296
202
1107
320
249
175
1939
196
287
1
2406
604
803
514
84
381
186
578
1129
187
215
3318
262
352
203
244
142
119
168
555
138
169
180
773
332
857
1292
205
942
294
1051
960
323
1635
129
510
509
210
545
1528
205
169
299
1957
2596
201
1777
283
179
205
3294
1842
258
389
202
823
964
401
927
503
2340
786
330
654
98
254
1144
224
270
100
370
203
1240
234
146
257
241
150
139
197
731
1070
1401
791
194
138
364
163
168
1
585
201
449
210
313
164
929
298
140
201
630
249
100
162
246
164
3060
149
342
158
1
378
152
579
215
219
152
575
1
680
318
2483
1158
230
1002
1025
683
121
169
1121
264
1
634
744
3005
601
579
461
1538
352
290
1063
333
222
818
2276
267
250
244
83
193
199
1993
163
181
172
145
473
1
1
144
509
245
784
236
1787
255
483
484
160
2968
877
259
302
196
161
220
1411
190
537
358
239
115
173
1
570
1118
801
243
113
660
592
137
97
273
1089
2938
294
244
1148
132
161
206
111
247
381
1
739
336
163
113
202
843
565
526
139
386
208
232
147
364
400
2343
245
394
3493
1
487
1165
118
636
760
313
374
212
552
449
281
169
2800
138
1248
244
166
183
1
479
160
207
76
68
496
463
1
279
234
152
486
96
311
868
1900
232
285
197
201
301
486
401
341
1728
226
171
1
479
289
141
238
174
889
149
564
448
388
450
608
190
447
158
688
212
2411
220
181
917
214
200
1839
432
137
574
194
285
2645
235
119
212
274
488
187
207
175
1185
615
1
203
657
556
158
411
159
201
617
1
842
212
120
260
105
1235
196
810
657
235
158
311
172
390
2001
255
1858
65
286
372
181
385
339
302
665
280
418
2452
96
2424
301
938
260
406
108
190
352
316
286
434
615
312
248
143
1041
376
204
919
1071
333
643
111
789
236
170
219
209
204
972
380
142
179
267
227
766
1043
288
1613
199
252
2587
285
190
167
179
365
788
235
390
195
225
2159
576
357
1711
481
417
193
2386
265
183
268
691
142
195
237
135
281
2382
519
439
282
475
437
207
171
522
1
639
142
211
544
205
2201
135
3366
237
166
325
386
134
346
159
194
1580
609
189
442
540
228
1110
196
200
201
231
283
293
306
120
2579
270
149
190
170
213
345
728
2538
201
2792
301
301
225
234
129
1
270
114
567
2
213
699
201
676
615
1933
201
287
275
796
1
203
436
173
1114
461
199
1
304
128
376
199
1058
182
237
270
177
176
361
137
107
212
295
213
562
301
892
235
380
176
175
976
501
245
288
224
421
607
546
95
142
1
160
137
271
618
426
541
611
234
148
396
220
396
182
111
338
705
442
148
457
345
222
209
291
890
164
209
261
317
230
156
2
251
624
1577
2044
262
145
181
866
408
286
184
320
186
534
259
1941
320
360
1438
329
1431
1556
196
691
164
176
288
317
224
182
1
891
484
698
170
131
512
402
219
142
1056
146
116
267
412
1294
190
207
709
802
1289
517
175
617
222
911
828
168
869
669
201
188
616
271
520
1359
210
444
249
204
175
253
327
260
1088
460
286
356
1
371
192
1779
450
170
1395
353
178
886
303
724
300
280
718
223
334
232
492
174
418
1379
190
313
106
1
171
497
1417
168
175
289
198
58
723
405
1184
132
710
2875
233
1550
217
157
200
1241
383
806
116
966
266
164
509
715
121
420
307
1374
150
639
844
475
388
221
167
216
1008
325
194
187
672
335
180
460
1062
783
484
1819
1079
265
346
299
287
278
110
152
137
351
168
163
119
162
151
280
725
262
197
533
3242
405
196
205
262
1244
788
585
157
309
777
580
146
349
503
267
246
1181
122
88
1
1101
1272
433
181
228
1319
273
286
2
121
278
2083
472
205
119
148
401
1006
472
393
2520
138
1197
135
147
205
133
1878
908
226
236
1015
322
324
258
681
252
757
327
195
503
153
234
211
220
443
105
153
1758
1008
167
1270
409
145
574
2959
241
574
192
819
221
277
103
192
201
415
673
461
884
305
304
3391
199
285
302
219
1
303
176
603
196
136
178
433
638
1885
359
542
139
153
172
223
260
174
365
211
3458
437
428
179
143
299
546
148
159
427
253
606
140
157
341
2
165
707
323
220
156
1275
116
1398
493
251
176
169
717
228
250
225
103
416
178
159
102
1020
284
194
277
153
139
433
582
547
152
106
174
158
140
1
1
457
229
96
246
498
203
456
466
312
232
959
127
97
250
2035
112
563
2911
203
580
772
504
257
220
2283
524
886
233
2225
177
338
211
200
122
828
664
461
1
1650
457
348
445
263
234
117
267
766
235
463
218
159
269
1
747
842
1295
2289
264
184
202
215
1869
269
372
767
251
245
1507
172
350
283
401
645
1171
392
731
345
1435
315
153
106
133
163
158
197
1
748
213
122
268
1
557
1795
499
625
359
238
210
364
295
380
477
810
341
2
2081
164
124
973
1429
706
934
239
328
338
83
3358
297
541
211
242
367
659
293
563
492
1773
516
400
167
890
428
169
205
323
124
193
230
202
2382
460
633
745
622
797
320
211
387
941
315
1489
124
93
148
563
273
492
471
512
1200
282
655
352
149
330
131
1490
576
494
512
529
271
205
507
191
337
107
208
116
474
1204
404
204
467
633
599
626
1292
277
196
207
130
204
1
1
1678
345
189
203
251
337
281
215
130
290
2
2400
921
392
1663
76
221
230
1286
120
125
409
191
291
179
176
708
236
251
103
373
2471
177
192
180
410
217
230
165
333
1123
254
495
890
789
261
408
111
157
159
422
966
712
1295
677
276
173
171
225
121
434
132
231
185
911
1857
361
663
226
299
127
192
1327
159
244
111
1204
333
370
223
679
114
131
124
1078
239
245
168
105
472
211
412
287
226
3
1343
249
398
171
557
184
421
1
593
265
496
342
1
82
1
1295
294
241
175
156
232
218
192
199
154
1775
369
271
336
1286
1
658
211
433
249
222
3013
382
683
189
132
323
321
560
638
447
452
243
368
155
261
143
368
607
189
367
867
196
1004
205
688
300
277
532
188
356
246
261
234
233
323
684
491
1294
136
339
122
223
1322
189
613
450
1335
156
835
204
425
238
1238
1468
157
200
311
670
251
261
152
201
238
259
303
1
523
103
507
570
139
157
2179
530
938
329
410
317
182
456
223
302
234
148
429
295
314
2
627
562
471
487
173
1
202
196
224
534
120
271
383
148
166
188
142
352
186
291
331
146
193
185
375
260
1949
500
206
455
493
1495
237
138
377
326
216
580
202
137
356
179
515
396
1
211
1
676
507
388
369
126
208
477
759
602
405
233
1
854
2038
1309
441
384
170
364
266
305
170
166
401
426
284
361
138
443
257
196
161
562
154
1223
1157
1503
132
377
264
958
444
1522
146
402
226
207
1
242
1598
360
1137
128
298
1
145
142
184
238
239
167
321
796
304
424
914
305
246
424
222
318
215
1
340
491
238
154
1984
443
202
388
1
1
1188
411
1078
222
722
245
555
158
274
237
233
112
671
492
617
179
167
311
1
355
243
3
151
340
312
1
1
310
238
152
156
99
91
1230
182
169
550
1474
313
284
458
437
330
167
337
682
269
109
135
1562
1148
199
140
249
265
1
275
99
1
179
901
1
1416
624
739
310
187
203
271
161
514
347
1
601
184
176
756
873
224
716
152
137
98
182
520
241
298
420
281
1102
153
240
300
98
1859
590
207
293
199
1670
867
260
2492
296
192
378
244
123
502
207
404
589
827
503
550
244
852
393
174
156
281
248
364
128
1756
232
298
1
459
207
440
160
167
497
331
1175
334
525
1323
114
234
248
252
334
185
148
1977
1281
441
302
185
2752
642
192
338
1185
226
915
166
1038
168
160
502
610
314
397
245
276
324
96
626
222
155
731
215
274
543
506
245
375
235
372
125
881
143
1946
593
105
237
220
1
2595
2989
175
238
1
283
3127
367
268
143
761
908
1142
562
1235
148
206
331
181
1
1185
208
245
276
132
1
280
301
300
226
178
216
173
1599
85
178
362
315
291
188
237
834
925
545
209
361
421
259
1437
634
179
559
417
705
552
273
723
485
345
179
383
328
248
758
537
318
408
910
197
443
332
257
693
2834
276
292
285
3230
434
171
153
554
324
211
198
179
2706
126
128
731
988
1801
1821
120
183
269
1167
4
285
472
275
454
217
321
527
372
288
314
934
387
287
207
179
131
1769
279
386
232
328
236
954
729
1156
259
1079
202
188
382
508
317
193
2027
242
1744
630
192
342
465
513
895
217
186
266
215
710
376
335
404
177
82
833
203
546
280
446
1013
183
308
2743
122
289
160
227
192
338
795
295
289
268
361
118
596
188
140
252
198
191
1
1
295
229
129
302
3400
504
1238
181
677
225
315
393
1287
360
1798
1059
256
182
182
321
275
1646
1916
868
233
270
331
332
296
107
121
259
195
1
1
2773
156
1703
138
96
198
200
381
291
153
866
727
317
148
552
291
335
527
165
273
311
196
1400
389
1
1119
1880
898
430
239
510
177
165
505
412
415
574
148
387
400
155
1
1265
550
1578
221
160
161
2699
219
492
120
124
729
255
581
1
1
2520
467
147
1
278
185
1071
309
1435
2060
156
232
424
146
760
165
2910
143
173
2377
1424
2131
206
287
135
1
404
1242
199
735
446
208
216
240
207
366
252
352
224
430
168
233
155
1238
259
185
2938
233
413
135
202
136
1
743
441
230
121
221
1
143
416
213
301
193
281
225
482
240
1634
174
169
188
171
506
261
237
190
595
827
255
89
108
114
333
2720
162
212
156
591
301
195
280
154
3
174
2179
1703
969
328
1249
389
224
261
117
1596
893
637
143
385
398
661
331
182
201
318
2239
181
559
299
1345
364
335
196
1563
433
2600
231
319
354
264
218
192
2781
964
170
403
676
2023
420
192
332
193
162
251
412
2425
909
327
257
440
1890
550
1314
432
132
271
433
314
508
104
756
205
628
2024
219
1765
751
361
127
167
166
947
244
828
598
227
200
1
373
116
466
624
545
137
637
1
2296
296
1870
344
1
1
387
156
251
552
523
981
152
330
363
209
206
209
180
484
681
203
643
246
251
212
319
256
140
1006
838
200
1096
949
202
285
848
243
242
342
784
634
300
243
2
246
157
318
214
827
155
449
277
1249
732
421
202
145
488
1372
263
798
326
571
168
562
456
2
208
282
144
268
948
1025
254
196
550
208
93
172
1402
382
117
2
847
153
792
307
198
336
282
394
313
286
345
213
282
250
3222
150
152
172
296
753
626
148
229
180
130
238
258
185
331
212
295
411
865
2238
388
183
2862
602
303
257
301
730
647
114
145
296
200
925
1
585
247
1244
1980
821
338
192
342
227
1
1021
342
1755
278
1553
967
337
245
162
672
346
441
427
118
254
158
234
188
2364
1512
529
287
235
499
539
1315
225
933
277
357
92
786
193
1061
160
261
761
203
349
177
272
157
185
192
614
263
227
166
108
678
124
357
451
252
260
657
233
169
1
202
834
238
443
137
500
199
369
166
127
180
2
833
316
231
2
776
196
318
430
344
2585
238
204
405
450
343
290
124
1100
206
203
374
380
135
1147
819
1371
254
239
122
293
217
249
468
390
565
1975
1237
1
458
282
210
342
181
131
1245
359
266
1
209
200
183
163
191
623
459
169
227
113
2941
179
431
491
181
1227
1
1475
1504
1381
188
142
428
337
309
200
986
292
246
1
528
