38
1094
424
177
538
179
695
65
126
80
21
31
139
54
64
136
49
17
42
41
27
28
51
40
21
37
2
1112
46
175
299
23
393
117
177
32
245
188
25
74
211
65
36
18
91
36
102
54
51
49
106
112
66
60
36
46
46
51
36
44
58
46
45
78
114
43
28
48
43
186
425
62
166
67
375
335
964
53
239
371
280
173
119
181
110
149
37
310
93
43
27
88
43
46
18
32
52
22
33
45
29
25
358
887
71
358
40
1006
320
94
219
127
100
71
59
49
72
34
113
60
233
110
55
57
42
48
72
75
85
43
102
61
31
30
47
26
29
29
59
62
40
35
36
26
23
3
49
81
63
377
589
351
20
231
51
49
45
80
57
72
36
176
60
36
152
144
43
42
52
36
49
99
142
32
101
33
27
32
41
1
1
267
914
302
90
44
35
309
40
310
35
53
249
64
24
47
313
53
59
93
37
34
31
89
37
54
22
80
33
88
106
120
41
158
37
216
50
362
63
40
136
25
52
48
264
80
119
64
91
84
51
41
56
77
945
553
928
76
151
110
42
70
113
208
252
250
111
106
67
53
165
37
41
166
42
34
32
107
25
56
63
39
65
46
40
29
1
41
276
1132
231
53
309
701
558
51
37
130
35
45
58
89
315
54
61
195
38
52
57
51
43
80
37
58
74
68
36
78
65
51
42
40
37
29
2
820
68
145
215
129
532
636
54
92
168
363
33
127
130
144
97
119
221
28
107
170
52
41
48
47
94
50
28
47
43
68
60
43
31
115
20
51
21
29
29
28
26
31
1
412
774
105
118
50
140
143
174
108
556
88
21
41
99
322
42
274
33
101
143
57
30
207
61
115
44
199
40
210
50
63
63
69
19
58
28
48
59
63
19
32
31
59
29
2
1068
131
1138
65
106
126
102
89
34
88
35
71
55
68
55
157
108
65
125
55
53
34
19
39
22
30
29
33
54
55
11
41
1
643
120
63
83
154
37
345
742
39
45
143
53
39
29
248
41
56
22
33
42
27
25
90
32
38
20
1004
101
122
106
107
155
336
39
37
303
82
66
198
48
492
40
21
33
63
26
46
31
37
153
74
19
31
78
64
27
34
20
71
30
1104
168
374
151
37
259
157
138
91
632
54
66
167
148
438
42
83
230
61
179
49
133
45
36
21
29
63
29
58
26
27
26
4
33
31
2
72
715
1422
88
849
201
79
201
177
55
78
21
33
35
93
125
61
42
41
99
56
33
26
60
44
24
89
42
48
36
32
33
35
49
367
64
1143
53
98
85
305
187
234
395
246
70
272
27
110
66
46
38
46
59
22
31
40
35
36
14
25
41
27
27
33
1
463
418
50
44
127
508
151
1169
75
58
71
64
237
38
38
91
57
38
42
49
72
138
49
46
63
69
30
25
33
50
86
125
34
264
392
111
542
48
144
54
611
198
51
35
75
138
51
39
90
72
45
73
25
30
37
46
38
49
40
21
336
350
1140
368
194
46
73
53
62
26
72
42
104
66
68
104
197
63
38
63
52
117
56
48
24
28
38
36
38
25
23
81
25
21
49
19
46
63
25
108
29
477
55
19
80
838
207
189
96
263
83
119
80
43
238
113
50
38
27
58
41
28
34
37
1
1
545
400
319
32
86
51
625
172
87
1209
83
104
263
122
73
50
44
310
148
32
113
46
35
39
56
66
60
41
1
43
40
36
28
34
26
27
32
2
48
77
221
41
556
732
146
131
90
846
535
39
135
36
40
85
81
29
38
74
59
33
38
73
52
43
44
29
1
370
214
267
208
565
72
42
145
169
66
73
81
47
41
54
54
35
68
18
21
32
44
63
70
61
30
30
229
102
722
84
959
505
50
324
27
71
319
99
59
130
171
158
46
36
115
66
211
68
82
43
53
28
23
82
41
80
54
23
1
621
965
88
244
407
423
422
55
40
121
112
411
50
77
57
84
41
85
15
45
30
68
64
33
23
27
54
34
934
533
199
794
103
92
147
241
62
50
40
62
50
33
42
29
33
1
527
772
321
387
672
320
89
68
233
90
87
184
163
99
32
37
75
183
108
57
30
245
136
44
42
59
64
23
37
38
29
5
41
29
1
120
795
1184
41
52
264
60
55
31
139
1018
70
74
36
59
70
50
45
17
137
80
42
26
48
118
45
49
53
25
48
41
31
28
44
49
780
298
791
113
55
55
124
39
192
46
115
51
33
65
65
54
47
35
24
31
4
730
779
527
68
439
114
58
31
164
437
107
240
56
86
76
80
108
31
145
261
19
78
37
62
186
75
61
33
37
84
125
58
62
37
46
25
88
27
27
31
29
26
42
54
267
274
297
338
56
79
27
792
222
201
79
164
141
92
59
513
39
73
368
31
80
48
31
104
58
48
196
71
51
171
64
23
27
51
74
24
125
30
25
29
38
42
27
28
11
3
1
459
508
54
26
334
39
75
40
86
50
49
123
41
37
37
216
75
39
30
57
27
105
40
41
70
96
84
41
28
43
42
555
718
373
288
404
180
105
45
426
50
398
274
211
40
48
150
197
88
322
42
43
63
28
77
27
48
49
22
27
3
239
83
43
67
255
96
231
544
96
125
185
94
132
378
36
163
63
28
89
39
16
46
35
104
40
31
43
66
36
44
21
18
35
30
15
1528
99
404
76
53
201
54
230
21
148
62
51
120
107
70
170
208
46
69
101
145
52
59
29
36
56
54
54
38
43
41
1
44
1527
213
55
414
124
783
243
99
79
154
136
84
35
84
48
84
23
39
44
43
59
35
55
47
28
37
34
25
35
18
515
252
230
141
179
1102
52
77
59
809
147
59
40
108
42
156
52
554
49
67
62
42
50
59
84
29
74
55
41
64
51
36
51
42
26
26
35
10
24
1
332
37
176
245
122
29
566
101
248
134
254
74
84
610
38
246
65
137
694
473
85
322
120
36
29
38
59
30
45
81
55
32
57
155
24
35
33
35
25
1
59
94
233
222
211
1072
223
35
140
66
47
172
40
55
163
180
53
41
287
44
98
84
55
114
53
40
36
47
49
21
56
50
33
50
36
73
19
27
51
146
55
248
282
317
1010
66
315
53
115
403
65
450
38
49
69
97
211
64
62
111
37
156
455
147
122
108
39
44
55
92
24
52
26
19
100
1245
46
733
25
619
98
148
538
346
20
38
157
43
174
27
39
77
38
67
26
37
32
27
1
1316
902
52
240
253
264
170
50
39
33
65
225
58
47
103
84
135
58
45
35
69
98
36
35
82
59
27
43
1
214
158
423
135
47
468
106
150
101
166
45
49
49
99
81
48
29
231
26
46
35
56
36
81
25
27
93
33
41
38
112
41
62
22
117
604
43
109
38
90
188
34
49
47
83
370
67
30
143
134
113
70
36
190
184
79
47
49
103
25
114
61
47
32
47
118
25
43
81
32
3
33
1
917
863
51
99
267
478
47
327
20
417
35
90
260
27
80
218
94
59
21
51
261
37
52
38
37
104
65
74
28
58
30
43
16
77
40
47
40
51
51
31
35
47
102
294
287
424
61
97
150
71
90
405
125
108
139
29
76
72
33
96
20
41
50
47
37
47
28
51
220
1208
275
223
141
29
179
107
58
637
101
60
199
478
33
90
301
134
55
36
83
29
36
38
34
34
31
28
32
53
26
26
49
58
37
55
28
232
511
84
933
706
222
500
37
59
202
161
583
39
49
32
64
83
46
141
48
34
36
54
46
29
107
50
26
140
31
89
119
1475
208
60
90
240
256
143
178
97
63
89
129
54
25
64
30
20
41
125
74
166
82
57
40
54
69
59
41
24
51
52
50
73
28
24
42
1
140
182
108
41
963
376
132
57
234
231
204
565
300
20
63
99
97
321
104
34
486
21
36
37
28
43
43
50
55
73
54
16
50
50
297
369
136
69
214
748
30
263
39
168
74
98
350
291
34
40
68
59
87
134
84
32
42
16
30
48
27
26
99
22
697
61
209
1041
257
56
55
603
120
277
37
103
51
43
29
45
187
179
42
25
73
71
237
119
30
73
62
85
110
21
60
31
66
19
33
28
48
620
196
65
142
486
97
575
46
92
460
227
212
51
108
614
236
51
49
46
172
101
77
46
193
30
101
36
99
59
70
53
35
82
48
35
39
22
1
702
44
326
90
47
481
132
277
624
485
489
147
63
136
60
46
278
52
124
159
116
262
40
22
95
29
47
38
65
31
54
68
91
35
42
41
58
49
15
15
255
72
36
1021
874
89
165
106
17
53
22
99
172
65
403
32
158
122
47
53
99
61
35
78
106
54
70
33
35
41
36
34
17
67
44
1
1
370
71
784
293
80
94
262
56
126
388
101
129
909
207
124
179
28
34
34
72
64
53
69
52
78
76
36
60
31
31
62
51
15
84
66
117
48
69
58
36
52
45
26
44
40
2
1159
608
101
254
203
798
84
129
295
275
256
39
44
27
38
112
35
207
6
30
24
61
46
42
25
34
48
17
380
369
168
171
520
55
593
51
665
41
47
57
473
23
28
182
44
320
97
53
50
205
44
138
35
57
38
44
37
52
65
35
22
24
32
1
533
269
306
77
305
58
17
43
291
451
22
73
196
30
28
106
205
39
217
41
17
28
60
50
54
28
40
56
141
130
23
63
51
76
51
180
41
65
38
46
57
41
34
64
33
97
57
55
44
54
29
34
31
2
26
1582
622
177
644
213
55
113
75
160
290
43
226
32
40
45
26
23
139
72
97
69
44
29
27
62
43
50
609
410
93
595
116
562
407
203
45
78
51
308
38
254
123
123
29
139
53
47
33
56
148
97
119
236
46
36
109
142
53
39
38
37
35
55
34
55
31
177
98
271
244
78
719
127
126
325
83
180
50
115
148
128
33
143
47
71
51
36
50
114
48
89
41
35
55
66
57
52
58
33
20
29
47
43
286
103
772
260
136
772
252
320
54
86
73
165
73
61
60
37
21
33
42
28
53
9
28
30
1
223
467
930
756
290
25
661
73
285
74
111
52
65
41
46
62
187
39
38
37
184
89
93
47
27
38
27
158
57
37
52
64
140
115
32
44
1
595
355
83
46
55
132
773
124
24
28
161
44
39
428
687
477
136
82
74
68
99
157
127
20
21
64
38
30
44
46
27
21
4
366
93
1145
447
521
34
261
66
79
49
553
138
30
117
57
61
77
107
155
43
81
38
110
114
43
62
48
254
29
93
126
15
33
37
4
3
1
206
367
210
545
1078
112
190
467
74
167
55
79
76
125
298
172
96
209
92
43
51
62
24
24
59
78
34
39
46
48
28
40
134
37
64
55
45
41
483
154
388
502
131
203
239
474
471
532
322
217
120
190
47
87
111
43
54
39
110
178
77
48
38
22
79
31
87
89
64
57
56
47
26
103
49
16
1
289
197
47
641
626
75
726
162
123
222
87
243
50
164
69
34
47
45
58
57
38
67
108
37
77
38
69
62
61
438
90
60
48
35
34
38
83
46
90
43
40
73
29
48
25
21
445
42
192
205
683
27
31
95
54
42
189
115
83
70
280
41
41
132
46
74
162
60
203
32
75
45
36
41
33
46
23
46
22
29
86
36
25
34
28
1166
228
509
876
709
74
48
48
129
124
91
313
53
68
38
59
50
35
107
93
89
41
41
86
81
74
21
68
742
61
138
40
588
107
95
75
307
210
91
48
27
132
79
45
52
46
34
66
93
34
28
48
32
39
27
26
26
29
124
55
228
43
71
82
779
30
131
49
64
583
42
26
55
164
67
113
37
57
74
24
22
57
57
46
41
31
48
29
55
128
48
1
1347
64
90
35
263
94
181
25
97
79
179
39
117
53
177
53
43
26
40
73
39
16
49
51
51
32
761
151
1047
173
48
49
214
309
144
94
34
128
83
319
198
41
34
44
54
111
33
58
37
25
40
51
223
77
70
45
35
64
269
49
34
81
40
85
51
47
190
39
311
59
38
46
41
54
55
120
89
107
24
40
34
47
56
31
35
92
28
317
695
96
637
300
225
46
110
136
37
252
354
81
79
61
41
181
76
37
32
82
89
215
62
72
50
60
99
47
38
31
32
23
30
105
32
44
30
33
73
28
18
121
1113
808
77
329
264
55
494
56
73
193
30
251
47
46
129
42
48
49
86
468
38
120
100
15
43
51
46
34
69
41
51
33
10
2
83
217
106
68
958
336
988
520
112
371
143
50
178
79
233
45
44
184
96
130
85
45
117
29
35
56
36
79
41
40
32
27
3
1
42
173
93
89
63
93
79
297
309
358
239
48
194
50
91
107
185
40
58
39
131
44
122
226
104
50
53
42
46
25
35
56
41
223
426
77
441
450
44
143
35
624
94
252
182
263
294
37
89
78
112
68
45
42
92
52
93
63
44
112
118
81
45
41
24
52
23
18
38
45
53
65
70
33
36
40
26
2
679
43
776
1096
71
94
164
132
54
77
47
480
36
158
255
33
72
207
79
123
137
41
54
24
24
15
45
56
96
29
24
36
28
33
1
1
392
341
103
1016
277
341
54
237
190
42
47
172
86
65
139
17
90
66
147
107
39
57
54
65
96
114
35
46
46
23
18
47
19
36
36
1
2195
44
48
64
280
63
503
169
54
65
48
124
66
43
65
43
24
34
35
39
81
49
68
32
15
41
25
46
1
1
117
1306
375
210
69
253
101
45
217
121
68
56
329
70
42
70
46
339
33
100
129
169
49
50
60
78
64
42
54
31
48
27
124
31
45
41
49
93
26
104
433
142
567
41
492
49
154
36
74
119
299
377
59
49
320
64
205
303
44
60
30
122
58
32
64
42
52
216
90
32
56
35
36
74
26
52
75
37
51
37
32
1
3
83
375
245
531
55
49
150
101
108
37
63
419
123
207
104
50
50
261
76
23
185
125
70
56
66
48
82
44
88
60
40
50
30
14
18
91
18
4
186
297
720
127
553
476
54
152
27
364
229
113
161
71
104
111
115
59
35
24
77
63
35
108
54
122
31
105
33
37
100
43
38
55
59
30
54
55
40
58
46
30
19
1
77
15
52
66
276
899
51
753
31
48
156
71
49
130
127
373
152
41
74
87
51
82
38
44
144
39
58
44
38
47
55
26
22
35
33
54
70
31
26
211
84
304
397
350
225
38
168
65
59
67
51
420
202
126
49
546
46
31
36
66
57
88
40
55
96
128
43
45
55
196
44
195
65
74
46
23
34
40
40
46
35
123
58
33
67
41
46
30
29
40
38
706
48
588
562
379
263
785
78
30
539
119
680
33
29
48
35
50
62
56
113
39
39
28
35
106
55
67
35
35
35
31
31
1217
79
295
252
42
20
377
38
49
38
44
85
22
34
104
34
28
127
92
54
116
97
38
16
39
85
30
88
39
57
40
64
39
1040
158
243
42
108
69
69
47
40
146
51
294
40
35
214
64
54
38
313
40
112
23
89
31
43
40
80
67
48
43
22
51
57
49
75
124
42
83
62
61
31
27
18
23
51
1
2214
35
88
85
46
114
77
46
219
127
152
44
35
139
47
38
58
101
45
92
39
58
38
20
1
88
610
1142
195
273
106
427
33
211
116
68
149
95
61
222
37
61
51
30
32
70
41
22
36
24
27
32
1128
972
363
112
165
451
39
185
354
474
66
212
223
125
51
33
26
59
44
47
40
82
64
33
56
25
41
28
33
39
468
1139
80
183
558
45
527
177
231
127
181
92
34
69
91
95
221
83
201
89
34
33
85
33
54
57
51
25
43
29
46
21
48
20
24
39
472
245
27
274
195
131
65
45
51
113
87
59
136
45
79
175
40
84
97
77
59
38
43
138
66
30
56
51
45
51
94
24
1
116
97
238
39
173
100
282
500
128
234
109
138
35
143
46
762
101
146
41
52
103
56
18
108
33
121
37
50
54
50
62
43
37
134
128
73
121
73
34
77
214
58
41
34
59
47
46
40
38
60
43
40
19
165
1173
144
84
46
174
260
234
113
208
110
593
46
32
43
94
56
329
64
38
230
51
585
125
138
31
32
68
27
30
66
35
39
33
1
259
33
622
319
470
397
305
57
94
196
42
89
49
162
52
241
67
31
55
89
42
51
37
80
35
30
53
32
50
35
38
56
31
28
51
34
36
1
1
268
308
95
182
32
429
118
282
30
126
44
251
49
124
41
55
134
120
59
37
32
39
44
48
32
48
52
61
45
28
45
48
59
43
5
25
18
22
53
417
413
44
40
62
657
139
455
54
162
49
187
316
164
151
93
19
105
46
40
168
286
37
43
99
43
52
62
25
26
33
39
46
34
24
47
31
703
264
153
151
37
100
495
208
161
27
91
362
70
319
116
125
197
175
58
48
170
49
403
174
47
52
46
41
35
47
44
60
40
40
33
388
42
274
113
55
74
36
257
122
44
44
72
105
41
47
59
41
148
119
64
62
149
37
41
46
41
24
122
56
59
45
37
42
45
32
40
25
63
40
33
27
27
2
2
1335
875
798
480
50
36
117
35
42
44
89
44
91
135
80
164
149
42
42
50
37
37
34
27
27
53
42
48
25
1
1
392
197
108
314
485
314
396
109
320
198
79
84
52
39
81
142
404
165
145
44
54
51
17
35
48
142
461
81
98
41
47
40
92
43
31
99
29
39
34
40
28
1
129
36
653
52
1397
158
529
82
33
142
288
74
57
33
39
43
195
38
44
53
107
29
190
114
67
39
35
33
73
28
35
26
24
27
52
19
72
238
1161
154
216
137
92
42
43
263
281
304
69
39
64
185
59
399
49
345
94
58
30
79
87
33
28
41
54
44
93
62
46
37
29
25
42
26
36
33
42
29
16
53
1812
62
188
47
471
70
282
167
54
77
68
194
47
48
65
46
123
28
47
48
30
37
78
59
33
40
19
1
780
573
948
203
23
101
221
31
92
121
99
252
99
28
97
43
43
46
66
52
135
97
62
109
52
55
45
58
89
209
418
68
45
60
1566
720
102
39
212
99
42
34
42
63
42
46
151
95
114
100
58
44
68
34
49
32
56
54
34
56
64
32
15
3
465
409
46
31
128
86
1162
284
235
1011
63
39
67
68
64
43
37
38
38
91
34
31
35
51
23
53
52
38
25
14
40
34
28
1
52
24
723
96
92
56
64
39
72
38
39
57
181
42
51
47
110
35
63
43
62
84
29
40
33
48
1699
689
85
133
23
486
159
103
193
62
78
176
201
96
52
34
92
57
72
43
23
233
110
41
89
213
74
33
1254
60
102
58
29
111
222
80
45
73
373
61
516
35
73
26
55
36
49
25
34
32
47
36
176
64
38
3
31
115
33
37
32
33
1
58
103
813
35
117
360
144
135
616
40
380
132
81
188
52
156
188
53
98
287
51
65
47
42
25
283
98
32
47
76
40
28
142
40
37
57
32
84
96
105
37
98
36
47
38
37
45
48
380
32
307
51
88
155
230
70
445
28
1080
80
348
238
302
39
158
46
168
52
142
50
47
56
73
57
42
71
34
51
89
36
33
164
49
34
56
33
30
32
54
41
2
1
1
431
222
620
78
38
195
38
28
48
66
61
214
132
517
66
72
29
325
281
313
46
83
49
38
100
82
225
102
44
57
46
65
78
48
25
91
31
38
51
51
27
39
1
478
97
525
368
686
279
381
74
316
236
180
82
98
53
45
72
35
47
50
67
126
136
147
76
53
72
30
58
48
2
60
48
99
32
39
47
110
54
43
22
24
158
95
137
107
150
584
405
172
180
153
148
310
222
41
70
168
41
69
55
557
144
26
40
159
60
33
54
118
46
134
39
109
51
66
34
49
40
204
48
21
104
49
34
27
709
645
952
139
219
315
108
254
26
180
30
307
49
24
127
52
261
262
312
49
57
21
25
34
63
33
62
47
29
43
33
48
21
20
30
163
1373
435
67
68
58
309
149
91
50
102
374
81
34
178
39
108
151
86
82
198
48
117
119
44
48
45
181
42
30
51
30
32
32
585
509
81
168
44
917
388
627
564
68
143
358
271
153
392
48
35
31
46
151
30
44
51
41
1
315
1020
201
28
68
141
110
249
163
100
219
66
195
133
34
87
95
35
39
46
116
39
44
42
43
39
296
145
235
221
271
188
90
94
22
166
203
103
260
487
48
339
160
87
34
134
175
28
176
45
113
120
68
30
119
49
31
188
256
63
82
44
41
40
47
57
113
36
40
30
44
34
32
25
34
1
25
112
46
44
96
117
49
291
35
168
145
96
43
38
28
82
74
25
129
41
132
40
38
58
34
52
44
33
28
395
34
1011
182
80
284
154
53
239
117
31
42
35
31
216
143
93
40
34
48
16
49
16
32
101
49
60
31
43
40
36
24
36
31
34
419
231
1277
74
74
1301
204
32
31
256
48
169
33
460
45
46
28
43
72
40
41
34
37
345
434
381
273
44
68
163
158
109
37
82
104
243
90
52
93
88
38
38
101
39
52
33
21
31
116
40
57
41
29
18
27
48
67
26
84
379
55
146
38
308
59
86
71
254
34
113
122
43
71
24
33
83
32
40
48
60
85
41
37
87
68
49
19
42
22
31
929
254
180
317
273
187
383
42
189
246
210
31
164
160
108
36
158
101
136
56
70
27
57
86
55
52
31
33
32
19
291
981
322
445
820
82
226
163
107
33
26
34
36
221
54
434
58
95
197
66
78
80
63
116
34
254
47
32
46
77
36
18
41
33
30
46
2
470
74
79
639
511
147
22
327
32
67
609
95
287
156
45
58
96
47
55
38
75
145
96
41
118
67
39
58
29
68
27
131
20
67
42
54
20
12
43
45
47
29
22
23
23
24
496
83
153
503
262
53
183
57
272
31
51
65
72
21
58
51
70
23
37
34
28
22
44
38
18
4
159
861
118
926
77
102
77
900
264
158
227
176
61
78
33
425
64
83
33
42
36
62
33
68
51
37
47
41
75
32
42
282
37
103
199
1404
244
19
51
394
562
140
310
57
43
63
148
134
100
28
44
64
99
43
80
64
62
74
36
35
27
47
56
152
296
585
538
328
444
341
157
72
24
51
46
46
63
66
78
68
182
127
131
145
228
116
27
130
383
150
148
29
143
59
40
50
36
35
29
23
27
22
33
1
64
856
39
44
1454
435
66
42
101
27
56
23
56
66
46
36
63
48
30
31
44
39
25
1
312
35
131
384
97
36
45
300
42
231
225
125
156
34
93
68
94
219
125
234
64
45
65
52
35
49
50
45
34
49
153
46
51
44
47
63
82
63
56
52
26
27
27
47
1574
1268
240
155
28
54
57
213
62
317
47
83
87
99
33
74
138
145
66
53
71
38
46
27
30
55
1
1
1
86
444
122
51
105
148
165
233
69
156
186
66
218
53
44
58
61
71
73
97
85
27
109
40
107
71
37
41
58
58
27
48
20
31
31
1174
87
27
220
58
132
101
331
55
47
345
230
155
235
225
43
131
109
104
24
2
282
43
23
46
84
47
44
36
34
52
24
100
75
41
32
95
53
396
662
46
112
259
78
55
112
50
29
62
436
51
622
25
41
28
89
170
23
67
26
49
45
36
77
68
69
48
150
42
48
32
53
49
119
75
18
30
26
43
1
1870
713
95
302
98
137
113
62
126
182
48
44
67
178
34
42
63
35
138
85
60
64
56
31
51
29
31
32
22
3
26
136
322
889
47
332
53
176
147
463
250
82
85
181
54
118
29
87
40
22
54
29
110
92
36
51
40
40
42
30
29
49
29
1619
779
514
153
65
35
57
45
248
55
54
54
78
74
93
66
39
82
28
29
37
1
1260
30
289
74
1021
478
86
86
27
88
91
163
167
117
40
56
45
36
211
81
38
29
46
117
39
40
23
49
100
66
60
33
55
34
79
33
39
654
171
62
124
1154
114
304
66
157
63
252
23
45
112
249
130
55
200
81
70
74
54
103
27
16
20
122
174
43
89
45
36
35
101
33
57
48
24
80
42
32
28
51
48
50
29
719
367
587
57
740
35
309
149
121
29
352
109
111
32
229
414
18
185
69
93
125
41
32
128
34
41
36
35
24
21
58
36
80
34
1
53
247
426
62
215
110
80
107
39
187
78
40
164
61
97
114
149
39
52
204
45
137
52
42
160
50
102
64
178
142
46
57
44
29
25
54
32
34
13
507
492
384
175
778
211
108
436
42
45
269
194
57
71
51
278
368
125
234
104
138
59
78
151
70
30
25
40
29
31
49
654
207
629
526
30
47
300
15
77
95
129
163
38
142
56
98
259
58
146
51
45
54
55
97
42
63
41
96
15
28
24
77
42
42
611
219
211
110
238
205
177
234
43
216
223
111
41
98
46
476
166
153
78
54
46
122
53
119
159
93
52
85
87
166
53
35
58
126
43
59
54
53
45
54
31
36
55
105
817
255
61
87
174
47
95
120
34
192
31
35
54
85
157
87
44
27
91
113
39
23
47
62
226
45
36
108
37
33
44
44
27
22
634
682
797
45
92
82
215
58
306
238
534
329
45
35
142
24
28
76
67
21
30
36
109
47
60
86
123
27
29
60
135
41
33
35
34
45
38
35
780
79
32
192
233
265
199
228
75
601
491
162
434
60
176
249
194
45
27
40
59
35
41
29
36
49
66
273
49
45
72
32
77
66
48
34
63
37
29
25
58
24
29
26
295
227
812
301
819
372
79
99
104
200
405
451
360
31
50
50
46
69
41
64
54
177
26
46
44
54
39
32
37
26
45
52
24
37
52
75
39
14
49
247
62
103
619
276
404
39
486
784
180
199
166
55
47
154
127
62
89
149
108
61
162
62
115
87
88
117
61
43
81
40
47
117
40
58
39
51
22
17
23
1
243
100
47
219
28
103
106
145
35
37
83
128
89
32
29
56
55
46
55
55
32
57
77
38
87
21
37
36
68
39
146
814
770
429
535
289
62
426
41
46
80
159
39
98
23
202
168
269
197
23
97
37
55
26
38
15
49
53
45
45
43
28
31
755
65
927
171
144
239
286
37
148
116
45
177
222
70
190
143
73
107
31
129
231
25
49
41
75
35
51
49
41
80
36
83
25
52
24
44
25
107
272
290
208
232
265
158
30
253
47
71
61
57
179
60
29
196
50
234
116
87
134
65
93
39
31
53
118
95
50
27
46
36
35
38
43
30
18
40
44
26
31
29
1227
47
148
347
217
428
62
57
26
128
175
71
83
89
201
38
43
104
129
106
38
44
273
31
31
69
72
33
44
54
41
55
78
16
18
18
26
3
1
418
19
155
1116
46
61
36
47
56
92
43
312
368
96
58
63
116
117
104
43
147
266
49
82
135
45
186
31
69
66
24
40
85
103
42
35
49
26
54
30
28
35
46
33
41
45
34
44
21
1
1
401
637
598
174
61
73
54
57
297
60
144
136
52
46
244
127
190
31
41
39
41
37
25
46
21
36
28
1987
150
99
55
241
131
89
34
116
112
109
127
120
104
80
98
63
137
49
89
112
58
54
31
29
41
48
25
35
45
27
56
38
33
467
286
1064
204
65
49
241
53
83
626
166
43
107
1012
132
111
199
106
49
95
21
50
28
15
46
41
24
1
777
632
374
130
43
566
62
156
67
456
99
49
61
68
63
71
53
74
69
39
28
25
29
42
14
1
501
289
266
111
737
414
116
445
260
92
213
73
148
120
76
67
218
65
53
77
49
47
51
33
38
43
12
31
22
1
656
474
36
1177
115
130
604
180
115
57
151
172
162
244
52
74
148
67
23
42
55
45
65
68
50
47
53
36
42
45
39
26
50
46
272
99
32
1017
839
291
52
39
91
145
92
140
55
59
164
74
69
56
103
41
47
40
31
44
22
56
25
28
1215
48
112
44
348
46
44
384
644
256
44
89
218
46
102
41
48
202
137
44
78
52
140
67
124
107
41
44
42
43
31
37
42
47
33
53
27
342
39
106
417
174
222
385
33
62
191
98
62
1209
57
179
197
41
29
83
96
31
45
49
40
208
50
108
93
80
26
35
73
58
116
54
36
38
29
41
33
12
982
126
97
29
323
273
221
30
175
165
42
602
320
178
78
195
53
242
36
53
69
66
41
24
27
38
17
47
26
110
37
88
32
29
20
49
25
30
40
35
37
26
27
3
484
53
470
153
42
76
107
429
58
55
343
76
80
229
55
348
123
268
85
24
48
73
80
41
77
62
39
59
219
171
34
48
47
67
51
34
35
29
120
39
37
41
31
38
31
30
2
43
836
629
102
337
176
147
57
352
330
55
210
39
51
225
195
29
49
45
166
321
101
133
40
54
38
196
55
59
51
36
64
52
36
43
33
47
53
40
35
36
50
23
51
25
28
33
2
310
51
472
45
3
58
83
581
181
156
97
215
67
137
61
63
69
129
173
279
182
263
143
44
148
41
210
75
231
40
58
42
145
37
69
39
83
86
99
1
38
29
22
48
1
119
71
360
234
53
867
131
44
981
301
30
74
111
142
94
121
39
100
155
40
41
100
38
84
127
30
68
46
76
69
141
42
112
64
85
94
30
50
58
35
34
44
28
22
1
51
57
271
60
141
283
37
63
48
178
46
63
48
54
64
20
135
62
28
38
42
41
27
58
49
29
37
26
36
14
86
659
789
121
377
60
738
41
168
111
70
66
241
518
300
241
80
319
76
31
66
38
16
60
45
83
64
55
55
52
73
39
1
1344
88
31
32
993
76
35
182
199
197
99
45
75
53
76
39
53
54
41
58
42
57
62
31
57
52
40
48
24
43
31
232
314
1066
430
492
465
22
76
125
84
82
79
173
27
51
58
49
56
30
43
44
47
56
34
23
31
513
136
331
42
88
68
429
143
758
245
93
125
113
52
251
37
339
317
144
58
40
36
100
82
134
53
60
33
93
26
41
45
60
34
117
50
36
19
2
124
600
750
173
334
195
333
82
134
124
449
279
39
89
90
147
56
87
107
30
58
98
111
23
73
229
39
95
34
70
25
71
62
23
37
63
44
333
1394
79
36
122
80
65
55
186
552
152
133
125
297
100
48
80
36
43
83
96
39
102
44
41
246
56
104
41
39
46
86
44
45
37
21
42
856
498
1052
249
565
283
33
93
60
246
54
286
43
334
52
75
35
129
55
104
53
41
36
31
27
113
27
46
38
33
41
27
1
833
59
346
202
66
58
114
254
547
114
748
148
40
64
84
46
168
209
58
46
77
144
220
165
19
45
60
98
36
55
75
33
10
169
36
51
43
15
26
30
41
30
37
28
28
36
1541
1024
35
257
528
504
41
43
98
45
87
139
60
175
52
117
49
35
49
30
1
344
49
359
733
93
208
93
365
35
50
84
380
557
38
451
333
213
34
152
72
26
94
30
22
72
41
34
19
54
2
120
163
1367
587
176
238
120
56
65
54
72
53
37
51
50
140
29
80
395
73
53
55
112
72
57
135
18
29
38
49
35
99
51
23
7
604
325
758
48
147
87
37
33
81
102
58
211
39
152
37
49
24
260
47
19
40
48
105
45
106
37
59
40
76
38
27
129
1236
33
614
411
438
71
95
52
55
37
123
431
68
199
49
152
154
80
38
65
222
53
79
150
45
93
29
55
57
44
40
40
1
2
131
28
46
66
361
722
348
36
39
593
146
97
133
120
26
75
61
739
146
94
69
70
27
90
38
114
54
170
213
53
56
67
59
20
63
45
73
49
34
92
94
52
42
28
31
38
36
36
34
18
737
90
459
76
52
38
503
50
140
806
75
38
199
36
65
103
165
66
47
262
59
31
208
33
32
46
148
34
33
75
102
51
95
44
45
23
88
45
37
18
33
56
35
75
645
107
371
68
388
34
1431
123
133
67
41
26
27
38
80
34
42
32
29
50
38
154
114
303
1056
170
48
50
145
43
141
147
232
313
70
37
60
48
138
28
100
60
45
68
30
68
47
33
31
32
24
29
42
188
648
225
69
212
203
329
339
157
295
117
52
38
670
96
42
50
99
100
58
368
141
50
38
42
38
29
55
30
35
80
33
120
35
34
23
41
93
57
107
41
41
49
47
25
44
20
3
1009
578
412
45
43
763
389
157
77
88
191
266
90
79
29
31
34
104
57
55
45
115
38
64
35
61
42
29
46
43
26
1
68
622
157
811
934
247
218
56
113
87
75
45
65
60
205
108
78
113
31
78
92
37
61
91
40
2
46
4
96
34
87
97
46
43
25
38
46
1
162
1370
53
212
385
51
182
61
40
60
40
24
894
158
35
58
39
43
53
38
76
73
78
46
40
52
47
35
26
18
43
836
327
552
121
71
58
368
60
45
202
69
106
37
52
164
50
24
40
58
133
235
194
125
99
24
34
30
95
29
46
59
27
1
425
99
78
355
25
497
178
42
50
20
41
31
246
43
36
84
47
49
44
134
18
57
27
29
71
57
122
50
2
78
61
1
31
29
20
891
188
598
35
204
382
107
374
330
45
65
106
48
22
21
69
39
33
52
174
189
39
40
42
91
24
48
8
41
31
138
35
31
73
31
40
40
48
36
20
86
2239
161
108
596
31
144
85
97
77
40
51
29
57
74
68
55
21
59
13
108
60
1286
934
87
652
78
28
83
41
154
76
112
353
46
85
58
80
45
136
29
25
41
98
54
42
40
42
509
724
128
884
24
50
75
53
36
127
136
36
157
56
47
47
45
123
49
128
88
66
30
31
58
51
44
41
44
34
78
42
36
31
23
1
279
444
85
571
58
339
817
42
450
129
49
154
56
54
170
249
369
48
190
90
49
97
40
176
32
41
31
27
45
44
52
92
33
41
101
28
6
2
1979
38
157
188
184
206
120
573
70
52
71
43
144
84
13
28
22
53
55
31
31
57
88
116
40
29
49
40
25
24
39
40
3
260
70
103
219
116
236
29
90
581
114
31
146
40
35
119
84
107
82
49
92
32
151
183
47
48
39
38
40
94
47
29
136
58
41
1
43
35
56
100
22
59
39
45
3
164
345
39
47
51
199
436
35
76
373
447
371
276
80
395
68
36
45
50
55
30
20
39
48
39
61
44
40
68
202
690
452
767
91
157
188
67
55
56
45
42
109
77
57
24
50
30
36
43
47
127
41
53
26
25
58
21
1
41
624
169
116
298
80
243
23
357
504
39
35
52
94
349
187
175
29
172
206
496
37
201
72
60
39
132
44
117
222
54
119
53
42
31
65
48
35
23
21
43
22
93
23
36
27
31
1
46
126
240
1066
622
106
39
57
726
97
58
126
90
189
107
563
250
86
43
56
62
83
82
52
59
63
51
67
42
53
39
13
60
37
47
22
400
43
344
60
150
482
142
191
245
250
498
154
585
38
27
75
50
53
63
180
304
134
228
62
33
89
53
40
40
39
22
40
34
66
47
33
28
136
1071
276
101
746
53
159
445
329
41
362
115
75
50
157
273
161
62
34
43
55
40
51
190
35
73
47
34
34
25
30
41
54
16
1
92
128
96
385
292
97
188
801
698
51
56
180
133
41
430
37
51
62
72
92
95
87
27
60
38
49
56
26
47
59
44
40
17
47
121
898
824
104
784
315
361
47
100
106
37
76
48
48
37
84
155
41
132
32
53
35
37
26
33
71
144
103
49
73
101
48
50
104
59
29
55
1108
77
472
115
57
100
128
84
135
28
462
1277
80
37
70
112
54
128
110
94
45
30
37
48
49
38
43
52
61
36
39
41
25
125
76
158
156
183
160
225
58
163
221
31
49
72
59
102
42
70
100
55
32
77
42
62
60
28
60
55
37
75
28
34
17
25
1
897
1190
94
39
203
45
361
362
37
304
143
636
279
55
47
46
24
77
41
52
38
44
34
73
29
79
27
58
42
38
48
40
1099
854
53
42
39
53
72
90
375
211
48
229
100
29
45
163
355
402
132
32
58
18
37
36
46
71
94
49
61
44
47
35
21
1326
137
990
39
36
104
872
40
117
41
59
90
114
52
310
86
42
142
108
74
37
25
50
29
33
39
83
51
110
52
30
48
210
842
826
456
72
773
43
117
134
295
84
225
41
24
50
38
146
82
71
35
266
65
72
68
26
97
49
50
44
30
40
31
18
807
521
233
170
67
554
174
49
65
103
94
62
47
272
37
36
44
34
28
41
121
23
69
54
58
1
542
365
416
514
44
145
233
37
69
218
265
369
168
83
78
78
49
44
55
69
92
42
108
79
71
72
24
153
137
151
80
111
58
36
168
46
36
114
54
75
53
60
43
52
44
31
94
17
49
42
38
26
23
30
101
92
190
15
91
71
410
80
242
19
36
110
37
58
138
453
125
303
23
228
30
49
72
74
130
271
28
38
91
56
38
34
46
68
42
37
38
111
60
45
36
60
34
19
34
41
1
407
95
467
133
67
253
39
244
220
92
32
38
47
74
62
55
235
59
62
27
29
53
47
27
29
30
19
1
1390
799
576
87
136
64
56
141
161
40
131
92
48
227
36
40
62
77
29
35
57
32
24
64
28
872
37
149
303
356
57
102
55
117
29
58
25
42
58
91
45
40
38
43
45
43
17
25
1
80
26
948
45
200
233
41
67
1079
71
220
74
183
220
110
39
84
52
40
75
54
116
350
163
272
41
35
27
40
104
53
35
42
45
36
54
40
38
14
1
1
545
138
87
41
1027
28
267
408
91
191
20
186
52
52
45
29
40
34
47
51
25
125
54
53
52
24
41
53
28
34
59
1
1
536
565
231
331
201
386
237
430
253
49
58
27
383
80
104
88
116
44
36
50
128
34
30
46
24
2
53
162
370
562
189
23
1322
451
663
37
31
62
110
45
271
44
67
224
105
41
125
30
38
20
53
49
33
39
29
39
13
50
391
107
132
84
32
38
182
125
809
66
179
163
41
73
32
52
331
37
112
175
25
51
25
24
2
1
397
1176
337
564
92
103
90
303
182
44
116
17
43
242
64
71
98
73
209
95
63
35
58
131
37
42
45
94
87
13
72
49
34
46
32
59
48
201
46
74
328
138
847
304
52
416
54
71
53
96
340
106
743
223
28
42
46
55
44
203
155
66
30
46
20
51
30
26
47
46
39
57
32
19
34
20
245
58
42
1152
49
161
205
67
184
133
71
43
204
49
42
139
55
129
50
60
21
78
40
23
26
44
42
28
148
56
26
46
33
47
50
25
38
18
42
19
44
28
83
298
689
610
43
33
425
194
375
341
40
83
236
65
132
37
54
346
492
39
167
79
42
80
29
21
43
56
86
129
75
47
126
55
77
33
48
30
1
2
185
114
198
156
25
1026
359
552
283
41
454
104
126
54
94
78
41
47
69
147
36
28
56
156
62
45
78
46
31
491
90
84
44
39
65
115
31
42
100
66
166
38
140
65
46
27
54
36
53
23
21
67
56
45
1185
155
86
193
98
541
59
143
27
49
52
87
97
39
21
252
105
35
30
305
178
44
41
59
23
42
68
20
53
36
34
83
623
1320
70
72
544
39
171
84
89
108
237
287
169
129
36
41
231
40
156
50
34
62
43
66
37
66
42
76
28
30
22
18
71
15
29
120
342
541
430
209
85
37
156
330
123
296
48
25
91
220
52
192
72
67
111
122
20
152
42
57
118
99
98
119
31
21
18
90
50
46
67
36
2
24
45
91
370
248
301
135
42
62
107
44
23
498
53
127
114
51
113
227
38
39
81
42
54
18
109
112
37
68
34
80
39
32
61
55
28
30
29
25
91
1578
1036
50
40
73
69
159
82
29
43
133
80
86
284
46
367
60
24
37
43
28
24
57
20
26
43
30
1686
276
282
786
78
53
83
236
33
82
278
91
130
33
73
32
67
87
63
23
36
158
51
40
44
36
1
94
70
347
464
1071
155
51
315
51
81
101
555
135
124
70
59
32
90
34
38
53
83
61
21
52
84
89
55
29
70
50
32
25
27
24
37
100
149
1281
51
30
94
42
36
27
37
147
32
116
45
64
84
39
85
132
137
136
39
23
120
55
37
87
26
51
26
68
58
35
1
95
270
23
116
67
36
430
119
123
37
182
320
101
99
20
79
60
76
154
38
26
54
57
36
32
56
32
976
190
639
299
129
448
48
62
42
46
136
99
36
55
67
188
50
50
83
48
26
48
92
36
23
29
41
766
1731
193
39
70
57
51
97
34
1129
54
39
32
85
45
36
52
142
59
56
59
36
15
1069
141
679
396
49
134
145
69
31
86
41
244
62
32
46
181
64
76
49
31
76
182
151
54
33
42
29
62
29
53
21
72
36
100
33
41
23
49
1272
643
213
114
250
33
72
669
98
36
40
137
231
382
81
61
215
48
44
207
33
94
70
100
44
40
32
25
50
25
31
82
191
113
30
516
169
270
97
51
272
390
220
353
41
72
52
149
121
120
42
64
80
42
106
31
87
24
44
53
94
30
25
45
114
29
38
87
53
118
1125
751
858
153
223
149
70
87
26
73
84
70
179
26
139
70
90
21
139
198
75
47
147
39
43
60
45
46
30
51
41
31
34
21
49
71
55
397
315
51
44
59
99
33
67
66
19
26
3
1
1
64
65
884
459
112
134
29
272
149
27
60
46
40
62
41
163
185
71
30
30
34
30
35
11
53
49
42
30
1
121
76
44
951
137
203
138
65
109
67
84
192
29
57
181
50
72
119
39
39
52
96
38
29
16
40
25
5
1374
97
176
1164
93
93
31
145
125
142
67
122
47
78
56
43
87
43
99
34
95
36
35
29
160
80
505
82
409
127
33
75
230
79
165
77
39
30
43
90
33
40
706
1486
52
159
249
46
181
33
160
96
52
12
55
105
43
62
32
29
55
78
522
193
111
30
82
80
322
237
333
571
145
49
30
311
128
125
310
41
423
36
23
39
44
100
25
78
44
90
33
104
127
106
121
39
100
47
54
49
48
48
39
62
52
35
25
25
21
30
46
1
412
54
34
57
109
84
280
142
103
44
786
163
95
248
41
36
75
134
50
272
72
26
81
24
171
42
132
53
72
100
50
48
78
13
32
62
16
13
141
184
506
78
356
158
43
104
57
39
154
60
148
67
41
86
47
39
70
58
28
38
30
47
60
41
25
1
435
1116
53
94
279
364
557
282
153
190
935
82
95
75
29
56
98
179
65
45
25
73
20
76
54
33
33
42
26
125
492
1686
69
39
118
51
182
39
39
354
334
40
51
91
25
39
39
50
82
85
44
31
59
98
29
158
32
46
73
37
34
38
36
50
630
71
157
52
535
248
282
82
87
185
199
230
61
36
84
67
293
35
47
56
47
177
56
56
95
380
61
42
22
100
67
37
115
34
52
29
67
117
893
534
161
217
53
501
137
53
25
342
73
46
108
189
576
46
132
70
59
64
33
51
35
50
64
65
35
106
42
55
32
35
54
26
61
15
2
1
470
589
195
131
925
124
46
130
57
448
375
163
46
76
88
211
358
54
54
28
39
63
32
26
46
73
21
82
30
20
1
35
136
206
56
192
1011
188
168
969
92
88
339
181
51
49
79
64
27
46
239
58
43
130
45
29
76
129
145
30
72
63
179
100
31
1
32
39
28
34
28
21
65
100
1125
59
318
227
93
345
175
573
25
81
73
151
102
69
163
46
131
223
66
49
89
51
35
64
38
38
64
54
16
22
32
28
47
1248
305
123
44
46
24
51
357
609
232
37
74
147
85
136
25
38
30
47
169
24
45
43
77
40
26
25
18
42
50
43
23
57
1129
76
621
70
76
116
235
84
126
679
48
53
122
32
93
200
67
158
37
87
48
107
46
109
46
44
24
32
34
44
25
26
72
477
70
230
163
80
29
111
155
27
65
52
137
66
27
121
42
53
116
87
108
48
120
44
43
38
62
43
40
40
52
23
20
32
18
41
50
23
33
2
3
1
39
226
80
124
109
48
232
60
234
97
492
477
56
320
239
174
131
48
784
25
122
167
53
52
52
68
67
36
77
52
39
42
23
22
25
24
41
74
53
28
21
1
1
32
818
53
28
160
975
77
160
83
45
128
581
58
53
111
51
55
267
52
23
27
31
172
45
42
50
19
324
65
93
74
70
48
57
36
31
36
29
38
48
31
37
36
37
23
31
31
382
293
249
274
127
279
131
35
149
161
262
236
134
63
383
365
289
41
134
74
270
42
151
36
36
34
40
50
59
37
36
40
49
29
28
5
66
85
251
61
1209
272
378
185
101
674
133
90
50
67
82
183
195
66
57
52
78
162
92
31
38
49
74
73
88
35
41
53
33
45
36
533
1112
435
140
225
45
117
44
153
92
29
72
61
229
134
64
139
62
205
58
48
137
60
38
60
32
44
21
29
38
5
39
49
84
47
45
19
26
111
20
90
402
131
16
938
81
136
55
77
151
539
407
63
51
54
42
151
103
416
174
108
78
116
92
73
64
30
36
70
56
60
70
78
57
22
47
95
50
33
25
54
95
35
30
38
269
1102
1197
98
57
308
140
176
151
323
54
97
173
30
81
102
39
67
45
39
74
40
33
102
93
44
41
47
61
41
32
29
30
12
296
162
48
51
114
754
71
89
92
572
43
149
177
236
31
42
366
101
67
67
129
44
78
87
62
41
45
38
42
43
57
36
23
20
494
31
152
136
41
29
80
333
105
69
45
46
137
203
106
33
139
55
150
39
20
36
153
41
44
55
58
84
24
1472
1108
38
280
119
35
48
56
96
129
110
90
49
110
44
92
29
59
72
61
27
56
55
73
71
43
32
970
543
341
56
97
457
161
169
50
38
142
39
64
151
107
44
48
53
34
27
54
100
30
25
37
29
28
1138
623
44
220
631
153
103
113
252
305
65
127
244
64
104
214
262
23
29
34
52
71
62
40
31
33
40
27
36
54
52
29
294
70
135
79
215
642
78
620
46
38
67
76
161
37
66
105
248
53
111
757
74
61
83
32
73
39
56
68
52
60
32
30
24
36
36
249
117
30
891
33
180
272
147
86
110
49
89
234
41
152
49
78
77
80
96
119
47
38
23
172
33
51
36
43
18
43
24
40
25
38
31
120
469
255
51
962
198
53
129
427
36
355
49
214
85
267
24
130
278
44
97
70
110
51
206
67
75
62
23
40
56
53
40
151
109
61
37
26
22
28
23
35
281
176
750
80
208
36
260
198
133
32
333
75
248
73
43
54
47
267
156
30
36
227
46
39
164
59
43
29
21
24
31
43
34
49
30
64
23
27
25
42
53
29
90
1083
27
90
328
42
208
321
69
218
269
91
63
551
122
27
121
95
59
62
250
52
34
46
37
121
55
50
44
44
47
159
35
45
80
61
40
48
32
72
34
2
105
232
305
261
42
32
909
48
57
716
32
506
144
80
62
40
131
68
77
51
100
42
26
123
48
41
75
19
124
53
25
65
24
68
64
41
43
924
814
62
239
118
47
44
37
1094
342
17
244
164
31
36
120
120
48
152
183
24
42
45
36
32
33
41
66
56
46
37
98
75
53
37
1197
199
186
16
26
36
115
55
211
518
235
366
61
95
280
39
150
75
51
106
139
123
53
54
75
60
25
57
50
69
31
38
30
63
40
16
21
1
239
735
151
973
279
39
789
61
61
80
28
121
162
63
71
107
63
48
91
35
40
37
216
28
147
54
116
27
60
39
39
52
44
39
45
47
32
40
31
45
53
1
819
49
383
906
173
279
39
47
150
74
115
208
51
39
60
108
79
44
46
53
47
44
23
22
34
36
27
35
38
3
45
244
281
47
1167
272
326
36
184
145
307
59
97
54
26
98
47
100
112
40
40
27
32
25
62
218
202
45
414
34
158
75
60
45
58
369
250
184
124
167
104
283
45
48
131
57
31
47
81
33
153
33
49
105
89
50
86
29
35
56
66
37
38
54
56
32
1
32
100
53
346
254
300
453
61
146
138
883
67
99
210
36
75
102
57
176
28
37
130
27
54
41
95
62
64
20
2
29
3
30
1053
335
161
103
31
1241
56
90
40
56
134
48
59
194
149
113
52
301
52
38
60
116
137
32
174
33
44
82
70
59
45
25
39
37
489
585
60
187
320
163
230
186
40
58
356
162
50
50
51
78
52
145
88
54
50
96
86
110
57
178
44
96
75
57
95
73
37
56
124
25
567
1332
57
97
226
30
76
285
189
244
212
51
48
165
70
60
47
108
77
43
58
63
43
36
37
28
25
35
24
102
28
133
65
41
603
319
194
1403
80
42
64
161
109
243
60
34
36
28
45
37
65
34
41
86
73
67
168
64
35
29
22
19
36
22
682
162
390
96
50
123
29
69
40
63
456
97
90
273
51
163
67
131
26
65
425
42
40
39
27
84
35
29
35
50
26
25
27
36
21
2
137
165
797
42
249
133
44
75
66
35
33
167
45
191
78
107
28
88
141
390
50
159
31
37
38
35
139
184
57
55
86
55
60
39
37
67
56
62
44
34
27
68
35
24
31
64
71
1099
160
150
104
89
699
42
60
303
65
521
281
54
36
117
42
63
72
127
14
103
47
101
108
58
67
27
49
44
58
56
39
36
14
49
33
94
119
29
33
27
39
25
582
167
49
47
133
344
525
52
28
102
109
48
36
37
87
34
212
69
49
67
129
38
29
38
18
34
27
48
69
406
377
50
202
150
48
55
23
217
447
39
356
80
43
328
354
210
152
29
245
69
38
71
121
44
30
109
110
101
36
150
41
1
39
41
45
23
25
4
237
932
88
68
61
550
246
72
142
344
142
403
47
42
86
269
51
127
60
311
83
32
62
42
27
43
31
65
46
29
62
21
35
30
88
101
125
43
50
50
101
33
49
28
30
27
1
48
209
126
53
194
1814
67
257
59
48
67
87
35
35
78
152
44
38
111
107
44
28
31
95
60
28
69
30
52
52
731
163
169
281
285
541
246
192
84
62
143
122
62
403
62
39
243
38
61
42
51
107
431
73
75
46
62
65
72
51
54
47
29
45
17
88
37
36
54
30
19
44
1
290
62
851
116
216
146
47
296
54
296
195
701
201
260
235
77
115
89
60
62
57
37
186
46
80
56
232
30
47
32
61
85
74
79
31
50
40
44
21
20
26
31
937
67
85
42
22
220
65
61
74
8
59
40
24
103
40
40
84
92
70
36
62
33
71
59
43
36
124
60
57
25
58
40
37
108
125
49
525
18
187
274
144
53
128
306
49
57
207
38
30
50
67
56
29
48
103
80
41
39
97
111
65
85
20
39
66
128
101
38
27
48
61
32
157
122
76
234
72
160
325
138
921
101
112
44
134
76
26
57
69
53
43
43
47
122
44
118
35
42
131
56
34
58
31
67
93
81
41
22
1
89
39
437
184
53
84
461
224
266
54
65
270
43
138
33
757
346
41
40
50
98
31
44
39
89
64
97
65
48
103
37
55
35
50
236
38
63
34
34
39
57
39
37
34
32
1
116
313
67
551
680
70
66
196
170
42
82
264
50
85
110
141
60
46
100
34
26
43
40
80
51
55
24
977
37
49
86
831
109
104
49
78
459
46
65
32
267
59
105
155
44
25
44
38
102
33
42
73
107
74
69
34
49
1
1
1
597
547
707
447
260
51
346
35
61
53
163
59
76
36
105
58
40
78
32
36
67
109
78
99
18
33
45
64
73
32
33
32
42
61
24
1
96
107
63
590
102
30
173
60
72
445
447
158
973
167
218
26
101
75
72
38
129
39
56
106
37
34
59
31
26
54
48
34
47
19
1
1059
34
1093
462
216
163
342
51
35
227
98
194
33
177
44
56
64
49
58
55
61
32
63
49
49
96
32
42
139
27
34
32
30
50
30
34
34
35
21
903
69
955
49
505
85
188
62
803
164
88
39
341
150
80
36
44
42
79
182
41
84
44
61
57
41
53
111
26
210
272
184
42
205
57
370
137
405
98
67
48
60
148
26
133
171
40
207
22
276
394
51
133
89
29
91
31
28
54
191
61
126
78
104
36
51
121
66
88
105
91
168
22
60
47
27
36
97
68
29
42
44
51
44
32
53
47
28
52
21
30
633
412
60
627
275
112
61
262
103
566
248
27
204
50
396
30
51
36
312
139
64
50
41
66
39
36
112
43
34
22
40
44
49
111
31
38
54
273
157
40
228
720
200
26
459
112
303
83
414
536
75
222
78
102
141
73
148
50
29
57
54
12
49
22
41
41
29
523
138
26
691
173
487
188
608
92
361
163
119
792
45
45
471
82
51
38
173
57
106
61
110
56
28
43
24
19
36
44
24
24
6
210
738
636
552
137
481
519
60
104
55
60
91
58
48
180
40
45
47
103
49
39
81
53
57
40
26
32
90
168
22
24
24
31
13
23
48
24
44
2
1302
607
27
803
51
46
330
403
618
58
48
113
35
21
265
58
36
14
129
63
44
39
35
45
49
34
576
41
338
436
48
44
409
213
38
164
717
646
126
55
47
71
65
44
40
79
47
89
32
44
32
64
117
25
27
30
28
92
42
41
61
33
50
44
25
30
53
55
1391
400
34
34
144
265
33
192
122
56
102
52
220
51
91
48
119
33
142
202
259
68
87
56
91
31
84
48
77
47
100
69
32
39
52
44
29
47
58
28
28
45
42
27
505
917
132
302
66
155
471
255
51
151
390
44
248
47
92
272
49
39
54
205
21
56
280
57
40
32
76
79
32
41
35
66
43
60
240
89
479
881
52
64
834
157
28
197
143
38
34
216
296
446
114
100
24
42
224
45
52
6
56
132
115
54
75
46
41
31
42
34
83
26
54
86
37
22
40
213
37
45
361
328
83
59
166
31
155
747
177
43
711
65
50
61
96
21
130
54
27
200
105
188
51
124
91
56
41
161
32
37
53
53
29
53
34
44
72
39
31
42
32
24
1
1
498
71
886
55
115
53
57
71
144
248
442
29
96
104
67
60
101
90
126
224
42
86
36
28
87
41
19
36
57
71
37
82
151
20
54
45
27
45
31
47
43
123
35
77
33
255
107
139
832
405
304
253
318
425
137
54
37
158
47
33
60
282
88
48
44
33
59
94
180
79
80
55
41
171
39
43
66
114
105
52
48
35
32
52
47
27
26
22
947
104
348
43
592
345
161
103
634
700
317
49
55
65
61
46
55
266
70
42
133
34
40
22
91
40
55
48
37
86
83
41
686
1290
799
127
42
345
50
107
91
73
78
398
275
47
130
183
189
50
66
32
44
37
28
3
443
41
361
379
95
53
133
141
56
53
62
140
39
109
39
60
27
140
63
76
99
34
58
30
35
28
58
47
23
29
41
1
826
766
599
75
185
793
81
53
41
57
33
173
70
47
30
61
23
41
33
60
45
57
36
33
26
7
25
19
19
1
571
660
192
42
64
58
133
39
188
33
49
60
56
156
225
62
183
69
44
145
181
37
46
84
155
124
143
161
34
35
56
88
59
32
31
37
33
41
82
45
43
50
488
328
66
34
80
57
120
69
349
84
26
17
42
50
73
36
36
92
48
180
60
59
85
86
54
141
56
31
45
37
112
29
46
29
210
292
1366
22
61
60
56
35
345
31
80
284
60
109
55
65
52
142
207
36
391
24
27
57
39
47
71
52
60
29
43
52
24
25
12
241
425
69
49
48
76
38
44
36
152
162
105
214
163
47
52
34
48
26
35
226
69
36
43
163
52
30
70
41
37
94
47
208
35
71
42
30
21
1
223
34
1111
210
205
271
35
225
299
98
171
454
45
40
40
72
63
61
67
48
131
216
60
31
81
28
39
40
43
22
69
53
19
837
204
45
388
38
50
226
534
87
169
110
41
54
59
386
50
67
210
187
86
65
44
42
77
89
97
131
49
62
117
75
97
26
103
61
59
27
39
44
24
27
46
1316
326
116
72
290
312
107
47
239
204
54
227
42
199
113
52
51
33
94
72
41
130
79
31
36
33
41
163
1840
57
170
127
397
21
131
57
142
37
196
31
65
28
90
37
52
52
37
70
110
32
23
45
59
49
29
45
15
1
143
273
675
560
218
210
142
318
295
153
382
54
74
176
171
30
55
171
110
54
117
49
35
171
49
72
34
55
39
39
54
62
44
25
36
24
27
36
1
34
599
914
61
245
219
515
277
69
369
193
34
34
46
121
206
25
33
114
62
213
95
65
84
81
71
51
48
69
31
41
20
44
41
12
31
49
31
32
42
64
1087
125
274
53
97
100
41
89
52
142
204
122
358
43
166
82
70
201
67
46
36
22
49
155
28
97
61
74
28
33
54
19
31
31
26
62
28
24
253
1313
221
209
120
76
415
724
108
521
175
62
31
56
95
65
110
57
49
50
66
37
42
62
116
47
67
40
26
37
55
69
880
485
92
110
814
531
45
48
183
54
185
227
56
234
74
80
129
304
113
61
26
49
87
46
61
80
86
107
37
72
16
22
36
54
32
92
269
278
423
333
106
122
55
114
47
58
35
20
299
130
39
156
164
125
43
164
42
53
40
44
48
52
35
179
56
64
75
39
71
31
48
29
39
34
41
1
1
184
771
125
383
331
1010
261
108
45
104
37
422
61
188
54
110
44
61
90
333
58
49
49
63
48
128
61
16
71
36
24
37
27
35
1
2
924
75
235
315
32
74
119
108
150
164
56
137
235
74
73
487
238
29
123
139
121
49
19
112
26
42
92
113
36
185
45
54
38
63
49
48
30
27
399
240
732
36
50
34
96
236
38
38
82
132
86
42
88
72
129
21
45
37
71
24
76
113
117
32
37
58
41
36
46
20
1
2
1088
416
54
139
91
204
90
249
117
274
87
39
62
136
90
85
50
219
33
77
44
39
66
49
74
56
50
181
45
28
25
28
29
1
26
134
105
135
43
223
723
52
333
98
52
81
69
67
221
37
62
39
45
32
488
144
218
37
166
650
41
63
67
44
44
170
129
33
104
103
35
49
30
41
56
66
47
126
57
100
34
55
41
50
38
4
19
1386
62
131
213
618
101
74
50
20
59
287
250
29
57
30
24
64
177
281
77
46
45
207
251
79
34
19
118
40
40
93
39
39
59
30
919
171
1051
122
91
666
58
199
45
46
101
317
90
487
82
57
38
38
92
56
336
33
55
40
85
32
84
31
34
51
31
26
20
1
562
341
980
1269
112
829
115
80
54
29
50
83
98
84
36
36
40
32
64
27
33
33
71
44
58
42
33
14
1
2
302
517
38
539
76
21
43
23
222
190
500
103
261
249
205
160
177
40
66
116
53
262
131
96
86
32
43
74
46
50
53
28
49
56
60
143
61
61
45
30
102
51
10
48
54
54
76
34
52
63
26
21
47
36
38
36
1599
32
391
130
283
316
159
80
31
41
157
41
42
44
64
41
67
54
45
26
28
33
36
53
21
41
32
27
182
167
1060
906
189
286
93
73
33
37
238
511
56
45
54
62
53
38
54
37
35
36
64
72
38
151
15
23
29
45
61
30
32
32
1489
112
892
113
114
213
114
138
396
52
59
52
50
177
29
39
87
23
43
133
37
141
48
72
59
55
52
39
43
36
22
39
30
23
29
21
221
958
71
193
722
133
440
95
28
109
594
172
118
74
45
65
82
24
92
77
30
37
32
63
63
62
29
50
31
3
1
349
1467
159
114
987
185
42
44
88
30
52
38
131
55
116
35
32
207
41
51
19
64
59
32
45
34
23
21
42
2
376
1224
694
117
219
159
258
413
32
234
241
169
67
51
75
69
54
53
46
41
32
29
43
24
160
38
77
69
558
42
39
147
109
43
179
92
52
33
49
36
35
372
34
27
60
128
24
112
53
116
42
29
48
445
789
91
33
301
42
17
71
113
94
50
35
121
108
83
35
262
34
54
53
15
80
31
78
28
27
33
32
55
38
33
181
96
62
771
41
59
110
45
110
265
286
185
376
31
308
276
41
210
91
46
247
170
32
38
38
47
265
151
35
24
49
63
87
54
87
44
58
63
88
29
57
43
33
41
56
27
3
30
227
103
213
423
89
113
144
58
98
218
200
264
371
78
83
173
331
48
34
166
39
63
49
352
193
90
48
24
61
103
56
47
81
255
131
58
44
62
122
43
61
34
146
24
38
75
55
122
29
30
101
57
39
36
55
337
613
530
433
42
24
475
50
73
101
101
590
121
57
50
157
38
103
31
125
57
134
32
131
148
122
58
49
79
51
32
104
42
35
44
28
105
58
30
55
1
44
16
14
414
488
59
89
182
102
201
66
218
67
95
145
127
102
101
132
64
39
33
60
49
40
38
52
30
29
31
36
18
36
58
25
26
468
70
45
75
630
78
438
43
435
117
765
172
77
54
206
22
34
39
150
97
44
30
82
47
61
116
29
35
14
40
56
59
48
10
55
38
25
1
135
1192
380
270
155
404
41
522
106
736
34
47
146
71
39
89
54
84
44
78
88
35
18
112
37
61
27
84
47
34
43
40
32
39
14
41
287
859
30
341
33
21
495
489
474
568
136
61
65
91
132
73
23
149
98
37
24
142
48
52
42
35
44
125
47
38
77
62
26
21
1
204
43
429
384
39
414
673
253
38
275
15
42
42
29
55
31
187
174
50
67
56
66
59
20
1
1899
188
250
167
46
299
169
96
22
67
113
176
37
66
148
89
102
31
43
123
40
92
36
39
53
44
32
26
117
1325
169
33
284
160
192
76
332
204
48
61
65
74
40
119
54
99
97
67
210
30
68
34
80
38
31
62
188
50
381
110
31
658
109
41
850
66
82
30
159
44
144
33
102
42
37
175
56
30
6
79
66
87
71
42
48
31
42
35
30
38
38
41
2
51
54
542
59
250
493
225
27
114
129
25
53
45
27
51
49
35
55
28
111
30
53
217
45
42
61
19
51
91
47
50
45
33
32
49
19
85
96
244
1263
72
382
54
528
42
82
33
234
27
87
83
145
118
38
153
113
94
131
37
115
44
1
41
39
44
59
35
86
47
25
36
1144
708
380
343
137
217
124
37
59
94
63
100
125
24
114
36
43
68
32
38
40
26
33
39
36
23
1
1134
93
414
278
47
60
65
425
48
325
135
256
71
46
58
34
57
50
54
26
28
29
21
1011
140
474
50
798
394
332
173
163
43
119
38
127
79
752
45
60
260
95
116
60
42
41
32
39
27
25
1
39
1
465
46
150
749
893
828
36
39
36
72
42
82
201
276
54
90
109
36
46
38
104
151
24
43
38
49
58
67
77
37
45
77
37
42
22
150
39
31
51
47
24
30
68
48
29
46
17
25
20
27
918
249
38
51
43
100
62
88
49
147
60
49
155
47
53
49
40
22
52
29
16
601
810
53
295
493
623
137
156
48
40
286
385
43
101
284
31
72
25
23
118
61
54
43
42
68
93
29
38
145
56
62
127
97
27
38
24
45
40
20
61
36
11
548
995
187
129
122
143
90
72
124
40
97
31
40
264
113
88
77
141
148
156
146
49
37
55
43
34
30
292
59
27
66
41
46
65
165
26
62
44
47
43
42
40
19
44
18
24
1
145
1073
51
271
142
465
135
131
115
221
1
448
44
121
27
21
30
66
68
56
33
39
68
37
19
98
48
49
15
103
33
923
468
138
55
118
53
31
979
79
203
148
188
30
62
201
171
126
59
44
106
276
60
53
31
237
117
158
19
147
50
38
25
47
54
37
49
32
2
23
523
243
287
231
522
33
30
489
45
154
40
28
62
24
102
73
27
38
44
35
72
88
33
52
31
27
48
1
1
89
1373
144
83
36
514
33
40
190
37
183
200
111
435
349
41
63
37
37
50
43
39
51
30
33
49
59
61
55
35
21
40
42
29
258
54
1153
228
49
321
183
318
227
458
45
272
221
47
67
57
86
34
43
36
183
23
35
108
65
87
134
41
51
75
52
29
18
31
46
27
1
963
191
539
60
60
278
654
123
97
92
112
78
185
47
48
49
39
36
33
41
81
41
30
32
39
54
45
52
26
26
53
1
215
55
1165
832
138
49
39
59
37
73
114
94
29
51
63
51
68
55
47
85
48
48
49
42
39
31
35
22
103
400
675
322
69
66
1119
35
80
87
29
367
111
79
23
71
33
60
50
92
90
31
27
58
61
69
26
43
19
46
50
20
295
52
154
97
63
33
66
100
231
59
29
16
35
57
38
35
62
38
30
58
21
40
2
1
574
258
763
35
454
282
115
280
61
55
405
33
37
48
207
61
137
37
34
52
111
48
106
170
99
114
135
63
62
122
66
38
36
47
38
26
67
41
29
38
672
604
183
41
62
30
126
393
227
416
49
65
521
200
168
117
63
69
34
32
24
147
99
22
41
29
50
93
18
38
25
50
41
114
76
52
38
68
50
16
61
56
18
26
32
1144
141
94
262
289
100
43
46
36
556
169
107
54
187
34
96
570
29
145
211
325
57
38
29
41
115
41
30
48
41
31
56
41
59
48
38
29
916
680
177
261
32
56
88
219
238
88
191
78
59
49
236
73
39
30
42
98
31
66
41
71
144
165
93
36
22
63
45
28
100
36
38
39
88
11
40
86
27
40
22
43
22
1
476
338
285
108
482
50
58
313
31
156
160
152
145
40
314
704
42
109
44
32
41
42
27
85
90
120
26
22
38
31
27
28
1
30
219
196
120
113
59
505
291
83
159
37
52
58
126
51
30
54
54
26
27
78
51
43
46
34
63
5
259
577
252
159
440
673
333
92
181
68
79
152
178
41
358
113
37
60
192
44
85
5
108
169
75
63
40
51
48
41
70
55
58
51
44
38
1
191
462
731
517
89
246
229
60
225
70
54
38
86
250
316
68
403
86
68
39
51
304
102
55
34
95
160
129
36
47
46
39
38
61
58
27
21
37
1706
23
924
38
165
120
133
158
52
166
35
71
47
160
55
46
55
40
46
87
71
203
59
191
39
27
46
33
37
26
66
1539
81
32
231
368
315
544
180
33
87
63
76
92
57
68
40
38
27
52
77
53
78
49
97
29
25
28
3
1
244
102
200
194
92
315
797
272
140
1005
67
79
207
115
422
436
27
39
108
143
50
2
24
21
29
30
24
1188
363
58
77
138
42
43
204
36
93
73
53
118
53
49
60
17
36
24
30
29
40
19
22
23
1
526
41
216
147
843
91
289
369
347
741
128
67
78
271
38
43
103
121
47
205
36
61
44
39
54
9
36
27
41
40
34
65
460
72
450
114
97
119
174
520
161
831
35
1138
44
200
60
56
117
112
107
50
21
80
33
107
32
69
26
70
60
462
398
85
31
314
70
54
165
82
58
130
281
44
61
298
334
174
46
67
69
46
27
168
29
173
28
20
37
40
43
43
19
186
113
48
25
38
34
26
713
50
306
101
55
54
135
133
101
62
208
80
92
85
49
168
59
36
30
29
99
28
45
27
61
43
34
32
44
71
41
40
38
13
11
908
523
40
243
754
688
40
58
23
402
47
39
18
40
108
49
26
85
78
64
79
57
25
73
82
48
197
23
32
22
18
247
88
572
50
110
290
48
103
37
160
161
99
97
60
56
239
50
35
116
44
33
82
48
52
24
102
123
42
36
230
39
27
38
48
44
74
50
126
19
49
47
1
55
36
43
32
34
74
16
31
84
292
38
87
100
536
213
225
82
355
216
204
38
43
153
39
325
37
19
107
138
90
38
48
41
36
63
25
77
31
59
25
33
36
32
32
1
243
57
91
723
664
316
572
393
668
503
208
141
392
63
82
27
106
37
58
31
33
49
40
56
18
46
41
65
59
1157
48
161
134
159
39
59
145
97
117
111
296
149
59
50
45
74
57
37
22
41
56
29
44
74
79
36
33
50
37
24
28
40
514
447
115
429
153
46
90
350
396
189
41
52
262
319
214
51
38
42
37
32
211
27
244
39
53
123
77
56
64
258
53
34
57
33
33
24
55
37
28
47
3
24
26
46
62
119
238
29
170
100
213
21
47
240
61
50
54
55
125
163
31
61
29
27
43
54
33
45
85
32
48
101
93
30
1395
26
1197
50
320
305
199
72
31
27
52
75
145
79
51
42
111
40
60
28
32
41
32
38
41
34
286
800
642
375
66
52
133
338
279
373
63
28
76
267
29
44
316
146
301
101
40
34
39
92
40
64
113
28
57
40
23
18
28
50
38
30
80
23
56
30
19
1
1
65
962
325
762
497
193
223
635
43
49
34
72
33
48
121
41
60
59
169
107
74
50
40
54
47
73
31
66
75
37
58
36
57
34
58
1
56
32
232
1072
201
55
601
117
53
21
46
274
157
310
58
63
165
39
21
94
37
85
41
40
48
63
93
183
44
44
50
78
94
24
24
114
724
283
242
169
355
457
640
194
39
55
192
83
84
51
89
83
159
206
93
86
17
21
49
37
53
23
40
24
33
1
1
680
1227
81
239
53
36
721
21
133
94
109
42
62
306
105
83
158
138
48
58
45
25
41
27
47
311
653
916
26
691
46
344
339
66
192
300
255
47
35
122
29
80
67
236
64
56
142
36
51
56
63
44
128
26
38
32
33
44
66
38
157
1232
66
496
280
99
60
40
54
99
65
76
73
340
26
43
43
15
97
42
35
38
58
25
38
18
24
22
40
27
85
28
39
207
176
54
56
182
44
189
129
54
558
89
53
47
55
343
390
193
81
66
55
134
109
118
37
61
38
212
70
27
52
200
51
90
44
31
19
57
48
32
615
106
1024
24
286
39
29
126
542
100
218
64
62
322
15
41
47
46
35
36
21
32
41
73
3
58
29
50
72
67
45
18
188
170
35
480
53
143
25
194
518
188
64
62
89
52
53
165
154
39
55
127
94
123
36
72
163
41
62
24
55
25
59
77
29
1
1
423
144
723
979
159
72
46
437
413
23
91
49
238
372
1
56
126
72
819
36
39
25
42
74
125
31
40
36
44
54
798
246
525
138
48
170
55
182
177
241
195
49
182
284
318
103
62
337
52
260
88
73
176
64
26
58
193
50
34
34
50
40
40
26
48
55
27
28
27
37
23
1336
36
320
204
45
518
58
175
115
261
25
35
60
122
91
134
51
81
99
237
44
184
167
45
35
30
33
101
32
48
24
26
43
29
1
229
56
1185
764
75
67
43
122
63
188
96
122
15
135
123
78
39
100
79
27
38
57
32
61
30
26
60
564
399
43
38
26
653
125
49
600
56
46
68
51
35
95
81
64
41
141
39
33
163
269
203
169
39
58
41
43
27
32
82
39
59
39
45
29
30
31
13
1
177
117
167
523
681
299
227
118
135
113
332
16
73
48
39
57
135
59
41
43
81
70
26
31
30
1
97
42
69
270
1078
88
255
36
41
40
159
223
82
201
61
295
190
183
158
132
52
184
110
26
34
42
138
52
32
86
21
64
43
28
43
178
29
42
28
21
1
548
1038
66
32
252
148
43
109
467
135
57
93
52
73
105
150
288
62
51
80
34
69
106
32
28
31
26
39
1
2
512
156
131
524
461
490
1005
47
155
473
38
137
123
45
47
83
49
59
29
22
30
39
57
48
48
52
97
73
74
76
57
33
33
20
34
46
47
33
36
114
67
156
553
632
197
178
119
636
37
413
235
107
315
412
263
114
98
66
51
48
51
91
152
42
49
87
20
46
36
103
64
47
32
27
116
25
43
58
64
68
24
9
1017
196
618
67
41
70
62
41
53
33
62
259
58
33
38
124
87
36
39
36
55
19
7
51
27
53
14
356
846
630
605
327
600
320
113
122
89
109
57
34
51
37
349
33
75
99
185
25
86
133
70
79
23
73
26
22
55
32
35
1
1
832
215
100
110
540
36
39
59
439
110
27
100
181
21
44
381
194
173
286
33
77
88
315
83
148
63
57
97
108
71
101
98
99
69
93
50
43
30
24
18
270
298
316
367
153
95
112
80
454
149
281
50
60
361
154
69
58
46
105
53
35
341
127
45
49
114
50
39
36
83
43
38
69
45
25
29
61
41
20
52
31
50
29
2
22
80
1050
362
266
185
36
222
164
207
57
223
571
166
32
38
129
54
94
99
26
126
127
40
31
21
53
204
44
49
26
24
44
54
33
36
43
1
74
1445
96
42
205
105
31
124
94
88
45
38
315
150
88
171
180
271
152
15
42
247
39
50
187
67
34
44
39
127
29
51
38
42
150
56
63
35
35
37
37
22
15
50
1
176
756
1281
39
52
906
163
83
177
182
46
114
230
58
40
57
20
60
34
35
66
98
51
58
19
39
49
35
40
8
29
63
44
34
5
2
191
272
1099
145
53
54
243
281
124
534
107
48
619
162
48
49
34
452
75
114
51
282
55
32
41
30
39
30
52
83
392
958
194
717
109
228
313
396
312
34
122
14
55
92
22
49
16
48
38
63
22
42
56
185
44
35
112
36
1344
59
30
32
293
15
333
46
227
124
34
73
97
150
69
313
37
178
73
173
62
48
113
62
34
35
25
67
35
41
35
45
26
38
87
32
37
202
791
51
121
376
49
45
122
299
174
39
109
156
100
45
40
48
369
320
35
79
87
45
26
57
62
29
38
65
58
88
78
64
36
47
40
55
34
33
56
37
28
36
30
27
1
1
1432
269
131
188
205
68
742
213
250
148
124
59
116
111
116
36
112
35
39
74
65
28
16
66
23
127
114
27
57
25
17
21
1
36
517
547
324
201
80
373
234
106
106
35
361
845
60
114
84
43
106
40
35
23
49
33
39
39
72
76
26
76
56
22
29
32
24
47
57
773
282
53
737
267
139
50
51
30
280
45
56
40
67
61
114
56
71
110
47
53
33
238
44
35
86
94
43
34
23
39
22
39
28
31
59
685
185
114
435
94
48
156
38
646
34
537
58
99
74
46
44
158
30
271
98
496
52
55
117
84
138
40
43
146
36
54
60
32
38
43
34
47
64
30
121
38
73
44
49
29
38
1
214
81
249
1148
66
449
217
28
62
134
49
69
37
24
43
46
36
89
139
54
129
50
22
38
90
119
60
49
90
42
38
62
50
61
76
31
56
47
33
67
49
30
24
17
35
29
34
28
32
1313
35
126
347
117
64
33
233
162
99
58
334
84
406
31
50
73
200
41
38
76
297
33
38
43
45
144
39
47
108
44
37
35
27
37
76
62
35
64
53
32
29
38
1
41
381
163
80
205
114
9
411
58
40
31
105
26
75
107
305
104
105
40
61
137
37
123
71
63
50
35
34
42
103
67
20
22
48
30
31
32
99
189
217
337
54
382
163
43
136
397
51
593
208
149
60
27
84
74
108
136
60
50
111
27
39
37
82
170
32
64
57
18
93
48
34
23
52
178
787
498
287
1011
47
113
35
145
108
105
126
48
30
127
120
40
45
81
74
77
60
75
105
19
60
62
23
106
38
45
60
53
57
143
38
31
97
33
39
27
33
45
10
87
631
365
270
47
26
68
187
124
33
28
54
26
158
162
55
42
62
163
149
31
22
35
43
71
24
44
43
35
40
36
28
2
17
1
1
52
260
928
214
650
684
210
361
208
26
25
391
42
35
33
30
48
46
115
49
44
112
107
68
56
53
40
29
34
26
275
561
535
38
231
48
998
789
33
353
92
60
63
62
112
95
142
50
56
56
33
47
43
84
62
39
20
24
55
177
45
210
469
715
737
136
66
128
28
34
54
175
71
34
33
75
54
46
56
41
60
33
64
31
123
27
52
1
175
125
76
510
52
65
157
94
64
140
43
43
44
40
25
269
45
37
60
41
89
205
79
143
104
109
58
30
49
33
28
44
31
31
50
32
19
21
27
26
621
345
147
294
140
58
88
171
186
58
129
40
73
54
43
91
38
27
31
80
33
41
63
19
23
41
78
25
41
444
42
97
200
506
41
114
170
87
146
41
86
96
29
103
54
361
156
157
36
54
42
32
38
59
83
109
51
134
354
45
82
27
38
36
103
78
34
3
20
869
234
86
1050
379
244
105
84
179
150
27
36
222
430
112
103
79
39
103
248
53
57
98
63
28
99
28
32
55
93
40
82
35
42
1
162
199
155
10
128
545
283
183
30
110
106
421
166
63
175
103
71
47
33
75
74
39
27
39
33
33
85
54
55
53
68
97
44
37
53
43
31
54
50
64
37
35
50
25
28
1
167
589
197
282
458
587
142
53
104
376
79
47
114
65
26
26
33
23
187
43
71
36
57
47
56
74
17
56
32
38
85
26
36
20
33
1
1
91
28
49
40
191
98
498
71
173
35
74
39
267
237
39
86
59
53
29
97
16
35
30
51
24
20
25
78
88
64
49
569
70
41
304
91
612
254
359
480
162
103
108
61
108
74
197
194
55
78
44
38
49
92
38
253
52
42
111
47
58
34
70
97
28
35
94
32
44
27
26
31
35
36
42
44
26
788
274
65
935
150
71
65
315
441
189
176
97
31
56
37
139
54
93
50
57
79
35
34
75
101
22
53
40
61
60
39
36
75
39
6
54
950
287
169
402
70
77
42
215
411
244
173
25
91
72
72
446
32
71
28
129
108
29
86
310
64
35
57
53
60
124
57
34
53
36
35
21
52
50
1
104
49
394
63
63
501
317
48
63
62
58
77
115
57
40
256
28
34
122
29
27
37
50
29
20
430
391
118
844
108
299
178
539
82
257
175
127
308
73
159
67
49
158
90
35
64
154
40
43
63
53
91
27
21
473
51
1369
909
636
55
436
34
130
192
34
84
72
45
23
26
30
59
24
72
36
9
121
1193
55
232
38
41
72
47
564
53
59
65
38
69
138
36
121
82
41
52
184
1
24
38
472
37
40
170
540
1316
623
214
36
105
202
860
107
50
66
67
69
46
33
53
48
47
28
41
768
27
385
129
64
77
147
407
51
110
77
222
48
548
247
45
116
27
174
30
167
23
44
38
121
44
29
91
28
158
40
28
38
20
36
28
2
427
39
89
1271
49
61
179
222
43
66
228
143
60
99
36
94
48
138
35
58
488
84
141
73
52
35
114
39
22
167
59
18
33
74
45
32
48
54
65
19
1
54
48
62
46
70
32
32
200
25
35
176
56
52
122
51
38
175
46
36
35
50
43
57
27
22
56
396
548
405
710
108
336
629
125
38
30
52
52
340
150
45
192
44
61
144
32
27
52
22
27
27
31
206
30
42
35
24
65
39
31
32
37
56
32
40
118
59
19
60
63
36
33
49
18
22
255
984
1021
379
483
684
262
57
294
25
77
334
92
39
95
48
87
61
26
21
36
59
29
22
32
128
57
30
30
60
111
34
282
27
32
95
90
207
53
33
46
51
50
27
95
55
45
34
25
32
34
20
30
1
3
431
1645
79
50
148
87
182
54
150
65
173
118
102
35
49
109
57
58
36
40
60
35
79
41
26
23
33
18
194
81
513
413
272
212
97
40
286
56
87
287
240
36
152
34
56
337
26
92
73
40
37
21
165
63
96
148
80
58
56
34
57
38
110
49
30
39
32
30
36
30
56
26
245
50
35
856
1129
236
35
39
241
807
67
338
49
103
70
49
44
116
104
66
36
43
75
53
70
35
40
65
43
54
35
48
64
19
33
1
417
279
1009
365
37
36
530
71
147
49
227
62
50
131
94
82
95
408
64
85
33
51
141
113
62
84
44
124
48
19
45
27
80
33
118
219
132
90
54
49
350
60
36
33
64
57
160
19
25
42
124
164
50
22
48
42
51
29
48
24
47
415
41
41
88
48
36
137
73
358
451
463
113
847
61
469
58
62
172
39
87
36
58
159
47
27
194
80
51
49
84
44
60
39
124
53
12
37
24
1332
296
473
365
43
77
182
102
42
284
97
42
79
41
34
84
116
46
39
73
32
18
33
47
113
62
33
115
71
92
51
47
13
42
28
32
62
2
619
31
1059
82
248
134
31
64
126
399
43
119
25
95
31
150
51
62
54
53
36
203
18
120
47
86
61
59
36
50
19
54
42
42
26
31
66
33
27
4
92
1056
390
143
57
125
239
32
584
105
467
37
103
97
46
53
96
118
60
65
195
112
20
74
60
30
143
25
58
61
116
66
97
32
51
109
49
51
37
45
24
35
63
29
31
136
683
1083
629
24
39
237
227
131
42
140
103
45
100
121
141
78
165
144
60
104
125
25
41
26
40
27
31
30
26
110
57
34
516
950
625
235
77
36
196
382
19
258
26
99
64
220
121
151
31
76
27
49
75
59
53
18
48
68
67
42
45
35
55
70
41
26
28
73
56
1125
492
36
341
61
87
440
181
64
272
41
58
118
113
227
44
286
315
24
31
138
69
34
57
31
31
31
84
451
600
386
92
192
71
193
854
245
364
23
100
95
163
22
27
101
460
63
147
92
45
60
35
40
56
53
81
37
1
82
1023
63
40
384
133
142
55
69
532
85
33
30
79
253
63
51
41
26
86
110
34
33
60
51
74
124
62
28
50
27
31
41
33
41
44
46
53
20
31
68
25
1818
259
72
28
198
85
194
270
22
66
402
51
52
27
50
55
33
91
110
37
57
57
29
49
67
26
50
30
32
24
23
37
30
21
32
4
57
228
308
65
36
38
37
98
61
44
38
106
43
81
38
47
68
96
26
92
84
150
48
40
60
39
52
25
36
49
34
81
188
74
74
73
241
81
110
203
54
100
347
63
93
120
148
41
55
41
61
63
31
26
29
67
39
94
30
42
91
57
130
33
63
46
58
33
82
27
1
215
281
47
445
37
99
380
701
42
64
81
45
64
50
34
286
265
495
41
206
44
39
49
54
58
38
53
53
41
30
92
95
34
29
46
29
46
55
41
17
40
50
64
31
41
42
1
172
1338
57
49
54
102
123
53
146
50
31
82
55
44
40
52
49
61
78
60
113
34
27
50
48
32
69
15
22
35
3
1
126
649
350
175
603
51
54
78
44
85
252
117
146
75
51
58
183
55
133
102
70
49
27
94
37
69
27
41
39
50
47
53
150
384
50
150
115
38
113
554
365
65
40
156
42
90
75
36
61
67
91
27
51
91
34
23
48
39
7
51
40
35
121
222
1276
599
127
636
214
76
219
37
251
106
34
158
99
126
90
105
47
33
87
93
14
116
111
24
42
39
35
52
30
42
68
16
29
1
1
1
57
321
721
825
130
102
42
37
307
274
160
159
73
56
40
85
30
34
105
44
61
30
39
34
66
27
70
28
28
19
24
44
416
440
50
1095
17
37
147
167
34
52
261
63
90
411
33
156
74
59
28
48
67
36
23
280
51
37
25
33
43
18
29
31
41
217
84
222
141
49
81
146
57
227
116
200
375
88
53
63
307
78
365
20
588
35
202
223
124
69
46
104
112
275
56
41
66
28
67
79
68
231
45
40
84
41
28
54
46
20
36
37
41
33
32
55
21
45
35
31
109
620
143
43
73
109
78
241
514
205
32
182
160
60
100
395
191
91
221
429
156
28
162
88
76
46
42
72
80
242
58
52
66
31
44
34
41
42
62
69
43
35
97
963
23
119
243
506
125
142
24
127
58
43
178
101
82
253
103
56
26
38
48
157
28
43
85
49
55
35
60
86
49
44
1377
1552
474
583
154
36
37
64
37
54
54
32
97
47
27
41
1
61
1290
619
208
172
139
56
57
270
50
85
48
68
348
60
50
65
69
140
71
41
57
33
81
95
110
36
30
40
1
136
961
194
350
65
53
106
50
98
166
47
96
60
20
38
74
101
32
34
75
52
105
55
61
45
50
55
39
71
1
47
208
40
261
18
405
49
96
107
61
52
35
38
132
65
114
249
43
24
95
35
46
340
32
45
29
27
39
75
24
48
31
37
18
1044
258
453
748
186
629
56
251
55
94
53
254
30
148
57
73
171
165
87
163
21
72
49
27
40
27
41
39
33
35
38
37
28
1
169
47
113
304
40
402
552
59
51
105
106
169
57
40
250
99
52
40
23
42
40
41
84
82
54
102
204
89
31
14
30
23
33
12
30
54
491
176
53
318
660
580
465
42
328
49
52
101
858
20
602
24
104
207
48
125
44
60
29
36
169
45
64
1
60
691
310
77
724
38
331
521
78
350
984
92
81
56
43
32
360
48
70
31
37
78
34
133
51
28
29
42
33
29
27
48
33
479
58
105
194
251
50
215
571
218
45
117
69
588
276
112
34
19
423
48
167
161
32
149
35
38
132
145
53
32
71
122
21
49
125
27
40
35
54
90
20
37
33
46
27
32
24
84
247
78
116
496
133
353
147
165
41
586
95
76
501
33
257
95
50
242
39
242
208
60
44
83
40
92
60
33
23
42
46
78
43
33
32
31
34
97
16
34
62
45
30
29
1
853
27
503
69
37
494
23
104
61
177
104
36
82
77
39
365
54
162
42
533
61
45
40
56
40
30
30
27
26
298
79
156
249
118
226
206
61
245
187
137
41
57
44
30
31
28
87
48
59
44
79
200
43
32
79
45
74
39
26
1
905
374
775
355
65
72
46
50
65
97
203
82
117
48
380
176
63
191
111
23
203
50
96
58
97
56
36
29
41
28
42
62
26
32
429
272
93
416
794
48
141
179
28
115
173
58
32
73
33
68
331
158
82
151
25
24
83
19
40
78
58
41
23
33
55
52
1
2448
81
47
68
64
19
66
42
89
66
62
97
82
52
239
33
106
59
58
64
49
29
75
22
45
230
140
41
794
1063
265
39
167
71
484
249
99
167
65
88
53
67
149
174
35
41
50
57
69
22
92
38
42
44
50
40
37
1
968
624
117
67
168
240
59
326
418
102
395
322
54
56
54
96
31
53
40
66
108
115
127
123
212
37
141
76
36
51
28
96
37
50
50
30
467
448
36
640
116
40
136
39
80
37
48
66
69
89
54
390
90
282
120
110
34
28
71
90
47
42
57
41
38
24
40
28
27
31
40
43
44
38
331
852
557
609
62
71
92
48
172
141
210
346
64
148
124
191
95
61
54
43
49
45
39
42
12
53
66
119
18
45
28
98
34
41
39
54
44
28
31
46
719
511
147
404
382
100
91
15
338
38
388
33
23
41
91
36
30
44
33
62
27
4
42
41
72
37
23
1
826
29
777
838
49
266
56
565
118
643
49
90
44
175
45
44
32
148
50
136
61
30
167
23
77
50
50
64
98
30
128
40
21
31
27
2
648
327
217
477
578
211
391
657
39
79
50
870
32
34
79
114
59
34
25
36
254
61
22
29
52
21
41
1
118
79
1030
143
217
106
73
185
258
179
93
716
109
523
56
55
64
78
197
88
72
45
20
111
36
85
35
35
79
31
23
29
58
2
62
34
41
1699
237
1033
187
59
31
59
24
26
352
48
115
48
44
55
29
50
158
40
43
1
114
233
98
401
69
49
370
52
130
550
93
275
81
564
34
91
102
54
52
62
76
44
33
90
86
45
137
58
51
81
58
179
67
92
39
43
29
34
1
26
49
32
37
30
1
10
785
366
146
977
176
45
74
130
41
54
112
358
285
296
134
85
126
182
70
57
135
93
122
56
36
42
23
86
28
115
67
54
27
49
28
41
1
23
23
2
779
563
407
505
181
120
180
35
46
48
166
274
61
62
216
345
51
43
25
52
46
71
58
32
128
48
40
51
76
95
31
29
1
264
1061
922
76
249
341
66
45
163
24
193
491
122
4
184
24
74
70
189
112
128
88
56
44
53
40
63
30
41
83
63
42
38
52
51
1308
432
150
173
61
90
33
488
120
240
248
27
59
62
57
76
108
63
45
73
67
27
37
85
512
56
185
277
1026
99
134
721
66
66
587
57
300
177
32
35
72
95
43
27
27
54
57
76
30
31
45
37
43
33
46
62
19
14
52
20
1225
124
391
44
906
542
191
27
81
169
42
103
44
41
42
71
91
89
28
45
13
53
106
70
70
29
58
87
38
50
30
596
1114
203
80
665
44
39
509
43
98
203
38
35
86
52
37
28
46
34
74
62
46
43
59
26
29
47
43
24
27
59
28
25
119
103
212
338
97
730
47
547
224
249
194
27
34
51
125
65
223
75
56
241
36
191
339
176
52
55
48
68
143
43
59
111
72
44
45
42
79
37
50
29
41
44
47
51
45
93
1013
839
40
221
369
336
29
84
44
72
35
42
104
81
128
72
31
28
254
45
102
78
38
38
57
18
50
34
43
41
12
1
351
1208
45
32
40
453
58
545
73
155
125
62
48
150
44
80
60
39
53
49
125
31
85
65
112
28
50
32
33
64
61
48
18
67
366
315
250
38
173
248
37
230
111
163
133
66
164
41
252
114
177
42
52
475
114
42
71
56
30
270
22
72
29
55
36
50
231
258
375
288
121
203
178
281
96
79
184
323
110
170
91
220
257
341
129
291
29
42
94
65
428
70
102
76
90
41
47
64
92
76
34
44
20
63
26
21
37
89
46
45
45
37
45
40
21
47
1
376
964
487
256
59
897
26
53
586
95
84
150
52
60
136
113
47
39
25
57
69
60
43
58
48
112
33
34
41
92
895
484
424
168
956
208
335
279
52
221
93
23
37
99
52
41
65
62
40
42
29
41
46
26
27
33
999
126
35
406
50
514
71
239
175
270
170
174
471
374
48
46
28
60
107
378
113
118
54
195
30
26
31
95
48
29
47
22
34
28
695
118
213
101
284
51
180
32
67
699
87
91
60
33
129
95
70
51
174
130
35
69
34
51
43
82
44
65
65
37
47
312
103
287
1801
46
23
339
42
269
83
356
42
48
45
101
120
44
23
66
52
58
205
64
65
41
52
44
45
20
29
30
162
514
109
218
47
82
306
44
43
98
45
49
75
41
75
48
26
27
10
1
1
826
288
38
93
127
184
110
85
343
47
237
54
598
331
661
377
110
55
63
190
52
141
42
54
46
102
95
66
45
66
36
71
45
48
40
16
67
23
328
755
41
474
129
34
16
983
506
105
275
34
121
161
114
44
32
248
218
112
124
219
58
134
79
56
43
49
51
53
28
465
91
188
65
156
71
52
206
782
231
96
29
355
150
131
82
97
378
40
71
39
252
48
131
135
117
58
19
33
93
47
123
108
27
27
34
43
40
114
64
51
63
25
54
41
33
36
893
1096
44
376
25
93
206
27
48
135
31
100
88
108
39
34
46
94
143
48
43
133
30
27
25
33
24
34
39
325
119
503
60
76
561
753
198
34
82
118
156
56
153
176
194
182
46
187
81
61
50
127
123
60
72
54
35
85
47
27
48
22
47
32
36
32
1
1184
384
64
136
653
1036
59
153
42
125
102
31
99
142
30
109
43
32
256
61
42
47
43
26
54
41
45
36
86
25
530
60
39
35
104
166
63
84
58
100
93
54
30
112
106
216
2
41
31
52
72
22
1
476
52
101
116
47
789
50
74
45
228
125
50
281
171
246
249
165
54
36
64
110
198
62
61
77
47
117
123
80
99
116
63
119
228
66
51
35
38
32
31
55
126
54
32
66
37
21
52
51
46
59
31
49
31
3
787
121
39
318
828
261
790
233
109
123
360
88
102
145
97
138
97
33
40
104
261
127
25
78
23
56
32
17
39
26
65
32
47
50
38
30
29
366
373
788
165
54
185
111
933
37
93
43
120
104
89
62
139
59
32
129
75
44
55
56
44
36
24
25
33
54
32
38
66
536
87
89
180
57
86
334
343
42
129
79
145
109
83
51
66
41
34
107
315
27
166
58
48
43
62
63
41
34
38
44
71
51
54
43
43
54
71
47
51
1
113
432
768
250
52
295
101
138
71
66
40
368
27
38
104
71
224
40
110
40
133
47
108
146
54
27
18
71
54
68
114
64
125
29
18
40
50
32
33
1982
64
185
357
219
286
51
82
139
30
67
57
49
49
62
127
47
38
41
24
39
61
21
33
39
59
34
35
79
34
41
65
32
26
37
15
30
81
52
230
341
172
183
195
47
41
85
30
236
93
497
66
52
281
21
163
27
147
36
34
57
40
48
62
107
327
129
59
37
28
64
37
27
45
51
49
22
1001
729
29
134
295
119
132
61
290
46
143
102
98
51
36
29
140
89
63
54
70
34
125
38
80
131
39
25
97
45
42
20
41
33
19
82
34
51
699
123
116
48
47
204
442
183
188
46
176
173
241
97
46
50
167
37
181
26
162
182
52
75
335
35
45
43
44
66
51
121
30
44
59
45
54
63
21
78
43
61
45
18
21
30
79
32
26
1
2
253
1635
50
112
50
968
255
40
119
130
46
133
130
28
81
35
39
103
140
39
51
48
50
76
64
50
29
13
23
334
805
98
396
80
57
160
33
109
131
192
39
319
50
58
28
287
38
191
33
36
128
121
12
99
30
39
11
85
30
82
57
25
32
28
43
20
626
427
448
124
102
156
144
57
37
181
95
39
48
192
69
76
19
40
85
35
46
20
34
53
42
37
37
38
83
30
56
24
6
50
353
947
1407
185
55
80
815
38
153
184
49
38
56
51
109
103
37
38
43
45
67
45
32
58
40
2
32
25
1197
198
239
328
428
96
52
982
48
451
102
164
86
125
23
33
82
52
92
129
44
77
27
45
32
30
23
25
42
38
60
21
23
272
397
214
160
124
418
42
256
581
347
149
127
38
75
116
43
51
224
299
177
98
121
36
41
64
60
25
165
19
71
66
92
29
134
43
51
46
21
31
66
37
174
200
1121
156
149
1218
120
589
35
55
109
316
171
34
110
49
59
75
59
72
91
63
55
59
45
34
34
38
48
176
33
367
496
447
444
735
143
23
222
45
23
225
44
97
83
44
165
72
59
25
22
150
54
78
38
57
163
32
80
58
17
32
27
44
56
49
57
29
28
31
33
1388
919
259
22
58
77
36
37
156
274
166
61
43
158
55
47
41
40
59
43
71
46
50
92
50
166
91
212
30
39
31
63
66
31
30
21
34
650
397
54
49
62
91
609
1221
103
24
838
31
113
84
24
33
58
46
151
29
150
29
32
95
41
51
23
21
43
29
1630
50
55
191
70
22
35
45
79
50
322
128
47
54
38
433
68
192
32
136
75
63
62
90
130
80
26
39
83
65
57
48
53
22
1
51
117
640
189
188
238
540
90
207
667
619
48
50
49
31
85
28
74
117
60
53
83
54
50
49
100
43
26
43
25
50
536
59
151
46
126
411
123
107
210
103
158
26
510
471
553
48
111
31
32
75
209
30
214
33
96
95
119
45
91
22
56
48
28
13
25
37
46
37
32
65
1
945
129
52
225
188
208
59
225
152
108
303
73
34
173
78
68
132
159
58
119
127
28
83
295
30
55
39
49
31
48
101
51
30
181
107
25
60
272
69
36
32
19
42
41
33
52
30
44
46
129
287
1075
58
23
249
60
88
110
124
62
121
583
28
115
41
61
69
143
26
29
25
29
49
37
42
24
47
57
46
291
676
419
42
785
581
59
187
168
39
37
57
78
19
53
44
29
96
31
147
33
74
34
324
84
58
60
103
95
31
57
68
36
26
21
1
52
357
72
818
330
49
104
301
90
41
63
129
167
80
202
50
60
64
44
42
26
157
54
58
28
40
20
1034
359
991
45
40
342
123
72
76
283
229
44
368
302
61
117
38
132
229
54
23
47
46
27
59
36
79
100
42
60
42
39
54
44
29
1
41
54
1179
314
97
344
196
219
169
528
106
27
33
129
69
34
31
98
39
38
118
29
63
49
25
35
46
30
33
81
26
77
28
39
46
31
24
31
479
48
69
269
145
306
55
158
517
65
159
140
570
49
75
42
136
143
230
82
45
235
37
43
42
25
49
48
39
133
46
18
50
49
30
28
26
32
19
507
728
107
203
71
569
654
48
48
103
75
228
31
437
47
62
132
47
74
31
198
222
46
135
44
109
26
55
33
51
34
45
117
445
845
413
359
230
149
75
165
33
51
194
110
77
116
144
32
207
66
100
47
36
52
35
50
50
73
38
28
51
33
28
52
48
41
30
37
81
40
55
36
24
26
175
487
27
177
281
77
40
30
539
234
149
204
55
213
106
103
69
59
96
35
49
36
49
31
27
45
72
265
36
62
86
39
58
34
49
81
43
36
206
72
119
97
206
41
280
343
582
395
162
159
79
404
357
41
66
259
60
63
173
38
23
177
31
63
99
56
60
42
62
95
123
35
23
52
27
42
43
33
16
2
1
129
83
58
899
38
62
51
48
64
60
54
218
32
56
33
36
1
1
163
412
761
847
29
39
571
29
163
267
142
197
113
75
111
73
133
104
90
33
42
88
71
276
78
77
62
78
25
45
176
58
62
41
63
35
330
102
131
1156
396
29
55
576
181
147
126
98
257
123
298
51
53
18
32
83
68
61
35
31
23
55
64
51
85
23
41
1
174
253
96
943
37
155
309
46
34
170
162
39
62
34
70
336
81
112
99
53
24
35
56
63
87
16
66
31
44
62
28
71
35
31
63
31
32
24
1
885
115
533
54
58
5
197
192
219
70
287
80
153
27
58
98
166
61
79
33
55
166
50
110
34
203
43
44
37
53
63
25
38
34
63
30
52
61
45
54
35
33
99
27
42
1117
53
496
33
51
50
153
516
70
704
55
117
28
310
36
47
49
44
58
113
74
38
50
47
200
40
126
36
36
93
67
32
30
31
49
22
1
1008
226
122
595
794
80
162
253
118
39
233
300
32
71
141
113
48
34
60
59
66
80
85
43
42
51
100
116
49
43
88
53
31
59
26
48
27
34
1
127
253
444
395
43
96
225
180
311
34
269
44
247
101
139
62
35
56
104
189
28
68
91
98
43
28
55
44
107
25
40
41
48
47
58
34
94
33
27
39
48
539
1353
220
875
32
27
121
26
295
42
44
348
63
160
209
27
48
80
61
49
37
53
33
33
42
26
30
85
49
122
29
281
39
221
899
54
36
127
279
34
29
33
41
21
230
48
194
124
103
107
123
36
85
63
25
25
201
43
29
28
65
45
46
40
40
21
60
954
40
724
34
189
205
79
248
59
34
49
13
39
49
70
47
110
58
24
31
64
24
43
81
37
23
22
62
28
26
1
210
624
93
227
172
159
352
316
35
104
241
188
232
46
41
44
36
153
40
32
379
160
65
122
52
41
37
58
69
34
105
94
35
34
27
23
51
33
2
108
581
55
231
536
981
43
977
25
113
17
35
48
41
38
38
68
102
53
110
139
100
49
36
48
22
32
45
4
7
414
142
49
46
830
39
117
85
36
573
206
144
24
165
153
237
76
51
153
57
152
64
32
34
35
40
103
66
59
114
83
32
29
49
323
1033
195
253
59
113
414
83
158
192
96
179
41
56
455
130
70
60
52
36
114
42
43
32
44
34
62
143
76
54
69
42
26
98
98
39
51
49
76
39
41
43
46
49
53
73
17
52
319
314
977
85
200
370
41
55
155
57
153
37
194
120
22
41
196
136
153
23
44
45
118
174
65
87
25
52
75
55
54
126
18
44
42
1
72
129
646
1613
73
265
171
234
555
31
37
70
39
65
36
67
54
60
25
106
34
73
26
41
31
1
277
310
229
404
60
231
58
160
169
432
79
130
29
53
26
50
56
50
108
58
54
106
54
34
46
92
49
70
26
16
133
494
109
104
130
239
165
553
59
29
233
274
71
483
237
366
264
79
37
21
41
15
295
59
55
264
130
41
87
46
33
88
93
23
52
48
43
31
28
82
24
30
56
56
17
45
13
3
134
901
162
142
264
51
44
328
28
52
211
123
67
122
30
51
86
51
40
49
36
34
62
70
72
49
45
37
15
1
565
285
42
1481
138
429
70
61
133
86
38
83
132
183
176
30
83
54
29
113
32
44
118
29
24
26
40
85
63
37
21
40
21
72
52
47
27
25
32
50
41
44
36
471
87
205
45
57
70
86
97
300
84
39
116
132
190
18
32
563
42
720
99
103
86
73
44
35
60
69
78
37
353
33
110
130
64
43
30
41
30
22
44
42
89
46
42
76
26
28
54
33
21
55
25
56
18
1
842
47
114
61
576
217
230
317
227
163
148
103
68
37
106
71
41
29
125
299
28
70
51
36
33
21
48
44
21
37
1
42
1
671
250
82
688
380
101
72
210
55
344
28
45
44
42
218
370
29
53
72
125
195
67
102
113
56
48
42
139
46
33
49
36
50
41
42
41
57
37
26
19
27
1
188
1262
207
391
801
52
322
177
57
80
47
162
214
71
62
93
39
33
43
117
40
27
303
658
392
437
208
222
39
809
389
240
420
34
86
51
43
53
38
175
79
58
128
65
33
21
118
31
60
76
44
57
37
99
39
63
66
26
41
50
18
39
30
131
156
29
296
73
44
59
39
50
50
109
60
34
24
44
25
60
29
50
68
18
236
305
336
157
323
276
140
106
532
68
304
35
117
36
54
31
120
22
60
256
168
121
141
256
34
123
50
179
99
55
111
38
53
72
96
125
56
153
71
51
61
28
22
75
39
34
32
48
44
55
44
30
1242
1371
67
451
630
131
143
147
31
150
49
49
86
50
87
70
46
32
193
50
58
73
30
13
1459
407
39
235
1195
176
187
314
54
53
52
100
127
46
49
99
40
51
50
46
44
52
38
29
108
27
35
51
38
49
138
800
59
84
55
301
403
29
26
42
86
142
416
194
153
224
36
116
280
49
27
36
108
37
189
59
42
121
89
88
54
30
28
49
35
43
33
34
686
859
77
765
608
237
96
158
68
476
677
122
456
35
107
38
51
81
44
55
26
52
18
50
16
58
37
73
158
92
472
92
42
205
240
71
120
36
119
33
139
57
34
49
48
46
89
74
53
43
40
38
43
22
43
1
729
66
59
281
749
309
153
253
66
253
40
487
491
90
144
64
74
179
50
43
29
64
67
61
22
92
53
38
41
49
55
35
40
1
1
1
38
66
101
100
274
753
115
126
41
34
78
680
41
788
56
103
48
76
65
26
86
253
37
106
95
33
32
30
32
51
99
22
48
22
49
42
28
44
47
18
397
1121
202
933
268
500
124
95
347
45
392
42
64
40
35
29
28
27
39
69
33
31
33
36
824
605
184
230
900
89
171
40
70
27
102
158
88
529
292
54
76
98
44
52
58
34
30
979
286
88
656
51
58
196
189
58
42
56
47
165
38
70
27
59
19
106
24
37
30
107
53
59
80
23
1
109
220
58
114
96
49
153
170
36
57
46
25
40
85
159
58
23
45
46
34
69
27
58
53
135
49
54
36
42
21
31
20
1
38
1039
61
127
1875
44
51
25
33
187
48
131
73
69
145
59
18
43
23
31
24
107
36
55
33
35
54
36
47
39
28
21
43
11
19
1
117
72
68
122
92
49
37
53
132
127
106
53
37
37
211
22
53
50
45
54
69
97
45
147
67
96
13
84
39
40
28
27
36
40
22
14
1
104
38
42
74
286
107
411
138
261
73
100
789
285
99
35
305
138
52
361
68
139
62
131
43
47
45
93
57
72
88
63
36
129
55
34
47
97
74
46
80
27
49
40
84
28
42
45
34
42
38
28
27
30
7
55
30
49
29
547
43
221
716
184
80
81
271
72
178
180
96
103
291
54
350
556
59
179
60
75
34
36
25
92
20
180
48
46
23
1
64
1376
1680
397
161
59
32
483
52
39
68
46
53
88
49
20
33
44
3
49
35
20
19
1
334
53
69
142
198
86
636
98
78
117
164
49
128
258
164
22
82
80
18
44
55
43
98
32
132
33
37
40
157
34
77
43
25
37
35
33
68
268
164
437
67
251
198
180
196
39
330
654
64
102
135
126
106
99
548
229
23
52
126
32
144
38
70
91
61
114
28
40
30
121
135
87
32
43
55
40
30
57
62
34
45
36
31
36
36
19
30
716
600
66
94
407
43
297
504
288
915
179
55
66
73
42
55
154
14
37
48
85
38
40
34
114
30
45
28
1
666
276
19
266
698
482
59
171
36
186
54
346
43
40
392
40
168
30
83
58
53
49
172
43
39
39
53
37
34
54
30
25
82
623
156
590
485
71
524
89
35
272
507
251
71
133
70
209
57
118
312
101
55
69
39
101
78
114
38
55
41
93
30
26
38
32
60
31
132
80
87
30
22
32
35
375
152
54
89
362
43
562
44
74
160
55
123
171
50
46
211
58
210
85
285
38
243
70
223
59
67
60
120
60
34
21
31
37
88
31
88
55
31
43
57
64
25
33
37
58
47
36
29
1
31
110
657
401
305
93
95
38
167
49
515
39
119
249
143
31
43
46
177
96
248
103
114
134
19
48
92
19
37
52
77
33
73
119
35
44
29
52
27
95
37
26
56
37
35
44
73
43
29
40
2
22
1
1339
85
176
301
152
91
171
43
41
108
70
121
40
154
56
83
18
93
141
67
34
74
21
57
40
50
21
63
152
108
123
929
64
184
369
1459
55
105
372
54
227
34
33
33
42
111
37
28
47
34
74
48
28
20
34
30
3
2
29
71
115
245
288
1190
37
789
49
34
106
140
431
44
36
59
117
102
52
19
168
45
62
71
59
116
30
94
38
22
17
38
30
59
50
22
42
26
46
34
35
24
1148
345
323
434
42
47
205
131
71
366
151
103
62
129
241
66
110
66
70
81
67
198
69
85
40
55
45
32
52
27
1
178
39
205
530
159
154
440
148
387
182
357
56
189
74
63
106
39
351
246
26
90
51
317
48
38
72
26
64
43
50
38
84
41
28
65
39
23
25
356
75
299
390
216
143
224
730
51
63
91
38
323
29
47
235
46
219
395
188
54
112
238
66
66
48
42
67
57
29
48
28
93
41
52
35
57
38
38
26
32
47
136
274
591
1391
114
173
34
133
42
30
31
70
44
34
93
35
208
30
86
49
42
72
98
106
79
116
38
47
34
62
50
51
31
25
24
50
1108
77
192
39
79
326
492
43
59
71
55
30
219
76
95
39
91
41
44
77
35
48
77
37
43
37
93
41
37
1138
164
641
279
145
253
87
244
53
60
43
772
50
72
55
69
91
253
38
42
67
37
99
59
52
104
62
33
55
37
37
37
56
49
28
76
29
23
37
18
37
257
461
66
75
439
48
1081
59
92
41
199
615
101
414
127
126
119
105
42
79
258
41
99
69
61
34
54
1
59
44
39
38
46
49
26
19
45
537
280
1087
75
386
25
31
142
231
59
86
376
136
52
152
198
86
196
36
46
62
187
51
77
50
37
63
25
42
17
34
40
33
113
31
36
52
214
114
487
1148
73
196
200
506
157
40
134
52
85
117
137
53
159
132
257
90
29
340
99
49
37
25
44
50
29
70
39
38
50
82
29
39
146
252
613
247
100
92
699
34
402
44
37
39
207
33
56
51
425
44
144
156
34
108
206
197
95
61
152
54
208
92
33
97
44
27
70
69
36
59
148
1512
337
483
86
40
75
314
31
37
23
62
27
47
64
48
40
36
120
46
58
51
97
27
126
114
30
26
58
62
46
278
227
171
456
808
126
223
30
488
224
274
111
391
121
203
28
128
111
101
159
28
55
88
32
27
116
39
54
53
49
88
59
44
38
5
745
174
220
866
141
104
64
551
31
38
105
133
28
57
142
83
275
63
87
49
22
53
61
34
71
23
38
95
44
22
39
44
16
30
67
41
36
40
21
36
43
45
40
1
3
715
535
747
437
56
128
484
662
54
228
32
42
156
62
32
30
90
39
62
79
39
28
49
34
75
54
26
36
32
2
114
138
257
46
465
551
229
515
310
256
39
699
48
76
106
158
36
32
220
49
40
38
66
53
65
39
31
143
36
55
41
103
34
87
43
31
87
93
74
40
42
54
65
118
107
121
185
322
475
166
116
97
310
64
187
68
130
104
60
53
168
42
105
19
75
43
54
21
37
38
30
47
40
41
27
54
38
1
356
47
273
920
314
105
354
100
165
176
52
214
27
97
132
48
93
119
90
54
23
76
85
71
33
41
22
35
58
36
39
50
79
60
43
43
45
42
2
59
755
554
43
295
213
54
45
317
162
563
198
44
95
38
99
52
48
55
50
28
87
45
42
63
76
47
47
34
42
29
28
50
34
742
207
50
80
210
128
90
191
32
45
39
33
33
200
87
44
36
40
15
48
41
40
35
30
541
48
128
113
143
219
1270
46
20
169
52
62
63
85
94
109
325
35
410
43
31
27
54
178
44
66
61
42
97
73
48
83
48
35
37
361
449
496
43
52
31
137
583
124
145
28
125
400
42
36
55
27
45
90
28
48
22
41
47
65
52
80
804
32
481
137
82
371
58
21
27
48
97
68
123
40
63
502
92
26
80
63
171
91
95
132
151
78
361
78
24
122
35
50
40
39
114
103
85
65
34
31
38
61
33
40
23
380
225
60
317
641
222
56
355
33
218
110
821
369
317
109
620
54
99
55
57
64
19
75
97
61
47
39
76
37
44
41
41
1
38
20
22
51
255
82
157
599
44
359
95
104
360
391
552
465
36
354
356
87
97
66
226
44
98
38
51
36
42
53
57
81
94
31
49
155
40
44
46
49
41
26
22
33
22
37
171
673
411
157
119
59
138
1470
50
95
211
38
124
73
70
41
105
253
58
34
103
43
53
38
196
41
41
118
154
189
34
69
50
39
62
132
75
50
55
58
46
85
31
53
37
34
47
40
30
1
1389
178
544
45
64
81
164
127
51
56
135
304
161
53
196
47
171
34
61
265
124
85
135
90
28
59
43
63
160
60
120
38
84
24
40
1
60
347
131
105
297
233
90
48
286
102
108
59
362
29
69
72
67
39
27
14
84
50
51
29
82
59
35
149
55
65
36
55
45
151
30
40
241
464
540
559
137
208
72
46
32
43
46
122
130
145
108
75
46
88
73
44
51
35
91
77
43
120
33
40
40
38
53
49
28
21
1
126
58
169
156
203
468
48
87
45
56
588
65
271
188
56
268
74
30
92
121
83
33
41
38
164
71
72
44
31
36
73
34
36
44
22
75
1
73
97
584
27
331
772
141
166
256
187
37
50
40
79
104
100
30
29
80
23
135
81
40
43
99
47
40
45
29
60
38
22
39
20
21
333
1184
446
40
57
272
662
82
55
174
49
259
139
198
84
138
138
41
80
34
102
45
34
47
27
50
68
46
27
35
27
21
27
380
44
157
105
276
1102
308
45
44
254
32
76
141
83
380
263
51
137
60
230
144
51
118
26
52
52
72
77
50
58
47
74
51
30
69
35
52
74
51
19
24
96
37
308
313
1841
190
27
26
45
156
52
173
54
42
128
226
45
31
60
89
40
100
113
133
45
60
62
48
37
32
85
35
43
33
85
35
152
53
169
299
41
700
115
75
25
39
717
353
52
32
39
115
34
107
115
45
29
71
80
57
84
37
16
609
198
205
220
206
223
806
35
739
106
110
299
239
153
72
75
64
60
77
76
68
41
48
40
221
85
136
25
25
29
53
33
32
20
61
43
56
851
231
276
61
65
97
261
71
583
407
556
23
32
38
222
108
74
51
34
77
37
129
274
84
44
61
55
57
30
162
64
56
98
33
35
22
26
20
308
75
498
171
39
45
1098
187
175
465
48
32
41
46
134
80
663
25
38
272
108
99
25
34
102
32
32
98
80
45
29
63
24
78
31
39
28
12
26
39
36
33
28
22
809
116
123
39
116
795
247
31
447
113
36
80
43
112
121
77
86
48
92
621
122
57
135
34
37
46
111
116
52
46
32
40
79
160
34
56
35
45
46
16
88
32
32
23
36
90
48
47
693
99
35
96
658
106
106
433
185
135
46
407
108
47
130
52
131
55
89
53
135
158
48
95
50
43
53
91
30
58
25
32
55
35
45
104
54
48
69
54
70
44
54
51
37
1065
313
127
87
1102
68
221
97
530
129
34
127
156
74
82
117
59
54
41
285
45
36
73
38
27
53
53
36
79
56
33
33
184
73
1184
1043
465
137
374
64
35
84
164
326
35
79
61
34
173
32
124
38
71
27
39
59
43
57
65
39
23
42
50
42
19
50
39
30
353
358
344
382
1135
32
19
52
58
1132
28
47
332
42
29
96
114
88
41
40
32
40
23
44
46
52
51
742
945
73
44
56
216
636
198
39
40
338
116
322
50
64
246
73
44
111
54
75
46
148
255
47
48
105
94
104
30
45
29
33
31
33
27
29
25
231
59
150
301
151
163
48
267
118
127
21
127
47
48
27
48
32
55
83
68
84
42
77
152
41
48
48
36
43
58
41
25
47
29
49
28
1
280
748
160
95
232
36
103
173
30
55
58
98
208
100
45
123
52
137
93
102
122
91
41
35
139
60
58
37
105
47
85
63
81
54
171
50
142
24
129
51
43
16
72
1
396
206
228
438
53
92
58
120
50
40
887
66
31
100
75
109
157
109
50
45
127
42
43
86
38
154
80
40
31
38
37
26
19
56
1
2
1233
214
39
34
65
303
35
163
332
140
67
71
55
40
46
206
49
58
86
106
204
245
36
87
24
112
83
42
139
44
74
55
50
46
53
60
40
49
35
35
46
27
87
12
4
643
118
779
219
75
107
55
1214
55
69
60
96
95
85
41
53
30
156
65
126
52
74
186
31
51
206
53
92
45
210
115
30
28
44
29
38
1
1
1
1
757
71
503
36
1330
372
65
67
55
163
39
55
70
28
61
104
158
29
82
39
32
50
39
38
38
22
45
68
51
27
66
22
25
17
213
110
179
42
149
356
300
63
266
257
205
428
259
39
224
205
297
75
128
36
55
45
219
46
292
53
63
54
78
41
129
45
123
175
60
63
101
128
30
34
46
72
104
23
33
35
1
304
59
247
724
433
28
961
270
90
42
240
150
109
47
43
52
84
33
21
27
19
38
28
38
44
41
44
23
34
22
33
43
328
725
194
57
183
34
64
404
50
390
153
316
301
57
257
36
34
30
310
39
40
42
35
90
44
46
38
68
39
41
16
33
30
1
1
237
118
68
82
300
81
109
180
384
324
125
39
43
57
46
23
34
144
103
130
36
369
268
37
36
23
95
68
45
129
41
46
34
34
31
37
27
61
26
17
205
46
1257
309
110
39
80
57
43
194
39
92
36
52
38
238
151
67
79
71
143
125
32
108
52
176
44
39
79
135
47
85
46
25
53
19
37
28
698
73
45
150
224
41
115
171
218
693
317
32
288
53
141
55
57
88
107
86
52
104
49
119
41
96
21
51
56
310
38
45
83
64
61
45
62
31
39
39
60
40
1
303
96
140
248
98
83
422
671
95
51
334
28
75
103
57
77
31
103
42
32
57
36
64
106
38
29
82
91
49
47
27
80
47
70
55
50
52
48
29
216
243
34
660
563
824
450
62
39
64
48
85
52
74
125
28
47
52
117
148
89
46
44
62
53
58
33
37
52
45
221
247
52
480
98
43
157
29
227
44
180
465
104
87
50
46
280
89
176
193
98
82
55
126
35
71
33
33
34
57
40
42
51
38
103
54
27
64
33
6
46
71
358
339
208
30
120
327
143
645
60
208
57
41
130
138
43
282
88
31
115
148
27
39
114
29
100
36
45
41
47
37
95
39
43
50
34
52
1243
123
527
344
46
46
157
53
60
266
350
37
83
111
33
30
40
105
52
80
185
24
52
27
126
60
133
31
48
36
65
65
146
44
2
31
55
39
39
39
67
26
11
639
120
289
238
645
84
482
58
369
355
30
45
61
70
95
78
66
285
22
165
24
140
27
46
27
45
59
111
24
56
30
50
31
38
46
44
40
55
26
4
355
407
345
849
94
61
51
622
198
77
76
63
47
26
54
163
68
93
74
34
35
30
70
24
20
16
414
100
372
75
504
178
260
694
100
324
116
429
298
114
143
406
98
148
36
96
47
81
111
38
38
17
57
39
34
55
48
41
44
26
36
273
393
565
80
823
109
91
46
95
298
121
164
219
50
92
535
47
129
44
50
62
29
36
111
123
53
36
48
215
17
47
27
65
710
227
73
24
319
101
37
43
41
103
83
33
61
119
95
70
41
39
38
59
75
49
139
61
61
27
41
47
118
55
25
25
1
90
39
42
146
274
419
368
149
65
44
195
292
52
34
42
53
96
46
43
61
36
68
32
40
22
36
43
499
85
56
150
30
25
127
213
99
42
41
130
31
238
247
28
30
43
22
87
50
83
243
49
37
77
37
44
32
95
194
38
98
49
56
53
36
26
25
49
33
40
31
94
179
1146
50
115
860
119
416
115
680
240
24
32
34
150
33
79
27
21
52
60
39
37
27
40
1007
189
56
99
265
149
89
50
94
176
58
177
110
98
135
330
171
41
73
37
31
36
46
51
53
22
25
36
76
33
22
38
71
24
27
16
15
964
170
184
187
105
261
115
115
165
289
53
89
522
90
109
105
32
39
82
121
71
90
247
87
207
57
34
74
43
28
130
54
39
31
19
34
1
2
818
83
152
651
398
130
854
305
87
71
213
119
73
138
37
35
84
91
36
49
153
92
58
26
101
50
103
99
76
42
46
58
73
37
32
74
34
40
61
31
19
259
68
607
687
86
40
456
130
109
60
67
91
240
66
45
51
51
36
68
138
55
86
33
28
93
44
73
39
29
45
19
1094
64
854
240
68
190
51
134
38
76
79
35
35
50
44
33
73
58
31
43
39
3
44
27
94
39
844
392
551
73
339
149
18
436
60
103
36
605
50
59
351
51
43
41
51
52
60
40
105
58
55
69
80
102
92
144
41
47
56
34
31
45
35
27
1
36
654
49
441
271
35
44
258
745
62
326
139
686
180
111
18
19
100
54
38
91
59
148
86
56
48
38
52
91
1
35
28
34
27
51
78
1019
190
217
31
173
233
67
467
501
101
110
28
135
852
121
194
134
45
75
53
82
168
69
28
33
52
79
42
23
35
1
28
54
173
272
347
188
204
149
34
112
118
399
45
292
101
62
62
53
181
45
40
137
37
22
113
44
158
69
44
83
33
44
53
50
45
28
18
645
664
541
169
243
40
245
41
496
45
484
283
538
62
65
139
107
48
58
37
98
97
114
35
43
23
32
50
35
46
27
52
100
31
39
15
29
30
58
242
66
127
566
756
352
86
83
159
153
256
40
204
199
175
117
73
37
297
96
44
97
62
47
66
40
78
36
114
49
86
36
122
152
148
42
126
79
65
45
32
26
31
36
32
37
42
1
411
212
51
118
119
61
54
56
26
449
30
156
20
315
303
466
51
38
50
33
128
33
330
54
96
47
31
44
42
52
31
85
47
66
69
33
41
56
417
888
296
413
547
146
217
47
45
78
265
180
44
68
241
59
66
30
38
93
50
52
29
44
217
120
46
91
18
23
39
36
17
52
40
27
28
2
33
30
2
160
114
699
46
90
655
72
61
50
411
496
119
58
458
46
90
120
35
218
410
122
88
85
39
40
31
2
66
305
597
403
40
326
33
92
48
277
47
223
60
348
72
49
102
653
263
722
91
20
50
113
54
43
168
49
44
74
43
73
15
52
50
34
45
34
84
1
1100
44
62
187
240
238
37
378
310
55
268
262
34
54
51
48
107
50
38
33
50
46
57
34
41
40
86
55
58
38
37
35
27
53
28
60
38
1
85
28
795
118
129
184
60
332
495
180
212
976
34
62
223
70
58
69
65
33
38
189
107
53
62
138
51
42
64
22
31
34
10
17
1089
363
254
76
38
536
32
314
104
165
149
103
47
73
411
32
132
103
27
75
46
65
64
277
57
104
31
87
27
192
18
152
62
59
38
25
1008
371
183
91
408
119
113
83
184
79
54
45
211
38
63
134
204
137
57
22
22
46
39
82
70
94
98
58
45
42
40
83
44
33
92
143
51
31
545
1049
294
59
89
57
121
757
73
29
78
148
31
297
322
53
44
44
50
38
41
29
36
710
365
1392
94
285
220
67
199
134
35
83
153
198
30
66
65
67
32
100
30
26
55
36
53
87
29
29
83
75
29
50
36
46
42
60
40
50
23
29
24
1
462
155
327
82
1336
186
260
28
208
128
36
279
76
200
160
169
134
68
49
92
59
49
49
46
138
45
48
89
48
137
21
39
52
36
44
19
1
2
1090
231
51
71
47
94
42
82
476
905
146
154
65
31
28
54
77
137
34
182
118
63
34
97
49
37
24
78
38
21
86
60
32
1
48
501
217
987
67
152
80
529
52
387
265
42
46
91
139
400
76
89
81
43
45
44
112
126
49
45
107
39
42
35
157
58
38
52
85
18
47
64
17
24
45
22
38
32
19
29
1
76
920
333
619
76
199
111
69
239
325
223
59
76
134
85
22
228
54
46
27
168
48
79
30
62
44
16
71
50
145
54
54
39
152
48
39
27
85
32
80
54
25
48
38
46
35
24
63
228
356
599
626
193
31
22
107
103
52
268
134
91
41
33
183
66
34
45
45
31
42
32
47
32
35
86
51
34
31
128
48
44
236
66
393
253
51
38
90
26
59
233
186
57
363
29
44
31
51
45
43
59
65
97
39
70
20
19
43
30
17
31
685
156
491
34
83
243
349
613
310
421
139
398
252
86
56
27
44
58
106
29
59
78
354
56
82
53
36
47
43
34
33
47
45
34
58
21
59
39
26
22
28
363
208
96
113
736
703
55
232
190
364
91
245
292
29
91
53
98
136
122
117
30
77
35
111
44
57
21
29
1250
150
48
169
575
82
45
25
497
138
31
43
287
48
38
35
62
32
47
90
145
67
31
45
42
67
33
61
82
56
33
30
32
37
69
29
41
18
53
1889
64
28
94
53
71
137
542
99
27
170
97
133
41
272
49
32
21
30
59
46
51
37
32
37
51
40
36
26
13
24
19
190
791
145
893
51
147
139
245
218
42
57
473
279
65
110
148
98
175
153
55
94
46
64
42
75
171
46
58
58
31
75
40
35
44
19
39
32
35
65
29
38
36
1
1
114
62
167
427
173
495
26
234
151
59
99
170
48
90
87
94
106
95
30
244
55
275
116
59
395
57
140
64
17
82
34
44
157
69
92
118
128
158
127
95
37
67
129
27
20
49
35
23
43
33
46
38
39
297
310
202
82
754
504
232
268
558
55
143
292
25
372
332
89
48
169
55
96
233
163
56
204
72
18
82
119
51
1094
62
108
115
32
56
37
30
44
36
24
32
328
212
246
601
74
353
67
51
33
142
364
658
153
179
57
45
62
55
76
129
34
42
12
49
175
66
33
34
66
46
104
32
29
46
29
35
2
70
1206
262
420
57
25
36
301
256
566
85
370
50
90
71
157
58
111
35
57
124
63
63
55
27
85
58
156
38
59
40
37
42
29
44
41
33
1
578
66
114
64
136
141
52
75
46
94
39
765
401
408
150
144
179
127
484
43
61
50
34
197
49
53
18
56
34
127
90
98
40
41
66
108
38
76
39
36
21
34
54
29
327
666
49
40
1003
44
42
714
142
209
49
43
54
125
92
49
45
179
75
112
128
78
66
52
24
35
32
28
65
17
36
29
2
721
61
150
386
1048
44
339
132
28
201
63
56
59
66
70
32
35
230
31
18
37
52
92
49
36
29
48
54
55
41
1
1
2
969
69
974
344
480
251
389
105
98
122
66
49
42
125
47
394
182
38
41
58
50
94
30
31
36
51
38
40
59
29
21
40
233
980
448
111
174
49
34
121
141
62
44
39
31
112
36
20
77
54
52
35
103
54
42
73
40
38
30
37
40
40
34
53
43
22
520
337
1471
74
74
345
231
93
274
96
68
183
57
31
54
64
59
84
42
72
49
44
41
42
27
202
49
49
20
45
58
70
27
45
1567
84
590
345
151
334
135
46
166
262
211
147
54
32
160
22
41
70
91
62
26
38
86
40
45
35
28
34
30
50
678
944
276
133
60
112
46
166
136
73
209
73
178
262
76
101
34
28
88
24
116
76
98
48
31
35
33
68
22
39
22
61
39
50
20
1879
238
54
52
40
52
308
127
28
137
73
61
117
21
60
46
31
212
38
38
36
44
50
107
32
48
62
51
71
34
50
27
14
36
51
35
45
427
444
260
120
111
47
318
122
797
163
54
46
34
360
163
131
199
49
102
80
51
52
153
62
84
50
19
35
31
36
49
46
32
25
47
38
48
113
757
304
131
41
673
667
162
217
69
30
438
49
162
196
223
65
217
16
36
131
209
99
25
128
38
43
40
20
46
82
39
45
859
54
129
364
36
52
294
64
345
65
119
101
76
213
380
256
135
360
83
83
65
148
50
29
43
47
23
42
48
35
170
39
45
120
22
40
44
76
1
1
88
67
107
1326
95
78
388
368
128
279
197
60
37
38
90
45
66
41
56
51
33
39
40
78
38
32
46
14
22
299
312
856
33
572
144
203
591
119
55
270
206
107
83
38
42
60
68
62
75
49
40
39
66
49
26
22
1166
506
234
46
110
259
84
117
340
57
47
55
55
32
141
31
263
112
58
38
106
181
39
61
29
56
104
123
46
72
36
21
28
35
30
47
54
65
34
23
22
5
812
34
223
582
237
36
58
38
42
271
52
145
46
437
44
41
86
330
39
60
42
91
47
31
130
38
43
26
94
48
42
56
71
101
61
88
104
29
80
24
52
23
166
47
513
1326
166
186
109
424
110
65
110
23
195
33
40
32
139
37
31
47
229
51
114
57
75
95
54
118
45
60
59
59
29
24
1
67
47
54
169
597
70
931
92
103
545
104
650
55
157
152
52
183
59
166
20
39
53
84
50
37
38
212
36
30
27
47
32
17
24
43
31
30
40
24
44
18
25
1
96
920
130
154
83
30
47
61
370
709
331
138
451
164
221
58
33
72
65
227
40
162
49
61
59
32
35
19
21
36
54
73
27
68
32
28
404
188
255
1302
22
97
23
318
229
466
47
32
137
241
28
40
50
72
56
31
33
192
45
82
60
131
50
172
30
49
47
27
135
82
33
22
2
1547
98
588
66
282
54
110
44
214
117
105
311
91
37
48
210
188
85
45
36
99
54
47
29
23
39
29
84
24
36
34
1204
1603
181
560
206
42
73
52
124
35
64
62
111
77
13
22
31
52
62
37
48
26
41
29
249
658
46
263
286
82
125
861
392
572
48
223
68
77
380
83
43
50
82
85
109
120
61
49
36
48
31
104
34
70
43
74
85
55
26
35
43
51
34
40
638
602
955
279
376
112
55
148
354
49
373
180
132
46
189
46
23
30
32
51
33
78
72
55
52
63
53
54
38
1
1
112
502
576
193
873
188
407
513
38
65
38
35
21
36
98
55
163
99
40
115
115
257
61
90
58
36
27
36
26
9
44
726
871
238
212
79
356
104
148
69
100
157
53
105
44
59
141
29
43
66
154
179
179
44
41
43
39
27
29
45
47
36
49
76
25
22
44
48
66
465
33
181
573
340
356
465
82
700
297
133
41
43
51
43
41
87
86
190
52
206
41
30
56
108
113
61
42
47
85
89
85
33
48
39
55
47
71
66
52
36
43
23
15
23
66
274
424
55
765
1316
125
453
50
218
38
238
63
325
56
56
61
78
88
42
20
32
95
19
35
65
35
52
29
11
30
19
482
1663
906
133
45
109
144
139
34
44
50
47
109
34
71
46
49
44
33
61
31
280
283
131
138
106
129
43
35
76
127
74
44
107
55
35
1
329
304
84
318
209
1539
132
89
60
112
344
105
121
184
42
210
53
61
64
36
48
57
22
46
26
51
35
44
58
28
45
58
24
25
24
445
198
961
123
54
791
265
54
124
160
275
324
50
85
179
29
57
36
84
94
112
82
49
35
90
37
41
83
152
153
52
75
104
33
54
65
33
29
30
1
