58
31
100
29
46
5
4
2
147
14
30
22
34
15
76
198
162
14
36
25
70
51
25
63
71
47
149
37
22
53
21
71
23
26
34
1
28
30
18
2
4
169
38
71
21
20
28
14
14
1
7
2
25
29
35
24
132
25
38
44
17
31
1
360
36
24
26
23
62
46
32
31
28
25
21
101
16
37
27
23
11
42
22
26
4
1
54
35
218
59
17
117
27
28
20
31
26
1
55
212
19
31
52
24
28
11
1
25
23
69
17
31
40
44
54
26
27
36
13
15
2
32
63
36
29
29
31
34
61
23
23
35
42
38
30
14
2
45
77
60
32
11
69
57
25
30
22
7
1
16
6
52
80
26
29
49
39
27
34
7
39
15
35
92
29
35
33
18
60
47
22
20
43
14
35
42
22
55
21
3
62
35
31
34
17
63
157
5
38
20
45
18
44
22
97
36
38
23
323
89
27
13
1
37
25
33
23
37
14
42
1
26
30
27
27
1
27
129
47
41
37
31
22
38
40
27
58
30
30
45
18
118
54
21
15
19
74
43
10
31
29
15
8
1
20
38
59
33
47
1
357
107
273
66
134
30
20
8
19
23
43
54
47
40
27
27
35
155
73
34
24
19
161
50
26
35
56
50
22
23
1
20
32
41
50
22
32
27
2
29
153
47
45
35
53
38
17
14
16
27
1
15
77
43
34
26
36
86
50
29
53
16
57
69
50
23
121
24
5
1
74
47
78
39
30
72
25
9
28
25
1
129
22
14
27
76
20
107
17
64
103
43
34
34
30
17
65
14
1
1
67
31
39
53
12
20
17
36
39
53
43
6
31
55
35
30
18
11
20
32
30
45
28
15
50
56
25
82
32
55
110
59
20
58
58
21
34
20
19
29
65
61
26
54
31
1
27
29
27
37
4
35
37
1
4
3
1
106
132
119
57
21
50
18
37
53
26
38
23
16
1
95
47
30
39
36
20
54
27
31
26
22
64
28
38
29
39
49
20
126
48
25
34
74
35
33
17
33
36
43
38
23
30
19
30
25
17
25
28
1
41
1
23
95
164
44
21
30
28
40
16
22
38
54
58
4
14
2
90
141
28
23
2
1
22
36
23
33
10
89
38
24
15
32
167
22
73
37
23
11
10
21
3
50
48
23
24
10
18
47
33
35
19
2
1
1
20
24
21
23
114
42
3
32
23
34
53
196
30
24
57
37
34
29
15
1
140
61
98
35
17
1
49
85
95
26
40
15
33
33
25
26
55
100
25
63
30
105
14
21
23
47
35
32
35
18
11
29
77
36
20
43
83
19
23
1
1
1
57
174
38
1
115
336
52
29
31
31
39
38
37
71
136
38
46
29
88
41
20
23
32
58
40
32
26
2
119
35
30
73
154
81
22
26
30
90
34
237
37
25
26
23
22
23
63
104
77
26
50
21
19
1
2
223
49
50
35
14
12
141
93
48
34
24
38
20
34
23
32
33
25
192
42
1
114
29
317
34
13
11
15
293
32
54
71
24
17
50
29
43
16
10
5
28
1
51
19
17
31
1
166
24
112
26
34
13
12
21
167
69
61
42
48
53
30
34
10
22
37
9
32
25
28
120
21
37
36
7
14
21
1
32
33
23
38
20
67
28
1
70
76
9
93
29
34
19
21
32
28
49
32
24
128
40
41
2
47
39
27
21
31
27
32
23
37
286
41
1
22
14
54
21
4
21
48
21
103
34
30
54
91
32
47
12
20
14
25
31
18
14
28
20
8
65
32
27
26
44
50
33
1
1
40
34
35
28
47
64
35
43
20
29
29
43
59
49
37
53
20
30
1
120
10
54
1
220
31
12
110
33
20
35
49
31
25
17
37
45
39
38
18
32
2
52
20
63
14
26
14
49
26
41
25
28
27
53
34
124
20
22
29
25
1
15
24
31
15
92
11
412
26
2
69
122
39
25
121
16
24
160
36
29
23
19
30
16
99
17
49
10
34
59
46
54
38
26
12
54
30
28
186
29
23
84
75
12
18
81
55
17
19
18
30
25
40
19
30
57
34
42
31
10
1
290
63
28
77
25
96
34
44
42
32
50
60
43
23
13
37
19
1
56
29
21
66
275
66
40
26
22
16
27
32
23
22
38
33
107
26
20
27
27
22
81
1
1
29
18
34
243
182
18
35
33
20
29
22
50
139
58
74
113
49
22
95
37
29
23
12
28
59
25
111
61
32
33
32
50
66
7
48
27
19
11
1
35
46
46
30
21
11
26
23
34
61
26
22
10
25
7
22
25
45
51
41
20
37
58
23
48
2
166
49
62
32
16
5
1
32
22
24
32
93
69
16
38
10
55
28
21
70
78
32
42
40
35
13
18
30
18
23
33
31
32
7
19
428
36
14
13
37
50
132
39
26
57
18
28
20
39
41
1
30
4
25
24
32
16
68
31
28
27
38
18
123
18
23
209
31
89
132
12
23
4
38
21
28
28
19
68
38
29
42
2
33
29
25
17
27
44
22
91
13
34
31
99
3
92
85
16
21
35
25
27
47
40
21
40
25
53
23
28
49
30
68
1
276
74
12
32
17
13
63
56
11
38
24
50
6
2
79
21
24
40
4
32
76
41
24
149
28
38
30
14
23
166
31
68
77
16
25
32
55
102
29
85
20
45
32
30
23
33
42
33
5
37
24
108
82
28
20
1
67
116
58
19
29
19
69
11
30
19
35
30
88
25
71
81
17
21
33
30
30
83
26
42
34
11
29
29
23
62
20
1
30
1
52
31
91
105
14
28
43
17
34
45
13
50
12
130
46
15
24
39
114
15
28
24
36
45
37
31
21
40
27
37
41
17
23
40
9
44
21
278
33
68
30
24
36
158
65
20
20
17
2
139
49
141
23
31
30
46
61
30
29
19
75
48
21
28
42
33
45
50
48
21
53
65
28
31
36
26
112
45
62
35
27
42
35
24
32
32
14
50
6
7
18
26
20
27
13
1
206
56
73
41
33
45
26
39
22
24
79
70
35
59
16
14
11
36
35
30
38
35
33
19
29
49
91
21
38
148
19
53
29
85
23
29
94
18
100
49
17
25
46
49
4
25
11
598
26
32
33
59
30
85
71
36
39
26
81
19
17
285
501
12
8
12
23
33
9
5
61
30
35
13
11
2
22
1
192
31
44
29
86
29
21
24
22
27
39
42
28
23
28
24
31
64
42
18
3
20
2
39
113
22
25
52
30
24
39
27
21
60
48
24
19
35
31
17
40
42
46
7
28
61
17
21
28
128
39
70
39
19
23
25
13
23
39
154
25
32
95
31
65
64
24
35
44
39
21
35
37
23
25
50
69
35
24
25
24
33
26
24
38
21
31
12
94
66
77
90
31
28
8
1
1
57
20
37
220
33
26
11
94
28
40
23
18
164
33
60
32
15
70
19
72
82
24
19
25
38
66
30
1
109
70
12
30
30
18
18
37
11
35
26
31
27
119
20
76
32
26
38
30
17
20
28
67
60
26
31
15
32
191
26
21
20
14
30
96
90
39
120
45
35
45
74
26
50
22
20
10
2
72
126
18
211
52
25
14
28
34
29
31
73
42
16
11
24
20
11
130
31
75
35
19
34
28
73
130
48
72
19
39
37
27
34
20
46
20
26
40
12
100
44
58
78
27
41
25
1
41
17
25
31
36
41
32
22
24
14
14
28
14
24
26
15
54
97
21
18
82
38
56
17
36
25
53
19
93
100
233
77
3
43
12
2
23
203
31
36
63
16
27
49
47
59
3
30
26
84
41
37
31
24
5
13
32
35
19
13
1
25
19
49
45
48
555
58
24
27
40
41
27
14
26
30
47
16
31
52
33
6
27
26
27
132
54
29
86
39
1
31
30
9
28
14
38
56
18
16
35
40
21
28
19
3
19
31
1
56
73
112
22
19
43
7
1
74
37
46
136
32
26
17
35
99
50
38
25
23
42
35
25
25
22
240
115
43
37
42
14
42
30
37
16
17
27
103
56
29
54
60
1
35
72
31
56
43
31
40
37
18
46
14
186
33
34
40
23
25
37
54
23
176
33
21
12
1
150
146
19
10
32
39
20
92
26
81
33
51
1
56
1
36
29
18
20
154
14
21
51
38
36
48
41
10
1
120
99
57
32
73
12
16
41
26
90
40
44
29
40
52
12
38
4
19
53
66
27
16
31
14
170
130
87
57
33
46
1
21
21
28
70
75
48
36
16
379
403
63
34
48
3
25
41
16
20
23
214
35
63
30
80
46
27
31
139
84
19
25
26
21
23
41
26
1
38
78
30
30
89
35
30
76
19
24
66
27
13
42
54
31
55
14
23
17
28
31
18
26
76
79
22
14
32
71
41
70
19
24
27
17
60
132
26
32
47
33
14
1
26
89
27
2
32
29
61
42
35
50
16
51
30
19
28
30
49
79
13
33
14
25
26
14
30
26
31
2
2
71
42
26
43
24
31
58
32
16
24
35
31
23
35
55
22
20
29
38
22
38
82
77
31
27
67
17
10
20
12
34
17
28
19
27
226
55
50
195
26
41
23
37
26
13
1
33
306
16
50
43
35
10
18
99
43
50
32
1
80
108
28
20
68
12
2
72
357
101
85
58
27
18
73
53
34
30
35
13
15
38
125
58
22
121
32
54
20
36
16
93
26
31
263
72
64
35
29
150
181
24
44
41
14
33
1
29
43
33
26
42
247
80
20
38
32
23
22
283
34
34
110
32
19
65
82
43
21
22
20
37
26
16
21
28
152
12
1
370
34
19
14
70
29
37
55
44
20
22
26
14
28
206
91
36
2
1
37
27
33
12
30
16
37
14
24
344
79
25
1
76
30
84
40
45
41
24
69
37
20
37
85
17
26
30
22
21
124
45
17
41
29
9
65
26
20
45
6
30
19
30
17
24
46
26
74
19
17
1
100
32
17
22
24
41
78
36
25
70
29
56
16
1
1
23
77
27
35
13
104
240
263
29
32
47
19
28
43
27
80
151
37
25
61
21
1
27
372
26
30
42
46
17
22
10
1
72
15
14
90
15
77
60
30
167
47
38
98
177
1
1
22
19
26
1
20
56
33
33
2
68
28
79
55
17
28
23
31
21
90
36
32
63
134
43
34
31
202
69
23
30
18
25
21
26
34
20
68
31
56
25
25
41
13
2
83
20
32
39
8
25
21
26
50
14
25
41
26
1
15
41
56
34
7
45
44
64
24
24
37
27
16
85
23
15
35
134
37
11
29
20
36
33
23
30
83
122
23
30
23
51
63
79
28
73
7
37
148
24
21
30
26
24
52
53
28
106
44
22
33
6
21
16
28
26
63
26
35
27
24
71
32
27
20
46
3099
15
88
20
17
54
34
17
27
40
21
131
29
20
24
219
48
37
101
29
42
67
20
22
30
1
11
32
30
37
24
146
104
65
75
72
17
23
53
45
8
26
24
16
1118
255
85
39
133
23
41
26
22
18
15
29
42
28
23
39
59
19
1
23
23
49
36
21
21
23
33
9
30
53
106
36
56
26
15
37
41
40
28
12
16
36
92
148
31
32
18
20
35
23
35
53
320
32
32
40
39
19
21
17
24
75
40
29
84
42
45
38
73
25
91
33
1
28
1
114
14
18
12
29
37
25
170
83
30
21
44
12
29
60
31
32
29
27
4
144
45
89
49
25
76
42
19
290
419
21
29
31
54
14
29
29
57
36
21
13
245
19
38
32
32
275
25
48
18
67
16
62
60
26
29
1
55
29
17
238
52
32
37
34
3
18
12
90
31
40
19
37
25
11
97
9
55
35
40
24
28
7
23
78
27
30
1
93
57
27
24
55
17
37
25
28
302
85
40
41
51
13
51
32
255
31
31
36
23
16
43
34
39
27
37
1
33
15
1
35
51
65
101
34
37
15
314
11
35
17
1
236
98
42
28
32
48
23
102
24
16
9
1
66
121
27
33
21
21
8
19
91
24
17
1
98
283
37
189
33
34
44
40
16
18
16
1
23
61
38
5
24
43
12
117
28
1
25
85
23
32
1
34
291
67
80
14
23
38
46
19
19
22
133
33
23
18
24
70
73
69
28
21
82
4
19
33
16
111
27
52
15
47
34
56
22
14
35
28
25
27
30
23
2
22
68
30
23
16
34
22
33
27
94
36
41
24
29
27
26
44
23
34
21
27
72
17
28
26
21
126
39
52
15
55
46
27
48
42
25
55
57
30
28
18
42
23
107
28
43
51
40
18
37
37
108
25
12
1
45
48
21
32
60
18
3
6
16
41
41
36
25
77
20
31
46
1
24
32
20
20
21
5
28
27
28
101
29
26
47
6
1
24
40
65
13
21
40
5
23
45
20
122
46
24
42
29
62
23
50
29
23
130
34
93
44
24
57
31
26
74
48
31
36
27
41
17
27
77
35
80
25
17
31
62
42
41
10
26
80
13
2
57
35
25
43
38
31
27
19
53
69
35
35
32
43
14
34
44
72
32
25
32
85
62
22
10
49
70
18
28
29
2
33
26
45
18
36
39
24
33
76
101
36
20
74
18
36
1
1
20
28
232
22
12
79
33
22
68
43
15
20
2
144
172
40
73
49
39
20
82
37
33
36
164
138
119
89
38
56
24
48
16
93
44
61
11
12
37
60
35
60
23
44
19
31
21
54
82
35
46
30
19
62
33
38
31
60
25
50
26
33
23
1
14
26
76
40
53
25
38
28
41
7
3
31
36
25
30
30
31
30
40
42
1
312
32
58
24
19
53
23
32
22
57
17
24
26
43
19
37
23
86
33
37
22
24
17
31
35
1
113
21
50
20
35
1
26
13
26
34
46
72
30
9
14
24
2
36
2
106
35
53
41
1
102
29
29
685
149
25
29
41
19
37
41
19
12
9
17
1
984
75
71
53
95
31
69
60
50
8
22
276
44
31
59
37
148
6
23
50
28
16
1
364
27
45
32
81
48
134
17
70
25
66
45
17
106
22
26
24
590
39
63
13
36
43
21
17
26
517
27
50
45
23
4
302
51
65
38
28
27
1
27
30
28
26
31
20
23
4
1
26
84
22
66
62
31
26
31
1
25
179
24
38
21
43
15
71
22
53
28
1
49
28
35
44
40
25
20
20
116
29
36
13
44
48
16
19
23
50
34
26
18
6
34
259
124
53
40
47
64
28
17
21
70
45
27
23
26
14
14
82
22
35
19
7
44
83
38
26
24
59
60
93
31
17
34
22
56
32
14
89
43
39
38
18
23
96
11
22
47
76
39
83
34
40
33
21
92
28
46
31
2
27
8
48
70
44
26
19
24
52
39
151
108
38
37
37
42
21
10
25
99
29
21
47
15
22
127
38
6
23
42
20
136
27
18
35
31
31
26
1
28
61
32
23
27
42
44
26
19
22
80
19
84
30
17
26
3
1
66
333
44
31
1
36
21
72
15
100
42
30
26
12
23
241
36
18
19
19
47
3
28
28
89
22
34
24
195
56
51
48
23
26
32
26
24
26
78
23
6
189
136
39
34
18
17
49
49
30
51
53
16
33
1
5
31
22
44
26
1
39
49
17
50
35
5
6
28
170
53
28
125
25
10
113
28
28
44
20
16
43
108
16
30
33
46
19
23
111
33
25
7
35
135
15
180
47
30
41
33
28
29
21
38
160
45
20
33
16
1
96
15
34
32
15
22
76
33
19
10
20
38
13
28
9
93
5
26
1
18
23
58
56
35
43
24
3
23
180
31
38
21
20
21
57
35
32
38
28
12
27
63
10
104
16
41
23
20
110
40
15
26
23
577
20
135
53
53
69
21
18
23
24
65
22
29
1
56
27
99
79
21
23
17
50
19
16
11
44
43
36
34
18
25
87
22
19
99
25
56
51
17
22
37
35
36
32
136
19
19
54
33
16
40
286
28
13
18
1
85
11
1
3
73
32
28
21
9
35
201
59
39
9
26
25
14
27
19
1
100
41
57
208
19
72
25
90
106
46
94
19
21
1
27
68
37
26
25
21
19
10
30
65
15
18
35
38
31
24
12
14
81
15
31
23
26
48
33
21
40
26
42
28
21
28
81
40
46
32
11
11
29
20
6
55
40
28
28
11
21
78
27
110
40
6
55
48
54
58
20
72
61
33
23
25
25
15
38
26
71
39
31
73
90
78
16
98
30
15
25
30
65
28
34
18
27
27
73
35
25
63
40
163
78
34
67
19
38
267
43
36
43
29
37
30
176
29
33
73
41
2
42
67
77
31
35
3
350
226
50
27
40
116
40
58
12
38
45
60
42
1
74
89
72
32
13
29
29
31
4
63
68
38
36
33
14
6
31
80
33
27
161
15
547
26
15
31
33
32
3
54
57
20
22
30
28
16
48
139
28
35
37
1
55
57
22
24
41
24
72
68
320
19
39
26
29
28
29
1
1
25
19
96
1
48
534
23
20
37
66
17
18
33
174
62
29
27
14
28
204
64
67
41
28
39
30
17
52
32
124
42
97
23
16
19
21
39
96
19
22
254
28
48
21
46
28
21
34
16
42
37
40
19
32
35
12
38
19
26
1
30
36
18
23
55
18
16
81
15
20
52
18
144
54
59
12
31
35
31
60
2
30
360
30
33
38
18
33
36
33
28
183
27
24
15
29
38
2
22
221
44
35
36
36
16
40
41
55
23
39
6
50
23
21
18
34
35
47
208
32
38
31
36
133
57
14
35
23
48
29
34
18
26
9
110
40
25
22
2
17
22
18
86
5
13
34
29
23
23
39
17
17
46
27
108
29
91
23
32
25
30
19
16
376
95
102
37
21
22
1
238
31
27
28
32
171
100
36
31
29
28
42
70
95
13
34
23
21
29
65
47
33
35
58
26
86
68
36
148
12
219
24
14
7
98
118
94
50
25
29
29
32
25
37
27
40
38
16
25
29
27
29
22
51
63
71
43
23
20
979
26
111
41
69
17
8
1
368
23
28
44
75
45
1
88
36
27
21
1
121
106
24
17
76
20
24
27
14
49
93
28
2
3
41
48
7
7
10
27
54
18
116
16
1
19
16
15
19
34
18
43
27
18
23
26
31
34
25
29
88
18
38
41
21
24
36
40
7
122
37
30
21
69
27
23
36
32
51
46
45
15
27
108
32
165
103
26
26
35
22
120
65
32
21
311
29
38
38
97
38
25
30
58
17
1
12
30
786
53
27
64
35
1
51
65
27
48
39
71
25
40
89
157
91
23
71
20
29
54
31
59
35
48
44
98
36
81
22
25
5
2
44
25
22
2
25
31
160
18
55
276
16
15
15
21
69
60
21
308
10
8
20
40
16
79
23
30
21
24
17
27
13
14
18
34
16
28
15
24
33
69
122
38
61
32
23
18
78
105
24
41
3
20
31
35
15
29
38
52
34
26
29
29
22
23
25
45
58
81
28
32
31
17
25
132
102
26
14
20
16
30
16
30
1
42
45
36
10
40
53
80
64
36
31
49
126
46
156
103
55
56
44
37
38
20
32
38
30
26
64
33
31
38
42
42
28
33
63
23
25
56
53
13
16
17
25
31
32
31
31
30
34
43
12
25
82
87
30
18
24
43
35
1
37
28
16
1
770
26
31
29
51
28
20
18
1
1
81
27
83
38
18
85
40
27
21
16
155
26
96
69
20
25
140
52
41
24
1
525
34
50
28
21
43
40
80
68
40
26
1
51
34
113
37
22
29
44
61
16
31
18
19
1
111
36
20
15
1
21
1
12
27
15
143
150
49
26
23
28
60
20
50
26
43
33
35
40
1
22
18
94
22
98
95
62
23
35
28
29
37
115
73
47
29
15
25
22
96
25
32
15
33
1
37
66
25
36
195
85
81
18
90
19
46
23
28
23
19
13
30
6
77
76
69
60
276
23
21
21
35
213
17
23
53
23
76
45
26
66
35
95
52
47
22
45
60
60
28
15
109
2
29
25
53
33
31
36
62
26
68
196
43
25
17
21
19
16
23
174
39
27
25
20
23
55
21
2
695
24
26
39
31
22
20
59
31
40
33
32
51
44
23
13
22
117
181
81
31
42
25
41
21
17
79
97
9
46
1
25
132
449
22
27
24
35
44
555
74
89
80
29
22
13
1
214
25
210
45
35
25
7
42
2
26
25
8
32
21
1
1
35
37
18
11
13
25
108
18
48
23
65
53
41
114
76
38
22
1
41
34
17
65
28
15
17
340
142
29
190
26
23
51
156
25
58
27
99
8
9
19
380
28
40
33
409
26
35
17
16
119
130
41
27
37
148
90
40
37
33
43
14
21
16
1
19
20
31
38
21
56
12
96
16
4
34
81
15
53
44
86
34
29
18
37
44
39
102
34
20
43
21
24
37
71
21
41
55
1
108
22
19
94
66
20
35
42
51
51
50
28
24
51
3
57
23
20
34
16
58
96
27
24
23
37
60
28
36
1
24
70
20
40
9
21
28
37
35
24
15
51
13
37
53
29
44
34
30
26
54
45
35
19
1
18
30
29
22
19
168
23
2
87
14
14
46
22
38
28
48
18
91
52
30
28
44
21
48
28
2
3
1
13
31
8
30
33
1
29
20
34
34
19
25
11
61
14
79
20
70
19
277
29
40
21
29
33
22
27
18
85
120
13
12
27
89
34
46
13
184
22
48
46
37
90
33
17
31
103
22
48
18
13
7
72
10
41
30
29
37
36
17
26
33
18
220
21
28
14
18
24
27
36
17
52
22
20
35
29
43
17
57
28
43
71
27
34
18
38
30
39
47
43
22
142
63
89
34
71
107
26
6
1
27
35
21
3
169
22
31
19
170
46
84
24
38
29
17
21
14
34
23
70
31
38
42
1
1
248
17
34
11
29
12
47
212
42
26
33
14
15
31
23
42
47
64
21
55
26
41
24
40
32
21
18
26
79
15
2
15
25
22
14
60
32
29
26
73
37
53
18
54
25
55
221
16
28
47
28
23
1
75
58
156
38
24
22
22
