2210
2351
3135
1133
1978
1938
1901
1739
2094
1783
1973
1249
1590
2696
2180
1
2962
1864
2169
1853
1914
1637
1218
2239
2059
1474
1561
1883
1752
1632
1437
1865
1888
1760
2581
1789
1577
2024
1395
2387
2136
1528
1534
2067
2013
2680
1754
1626
2226
2018
2875
1868
1438
1922
1695
2226
1411
2160
1696
1387
3184
1703
2094
1475
2289
1516
1742
2460
1973
1550
2045
2004
1004
1554
1717
1605
2650
2073
1876
2418
2455
2530
1648
1852
1614
2189
1279
2074
2139
1214
1743
2510
1494
2891
1672
1981
1847
1766
3007
1801
2366
1892
3
3165
824
2264
1635
1064
2655
1364
1493
2423
2171
2639
1294
1730
980
1629
2067
1687
1554
2573
1853
1870
2068
2897
1907
1537
3157
2477
1947
1854
2706
1680
1971
2012
1937
1735
1755
1633
2350
1495
2383
2325
2133
1803
1595
1
1987
1813
1736
2294
1891
2008
1822
1214
1806
2063
2231
2462
2130
1273
2130
2137
2699
1183
2449
803
1744
2215
2210
2559
1389
3109
1514
3682
2244
1804
868
1582
2051
1429
1607
2326
1293
3173
1924
2538
3049
1523
1567
3130
1667
1646
1992
2908
1920
2296
1490
1277
1814
1880
2083
2663
2195
2026
1930
2745
1111
1882
1873
1779
2281
2173
3401
2141
1341
2014
3336
1096
1737
2245
1555
2575
1164
1964
1529
1887
1880
1970
1220
551
1751
2075
1757
2167
2172
1350
1398
1713
2328
1523
1563
1108
1528
1
3050
1597
2929
1877
2695
1418
2319
1900
2027
2031
2391
2411
1835
2107
1653
2325
2189
1933
1809
1938
2307
2136
2067
1552
2068
2030
1746
1838
2003
2037
1423
1780
3028
2198
1490
1527
1513
1644
2031
1686
2111
1546
1324
2209
1507
1524
2191
1798
2120
1600
1895
2889
1888
1675
1582
2113
2030
2258
1863
1169
2328
1923
1
2396
2366
1
2613
2105
2111
1347
1879
2662
2344
1377
2315
1813
2086
2724
1653
1539
1809
1805
1487
1848
964
2157
1648
2911
1825
2105
1804
2048
2767
2995
1658
3771
961
2539
1539
2084
1368
893
1850
1828
1896
2242
1966
2086
1571
2494
1656
2427
1542
1165
2775
2267
1458
2812
2558
1934
1977
1388
2019
2491
2107
1428
2358
1317
1200
2411
1775
2151
2060
1484
1727
1439
2039
530
2785
1506
2491
921
1647
1835
1868
1991
2774
1669
1927
357
2576
1375
1899
1727
2083
2881
1527
2254
1811
2511
1127
1646
2166
1886
1490
2086
2206
2287
1811
1350
1766
2234
1786
2422
2444
1807
1821
2685
1719
1588
2262
2994
1729
1884
1631
1280
2024
2025
1364
2089
2330
948
2661
2292
2882
2050
2789
2136
2060
1345
2555
1225
1004
1773
2315
1646
1499
2107
3088
1665
1592
1560
2087
2656
1073
1369
3414
967
1592
2027
1654
2300
1822
1670
2081
1879
1941
2015
2164
1956
1296
1925
1626
1944
1
2410
1461
1507
2909
1780
2363
2266
2144
2178
3183
1086
1893
2133
1495
2138
1807
1719
2896
1955
1889
2052
920
1732
1984
2760
1049
1099
2142
1495
1767
2306
2465
2027
1659
1320
1902
2147
1
1819
2014
1988
2785
1814
3246
1115
3706
1913
2003
2337
2271
1250
1894
1856
730
2454
1539
2104
1070
2064
1636
1873
1817
2012
2157
1496
3832
2169
1346
2060
2101
2808
2874
1921
3149
1369
1601
2079
1323
1
1440
2954
1862
1963
1607
3573
1689
2020
2072
1807
1864
2093
3102
1215
2033
2128
1751
2125
1407
1633
2274
1613
2099
1942
1440
2094
1362
1277
1
2296
2177
1039
2281
2366
1805
2389
2091
1491
1854
3633
1518
2346
972
2824
2392
2565
1
1418
2809
3686
2389
1551
1129
2509
1837
824
2676
1696
2955
1326
1337
1903
1453
1
1728
1654
2142
1451
1768
2284
2098
1786
1770
2527
2503
1643
1890
1711
1
2291
1694
2348
1992
3222
3090
1793
1385
1724
2203
1922
1152
1602
2102
1887
2824
1931
1
2270
1928
1292
1730
2083
2635
1811
1675
2134
1620
1582
2923
1247
1057
2659
1578
2610
898
2008
2519
1466
1908
2093
2167
2142
1209
1702
1301
2350
1
2752
1633
2466
1242
1605
1471
2489
1781
2917
2115
673
2158
1792
2265
2121
1294
1520
2114
1291
2167
1635
1854
1335
939
2725
1935
1949
2080
1240
1388
3107
3023
1480
2684
1548
1815
2098
1970
2765
1976
2941
3743
2366
2557
2894
1648
1319
2434
1412
1749
2053
1535
2060
1941
1165
2647
1663
2747
2338
3353
1125
1841
1588
1782
2732
982
1212
1344
2174
1619
2522
2103
2263
2470
1
2140
2048
2328
1856
2511
1600
2020
2489
2190
1316
2081
1600
2097
1416
2658
1322
2573
1487
2279
1913
2508
2202
1345
2004
1432
1950
1275
1776
1542
1745
1254
1833
2558
765
1923
2034
1759
2339
1620
2550
2205
2059
1716
2036
1110
2421
1806
1427
1926
1871
1925
2251
1233
2205
1364
3801
1772
1896
1467
1916
1607
1296
2907
1837
1742
2281
1336
2295
2623
1848
2078
1614
1431
1973
1647
1
2250
1275
1520
2280
2697
2308
1325
1305
1757
1344
1984
1815
1251
2325
2286
1758
1444
2741
2785
2102
2130
1959
1624
2277
1651
1916
2477
2370
2490
1698
1769
2181
1420
3077
2368
2422
1584
2211
1306
479
2619
2348
604
1595
2086
1385
2919
1870
1258
1834
2284
2358
1701
1889
1629
1143
1106
2054
2813
2899
1421
2389
1982
2279
1290
1613
2376
2179
855
2808
1551
1
1810
2274
2885
2002
2003
1826
1773
2126
2357
559
1629
2268
2269
2467
2994
1414
2
1610
2314
1556
2165
2204
1506
2885
2208
1742
2349
2740
2125
1864
2477
1707
2323
2195
1
1750
2054
1637
1
2154
1869
1462
1920
1729
3727
2008
1529
2054
2231
1807
1238
1805
1488
1958
1934
1324
2234
2302
2274
2202
1581
1862
1617
2096
1865
1723
2158
1759
1882
1371
1488
2056
2104
1158
1579
2195
1482
1889
1980
2696
2374
2616
1735
2473
1576
2337
1406
1382
1942
1568
2037
2626
2919
1173
1758
2103
1623
1257
2129
1908
1
2634
1725
1694
2940
2
1725
1628
1216
1361
2026
1979
1366
2078
2148
1634
2305
1505
2
2657
1440
1369
2276
1487
1388
3047
2043
2454
2736
1891
2324
1847
1304
1983
2015
1429
1789
2120
1202
1584
2274
1660
2108
1951
1499
1901
1582
1185
3868
1632
2136
1841
3323
1942
2141
2812
1671
1777
2049
1705
3759
1304
1674
2047
2791
1775
1748
1541
2277
1
2238
1778
1554
1962
2516
887
2661
1282
2351
1811
2116
2072
1325
2995
1165
2792
1292
2134
2628
1571
2331
1953
1269
1920
1676
2567
1837
1491
1270
1341
2315
1434
1
1636
1939
1996
2012
1997
1811
1421
2080
2134
1781
2788
1936
1506
1668
2864
1668
1353
3119
2642
1258
1766
2310
1382
3010
1366
2328
2598
2
2448
1387
1340
2483
1679
1033
1
1349
2366
1520
3106
1129
2932
1638
2443
605
1861
1959
1554
2068
1444
2491
1288
2140
1800
1268
2577
1643
2009
1570
1497
2916
1605
2443
2161
1665
2058
1724
2151
2604
2315
1522
1375
1980
2192
2888
1386
1774
1192
1661
2593
2154
2456
1322
1287
1329
2378
565
1814
1261
1811
2701
2176
1860
1638
1920
2149
1681
1
2
1189
2109
2270
1559
2457
1885
1875
1432
1618
1855
1273
1959
1836
2027
2193
1433
1746
2960
1360
3717
2845
2699
2097
1744
1852
1793
3417
1823
1847
1752
1447
2586
1668
2314
1627
1980
1527
523
2702
1813
1123
2020
1994
2115
2282
1118
1446
1415
1075
1513
1330
2259
1849
2573
2610
2266
2563
2862
1888
2657
1532
1903
2925
2504
1815
2215
1524
1430
1584
2940
1
1347
1953
1744
2826
2170
1730
1554
1750
803
2404
2429
3386
2635
1175
1328
659
1802
2321
1
3168
1507
1955
1882
2042
2026
1667
1
3605
855
1728
2429
1460
2092
1963
2091
2241
2312
1981
2
2491
2321
1614
2220
1665
2553
980
1528
1232
1960
2147
1359
1361
2080
1184
1863
2409
2553
1562
2102
1807
2521
2295
3170
1192
2840
1514
1945
1680
1783
2093
2147
987
2450
1963
1294
1766
2146
1912
1805
2024
1762
2056
1471
2330
1868
799
3345
1028
1702
2880
2301
2326
2099
2198
1179
2305
1409
1291
3267
1200
1612
1278
2076
1
1400
1857
1459
2434
2059
1873
2871
1752
1941
1605
2755
1760
1796
1790
1601
1
1558
2086
1975
1102
3066
2244
1701
1241
2438
1660
2012
2860
1675
2282
1297
1539
3140
1
2135
2000
993
1743
1464
2249
1468
1919
1181
2135
1540
1354
2639
2021
2426
1963
1947
2298
1246
1333
1675
2324
2067
1198
1899
2668
2398
2151
1595
1864
2047
2300
2300
2000
2750
1436
2032
1726
1706
2728
1848
3148
1393
2523
1629
2122
1941
1425
2177
1200
2143
3107
1393
1
2260
1304
1434
2010
2016
1691
2498
1756
1407
2415
1443
1699
2781
1445
1234
2461
1633
2031
2015
1
2154
1803
2302
1685
890
3274
1807
1716
1639
2317
2033
2226
1783
1149
2498
1239
1428
2542
2422
2512
2411
2505
2137
2003
1592
1943
2034
1562
1866
1831
2203
1
2935
1212
2048
1832
1868
2564
1793
2637
2561
1901
2285
1364
2044
1511
1455
2066
2185
1714
2576
1037
2217
1565
2132
1927
1297
3010
2835
2072
2038
1684
1924
