2210
3304
2351
3135
3597
1133
1978
1938
2048
1901
1739
2249
2094
1783
3053
1973
1249
1590
2988
2696
2180
1
3039
2962
1864
3843
2169
1853
3096
1914
1637
1218
2239
2059
3567
1474
1561
1883
2947
1752
3044
1632
1437
1865
2352
1888
1760
3495
2581
1789
1577
2024
2869
1395
3342
2387
2136
2736
1528
1534
2067
2013
3172
2680
2259
1754
1626
2226
2018
2875
2972
1868
2637
1438
1922
1695
2226
2533
1411
2622
2160
1696
1387
4681
3184
1703
2593
2094
1475
2318
2289
1516
1742
3432
2460
1973
1550
2045
2004
2266
1985
1004
1554
1717
1605
2650
3142
2073
1876
2418
3571
2455
2880
2530
1648
1852
2751
1614
2189
1279
2074
2323
2769
2139
1214
1743
2510
3861
1494
2891
3302
1672
1981
1847
1766
2271
3057
3007
1801
3604
2366
1892
3
3876
3165
824
2902
2264
1635
1064
3846
2655
1364
3949
1493
2423
2171
3055
2639
2232
1294
1730
980
1629
2067
1687
1554
2557
3439
2573
1853
3927
1870
2068
3061
2897
1907
1537
3157
3171
2477
3441
1947
1854
2706
3305
1680
2202
1971
2012
2438
1937
1735
1755
2387
1633
2350
1495
2383
3157
2325
2133
1803
2333
1595
1
1987
1813
2329
1736
2294
3680
1891
2008
1822
2821
1214
1806
3996
2063
2231
3172
2462
2130
2332
1273
2130
2137
2699
3029
3430
1183
2449
803
1744
3906
2215
5655
2210
2559
1389
3917
3242
3109
1514
4183
3682
2244
1804
2949
868
1582
2803
2051
1429
3932
1607
2326
1293
3399
3173
1924
3403
2538
3293
3049
1523
1567
3130
3168
2560
1667
1646
1992
2908
3037
1920
2296
2802
1490
1277
1814
1880
2083
2088
2663
2195
3007
3909
2026
1930
4009
2745
1111
1882
1873
2331
1779
2281
3411
2173
3401
4464
2141
1341
2369
2014
3433
3336
1096
1737
2328
2245
1555
2575
1164
4126
1964
2485
1529
1887
1880
1970
2244
1220
551
1751
2075
2282
1757
2167
2172
2176
1350
1398
1713
2426
2328
2142
1523
1563
1108
1528
1
3050
3218
1597
2929
3059
1877
2695
3752
1418
2319
3646
1900
3807
2027
2031
3063
2391
2411
1835
2107
2270
1653
3351
2325
2189
1933
2185
1809
1938
3422
2307
2136
2178
2067
1552
2068
2030
1746
2251
1838
2003
2037
2402
1423
3057
1780
3028
2198
1490
1527
2650
1513
1644
2031
2677
1686
2522
2111
1546
1324
2825
2209
1507
1524
2191
1798
2352
2250
2120
1600
1895
4976
2889
1888
1675
2720
1582
3722
2113
2030
3744
2258
1863
1169
2328
2444
1923
1
2396
2366
3102
1
2613
3147
2105
2111
2528
1347
1879
2859
2662
2344
1377
2360
2315
1813
2086
2724
3055
4673
1653
1539
1809
2764
1805
1487
1848
964
2157
2896
1648
2911
3306
1825
2131
2105
1804
3050
2048
2767
3212
2995
1658
4094
3771
961
2539
1539
2826
2084
1368
3520
893
1850
1828
2291
1896
2242
3657
1966
4208
2086
1571
2494
1656
3715
2731
2427
1542
1165
2775
2823
2267
1458
2812
3595
3373
2558
1934
1977
1388
2019
2481
3267
2491
2107
2762
1428
2358
1317
1200
2411
2479
1775
2151
2060
1484
2170
1727
1439
2039
2130
530
2785
1506
3574
2491
2806
921
1647
1835
1868
2171
1991
2774
3422
1669
1927
3005
357
2576
1375
1899
2864
1727
2083
2881
2901
1527
2273
2254
1811
2511
1127
1646
2581
2166
2323
1886
1490
2086
3573
2206
2287
2417
1811
1350
1766
3865
2234
1786
3657
2422
3614
2444
1807
1821
2685
3359
1719
2296
1588
2262
3142
2994
1729
1884
1631
3070
1280
2452
2024
2025
1364
2089
2498
2330
948
2661
2292
2912
2933
2882
2050
5076
2789
3669
2136
2060
2740
1345
2555
1225
1004
2773
1773
2315
1646
2613
1499
2107
3112
3088
1665
1592
1560
2626
2087
2656
2767
1073
1369
3484
3414
967
1592
2592
2027
1654
2300
3743
1822
1670
2081
4114
1879
1941
2030
2015
2164
2449
1956
1296
2369
1925
1626
1944
1
2410
1461
2487
1507
3176
2909
1780
3236
2363
2266
3543
2144
2178
3596
3183
1086
1893
2344
2133
1495
2138
1807
2201
1719
2896
1955
3014
1889
3924
2052
920
1732
1984
3229
2760
2957
1049
1099
2142
1495
1767
2461
2306
3094
2465
2859
2027
1659
1320
1902
3815
2147
1
1819
2014
2044
1988
3266
2785
1814
3504
3246
1115
3706
4159
3949
1913
2003
2337
3257
2271
2865
1250
1894
1856
730
3142
2454
1539
2104
1070
2627
2064
2539
1636
1873
1817
2012
2157
2200
1496
4033
3832
2169
2290
1346
2060
2101
2808
2956
2874
1921
3070
3149
3347
1369
2861
1601
2079
1323
1
1440
2954
3471
1862
2433
1963
1607
4292
3573
1689
2084
2020
2072
1807
1864
2101
2093
3102
3548
1215
3704
2033
2128
2582
1751
2125
1407
1633
2274
1613
2345
2099
1942
1440
2384
2094
1362
1277
3131
1
2353
2296
2177
1039
3218
2281
2366
1805
2389
3671
2091
2429
1491
1854
3633
4232
1518
2346
4001
4069
972
2824
2907
2392
2565
1
1418
3638
2809
3686
4179
2796
2389
1551
1129
2695
2509
1837
824
3493
2676
1696
2955
1326
3584
3171
1337
1903
1453
1
1728
1654
2142
2341
1451
2362
1768
2284
2211
2098
1786
1770
2527
2503
2835
1643
2620
1890
1711
1
2291
3880
1694
2348
3525
1992
4643
3222
3090
4775
1793
2963
1385
1724
2203
1922
2588
1152
2274
1602
2102
1887
2824
3109
1931
1
3667
2270
1928
1292
1730
2083
2760
2635
1811
3419
2436
1675
2134
1620
3360
1582
2923
1247
2902
1057
2659
1578
2779
2610
898
2008
3338
2519
1466
1908
2398
2093
2167
2347
2142
1209
2511
1702
1301
2350
1
3480
2752
1633
2466
1242
2552
1605
3905
1471
2489
3167
1781
2917
2919
2115
673
2158
1792
3808
2265
2121
2930
1294
1520
2114
2293
1291
2167
1635
1854
2102
1335
939
2725
1935
3205
1949
2596
2080
1240
1388
3370
3107
3023
3362
1480
2684
5181
2404
1548
1815
2098
3130
1970
2765
1976
2941
2948
4122
3743
2942
2366
2557
3323
2894
1648
2700
1319
2434
1412
2528
1749
2053
1535
2060
2699
1941
1165
3555
2647
1663
2747
2338
2780
3387
3353
1125
2654
1841
1588
1782
2732
982
1212
2939
1344
2174
1619
2728
2522
2103
3240
2263
3131
2470
1
2140
2048
3677
2328
1856
3681
2511
1600
3754
3356
2020
2489
2190
1316
2081
2278
2752
1600
2097
1416
3885
2658
1322
3805
2573
1487
3673
2279
1913
3155
2508
2202
3084
1345
2004
1432
1950
2864
1275
1776
3324
1542
1745
1254
1833
2558
2709
765
1923
2034
3908
1759
3767
2339
3695
1620
2550
3601
2205
2059
1716
3003
2036
1110
3638
2421
1806
2641
1427
1926
1871
3689
1925
2251
1233
2205
3063
1364
3801
4064
1772
1896
1467
2730
3046
1916
1607
1296
3121
2907
1837
1742
2281
1336
2506
2295
2623
2947
1848
2325
2078
1614
1431
1973
2813
1647
1
2250
2820
1275
1520
2888
2280
2697
2308
2927
1325
1305
1757
1344
2780
1984
2474
1815
1251
2325
3821
2286
1758
1444
2741
3680
2978
2785
2102
2130
3776
1959
1624
2313
2277
1651
1916
2477
3472
2370
3005
2490
1698
2217
1769
2181
1420
3077
3368
2368
3075
2422
1584
2211
2285
1306
479
2619
2898
2348
604
1595
2086
2195
1385
3076
2919
1870
2489
1258
1834
2284
3806
2358
1701
1889
1629
1143
2098
1106
2054
2998
2813
3545
2899
1421
3494
2389
1982
2279
1290
2683
1613
2376
2455
2179
855
2808
3505
1551
1
3781
1810
2274
2885
2978
2002
2003
1826
1773
2263
2126
2357
2823
559
1629
2268
3968
2269
3129
2467
2994
3455
1414
2
2385
1610
2314
1556
2165
2204
3496
1506
2885
3474
2208
3915
1742
2776
2349
2740
2125
3876
1864
2477
3681
1707
3346
2323
2195
1
1750
2423
2054
1637
1
2154
3842
1869
2754
1462
1920
1729
4138
3727
2274
2008
1529
2054
2589
2231
1807
1238
1805
1488
1958
2614
1934
1324
2373
2234
3289
2302
2274
2202
1581
2220
1862
1617
2096
2287
1865
2225
1723
2158
1759
4612
1882
1371
2217
1488
2056
2104
2933
1158
1579
2195
2514
1482
1889
1980
2696
2374
2795
2616
3514
1735
3816
2473
1576
2337
1406
1382
2740
4355
1942
1568
2037
2626
3202
3773
2919
1173
1758
2103
2381
1623
1257
2129
2570
1908
1
3506
2634
1725
1694
3229
2940
2
1725
1935
1628
1216
1361
2026
2494
1979
1366
3639
2078
2148
1634
2419
2305
1505
2
2657
3768
1440
1369
2733
2276
1487
1388
3047
3430
2043
3368
2454
2736
1891
3238
2324
2390
1847
1304
2438
1983
2015
1429
1789
2120
2754
1202
1584
2274
2347
1660
2108
2307
1951
1499
1901
1582
1185
3197
3868
3997
2256
1632
2136
1841
4542
3323
1942
2141
3782
3382
2812
1671
1777
2049
1705
2334
3759
4106
1304
1674
2047
2840
2791
3299
1775
1748
1541
2277
2298
1
2238
1778
1554
2295
3387
1962
2516
3035
887
2661
1282
3703
2351
1811
2116
2072
2352
1325
2995
1165
3705
2792
3781
1292
3103
2134
2628
3963
1571
2331
2723
1953
1269
1920
1676
2567
3622
1837
3267
1491
1270
1341
2774
2315
1434
1
1636
1939
1996
2294
2012
1997
2045
1811
1421
2080
2230
2134
3296
1781
2788
1936
1506
1668
2755
2864
1668
3333
1353
3393
3119
2642
3965
1258
1766
2407
2310
1382
3489
3010
1366
2328
2937
2598
2
2448
1387
1340
2690
2669
2483
1679
1033
1
2630
1349
2366
1520
3106
3630
1129
2932
3295
1638
2443
605
2956
1861
1959
2284
1554
2068
1444
2642
2491
1288
2140
2657
1800
1268
2577
3645
1643
2789
2009
1570
1497
2916
3344
1605
2443
2161
3261
2418
1665
2058
1724
2151
2604
3110
2653
2315
1522
1375
3693
1980
2192
2888
4977
1386
1774
1192
1852
1661
2593
3118
2154
2456
1322
4087
1287
1329
2378
2871
565
2414
1814
1261
1811
2701
2988
2176
1860
2447
1638
1920
4032
2149
1681
1
2
2297
1189
2109
2270
1559
3849
2457
1885
2673
1875
1432
1618
1855
1273
3119
1959
1836
2043
2027
2493
2193
1433
1746
2960
3545
1360
3717
4148
5020
2845
3069
2699
2097
2476
1744
1852
1793
3417
4448
1823
1847
1752
2443
1447
2586
3832
3883
1668
2314
1627
2208
1980
1527
523
2702
3350
1813
1123
2020
2728
1994
2115
2282
1118
2350
1446
1415
2416
1075
1513
1330
2259
2427
1849
2573
2610
2682
3036
2266
2563
2862
3115
1888
3676
2657
1532
1903
2925
3037
3546
2504
1815
2215
1524
1430
2696
1584
2940
3340
1
2821
1347
1953
1744
2869
2826
2170
1730
1554
2028
1750
803
2404
2429
3032
3386
4479
2635
2727
1175
1328
659
3082
1802
2321
1
3190
3168
1507
1955
4028
1882
2042
2129
2026
1667
1
4260
3605
855
2853
1728
2429
1460
2092
1963
2350
2091
3533
2241
3570
2312
1981
2
3053
2491
2321
4031
1614
2220
1665
3647
2553
980
1528
2165
1232
1960
2147
1359
2998
1361
2080
1184
1863
2738
2409
2903
2553
2394
1562
2102
1807
2521
3049
2295
3170
3503
1192
2840
3511
1514
1945
1680
1783
2457
2093
2147
987
2638
2450
3452
1963
2659
1294
1766
2146
2124
1912
1805
2024
1762
2576
2056
1471
2330
2868
1868
799
3492
3345
1028
3283
1702
2880
3238
2301
2326
2099
2198
2389
1179
2860
2305
1409
1291
3267
3398
1200
2898
1612
1278
2076
1
1400
3149
1857
1459
2434
2059
3372
1873
2871
3121
1752
2567
1941
1605
2755
3350
1760
1796
2677
1790
1601
1
1558
2246
2086
1975
3697
1102
3066
2244
1701
1241
2679
3767
2438
1660
2012
2860
2993
1675
2611
2282
1297
3185
1539
3140
1
2135
2000
2737
993
2409
1743
1464
2249
3297
1468
1919
1181
2836
2135
1540
1354
3205
2639
2021
3476
2426
1963
2374
1947
2298
1246
2533
1333
1675
2324
2067
1198
1899
2701
2668
2799
2398
2151
2255
1595
1864
2047
3518
2300
2300
3565
2000
2750
3679
1436
2032
2401
1726
1706
2728
1848
3289
3324
3148
1393
3713
2523
1629
2122
1941
1425
2377
2177
2345
1200
2143
3107
3364
1393
1
2867
2260
1304
1434
2010
2016
2148
1691
3611
2498
1756
1407
2600
2415
1443
1699
3385
2781
1445
1234
2461
2725
1633
2031
2185
2015
1
2154
3908
1803
3878
2302
1685
890
3701
3274
1807
1716
1639
2703
2317
3515
2033
2707
2226
1783
1149
2498
2700
1239
1428
2901
2542
2422
2512
2411
2942
2505
2137
3223
2003
1592
2327
1943
2034
1562
2403
1866
3830
1831
2203
1
3718
2935
1212
2117
2048
1832
1868
3508
2564
1793
2667
2637
2561
2315
1901
2285
1364
2855
2044
1511
1455
2066
3614
2185
3575
1714
2576
1037
2217
3046
1565
2509
2132
1927
1297
3010
4855
2835
2072
2958
2038
1684
1924
2219
1828
2309
2268
1459
1
2897
2450
1493
1024
1
2323
1712
2256
1574
2206
2271
1524
1864
3475
947
3443
1367
2894
3604
2632
1881
1859
1493
1624
3490
2751
1183
2653
2468
1561
3198
2160
1979
528
1276
2274
2043
2272
1859
3577
2429
1605
3057
3203
4101
1594
2167
3
1584
3504
1865
912
2154
3126
2585
1109
2239
2402
2115
3233
1566
3066
2820
3074
1971
2463
2281
3121
4013
2368
1484
5260
2605
1981
1518
2325
2041
1186
2347
2559
1773
3201
1717
1787
1160
3238
2887
1740
1719
1746
2847
1553
2672
3241
1952
2465
1339
1686
2374
1
1618
2363
1775
2109
4543
3322
1834
1851
2003
2177
2886
1861
3118
2697
1349
1827
1992
3212
4653
1347
1503
2087
2928
2122
2321
1786
1636
4017
2199
1649
2018
2154
1917
1776
3487
2267
2111
2959
1955
2951
4180
2341
1344
3624
2073
2168
3175
2050
2640
2963
2670
2232
3119
1186
3560
2571
2216
1643
1435
1646
2493
1816
1910
1454
1938
2895
1578
1961
2557
1236
2111
2173
1754
3938
2662
1659
3544
3190
2683
1992
1340
3001
1198
2326
2767
2228
2870
3539
4326
2675
3934
1256
3518
3488
859
3507
4357
1
2917
2830
2118
2307
2160
2149
1248
1
2474
4053
1338
1724
2728
1760
1653
1541
2011
2097
2216
4179
2240
1446
2757
2284
1435
1389
3715
1302
2848
1153
2221
1863
2628
1839
1920
1934
490
1682
2267
2571
3027
3247
1083
2442
1093
2804
3157
1904
2892
2183
2790
1805
1858
2841
1360
1
1989
2088
2659
1128
1
3224
2677
1964
2256
3053
2556
2174
2496
3195
3821
2202
1841
1
3623
1982
2260
2646
1837
2007
1375
3340
2819
1706
3709
1976
2180
3219
2051
2595
2823
3383
1659
2681
1489
777
2918
2685
2700
1532
948
2520
3571
1774
2428
3065
1168
1204
2717
1521
3627
2010
2425
2066
1364
2611
1901
3353
1928
3971
1966
2317
2306
1552
1690
3720
1914
2230
1
1903
1762
2159
2041
2979
2574
2312
3617
2396
1852
2851
3594
1420
2027
1500
2083
2255
3004
2824
2037
2565
5300
1743
1271
2469
2382
2864
1659
1863
1479
1762
1683
2311
2109
2310
1963
1440
2152
1716
1235
2624
2290
2236
2592
1641
1396
3382
2338
2145
2450
3816
1599
3112
1945
2808
2062
2263
2361
1179
2122
2696
3047
1887
2241
1762
1975
1438
2156
2165
998
1108
2457
2786
2622
3378
2322
2165
1761
3817
2287
2751
2121
1022
1971
1767
1978
1513
2607
3279
2644
1942
4288
3577
2786
1944
384
2751
2008
916
2386
2555
3826
4039
3485
1811
2569
2844
1535
3486
1731
2894
3240
3229
2400
2236
3064
2868
1933
2551
1818
2648
848
3729
2164
1972
2618
2351
1431
1465
3777
3405
683
2880
1456
1845
1684
3219
2860
1786
4469
3396
2038
2765
1156
1906
3438
1905
2522
3134
2479
2252
2458
1840
1068
1364
1135
2053
1054
866
1586
2306
2363
2236
1344
1921
1
3988
1947
1930
2597
1604
1762
1902
2821
2495
2549
962
3477
2075
1351
2195
1945
2354
1371
1952
2357
2001
1555
1501
2325
4039
2492
1838
1904
1631
4604
3261
3449
2829
1587
2107
1280
2230
2248
2550
2350
2965
2207
1449
1523
2686
1602
1734
1907
2622
1928
1868
1272
2797
1693
3180
1852
1140
2138
2218
1613
1896
1513
4333
2018
1
3834
1827
2204
2934
3006
1925
1333
1423
2559
2550
1637
1921
2727
1580
2064
1940
1253
2608
2644
1309
1847
2064
1
1661
2900
2001
1303
2919
2418
2528
2025
2248
2107
1485
4081
2330
1454
3768
1755
2342
3791
2367
1707
3031
2941
1893
3593
2062
2210
2033
3583
2249
2085
2078
1566
2136
2812
1499
3554
2590
2239
3036
1731
1419
2668
2047
1414
642
2739
3070
2586
3571
1708
2652
1506
2004
1703
1357
2371
1814
2323
2572
2533
2760
1342
2449
2469
1605
2325
1631
2018
1891
1459
2075
1779
2552
3113
1654
1070
2028
1690
2397
3778
2446
2670
2747
1
1
3739
2587
1539
2684
3924
1257
4057
3808
3903
3962
2836
2550
2479
1268
2293
2029
2275
2121
2722
3021
1
2213
1593
2830
1229
2056
2424
3382
3
3296
1842
2727
2032
2993
2840
2336
1414
1944
1523
648
2650
2434
1622
1159
2798
1690
2239
1138
1921
2115
2124
1705
3916
2992
957
3999
2017
1849
3650
2968
1247
2319
3332
2214
2236
3833
1796
1839
1038
2676
2312
1910
2927
1444
1584
2752
1922
2100
1091
2244
2967
2654
2397
1971
3497
2361
1768
3736
2479
1884
2020
1482
2159
2655
3050
1
3049
1463
3353
3439
1719
2707
2245
1980
2016
1624
2265
2349
2153
1098
1664
2191
1426
2584
3296
2465
2104
2317
2688
2860
3352
2297
2216
2441
2368
1550
1506
2398
1903
1804
1751
9
2155
1822
1424
2464
1923
2003
2911
1028
2771
3224
1870
2227
1680
1662
2055
241
2684
3411
1770
2004
2992
2869
1370
2216
1886
2393
2330
2153
1779
1603
1061
2979
3825
3027
2344
2494
3696
1942
2227
1389
2333
1675
2222
246
2158
1989
1521
2197
7865
1458
1575
2823
2009
1783
3577
2505
2283
3736
1846
3346
1964
2555
3107
2874
1884
1899
2081
1742
2143
2508
1480
2327
1550
1405
1729
2439
2292
684
1643
2942
2596
2504
1047
2920
1394
1339
2650
3876
2620
1423
1679
2143
3006
1574
1572
1713
2450
2238
1485
1692
3076
2336
2453
3462
2661
1742
3639
2519
1707
2089
2499
3277
3938
3927
2952
1407
3506
3368
2969
1528
1272
2076
2534
1983
2248
2818
1072
1727
1998
2474
1754
1639
1605
2389
1705
2166
2462
2486
1466
1451
3698
2895
1272
1813
1918
1785
2349
3890
3975
2249
2112
1567
1936
1
3155
1077
2103
1530
2502
1786
1731
1846
3631
2223
2011
2964
2525
2376
2313
3627
1923
2
2256
1814
1575
2220
3852
4013
2129
1646
2434
1656
3641
2049
2175
2413
2284
1540
1628
2287
1961
2407
1210
1660
1682
1689
2834
3410
3592
863
2149
1411
2270
2035
2618
2496
774
1977
3066
1686
1803
1310
1545
1875
2437
2008
1654
1580
2495
2136
3160
2812
1893
1825
1292
2630
2118
1885
1137
3126
1717
2148
1628
2210
1879
2388
3583
1894
2046
3710
2109
2223
2342
2172
1128
3133
1416
3316
1752
2378
1804
1931
992
1551
2535
2787
3403
2053
2409
3129
1940
2793
3
2691
1634
1901
1639
2733
3408
1724
3109
1346
2162
1248
1966
1915
814
3170
1802
2751
1803
1509
1611
1638
1934
2682
2964
1747
3154
2479
1437
3949
2668
2772
2425
2246
3706
1913
3273
1143
2648
801
2266
1991
1816
1792
1660
2895
1686
1624
2649
3411
1805
1832
1778
2133
2122
1365
2515
1628
2357
3131
2754
1980
1277
2548
2065
1975
2661
1943
3261
4355
3510
921
3935
3009
2303
1322
2789
1451
2132
2954
1156
1623
1701
2468
2095
1601
2573
1900
1643
1749
3990
1900
1975
2772
2021
1924
1148
2423
2089
2073
1278
2
2202
3537
2126
1850
2400
2233
1382
1824
1406
3109
1526
2056
2764
1904
1141
2212
1936
2889
828
2855
2187
1629
1194
1817
3715
2333
1573
3006
1480
1806
3314
1399
3151
1
3444
1089
3332
1929
1983
1208
2745
1853
1394
1955
2310
353
3599
2598
1668
3450
2889
1526
2536
2315
1417
1597
1777
2657
2032
1398
1
2004
1678
2461
1722
4130
2268
1467
1936
1881
1872
2176
2398
2075
2591
801
3832
2267
1766
2008
1696
2244
1917
2965
2122
793
1985
1634
1439
2168
2624
2654
1634
2415
1162
1853
1977
2322
1713
1900
2021
2558
1386
2063
1558
2285
1959
2163
4069
1633
2817
1261
1378
2409
1894
2027
2085
1859
2461
3403
2001
1810
1497
2805
1753
2855
2693
2317
1556
3139
3170
2161
1916
1208
2580
2291
2513
3061
3037
1567
3261
2213
3871
1781
1897
1391
2445
2132
1538
2731
1521
2075
2408
1644
1977
1836
1586
3223
3056
4123
3742
2721
1773
1251
2120
2684
3335
1258
588
1497
2817
3551
1889
1918
2275
1782
1
2106
5759
2954
1897
1041
1973
2578
2311
2976
2575
1981
802
2507
2082
2123
1603
2057
1769
2204
1780
1701
411
2919
1795
3151
1524
3614
2727
1973
1456
1424
1573
1439
2919
2598
2348
2129
2883
2853
2457
2112
3296
3490
3067
1308
3451
3006
1408
3881
1431
2553
1507
3603
2754
1
3331
2441
2093
3000
3550
1315
2030
2172
3663
3103
1923
2135
704
2089
2285
1839
1652
2465
3599
1801
2709
2005
1638
1513
2097
1862
2144
1762
1928
2150
2173
1614
4507
3358
1862
1685
2311
1791
216
3624
1327
2914
1199
3302
3364
3104
1895
2866
2091
3471
2303
1758
2192
2176
1739
2533
2028
1679
1625
2467
2406
2992
1908
2439
1501
2017
3612
2638
1615
2424
1241
1749
2117
334
4109
3756
2952
2710
2203
2623
2237
3005
2615
2275
2198
777
1264
1901
2380
2320
2249
2377
1538
1701
2941
1938
1767
1219
1537
2444
2492
1392
2073
1372
2342
2078
2928
1457
1842
1638
2197
2502
1635
1531
2325
1808
2213
1519
1743
2298
1736
2088
1667
3162
3036
1811
2358
2392
1304
3794
1116
2955
2921
2849
2095
1981
3516
2368
2707
2729
2428
1
3080
2059
1139
1587
3006
2676
2183
1836
2896
977
2156
3233
3277
1355
3877
1712
2276
1562
1766
2194
2343
2616
3447
1802
2096
3731
2038
2815
1910
1201
1939
2500
2249
1220
1895
1
5313
2552
2657
2114
3094
2572
1292
3175
826
3185
3223
1457
3888
2312
1665
3120
2770
1975
1443
2987
1751
1684
5100
2765
1665
2642
1450
2108
2639
1794
697
2735
1803
3616
2446
2614
1585
2397
1269
2053
2496
2052
1264
2546
2302
3017
2225
3015
705
1920
1606
3402
2857
3721
2418
1726
3850
1831
2184
2008
2470
1237
2150
1817
1803
2786
1459
1772
3112
2981
1925
2956
2984
3771
3038
1056
2908
3630
1327
1876
1953
1964
1664
408
2604
1351
1676
2234
1806
1831
1922
2306
3909
1898
2058
1563
2657
2117
1528
2794
1884
3187
2252
2961
2652
2473
2861
2531
3000
2150
1667
1048
4021
2378
1465
1
2305
4080
1480
1389
1725
2306
2445
2548
1721
1746
1850
3411
1511
2943
2430
1415
4020
2943
1107
1945
1870
2913
1766
3186
2179
1952
2049
1685
2472
1625
3768
2206
1971
1244
2444
2194
1290
2415
1966
3189
3388
1288
2504
2571
1595
1195
1526
2639
3700
2462
3220
2183
2213
1186
1750
2716
3688
1726
2450
1
1683
1954
2295
1933
2429
868
2542
2026
1624
1593
2486
2162
1719
2210
3936
1512
3074
2330
949
4074
2023
1768
1695
1751
2858
1561
1938
1501
2399
2027
2578
2606
2681
2435
2174
2037
1219
1798
2939
3128
1470
2722
2761
912
1234
2601
1802
2228
2050
2730
1639
1445
1
2141
2913
2811
2938
3457
1470
1093
1612
2935
2225
2483
1881
1543
1958
3217
1862
1445
1340
1
1925
2048
1188
2704
2325
3672
1868
5336
2529
2728
1782
2075
1280
2273
1695
2330
1567
1934
2360
2044
834
693
4003
3862
1269
2865
3731
3660
1826
2379
2166
2845
1871
983
2857
3304
1704
1962
1202
2162
2539
2226
1923
1400
1029
1287
3171
1705
2989
1756
2197
1989
1922
1
3067
2918
1880
3477
3437
951
2651
3301
1912
1
2122
2612
2232
899
2410
2932
1146
1377
1728
1924
1980
2233
2383
2426
2117
939
1988
2011
1906
1960
3121
2710
2034
2702
3347
1816
2011
2546
1940
1368
1968
1477
2884
1536
2144
1201
2207
2313
2407
3683
1775
1792
3480
2593
2480
3578
1807
1822
1329
2229
2485
2143
3119
2603
1615
2135
4115
3411
2529
1925
2058
2345
2318
1144
2011
2465
3389
1546
1429
2614
2276
2689
3502
1674
3727
2014
2124
1852
1988
2136
1889
3592
2056
2216
1
1406
2252
2557
1640
10
3396
3475
994
3764
2991
1110
3615
4250
1798
2843
1515
1709
2216
1151
1031
1655
1812
1924
2373
1724
1844
2059
2219
3587
1981
2905
2441
538
3670
2851
1344
2493
2151
1917
1304
3307
1449
3109
1304
1505
3265
1791
2864
2692
2309
3658
2494
1713
2287
1919
1610
2049
2876
1491
1127
2371
2132
1802
1529
2402
3014
2844
2007
2054
2344
3467
2754
5111
1939
1268
1611
2244
803
2433
2264
3168
1995
2497
1541
1832
1651
1397
1845
2112
860
2487
2267
1542
1569
3665
1367
2833
2098
2591
1733
1443
2743
3742
1380
2269
1599
2602
1395
2531
3375
1959
2182
1618
2734
1331
2304
1819
1620
2122
1811
1926
2253
1875
1651
2628
1896
1690
3874
2414
1577
1798
1608
1974
2485
1647
1922
1868
2427
1
2144
3915
1806
3788
2474
1603
2046
2051
1642
2126
2238
2721
2906
1886
3761
2218
2588
1250
1867
2160
2518
3359
1988
3907
3958
2993
2092
2780
4089
3776
2208
2322
2366
969
2281
4534
1050
3617
2209
2039
1997
1920
1984
1964
2943
2433
2489
1482
3044
2657
682
2128
1785
2856
1096
2034
2933
762
2136
3351
2151
2363
3504
2107
2254
828
1416
2466
2044
1111
1996
1529
2264
2076
3278
1393
3194
1845
1560
2181
2279
3534
1917
2414
2889
2103
1337
1536
3736
1928
2201
2020
2933
2912
1557
2568
3740
1674
2236
2780
1175
1494
2531
2649
1191
3086
2216
2563
1732
1607
2735
1791
2632
3213
2020
1633
2109
2168
1955
2260
1940
2324
1341
1577
2468
2467
1353
1996
1963
1885
2020
1
1556
2143
1587
2579
1186
2683
2259
1737
3423
2173
2269
2106
3490
2269
2880
2195
2790
2512
2473
1342
1538
3893
3972
1967
2635
3263
2133
2516
1872
1344
1698
2845
3321
1
2542
2251
1261
1811
1757
1317
2826
1965
3485
1910
2470
2105
2607
1044
2109
1857
826
2319
1768
1095
1613
2777
3475
2003
1942
1834
2086
1349
2900
2258
1356
2
1874
2484
2051
1456
2095
1853
2196
1721
1500
1453
2766
2146
3454
1623
2788
1625
1466
2332
2442
2057
937
1252
2141
1478
2770
1682
1895
1518
1852
2786
1059
2167
1
2047
1954
2228
1636
3195
2635
2035
3459
2210
2196
3257
3159
1449
2408
2968
1815
674
3113
1440
1052
2260
4107
3758
3203
2546
2114
2
2829
2240
2796
2041
3209
2615
2740
1579
2294
1252
2402
3806
1657
2748
3686
1431
3681
1712
2472
2502
2467
1914
981
1
1807
3064
2994
2068
1799
1409
2589
2759
2249
1558
1297
2
1502
3721
2642
2536
1175
2114
2040
2866
3705
1294
1543
2123
1858
2341
2408
1410
3023
1024
2171
4054
1639
1
2234
1395
2017
2219
2968
1544
3353
3059
3385
1421
2296
2673
2896
2278
1628
3959
1788
3049
1273
1755
1509
4121
2234
1
2741
1788
1433
1903
2318
1960
1768
1819
2219
3682
1964
2118
2509
1165
2072
1
2953
1595
2151
1166
2390
2640
2835
2646
2029
1920
1270
3377
2849
1639
2496
1787
1827
1755
1763
1943
1719
2440
1897
4094
1874
2208
3347
1115
1195
1911
3701
2253
1835
1523
2454
2053
2877
1960
1809
1219
2065
2568
2255
977
4035
1818
2012
2922
2056
2887
3758
2113
1994
1944
3087
1679
1155
2342
2144
3379
1754
4405
1706
3743
1641
2481
2961
2563
2341
2434
2340
893
2198
1545
2954
1413
1953
2096
2143
3626
1414
3197
3254
3627
2261
1977
2405
5460
1826
2152
2756
1131
1412
2431
1441
2581
2484
1839
1537
2005
2527
1860
3477
1
2133
2590
1395
1747
2263
1461
2656
1485
3202
1813
2850
3865
3247
753
1726
1896
2828
1415
2793
2067
1811
1194
3181
4684
3379
1840
2646
2062
1716
2393
1694
2921
3032
1912
2747
2437
2681
1615
2878
1567
1805
2040
1483
2264
2078
2769
2040
2091
965
2712
2044
3109
3317
2333
2215
2395
2163
2122
1185
2966
2899
2000
2317
2583
2965
1998
2487
1811
1569
1747
3046
3072
2272
2157
1342
2094
2114
2861
1516
1374
3204
2758
1903
1646
2686
1768
1765
3145
2455
2265
2184
3029
1613
1039
1548
1070
2550
2697
2468
3754
1643
2270
3482
2113
2220
1252
2700
1693
2399
1825
1840
1801
3357
3278
1227
3
2486
1177
1820
2382
2448
2782
1128
1507
2588
1760
1320
2197
3543
2498
1824
2613
3664
1588
1452
2890
1078
2445
2173
1995
1562
2135
2732
1713
3420
3377
2073
2415
1625
2122
2401
1717
1638
1280
2801
2146
2671
3175
2019
1871
1537
2323
2134
1779
3080
1941
1065
3564
2285
2016
2147
1472
1576
2669
1
3673
2262
1930
2331
3016
671
1847
2793
1440
2097
1535
3737
1718
2410
2114
1907
1594
2250
3732
1646
2487
2809
1246
2848
962
2296
2551
1481
1537
3195
2645
2025
3574
2715
1576
3393
4472
2902
1880
1824
1259
2421
2693
2751
1206
2284
1733
2642
2423
2616
1127
1699
2589
2696
2580
1970
3216
2679
1131
3304
2109
1321
2335
2131
1689
1710
2015
1959
2857
1034
1364
2151
2252
2098
1455
4199
2211
3845
2685
1335
3854
2198
1813
2267
2147
2257
1194
3200
1658
1908
1099
1866
3066
2933
2351
593
2652
2269
2621
3053
2191
1873
2867
3125
2944
2455
1719
747
2346
1899
1109
2511
1986
843
1654
1501
1881
1872
3327
2666
3622
1485
2758
2220
2351
524
2770
3144
2629
2091
1
2101
2025
1860
1879
2124
3325
2416
4163
3702
3161
2874
1829
1
3684
2161
2020
1561
2520
2153
1631
2342
1586
2184
1753
3575
2456
1834
2385
2665
2350
465
3023
2972
1870
2567
2874
2424
2639
3284
1942
3065
2478
2322
3816
1798
2251
3225
2056
2584
2418
2483
2334
630
3444
2326
2095
2280
3222
1364
999
2129
2102
1921
1713
3269
2322
2273
1
2709
2020
3136
1313
2682
3870
2536
2771
2558
2226
1615
1989
2035
1878
1261
1851
2875
1685
1733
2111
2335
1
2013
3043
2809
3466
1128
3270
1
2770
1100
2330
1665
2944
2256
2665
2368
3551
1946
1342
1831
2667
2025
4060
2084
1721
2109
2118
2348
1290
2496
2261
3108
2935
3394
1536
2586
3407
1872
2868
2820
2177
2569
2509
2787
2158
3102
2605
2403
1519
2582
1361
1525
2724
2340
1276
2703
1382
1619
2161
1942
2361
1987
1575
3326
3094
1445
2058
2016
601
1913
1277
2794
3139
1932
2366
2082
3417
2886
3631
1348
3257
2178
2430
2522
1906
2027
1410
3084
1840
2941
2717
3633
1514
1
2032
2571
1870
1392
2582
2028
3255
2300
1407
4158
2387
2140
2058
1280
3831
2038
1996
2868
3030
1967
1729
2788
1841
1507
1333
1712
2896
1924
1923
1616
2977
1349
4026
2223
1616
1491
2510
2014
1850
2555
1757
2020
1533
3707
1445
2713
4176
1808
1881
2736
1248
2054
1827
2424
1892
2350
1199
2749
1495
3621
1807
2083
2103
1872
3211
2970
1684
2082
3801
1982
2019
2288
2112
1446
2508
2690
1271
1396
1966
2233
1600
784
1282
1962
3439
2464
2790
3466
1609
2543
2464
1855
1003
3706
2818
1341
4741
3124
1914
3506
2445
2724
938
1779
2424
2718
2226
2921
3443
2857
1565
2465
1430
2205
1764
1
2938
2824
1334
769
2448
3501
1916
4355
3510
3439
2703
1723
2680
2141
1482
1562
1962
2286
2233
1384
2164
1885
2253
1563
4032
1892
1941
3273
3780
812
3279
3040
1546
2666
3904
1295
5599
2266
3026
3296
1543
4465
3400
3565
2094
2206
3103
2423
2339
3143
1918
2804
2173
3057
2635
1879
1436
1852
2698
1189
1772
2830
2074
2553
3316
1996
2179
1915
2229
1542
1871
3483
2511
3150
3299
1416
1887
3204
2774
3241
2584
1142
898
2185
1510
2182
1988
1245
1445
2714
2461
2455
2074
1308
787
1241
2034
1095
1963
2773
2566
1375
2888
1036
2608
1579
2557
1121
1728
2025
1815
882
1415
3970
2035
1860
3716
3123
1026
2248
2553
2023
1041
2045
1954
1943
1923
4945
2920
1859
3746
2260
2874
2590
1665
736
2139
2022
2161
1543
2326
2648
2890
1
3587
3051
1227
3584
2215
2066
2201
2787
1096
1781
2135
3019
1625
1086
4782
3083
2274
2443
1208
1940
2490
1686
1469
2220
4359
2160
1346
3084
1652
3129
1326
2907
1656
1976
2674
2357
2834
1735
3419
2711
1833
1688
2354
1990
3817
2043
2005
1307
1820
2444
1575
719
2287
2756
2281
541
3013
3917
935
1706
2457
3702
3367
1602
2896
2302
1577
2110
1876
1020
2106
1980
2759
3504
1073
3288
1511
2151
2046
2157
1783
1870
1798
2414
2982
2158
1133
1592
2036
2377
2081
1371
3157
3421
1287
2693
2467
2705
3146
2252
2467
2116
3648
2101
3765
2009
2091
1971
2442
2053
1399
2477
3032
2355
1
2512
1972
1682
1699
4013
1912
1940
2031
2931
2902
1
3326
2465
2074
3478
2199
2188
3682
1821
2362
2836
2447
2582
1441
1624
2484
2316
3369
2741
1755
1748
2040
2476
1601
2196
2752
2917
2237
2406
1244
1978
3873
1510
2482
2769
2311
1566
1219
2442
2336
3087
3068
2400
2397
5410
2455
2203
1568
2251
1843
2721
2354
1318
1472
1958
2021
2650
1236
1194
2297
2859
1515
2083
1670
2392
1719
1
3018
3078
1769
3218
2865
1782
3377
1288
2063
1137
1688
1607
828
1905
1837
2870
2280
1729
986
2095
2973
1462
1335
1788
1615
3054
1408
2481
1932
1270
2182
2233
1847
2108
1677
1880
2668
1971
1346
1817
1891
1768
530
1859
2734
2812
1367
952
2475
2353
2142
895
2161
2593
1803
1308
888
3961
3016
2345
1344
2080
2096
2231
2495
1208
1931
2114
2377
1512
1862
2398
2611
1830
1026
2103
3092
2670
2779
2229
1643
1214
2520
2647
1346
1352
1977
3092
1893
903
2237
2748
2880
3295
2920
1650
2363
2023
1513
1966
1388
2466
4011
1870
3072
1502
1421
1385
1561
3071
1848
3529
4335
1
3260
3215
1390
1946
3085
2834
3085
595
2194
1991
2183
3505
2177
3364
3187
1314
1695
1891
2272
2007
2519
1456
1847
2043
3356
2331
2178
1844
2318
3703
3117
2989
1759
2046
2273
1685
1861
1875
3005
1502
1483
2337
1867
2520
1140
1
2030
3857
1978
3710
1177
2978
3390
929
3546
2333
2517
1353
1662
1920
2477
1391
2077
1766
2034
1899
2166
1126
2612
2320
1807
1813
3568
2484
1987
2291
1627
1960
2036
1749
2398
1682
1966
2741
3158
2015
1698
2224
1927
1
2112
3500
2253
1994
2182
1832
1857
2078
1682
1936
2169
1851
2005
1920
2089
3719
1484
2662
1864
2080
1648
2273
2805
1331
3729
3991
2646
1228
1881
1907
1482
2595
2708
1624
2139
1394
3020
2310
2535
2645
2555
1506
1159
1653
1561
2248
2403
3615
2009
2241
2701
2864
2300
3741
2107
2017
2183
1714
2019
1949
1657
3045
1420
1743
1573
4055
2237
2144
1946
3775
2506
1369
2455
1535
1646
1320
2183
2716
1709
2085
2695
1376
3551
2825
1489
1554
2165
1460
2686
1322
1340
2713
2490
1393
3335
2063
1074
2933
2888
2044
2849
1967
1505
1544
2396
4012
1457
3405
2875
1585
1409
3937
2519
2633
1774
1596
1862
2382
3501
1979
3
4921
2944
1548
2679
2237
1401
3417
2391
2057
3555
4307
3
2005
1519
2188
2153
2286
2652
1145
1782
1787
3292
1504
1282
2793
3193
1879
3118
1738
1996
1013
3820
2527
1518
1975
2188
3702
2689
1984
1676
1516
3778
4087
2406
1928
1884
1647
2366
2393
791
2315
3064
1570
1569
1662
3810
2452
1603
2052
1839
2651
1323
2179
1812
1879
1995
2992
3328
1545
1554
2158
1877
2276
3113
1822
2082
848
2206
2822
1472
1365
3582
1195
3088
2359
1877
1320
2309
2866
2415
2584
2375
2607
1756
1127
1589
2633
1905
1737
1
1172
2822
2959
912
2621
2708
1494
1042
2525
2012
1413
1915
2505
2001
1288
1593
478
3455
1631
2779
3101
2573
2191
1887
2571
1709
1698
1252
2065
2753
1793
2
1908
2593
1608
1756
1887
2696
3282
3465
1544
2856
1286
3289
1366
1924
3616
2625
1624
1936
2437
2160
1332
1795
2754
3316
2576
2263
1958
1068
1876
2364
1960
1665
3620
2867
1378
2272
3567
2026
2047
3772
2046
2194
2734
1447
1490
1770
2584
1936
1575
2006
3634
1206
1019
3816
2590
1459
1439
2212
1832
2382
3404
2486
1975
2655
3286
1924
1374
2785
1882
1824
2046
1846
3973
2357
2153
1599
1756
2250
1923
1818
1874
2508
1861
2462
1034
1812
1815
1811
2427
2235
2235
2409
986
3861
2249
1755
1660
1810
2605
1790
2607
3657
1601
2349
1957
2331
1228
2781
3362
1722
3425
1983
2457
3835
4030
2891
2007
2967
1659
2124
1815
1678
589
3183
3814
863
5
4274
3591
2626
1100
2275
1864
2174
1659
2101
1931
2395
3464
2006
1697
2640
2217
1311
3152
2594
2119
1479
1848
1889
2649
2109
3534
2222
2552
1559
1854
1900
1804
2809
3252
2711
1531
1716
1907
1989
1890
3986
3888
3078
899
1515
3690
2659
1
1752
2908
2311
894
830
2211
2305
2519
2623
2424
2818
2701
3358
1806
2273
1836
1525
2231
2599
3341
1925
3957
2164
1744
3999
2162
1704
2292
2353
1698
1522
4318
3547
1640
2097
2206
1922
2598
1500
2673
1094
2489
3893
1483
1198
2966
2461
1240
3648
2068
2149
3068
2918
1879
1169
3253
3443
1951
2783
1766
1365
1844
2631
2293
1097
3603
2556
1706
3588
1689
2588
1914
2468
1228
2255
2126
2964
1574
1201
1512
2506
2368
1479
2142
2819
1663
1241
3955
1670
2240
2642
1796
2007
1420
3311
2620
1934
2258
2257
1574
1776
1615
2616
2084
1550
2488
3786
1591
2702
1709
1842
1612
2127
2257
3481
3087
2128
2650
2247
1520
1564
2534
2579
1998
1889
1399
2486
2066
1707
1606
1599
2397
1666
2203
2378
2077
3410
1647
3376
2842
2511
2617
1106
1631
2330
1394
1512
2629
2222
1612
2461
1570
1665
1755
2097
2348
3446
2483
1936
2765
2524
2576
1840
2114
2541
1370
2334
2357
1879
1295
1638
2226
1376
2625
4177
3688
3339
4526
2124
1036
1668
1884
1153
2275
3102
1200
1288
3866
1705
2294
4381
2061
1423
2789
2946
2130
2076
1510
2271
2008
2993
2848
2024
2297
3416
2152
3179
1984
2702
1512
2084
2387
1882
2585
1730
3550
2460
2476
1185
1744
2000
1800
2179
1886
3311
2752
1802
1227
2878
3760
2275
3587
2003
3675
2201
1989
3875
2516
1473
1
3216
2173
2476
2759
3482
1624
1907
1598
2654
1706
2738
1571
2272
1284
2019
1984
2607
1255
2969
1685
3211
3702
2064
2099
2186
2597
2686
396
2952
2705
2208
3235
1750
2880
1730
2999
3136
3460
2558
1847
3424
2653
1788
2032
1769
2820
1244
1782
2049
2234
1800
3541
2256
2068
3127
3451
1287
3133
3392
1340
3714
2452
1699
3706
2857
1302
2945
3736
1184
2161
1172
2447
2085
2687
2348
1071
1759
3084
2362
2419
2350
3631
1884
1991
2532
2067
1275
1689
2115
2001
2059
1
1408
1787
2207
1861
602
3276
2950
1639
2232
2133
1795
1705
1761
2345
2328
1431
3129
2651
2085
3993
2500
1372
1957
2586
2870
451
1
3376
2945
1544
2856
3063
1946
3715
2482
1668
3190
1464
3211
2900
2605
2360
2723
1663
2359
1120
2339
1815
1771
1940
4477
3388
1895
3977
1993
5635
2230
2376
2304
1724
1461
3606
3447
812
1434
2627
2056
1748
2082
2074
1412
2296
1
1913
2788
1206
1958
2076
3720
2069
4742
3123
2695
3143
2027
2537
2385
1428
1515
2142
1267
979
1952
1525
4202
3663
2679
2631
2555
3135
1532
3198
2012
1554
3102
1197
2371
1939
2016
1539
3598
1897
2370
2275
3546
2044
3825
2513
1527
3165
3035
1410
255
2390
2222
3253
2313
1578
2191
1782
1
2431
1864
2054
1516
2410
2180
1990
1285
3922
1901
2042
2589
1724
2452
1100
3555
2603
1707
1925
2465
1693
1782
3662
2648
1555
2753
3451
1661
1495
2710
3660
1182
2770
1563
2350
2266
2572
3027
2396
2167
2341
961
3546
2289
2030
3560
2557
1748
2913
1602
3350
2520
2293
3052
2727
1311
1722
2104
1
2469
2892
2504
2392
1743
2155
1575
3539
1691
2635
2126
1794
3945
2545
1782
1968
1570
2793
3519
1553
2475
1361
1716
764
1549
2148
3147
1602
968
2228
2195
2290
1152
3023
1750
1206
1885
1
3220
1035
1462
2148
2199
1327
2385
1954
4046
3819
2099
2301
1422
2043
2562
2969
2334
2830
2315
1679
1041
2816
2170
1906
973
2006
2489
1805
1565
1525
3777
2563
1977
2302
1777
1809
2573
449
2610
2233
2166
2045
1679
1975
2588
1759
1729
1789
2572
1736
1567
1990
1722
2275
2262
1606
2524
3243
2098
1849
2081
1492
2443
1506
4023
2336
3775
2079
2011
1906
1299
2287
2373
2520
1715
1837
1793
2671
1645
3549
1465
1810
2466
2124
3788
2523
1554
1782
1723
2785
1575
3029
1878
2958
1204
2192
2353
2116
2440
1255
2403
1767
1360
3647
2858
2624
1347
1536
2358
1764
3599
2502
2757
2099
3009
2459
2504
2901
1
2051
1955
2072
811
607
369
1946
1917
1712
2290
1831
2675
2085
1274
1688
2254
3923
1714
1654
2245
2252
2107
2919
1653
1186
2047
2573
1478
1767
3438
3312
1115
4039
1873
1953
2945
2706
2214
2006
2013
2231
1613
2
2491
1879
1966
1529
2130
3955
687
1093
840
1654
3145
2226
1170
2780
2763
1152
3270
3214
1381
1655
2451
2012
1747
3138
3142
1585
2274
2449
1548
1594
3036
1530
3299
2724
1878
1232
2031
3169
2232
2464
1977
2608
2727
553
2553
2441
2214
654
3
2017
2456
1832
1560
2284
1750
1856
1975
2742
2213
1574
1336
2405
4141
1319
2145
1830
2027
1863
3962
3903
4216
1769
1880
2707
2424
2734
2598
2452
2815
4344
3521
1754
2035
2723
1353
2275
2005
1419
2166
1605
2321
1611
2328
2841
2822
1126
1076
2759
3445
1661
3755
2399
1711
2893
1479
1868
1625
2804
2535
2526
2419
2654
1489
1303
1604
3865
2396
2789
1984
1287
1805
2843
2431
1197
1394
1850
2486
3529
1635
1451
2120
2659
2098
2349
2106
1310
2
3055
2177
2632
1
2559
2989
2317
2656
2250
1453
1506
2722
2740
2403
4137
1289
2439
1815
2958
2044
1048
1340
1845
2441
2239
3256
1267
3342
1536
2694
1537
2098
3669
1638
2558
2811
1331
2440
1283
2210
2127
1516
2012
2110
3666
2089
2774
2348
1004
1739
2580
1773
1468
2044
1888
2455
1478
2044
1865
2702
1906
1392
2145
3472
2248
3585
1677
2603
2536
2364
1847
1118
3409
1444
3012
1958
1618
2188
2101
2570
1766
1447
2082
2139
2347
2183
1196
2513
2031
1654
1667
2424
2971
2470
1567
2041
2836
1421
1990
2035
2190
1650
3788
1177
2900
2639
2150
2038
1038
1356
3347
1141
2021
2531
2353
1717
1264
1066
1732
2721
2346
1479
1430
2274
2682
2154
1777
1262
1197
1475
1626
2650
3589
2152
2923
2790
2761
2006
3098
2783
3450
1632
1137
2345
2060
2323
2700
840
1762
2563
3182
3151
1532
2958
3474
1433
2423
2731
1917
794
3799
2420
1646
3957
3908
2681
2088
1698
1398
1803
2536
1987
1539
1876
1863
2330
1796
3353
1720
1170
1622
1834
3327
2704
3320
3066
1479
1726
2126
1865
2148
3774
2234
1857
2130
1417
2121
2197
2580
2333
1957
995
2204
2969
2692
1717
2113
2572
1463
1940
1760
1416
2749
2618
2199
1622
1426
4027
2159
1679
2576
2222
1300
1767
1584
2298
1707
1501
775
2044
1655
1784
994
1388
1628
3908
2329
1460
2758
1706
1941
1405
1999
1962
2499
1610
2196
4059
3983
2285
1597
2657
2053
2244
910
1
2672
1682
3119
392
3768
2474
1623
2010
2426
1378
2050
1
3197
1269
3399
2002
2301
3562
1921
1678
2358
1908
2408
1898
1853
1706
2770
2188
2907
3230
2264
2371
3452
1996
2417
2402
4009
1454
1987
1806
2115
1957
2148
1395
2894
1427
1
1326
3746
2793
1389
2033
2840
1603
2089
1945
2157
1674
3758
2815
1292
2089
1846
1734
2196
5065
2800
1956
2621
3288
1274
1960
2117
2514
3749
2230
1886
1731
3748
2386
2140
2478
1880
1367
3219
1989
1276
1381
1815
2267
1759
2024
1931
2514
1993
1427
3203
2664
1237
761
3599
2696
1570
2184
2031
3650
1727
2492
2149
1497
3450
1385
3030
3493
2978
1394
2528
2401
2936
3226
2376
2263
1834
2035
1841
2155
2369
1915
2117
1464
1817
1616
1942
618
1871
1
4354
3511
1014
1764
2515
2572
2226
2297
3342
2328
2342
3195
2959
1978
2928
3787
2299
1779
1901
1579
1283
2150
952
2000
3084
2781
2635
1282
1745
2202
1
1904
2225
1312
2424
3201
3104
1560
1869
3061
2935
2986
3013
1866
3003
2880
1982
2454
729
2693
1988
1
2218
2475
2073
1099
1426
2897
1829
1713
2494
1968
1619
1784
2253
2518
1899
1195
3708
1942
2215
2149
1505
2044
2167
1908
1754
1943
1670
590
3905
3960
2151
3005
2709
3041
2961
1863
1502
1766
2286
2311
3562
1534
2769
2173
2644
1523
1525
3548
2868
1449
1239
3008
1797
1821
1971
2674
1289
1931
1807
2055
2222
1781
3402
2565
1898
1865
2435
1410
2155
1369
1634
2818
2044
2376
1375
1206
1316
1592
3676
2126
2063
1776
2216
1391
2482
2517
2909
2439
2044
2388
1730
1703
2286
2235
1495
1849
1122
2760
3379
604
2254
1273
1920
2418
1900
2062
1564
2339
3702
2364
1799
2230
2004
2384
1247
2016
2577
2004
1268
3429
2047
2388
1
4436
3429
2890
1612
2791
572
1326
3482
3057
3906
3959
1940
2251
2204
1470
1485
2218
2243
1919
2031
2965
2869
3305
2888
1672
2312
1420
2095
2038
2023
3799
2043
3259
2097
2509
1827
2022
1924
2092
3365
4500
1767
3643
2455
3368
1657
1405
1435
2459
1558
1681
2167
3578
2090
2197
4274
3591
2444
2461
2960
2978
1179
1574
2134
5082
2783
2453
2099
1207
2106
2307
1652
2091
1815
2596
1795
2762
712
3070
3009
1785
1
2578
2626
1266
1394
1
2912
1826
2008
1119
1714
2205
2586
1360
1972
2711
1975
1207
2903
1468
1672
1822
3419
2569
1876
1
5265
2600
4017
3848
2986
1653
1968
1258
1354
1836
3032
1643
2272
1614
1371
2608
2212
2039
1211
2403
1719
1807
2286
2052
1
2195
2430
2116
1124
3666
4199
1759
3038
1581
1487
4005
1418
2442
3865
1981
2019
2417
2470
1893
1084
1
3280
1952
2633
3108
3268
1489
2722
2775
2368
1372
2070
1397
3026
1482
2028
1547
2807
1
1840
2573
3452
3809
2273
1783
2769
2627
1553
916
3629
1339
2897
3700
2471
1694
2743
1677
2091
1354
2580
1707
1297
2281
964
1968
2343
2590
3157
2114
2594
1450
1297
2728
2389
1
2555
1898
1899
1513
2253
1538
1785
2289
2166
2253
1618
1828
964
2570
1836
2495
1603
2677
3584
1
3181
3028
1066
590
2615
2417
1570
1263
1874
1717
2105
2169
2687
2148
1107
1923
4660
3205
3891
2222
1752
1043
2085
2285
2452
3019
2448
2398
1766
1996
2106
1996
1
3056
1939
2869
1
2308
2482
1659
1416
3043
1925
1298
1599
1413
1987
2488
1977
1824
2823
1587
1631
1994
2431
1241
2198
1
1735
1955
2078
2097
2046
3922
1897
1785
1803
2266
2011
1309
1602
3015
1939
1817
2322
2459
1267
2521
2402
1002
1940
3168
3415
1282
2435
3030
2400
2435
1911
1581
1938
2575
2680
2610
2920
2342
2603
2212
2810
2843
2099
2300
2006
1460
2319
1885
1362
2299
2357
1838
1558
2112
2168
2251
1563
1883
2302
2541
3022
2990
958
2033
1884
1250
1722
2414
2479
2164
1724
2177
1800
3066
1043
3016
740
1401
3975
2489
1462
2586
2155
1662
2395
1516
2494
1460
2955
2482
2428
1467
2758
1763
1877
2302
1760
3803
1459
2714
2337
1355
1537
1897
2700
1731
2127
2144
1394
2200
1334
1973
2325
2233
3177
2324
851
1513
3015
2178
2672
2724
1925
1177
2038
1
2568
5297
4942
2923
2090
3117
2658
3029
2795
2041
2817
1593
1676
1119
659
1
1407
2512
1515
2431
2287
1609
3969
2538
3344
1983
2084
3489
2292
2709
2123
3033
2041
2158
2639
1027
2975
2558
2332
3328
2808
1729
2140
1674
2156
1895
2720
3717
1428
1951
3660
2254
736
1911
2721
2497
3640
1817
2408
1353
2924
3588
1967
1894
1789
2215
2838
1525
2067
1435
2723
3549
1593
927
2867
2916
1155
2385
2644
2531
303
2
2014
2728
1688
1435
3947
1784
2133
1
3086
3207
1572
2257
1594
2253
1761
2531
2047
1140
2147
3833
2063
1969
1784
3124
1468
1489
4305
3560
2038
1804
2379
1644
3209
1655
1798
1203
2426
3872
1567
2326
3953
1586
2458
1849
2741
817
5610
2255
1227
3546
3092
1783
2498
2282
1302
2820
2977
2068
2371
3340
2154
2292
2131
1243
2199
1623
2512
1702
2028
1985
3341
2537
2
1994
2789
3082
3768
2453
1644
1904
1324
3012
1625
1799
1757
2565
1744
3545
1891
2429
2090
1736
2441
1598
3023
1047
2663
1132
2781
2095
1203
1786
2113
2833
2919
3919
2568
1378
2557
2652
2656
2306
1849
1847
1862
1
2047
1774
1515
2529
1203
3800
2862
2958
3297
1610
1862
2003
1878
2122
3853
2489
1523
1494
1231
1406
1681
2053
2248
3624
1993
2050
1451
2323
2041
2795
3305
1765
1288
2707
3870
1488
1888
2212
2277
1930
2828
1560
1547
2929
3874
1062
2822
2073
2970
2006
3571
2288
4155
2339
1371
1678
1312
2680
2195
1048
2906
1375
2536
2579
1930
1663
1693
1923
1441
1913
2588
3567
1780
2517
1
2149
1468
2179
2069
3755
1218
2892
2164
1584
2244
1873
1870
1749
1379
2867
1854
1843
2395
1773
4182
1234
2449
1812
2275
2031
1746
1
2435
2749
1275
1406
3942
2811
1112
850
2451
2244
2320
2784
5081
2537
2758
1209
1361
2389
1811
2056
1609
1387
2588
3890
2447
1883
3535
3883
1388
2594
3722
1647
2496
2368
991
2651
1855
1803
2193
2665
1204
2179
1742
1691
2253
2183
1771
3220
691
2787
2321
1363
1394
2669
3333
1863
2362
2944
2559
1762
1727
2263
2113
2169
1602
1946
2148
1947
2162
3756
4424
3441
2462
2282
3121
2923
2413
1126
1403
2410
2915
2540
2279
2859
847
1880
3220
1784
2861
1185
3086
3594
3565
2216
2084
2424
2337
3104
2909
1701
3255
2744
3617
1504
2554
3041
2270
5240
2625
2248
1805
2295
1517
1612
3310
2943
1503
3799
2563
2516
2246
3103
3972
1458
2435
1493
3856
2516
3584
2137
2144
3431
3146
1288
3993
3872
3602
1516
2747
1573
3649
2643
1926
2788
1135
2016
1765
2660
2117
1323
2132
1921
3812
3848
1832
2185
2039
1506
2396
1924
2985
3209
1670
1
3737
1823
2305
3011
1980
724
2150
2765
5100
4025
1495
2345
2365
3404
2096
1895
1740
2964
1266
2876
3697
1292
3483
2035
2347
2557
2176
3132
4031
2097
1737
2530
1532
1698
2105
2168
2629
1286
1782
1993
1424
2817
1631
1810
2345
1354
2356
3200
1490
3175
2711
1934
1503
1717
4112
2327
1425
1
2252
2231
985
2397
1416
2187
1662
2600
2247
2039
1994
1585
1898
1910
1250
2807
2794
2538
1328
1205
3312
2528
2025
2327
3512
2026
3027
2758
2080
2224
2038
1565
2038
2070
2758
1294
1743
1830
4059
1976
2756
1924
3185
3595
1913
2357
1214
2544
2539
1568
3288
2664
1913
1866
2860
2066
1073
3481
2283
2101
2093
3333
2439
2739
3275
1851
4146
1497
2222
2374
3687
1804
2338
1931
3596
2225
1176
2235
2229
1145
2036
1602
2357
725
2522
2103
1545
1695
2179
1552
2647
1487
2455
3036
1520
854
1543
2315
1797
2210
3575
1942
2348
2312
3529
2024
2663
3542
1660
2537
577
2229
2522
1203
2754
2005
1903
1094
2311
2264
2196
2690
1945
3230
1319
3329
3216
1
4933
2932
2402
2145
1869
1449
2713
1371
2768
1013
2764
2431
1078
1592
3164
2646
2055
1946
1842
2283
1794
3064
3629
1172
2048
2234
1415
2168
3968
1512
2385
3114
3314
1437
2349
3466
1457
593
3593
3163
1109
1862
2362
1422
2219
3436
1473
2290
666
3124
2743
1997
1
2313
2320
1468
1764
2896
2814
2155
1526
1669
3001
1669
1911
1475
1761
1474
1244
3081
3036
1748
1888
2840
1640
1497
1228
2752
2301
1584
988
3848
3029
3077
1189
2458
1141
2454
3206
742
1463
3330
3233
1302
2791
3394
1680
1519
3410
2936
2747
1726
804
2588
2185
2767
2913
4043
3822
2264
3464
2137
2925
2950
1990
1708
2788
3369
1954
2186
2394
1331
2471
2418
1315
1661
2185
2893
1697
1090
5022
2841
2
3732
2391
1742
2060
2364
1617
1824
4356
3509
2113
3051
2701
3407
2715
1743
2530
2812
2050
473
2396
1605
2230
1634
1531
3277
3057
2147
3926
1792
2960
2846
2059
2440
1556
2271
1598
1486
2419
2398
1562
2002
3204
2659
3027
2421
2415
2
3891
1955
2019
2038
1477
2676
1674
1655
2324
2033
1853
2133
1563
1805
2364
3811
1814
2240
3144
4721
2042
3565
2256
2
2673
2949
2243
2641
2547
1510
1167
2449
3838
1578
2074
2094
1781
1916
3833
2670
1362
1721
2316
1413
2415
3452
2439
1974
1847
3400
2618
2381
3416
2068
4113
2466
1286
1715
1917
2140
2093
3436
1767
2662
2030
2778
3057
3172
2150
2543
3058
3302
1505
3290
2397
2177
1
3492
2134
2239
2234
3478
2153
2102
1707
2426
1630
2907
3169
1789
3212
2924
1729
2491
2421
2005
948
1759
3833
2273
2501
3399
1965
2569
2132
1923
1240
1
2150
2739
2976
2053
3459
2353
1156
2455
2344
1910
1616
3279
2970
3322
3128
1415
2928
3560
1377
3291
1965
2609
1919
2808
3138
2944
2100
1251
1570
2084
3523
2258
2698
3153
2014
2199
1437
1914
2315
2146
2455
3264
2343
3645
1877
2146
1725
2384
1610
2193
1904
2229
1539
1941
1657
2394
1873
2637
1396
2132
1700
3528
1760
2577
3672
2065
2128
2093
2212
2036
1524
2502
2069
3293
1
2779
2983
1211
892
758
3630
3477
1829
2631
2205
1200
3632
2032
2201
2089
2301
1604
1871
2935
2079
2851
2389
3810
1666
1616
2690
2352
1207
2799
1402
3664
2526
3956
1383
2299
2034
1970
1562
1707
2373
1155
2630
3400
1734
2731
2220
2532
3113
2546
2047
1385
1887
4079
2219
1567
1490
2196
1295
2884
2531
1893
3441
1622
2461
1519
2263
3025
1803
1358
1679
2129
3280
2456
3988
1624
2253
1497
2711
3657
2710
1217
2558
1380
2287
1450
879
3249
2433
2497
1670
1265
2407
2978
2480
3130
1385
2301
1049
988
3201
3676
1744
2518
3603
2019
2028
1778
2039
1
2788
2048
1988
1041
1769
3569
2527
3708
2092
2065
2649
1652
2030
1534
2361
2230
3274
2816
2881
2168
3487
2633
1744
1
5019
1684
1162
2166
1774
3925
2949
3007
1909
2272
1871
2053
1669
3994
1244
2627
1990
1551
2862
1462
1981
1713
2099
2072
1871
2096
1829
2069
1886
2464
3515
2455
3180
2230
2431
1543
2561
1330
2748
1784
1716
1617
3726
4139
1981
1633
2405
1846
2421
1302
2551
1591
2339
3766
1760
2475
1405
1837
2148
2449
2741
2675
2016
3258
2591
2835
1583
1669
1778
1531
2913
2212
1209
3273
2672
1920
3613
2412
1838
2
5188
2677
2996
2215
2654
1549
1994
1498
2823
1
3130
1549
2091
1095
2526
2774
1647
918
3746
4119
2436
2961
2468
2485
2223
3157
2109
1057
1932
2767
2207
2077
1797
1784
3501
1595
2769
3895
2684
1286
2046
3487
2332
3893
1929
2043
2796
2949
2120
2901
3098
1866
3634
3221
1010
2109
1189
2705
1862
3988
2590
1287
2375
1469
1680
2341
1573
3080
3212
3744
2637
1484
2637
1681
1970
1577
2569
3611
1685
2651
2957
2257
1984
2481
909
2491
1775
1448
3395
1247
1437
2503
1149
2776
2739
2060
1259
1807
2386
2387
3092
2536
3692
1637
2483
2976
1187
1219
3747
4118
2309
3432
2124
1998
1900
3967
1937
2119
2524
1285
3495
3165
1205
1738
2261
2022
1844
2505
2810
2550
3451
3050
1364
2162
1505
1924
2274
3726
2451
1688
1870
2267
1911
1817
1597
2539
2298
1431
1901
2114
2799
1051
2432
1654
1268
2511
5134
2731
1943
2370
3108
441
3
2346
1850
1587
2082
2529
2712
2624
3634
1479
2752
1128
2782
2471
1484
2972
1502
3391
2322
1840
1606
2097
1867
2780
2012
1206
3364
2223
2278
2451
2744
2670
813
1742
2926
2384
2179
2439
3247
1276
2518
1842
2229
1901
2419
1652
1893
1590
2081
1601
2593
1314
1819
2209
2523
2064
3959
1842
1302
3214
3349
3559
1987
2319
2891
3082
1892
1696
1536
2454
2179
3279
2538
2048
2637
768
3227
1233
2596
3400
1869
2132
3596
2137
2450
1114
2431
1870
1802
3303
2760
2590
891
2085
2299
3839
2157
1869
2711
2096
959
2099
2120
1709
1577
2459
2963
1853
1924
1125
1534
2021
2276
2034
2059
3049
2757
2642
2579
2644
1236
2860
1798
1971
1781
1423
1671
947
2043
2989
3358
1518
3635
2646
1584
3942
3923
2676
3457
1732
3041
2974
1850
2437
1551
1549
2327
1
1622
2854
1778
1611
2445
2969
2451
2259
2270
1496
1840
2751
3512
1602
3618
1808
2439
2578
1401
2332
1554
2232
2592
1214
1827
2004
2022
2095
1744
3262
4603
2207
2960
2698
3024
2000
2841
1524
1836
1374
3131
1823
1860
1140
2042
1000
1807
1717
1927
718
1696
2381
3435
2049
1747
1584
534
1776
2224
2717
1463
1568
2117
4501
1348
2016
4582
3283
2409
1235
1768
2453
2618
2035
2315
897
1552
2761
2096
1456
1728
4083
2054
3503
1973
2389
1931
1974
1783
2177
1922
3638
2305
2284
1783
1365
2433
1702
724
1918
1446
2075
4824
3041
1984
2165
1833
1883
2154
2544
1815
1352
2686
2598
2581
2142
2734
2989
2112
1920
1897
1936
1860
2375
2127
1503
3022
2940
1903
3231
2363
2271
2173
2747
2132
813
3027
3659
1179
2337
1197
2397
1934
4032
1852
1981
2663
2093
2060
1049
3182
2230
2453
1798
1999
1670
2398
2075
1901
2028
1861
1268
2503
2683
1411
2377
1832
1560
2096
2575
1874
3416
3033
3632
1200
2945
1990
846
2084
2763
2059
1255
1788
1872
2278
2310
1079
326
2681
3229
1955
2123
4130
1612
1293
2711
3861
2329
2138
1769
1629
4057
2058
1750
1626
2472
1697
2070
1767
1833
2277
1988
3493
1981
2391
2405
1773
2626
1061
3835
1628
2402
3270
1555
3040
1709
2436
1936
1784
2326
1717
1740
2082
1743
2957
1189
1976
3750
4115
2758
3576
1531
3475
2180
2209
1
2568
1389
2094
1814
1386
2509
1997
1973
2190
3544
2131
1845
2285
1856
1879
1635
2602
2321
1307
1955
2851
1346
1713
2477
1814
2410
1164
1807
2658
1443
1957
2307
1817
2042
1699
3320
3853
692
1569
2489
1815
1992
1715
3229
2921
1619
2604
2680
962
2126
2574
1943
1222
2587
3245
2032
1
3023
2410
2432
3573
1710
2582
2149
2612
1549
1554
1
1234
2147
2220
2264
1955
1927
2407
1576
3572
1242
1606
1444
1
5289
2576
1836
2231
2060
1738
2770
1826
3269
1825
2339
1449
2251
1
2940
2776
2149
2164
2339
3360
2
3006
2300
2559
1961
1525
2146
2233
1817
2511
1516
2021
1474
2230
1521
2640
1382
2339
2487
1657
3765
1545
2555
2379
1348
3169
969
2929
1145
1610
2181
2861
1312
3692
1842
2318
1971
1734
2875
1255
1197
2538
1875
2441
1867
1682
3889
2004
1972
2144
1590
2528
1603
3912
3953
1508
2429
3927
1
2422
1690
1933
1820
3869
1649
2347
2489
1682
1745
1949
3084
2908
1873
2930
3051
1884
2814
3148
1903
2130
1727
1668
1877
463
2376
1394
2077
2017
1
2533
2047
3285
4149
2397
1319
3777
1580
2508
2167
1484
2779
1435
2241
3668
1956
1930
2463
2040
1432
1589
2739
1528
2009
2982
1659
3224
3228
2350
2287
1995
2517
1160
2193
1960
2892
1485
1527
1
1756
1738
2427
1943
1
3245
3477
1143
2024
2080
1899
1862
3444
1976
2445
3468
1156
3241
1618
2184
2196
1867
2441
1272
2231
1921
2870
2708
2287
391
1428
1943
2188
1915
3928
1786
2151
3010
3098
1757
4020
2638
1205
2
3567
2907
1391
3076
2466
2323
1743
2296
1980
1846
3728
2842
1295
3318
2551
1996
2473
2879
2513
2358
2270
3237
3630
4235
3661
2158
2046
2499
3281
2085
1860
1717
2319
1969
1557
1120
2229
2959
3293
1287
1323
1962
3684
2027
2154
2267
2012
2040
1546
2214
2784
2867
2748
2163
1319
1635
2922
2728
2215
2251
1672
1950
1992
2097
2540
1283
1945
2111
1586
2070
2098
1533
2581
1433
2318
3442
1922
2501
1804
3520
2541
2299
2304
1309
1953
3267
2687
1911
2223
1590
1895
2157
1936
3953
1976
2797
2310
2758
2517
2293
1147
1908
5111
2754
2932
2319
1956
658
3006
2114
2745
3540
2668
1657
1378
2588
1662
2237
2090
3787
1988
3083
2887
1895
3298
2943
1624
3099
2564
2202
3323
2131
2411
2148
1987
1162
2568
2611
1580
2313
1361
2347
1818
1272
2428
2289
1484
2288
1804
3184
2244
2437
2562
2331
2972
4579
3286
1950
1819
2227
1869
3276
3486
1103
2102
1689
2196
1878
2402
2330
1477
1656
2637
920
3123
1185
4683
3182
2739
1897
1850
1379
1885
2178
1707
2095
2169
3965
1731
2525
1990
1225
2125
1874
1867
2131
1637
356
1694
1643
2398
2130
3541
2723
1601
2111
2011
1922
1821
2631
2463
1165
1606
2316
2186
1889
1474
2064
1916
1562
2323
3429
4436
2510
2139
3216
2889
1378
3598
3026
1267
1430
2142
2444
1825
3596
2455
3836
1574
2138
3792
1935
1976
2135
2416
1338
1840
2041
1821
2162
1
2170
2053
1669
1973
1676
1960
2708
1521
1516
1748
2440
2161
2583
2754
2528
1091
2792
1536
2446
2628
1923
1090
2224
2805
1629
2437
994
1920
2155
1558
585
1647
1738
2740
2231
1156
2805
1652
3408
1997
2237
1627
2004
1628
2284
2326
1627
1859
3546
2460
2043
3077
2745
2630
2193
1632
1410
2274
1488
1368
2735
1715
3643
2507
2073
2304
2015
1473
1529
2596
1854
1886
2203
1325
1953
2384
1953
3065
2847
1614
3272
2979
3770
1877
2218
2983
1459
3423
3040
2974
1851
1936
1237
1176
1540
1976
1890
2983
1767
1225
3616
2372
1877
2562
1818
3485
3594
1828
2443
2745
1796
953
2370
1
2139
1566
2618
1542
2696
1269
1463
2437
1980
2537
908
2440
3141
1682
1396
1646
2464
3276
2125
1998
2621
3246
3374
4491
2151
2117
1365
2232
1963
2359
1820
1723
2637
3142
2086
1640
908
2764
2553
2041
2184
1773
1867
1902
2009
3319
635
2214
2705
2946
2617
3476
1772
3428
3208
1229
2827
2538
2500
1052
1471
1679
1608
2055
1899
2594
1383
1989
2871
2705
1918
368
2
1
2701
3136
2028
2515
1870
1679
1801
2477
1336
1915
2137
1945
2455
1180
2285
2205
4244
1416
2060
3625
2179
1
1496
2297
1712
2360
2690
1518
3657
2188
3103
2574
2244
2696
1743
1182
1208
2522
1593
2542
2897
2537
2431
2361
891
2908
1705
3548
2566
1751
1791
1956
2303
1815
2616
1517
1978
1754
2402
2040
1946
1477
2302
3884
1679
1527
2171
4167
1273
2656
1958
1978
1435
4230
2200
3377
3417
1071
3810
1751
2304
2278
2995
2592
1773
1811
1925
2356
2522
3328
2015
2338
3554
1973
4408
3457
2794
1997
2231
843
1847
2469
1436
2112
1
3261
2748
1856
964
2698
3025
1178
2270
1955
1699
1941
3988
2499
1378
1483
2715
2283
1384
3357
2208
2300
2723
3227
1915
3187
1085
3593
4459
3406
3879
3986
2057
2013
1346
2449
1750
2009
1823
1754
529
2333
1954
2610
968
2922
1836
3107
2302
2526
3037
2223
3056
1170
1416
3114
2805
1946
1898
2526
1560
1881
2212
1793
1650
2210
2160
2318
1247
2139
1
2511
1684
3670
4527
3338
1869
2513
1316
2167
1927
1830
2063
2045
3074
1766
3025
1489
3044
3332
3306
2965
1594
1276
3248
3341
1273
2752
2268
1572
2247
2947
2671
2692
1482
3691
1711
2128
1421
2605
1861
2162
1477
2365
2328
3646
1891
2887
1494
1315
2169
1843
2371
2353
1298
1980
1973
1773
2139
3546
2108
2211
1859
2236
1601
2169
2557
2355
1834
1119
1503
2807
1593
1962
1481
2053
2149
2182
1751
2754
1643
1717
1658
553
3430
2224
2277
2139
3449
1587
3635
2643
1592
2321
2304
1648
2832
2113
1810
1110
2837
2992
2036
1603
2455
2327
1480
3506
1622
2737
2558
3623
1684
2095
1806
3031
933
2284
2051
2142
1388
2142
1592
2028
2103
2946
2490
1537
892
2422
3399
2044
3227
1674
2964
1762
2497
1785
1821
2407
1564
3892
2
811
2374
1376
1398
1906
2006
2208
3650
1
1708
1982
2394
1781
2113
884
3223
1645
1953
1726
1878
2308
3003
1612
762
2488
3566
2276
2022
1
3658
4207
3547
924
3394
2186
1921
2094
1664
3671
2215
1979
3355
1863
1268
1379
2104
2532
2541
688
3180
2140
2545
2545
1720
1996
1604
1767
2273
3825
2327
1757
2339
1442
4492
3373
2819
3507
1538
1
2418
1885
3562
2710
1313
3842
2413
3150
821
1480
1
2023
2227
2117
1497
1
2320
1781
2182
1581
1
1713
2314
1965
1873
2789
3533
1543
1675
2674
1515
2000
1
3812
2841
1212
2666
2142
1410
1647
1469
2411
512
1735
1738
1208
2024
2188
2445
2368
3239
2258
1485
847
2686
2847
3340
2121
2404
2502
2041
1938
1384
2206
2818
2223
618
1982
2525
3358
1976
2230
2012
1647
2280
3617
1968
3917
3948
1463
1617
2548
2237
1939
2460
2257
1209
1519
1768
2450
2128
2414
2346
789
2316
2223
1572
1281
2789
2490
1037
1627
2711
2597
2447
1221
1600
2914
2050
1827
1074
2270
2140
1506
1949
2625
2550
2690
2625
1718
1754
1768
1707
1802
2848
1508
2302
2132
2111
1320
1380
1811
2272
2402
2319
1771
1849
1926
2473
2471
1341
1580
3308
1647
2910
2753
2395
906
1811
2813
1898
1802
1352
2731
3763
1371
3944
2518
1403
1406
3456
3003
2800
1513
1987
1565
2181
3293
2391
2392
2466
1549
1458
2851
2591
2423
1620
852
2148
1805
1439
1
2397
2609
2859
2683
3061
2121
3675
4190
3429
2112
2324
2513
1772
3580
1749
2587
2376
1153
3062
1832
1901
1069
1
3298
2866
1700
1
2957
2705
953
1250
2299
1873
1968
1725
1777
3429
2659
3704
2082
2079
2832
2238
2795
3064
1893
2908
2303
2223
3339
2089
2789
2209
778
2180
2229
2280
1176
3675
2605
1585
2280
2125
3460
1819
1245
2737
2064
1457
2132
1665
2611
3056
2587
2222
1014
3753
3098
2159
2237
1621
1848
1509
2443
1787
2126
2889
2528
2448
1801
2167
2161
1735
1
1523
1995
2832
1515
1462
2170
2470
1763
1190
1024
3431
2220
2442
1387
2544
1492
2421
1786
1774
1884
2898
2638
2329
2249
2401
1545
1670
2809
3458
1598
3443
4422
2715
3860
1290
2474
2677
2714
2875
2379
2189
421
1
1657
2291
2334
1583
3230
2461
1127
1047
1980
2395
3490
2334
2422
3109
2922
3332
1611
2295
3281
2289
2707
3291
1867
3059
1449
2323
1034
1794
2102
1372
2596
1
2696
2113
2014
1042
1920
1549
2532
1864
2902
3563
1400
1691
3344
2830
2003
2011
2200
1651
2162
1333
2187
2183
2149
1971
1700
2045
1436
3119
1753
1557
1523
1337
2530
2475
2081
1695
2212
1877
2052
2043
1684
2086
1122
2021
1774
2948
2756
2564
1305
1240
1847
1824
2165
2029
1579
2762
1832
1692
1420
1930
3077
1438
2091
2189
1121
2464
1671
2011
2147
2036
2045
2123
1705
1992
2939
1396
3530
3699
1793
2373
2785
2344
2736
2280
2065
1844
1676
2102
2218
1826
1719
2667
2999
2199
3476
2421
1968
3154
1838
2873
1927
2057
1882
1999
1770
1554
2507
2034
1949
3654
2262
1717
2761
1690
1697
2966
1051
1575
2273
3112
2455
2297
1
2246
1310
1933
2376
1979
1336
2152
2398
1450
1559
2301
2555
2190
1830
2015
1830
3773
1649
2443
2164
3099
2602
1156
1734
2573
2402
3303
3401
1161
1468
2807
3173
417
2660
2089
2076
1040
3200
4665
2282
1797
1770
2013
3
3185
2178
2502
3664
1883
2318
1469
1397
2415
2584
2925
2278
1702
960
1302
2256
2268
2039
2185
1736
2530
1414
2269
2014
1719
1863
2392
2211
2565
697
2530
3304
2031
2206
2714
1293
1652
1228
2254
1730
2653
2043
2337
1686
1799
1847
1965
1947
906
1200
2465
2121
2212
1067
2725
2830
2310
2234
1688
1188
1691
1064
3259
1893
2713
2038
2535
2650
642
1137
2035
2399
2294
2292
2309
1824
1440
2108
2113
3644
2550
3808
1507
4166
1589
2110
1128
2297
2991
1449
2462
2160
1875
1368
1827
1636
2168
2234
1524
3045
1401
1895
1665
2312
2025
1863
1661
3700
2504
2099
2530
1928
1308
3202
2813
1850
2317
1579
2213
1756
3771
2794
1300
3242
2170
2453
1977
1096
2712
2079
1
2802
2795
2268
2325
1576
2385
1579
2205
1393
2778
1489
2517
2090
1685
1573
2721
1676
3468
1862
2135
1440
2428
2042
2777
3046
1460
3746
2659
2081
2421
1943
1420
2396
2757
2712
1799
2992
3074
3051
2610
2204
2300
3796
1769
2039
1768
2086
1972
2327
2199
3339
2696
1780
2186
1203
5440
2425
2324
2662
2879
2900
2357
2608
1228
2204
950
1930
1553
2476
2488
1817
1084
3142
2431
2291
1
1896
2470
1761
1738
4199
1874
1792
3743
4122
2549
2305
1639
1372
1810
1915
2299
1841
1942
3753
2170
3128
2499
2238
2124
2156
2543
1042
2230
2760
1467
1408
1940
1629
2105
1316
874
1
2824
1333
3708
1366
2480
1514
2505
3093
2053
2719
1859
2286
3720
2103
1806
3956
3255
1189
3421
2292
2507
3066
1916
1938
1690
2321
3440
2732
1693
3086
2862
1917
3544
1455
2866
2978
2920
1967
1525
2084
1728
2528
1607
2847
2003
1408
3023
1731
3111
1774
3105
2986
2460
2642
1902
861
2351
2419
816
2279
2435
1535
2829
1066
2065
2301
1973
1526
1601
2102
2904
1258
2949
1616
1823
1477
1796
3801
2268
3509
2432
1924
2339
1931
1793
1801
1
2240
1643
1321
1587
1074
2660
2418
2787
5323
2542
2901
1511
1256
2196
1
2009
4048
1808
3163
2575
2127
4239
3626
2949
1847
1495
1574
1877
2090
1729
2169
2123
2259
2151
1332
2441
1475
1701
2248
2696
989
2052
2126
2
3084
2479
1236
1066
3003
3280
1582
1492
2425
2020
1927
1
2110
1290
2952
1513
1576
2403
2118
1768
1906
2633
1663
1663
1438
3020
3407
2667
2933
2265
2231
819
2744
2071
1757
2279
1515
2314
2139
2054
3672
3179
1958
2728
2119
3880
1866
2040
2108
2458
1259
2204
2926
2735
2143
3182
2540
2459
1968
1940
1498
1720
3489
2656
1957
2197
1739
1972
1892
1397
1642
2934
2002
2523
2211
1129
1375
2041
3314
1135
3900
2082
1883
2405
2360
1739
1361
1877
2918
3070
2630
2584
2651
1263
2487
2696
1419
3109
2758
1998
3056
3329
1480
3227
4638
2936
3436
1493
1313
2199
2118
2235
2665
1861
3339
3797
1318
2750
1673
2783
1619
1790
2740
2890
2235
2713
1699
3453
2600
1638
3627
1718
4183
1964
1956
1879
1634
2396
2120
2072
2038
1634
1
2668
2141
3055
1
1520
2980
3365
3859
1730
2276
2722
1878
1956
1309
2884
2381
2600
3229
2371
2265
3545
2153
2166
1
2010
1701
2648
1506
1879
2016
1446
2524
2365
1886
1899
1715
2025
2234
2154
1451
1
3013
3159
1693
2637
2090
1227
1910
1
2641
1562
2484
1178
1692
1798
1979
2396
2939
1988
1159
1779
2880
1072
2234
1679
4069
2245
1551
2992
2301
2567
5
2528
4062
1275
1456
1447
2086
2876
2916
3095
1854
1904
1141
1759
3061
4170
3694
1
2491
2076
3298
1190
1770
2643
2262
3804
2092
1969
2799
1559
1559
1947
1
2823
1594
2038
1410
2983
2314
2568
1072
1861
1654
3278
2171
2119
1798
1777
3501
1732
2632
3739
2906
1220
3921
2734
1210
1674
2681
1861
1649
3397
2499
1969
2138
1660
2619
1448
2497
1582
3786
2830
2090
2945
3427
2249
2189
1713
2733
1863
1556
2535
2524
2314
492
2063
2265
2273
1264
2351
3615
1899
2205
2927
1555
1177
1
2650
2349
1671
1194
1
3897
2077
1891
1983
2336
3546
1931
2771
1196
1967
2791
2516
2558
2401
2297
3167
2770
925
2360
1810
3607
1644
2614
1386
2159
1634
1824
862
1930
2257
1296
2382
4021
3844
2498
2235
1205
1927
2782
2286
1421
1376
2071
2038
2643
1113
2503
964
2310
2088
2636
2341
2888
3084
4781
1386
1426
2816
2237
2067
2466
1926
1404
2
3707
2440
1718
2625
2191
3049
2490
1978
639
2758
4062
2221
1582
2278
1868
1419
2300
2473
3670
1722
1852
2639
3374
2405
3414
2046
2137
1963
2025
1740
4583
3282
2056
2003
2287
1519
3597
4268
2082
1604
2347
1831
1
4128
2145
1592
2817
3845
1203
2464
1462
2240
1699
1469
2318
1730
2348
1887
1699
2618
1661
3142
3627
1096
4417
3448
1938
2062
1656
1832
376
1
3179
3088
1598
3290
3237
1338
1743
1693
2603
1826
3832
4033
3108
1971
2786
4226
3639
1669
2686
2174
1335
1
3415
1568
2881
1
1706
2280
2337
1542
3111
3490
1263
1
3598
2660
1607
334
2877
2311
2343
1591
1830
2151
2291
2
2673
2129
951
2110
2
3681
1799
2385
2823
1851
1645
1546
2186
1524
2318
1837
2457
2724
2684
1828
2882
3155
1991
2441
3433
2482
2000
3383
1907
3363
2595
2204
1160
2372
2129
2390
2722
923
1830
4646
3219
2832
3206
1826
1
2911
2988
1966
2067
2300
2161
1337
2254
1413
1938
2260
2502
1164
2798
1401
2785
1552
3528
1832
1311
2518
2204
2493
1907
2116
1349
3794
1874
2197
2777
1788
1687
1613
1957
2189
2720
999
2239
2171
3455
3121
1571
1942
1231
3078
3101
1686
1847
2375
2915
728
1855
3918
2092
2519
1547
948
2851
3895
3183
787
1077
2905
2659
1224
1487
1910
1244
1615
1609
2193
2366
1953
1353
1504
2775
2111
1475
3755
2698
1412
2675
1896
1870
1424
3581
4284
1289
2269
2801
1506
1986
1749
1883
2247
3127
1971
2767
1461
2672
3732
1409
2462
2351
1643
1641
3203
1482
1539
1577
2061
2127
2100
3687
1997
2181
2961
2393
2511
2765
2722
2378
2687
1905
3273
2064
2131
1493
2177
2406
2998
1624
837
2907
3213
1745
2247
2099
2237
1282
2227
3492
2146
2256
2147
1242
2220
2183
1816
1399
2467
4232
3633
2590
1814
2064
1397
2128
1614
2292
1831
2296
2370
1551
1648
2523
1427
2002
1913
2757
3408
1700
2077
2532
1491
1765
3595
4270
3964
2110
1791
2064
1938
2027
1836
1858
2128
1761
2118
2549
2110
3206
2414
1781
2297
1373
3207
2451
2207
2903
1753
1793
1416
2908
1940
1590
1427
2710
3480
1675
1857
3343
2665
2236
2761
2868
2771
2775
2319
2675
1616
1695
1879
2026
4326
1513
1855
2649
1840
1521
1738
3660
2467
3414
2184
2267
3224
1898
1031
1712
1401
1441
1985
1989
1049
2949
1701
1343
1872
1720
2125
2158
1862
2044
2133
1460
2228
1027
1553
2339
2946
2560
2517
1888
900
2595
2774
2496
4641
3224
2954
2306
931
1674
1600
2343
2224
1696
1
1
2831
2421
2613
3123
2423
2319
3848
2821
1196
2262
3059
2543
1
3265
1499
3101
2444
2079
1758
1584
3756
2494
1615
2661
2514
1678
1012
2238
1816
1491
2320
2430
2000
1636
1799
3822
1827
2215
1
3666
1496
2703
1765
2810
1821
1469
2502
1566
2132
1665
3310
4555
2085
3628
2152
2887
3715
1263
2032
3644
2187
1
1
1536
2076
2594
1659
2958
2353
2554
3085
2627
2153
1608
1718
2496
2043
1975
830
2844
2216
1866
1473
2726
1800
2898
2096
1844
1027
2738
1966
1722
1439
3405
2368
2092
4855
3009
1
2271
1841
3753
3959
3906
3175
2112
2578
1469
2302
4094
1777
2064
2493
1531
681
1587
1592
2168
1837
1907
1969
2311
1678
2696
1523
1673
1973
3876
1649
2340
2360
1612
2494
1399
2540
732
2546
2047
3148
2323
2394
2150
2363
3352
2381
3485
1999
1791
1408
2687
1979
2419
1878
2076
1492
2260
2491
1912
1202
2671
2851
2343
1551
3047
1305
1962
1429
2195
1994
2247
3088
2943
1834
3308
912
1904
1741
2316
3776
1773
1540
2160
2094
2071
1386
1724
2432
2323
2707
3707
1451
4576
3289
1837
1559
3436
1033
1395
3832
2638
1695
1523
1954
2693
1551
2482
2758
1074
3533
2344
1988
3934
2249
1682
3705
2634
1526
2546
3434
1885
1522
2020
2221
2102
2482
2186
2057
1140
1643
1938
2550
1734
2141
1718
2006
2000
2349
1492
1587
2437
1669
1874
2937
1385
2330
3586
1949
3665
2535
1665
3041
4016
808
2762
1220
1941
1942
3735
3088
1042
2773
1429
1918
1745
1334
2242
2463
1826
3620
2373
1872
1759
1904
2029
2173
2098
1785
3162
820
3230
3016
1619
1254
2311
1964
2336
1345
2768
1607
2145
2002
1881
1852
2130
3490
3121
1254
2348
1388
2546
1583
3743
2394
1728
2994
2979
1892
1488
2100
2352
1925
2144
1732
1550
2439
2675
3268
1922
2171
1892
2201
1601
2654
2454
1084
1673
2096
1814
1471
2484
2087
1645
2407
1726
2560
2136
1585
1584
3019
1244
1427
2175
2903
3363
1599
2318
3617
1930
1947
3732
2186
3046
2998
1821
2104
1005
2575
2181
3076
3212
1577
1948
3745
2172
2189
3064
2612
1875
913
2533
2544
2380
2331
1489
1665
3737
1557
2571
2767
2867
2231
1468
2856
2007
1534
3087
2863
1915
1338
2647
2131
1749
2213
1923
1291
2438
3067
2703
2094
1
2155
1796
2007
1907
2139
2864
1884
978
1640
2679
1590
1955
1
1709
2213
2050
1893
1986
2315
3564
3141
1526
3198
1778
2026
1911
2150
2716
3372
1777
3920
2095
1844
6
2275
2104
1991
1495
2421
2460
2984
2264
1240
1736
1635
990
1678
1326
2888
1973
1972
1657
2954
1282
4411
3454
1762
3125
2978
3468
1771
2626
3831
2800
1234
3020
2461
2384
2798
1770
1647
1650
3742
3068
1055
998
1993
1092
2055
1727
2179
3134
2552
3449
2461
1955
2188
2880
2797
2293
2535
3037
3444
4420
1
1689
3422
1939
815
1121
2202
2441
2101
1564
1728
1137
1639
1797
3281
2151
2433
2476
2969
2419
1
1809
1718
2207
2131
2585
1181
2085
2014
1503
2295
2233
1834
3474
2935
1456
3172
4693
2430
2349
3086
1750
2732
3383
2273
931
2978
1683
2235
2116
1666
1848
1701
2256
2636
1272
2710
1579
3576
1976
2160
3728
1
1530
2178
2331
1826
5464
2401
2381
2361
1477
1646
2772
2054
3039
2707
2470
1112
1576
1675
1901
1945
2344
1911
2708
2179
1067
3606
2908
1351
1732
1880
2636
1617
2116
2233
2540
976
3217
2971
1677
1748
2588
2814
715
1809
2269
2349
1437
1
3857
2056
1952
3318
1162
2330
1055
1708
1336
2416
2405
2587
1290
1932
2056
5415
2450
2005
2494
1970
1396
2268
2376
3221
815
2345
2156
2549
1753
1020
2335
2757
1646
2475
2591
1153
1783
3572
2510
2626
2503
2736
3617
2289
1959
2203
2351
2191
1120
2417
2168
1753
1527
3807
1515
2543
2315
2996
2554
2092
1357
1967
1612
837
1215
2741
2013
1896
1427
3137
633
2668
3590
2449
1826
2073
2044
1076
2671
1
2511
1840
2273
1241
1985
2455
2572
853
1602
2443
1922
1898
2521
3242
2102
3329
2056
2480
2236
1302
2395
1932
1321
2965
2373
1206
2624
2881
2359
1
1528
3287
3048
2
3097
2853
1915
1983
2545
3337
1724
2520
1906
1715
2550
2622
1251
1442
3343
2265
2257
1852
2622
3391
2350
2345
1613
1557
2341
1885
1952
1687
3803
2764
1298
1859
2298
1711
1997
2303
1912
1717
1933
2060
2442
3363
1767
2056
1886
2156
1350
1949
2025
2541
1722
1245
3390
1508
2964
1517
1552
1832
2805
2668
2388
4
3597
1966
2302
1803
1067
2355
2640
2105
3454
2306
3596
2096
2173
3455
2330
2080
1800
2110
2094
1861
1245
2962
3658
2820
1409
1781
1855
3204
1635
1225
1801
1611
3075
3179
2059
2848
1626
1332
1532
3781
2552
4197
1967
1701
2650
3119
2096
2772
938
2846
1309
3004
2209
2652
3881
1397
2587
2043
1935
1773
2114
3428
3497
940
2921
3384
1560
2233
2207
1289
2136
1764
3725
2376
1309
4210
2346
2629
1708
3528
2178
2976
2711
1570
2658
1526
2111
2887
2212
1191
1575
2489
3720
1656
1942
2000
1293
2630
4618
1742
1505
1271
2571
2076
1947
3081
3313
1471
1883
2714
1979
1289
3533
1640
2692
2265
1032
2443
2125
2832
1385
1913
1735
3881
2144
1840
3159
3258
1448
3377
2585
1903
3631
2209
2025
1454
2891
3518
2
1935
1750
1774
2406
2880
3016
1969
4790
3075
2360
1820
2421
1264
3356
2919
1590
1935
1371
2639
1920
1595
889
1750
1622
2009
2222
1764
2023
1856
1555
2845
1664
1801
1971
1331
2759
1804
2417
3890
1558
1301
2544
2003
2017
3445
1693
2727
1920
3490
2455
2261
2070
3534
3706
2131
2028
2550
1926
3389
3104
2064
1923
774
3673
2719
1473
3199
2207
2459
1744
1309
2243
1718
851
2732
2279
1481
1373
1241
3278
1823
1523
1439
2048
2035
2343
1945
2161
1013
2746
2242
2961
2662
1720
1459
2524
2162
2477
1729
2018
1641
2900
4965
3411
3053
1401
2175
2154
1701
1835
3701
2271
1893
4265
2199
1401
2429
2100
1358
1978
3674
4191
1821
4134
1910
2468
2615
1832
950
1493
3619
2753
1825
2131
2067
1842
1898
3146
2821
2440
1404
2085
1936
2922
1524
2131
1288
3271
3901
693
2434
1411
2564
1456
2957
2813
2095
2408
4028
1429
3756
2959
1150
1844
2309
2366
1346
1876
2245
3744
2041
2263
1078
2483
2647
2943
2274
1
2692
1384
2559
1230
1224
1946
2232
2463
2269
2212
1681
1703
1904
3302
2659
3802
2495
1568
2739
2433
2693
2494
1522
1858
1991
2859
2943
2063
2571
1466
3828
2877
2544
2444
2826
2752
2287
2346
2344
3173
1
1
2291
3803
1771
1627
2986
1695
1557
3572
2533
1760
2082
2428
1637
1718
1216
3258
3391
4748
3117
2887
1621
1554
1803
3429
2509
1927
3572
1884
2409
1598
1782
1898
2587
1599
2779
1916
1571
2005
2070
2298
1492
2413
2277
1804
1371
3251
2470
2144
3102
2150
2613
1231
2930
1982
1722
3056
1802
3007
2580
3005
2280
2144
2208
3512
1
2197
2077
1752
1839
2259
1713
1750
2143
3599
2462
1804
2523
2479
2026
837
3865
1538
2462
2741
1973
1746
1405
1848
2132
3885
3754
1661
2450
1227
1696
2275
2667
2095
412
1797
1622
1939
2703
3120
915
1127
2854
2250
2761
2636
3685
1544
2189
2034
3642
2481
1094
1486
2804
2052
3024
2789
1936
2640
3289
1737
1596
2483
2049
3259
1746
2860
2280
1565
1955
2064
1
2999
3647
1219
3626
2971
1268
1294
1370
2844
2357
3598
4267
1769
2648
1704
1744
3626
4239
2300
2391
3174
2118
1892
1869
1986
2595
2110
3160
1872
1709
900
1288
2096
4794
3071
3833
4032
1786
1948
2265
1866
2492
3037
2336
3719
1726
2420
2607
2121
3137
1112
2035
3109
1609
2036
2183
2080
1566
2826
1428
2032
1579
6132
1733
2027
1576
1744
2518
2771
3644
1450
1348
3425
3092
3505
2422
1938
2235
2314
2291
1025
1375
1952
1965
2573
3764
1770
2331
2203
3128
2534
3700
2263
1902
2591
2028
3246
2309
1692
1292
2572
2880
1461
1596
1928
3289
1584
2992
877
1839
2813
2336
3247
2538
2080
3187
1605
1441
1632
1728
2071
1813
2253
3378
3168
1319
2308
1880
1695
1982
2268
1897
3700
3715
2311
1839
2498
1414
2076
1877
1331
2898
2338
1298
4254
3611
2483
1791
1561
2030
2336
1463
1579
2487
3220
2778
1867
2513
1128
1840
2384
1581
1778
2158
2348
1618
2307
2465
1475
2427
1455
2651
1332
2659
4013
1193
1795
1963
2186
1921
1628
2194
1491
2552
2496
2153
1044
2172
3544
4321
1998
3245
2622
2916
1865
1088
1996
1722
3788
2355
2050
2166
1363
2286
2685
1460
3720
1776
2460
2192
1437
4868
2997
1715
2375
2161
1614
2140
1836
2282
1607
2013
2027
1790
2035
2004
3757
2104
3013
3185
1667
2462
3493
1910
3389
2817
1659
1277
4027
2561
4134
1615
2116
5414
2451
2765
2038
2400
662
2826
2062
1318
1659
2200
1252
1906
2507
1957
1618
3206
1084
4855
2440
570
1910
1353
1562
3040
1060
949
3167
2689
2024
3827
2014
2186
1595
2069
2015
1444
1826
2331
2264
2807
1700
1864
1494
2810
2412
2643
1397
2083
2074
2311
2447
2256
2240
922
3408
2249
2208
3189
3157
1519
2383
2665
1470
1347
2379
2099
1279
2108
1121
3129
2864
751
3789
2715
1361
3749
2603
1513
3331
2006
2528
3721
1874
2270
4134
2249
1482
2752
2718
2394
1
1600
1422
3061
1782
2112
3582
2171
4050
1193
2622
2818
3395
1652
1648
2707
2301
1209
1422
3823
2620
3295
2312
2258
2334
2434
1191
1906
3690
2216
1959
3109
3392
1364
2576
987
1949
2353
2407
2336
1444
1677
1
2451
3414
2000
2028
2152
2460
1225
2438
2298
3129
3142
3025
1698
3005
1467
2611
782
2499
2010
2162
1194
1801
2086
1681
2297
2725
2997
2143
1488
2723
2348
1306
1197
2192
2698
1778
2102
2836
2117
810
3336
4529
2990
2486
2389
2737
2364
2764
2373
2455
3037
4231
3634
1558
2413
2133
1761
2642
2108
1542
1573
1693
1952
2515
1701
4
2752
3407
1706
1719
2808
1245
2093
2859
1234
1223
1695
854
2274
1320
1500
2771
2692
1217
2176
1780
1966
1964
1587
2348
3573
2587
1705
2671
2199
2995
2923
3164
1778
3031
1513
1076
2245
2055
1674
1881
2255
1531
2675
1799
1860
2475
2025
1219
2146
4306
3558
1
1740
3692
2433
2674
2861
2329
1
1438
1948
1525
2051
903
2657
1342
3866
1958
3634
2273
2083
3832
1950
2970
4895
2977
1696
3191
1
1665
1681
2321
2198
3919
1691
2255
1310
2900
3655
2473
3283
2109
2982
4883
2918
1859
1766
1322
3286
2614
1965
4362
1218
2285
2316
2991
1164
1394
2073
1987
3805
2728
2667
2470
2148
2153
3017
547
1653
1975
1733
2504
2236
2103
1980
1546
2585
1273
1707
2300
3021
2741
2103
2158
2121
3586
1870
2139
2700
1153
1
2
2782
2514
2569
1995
1294
2797
1779
2852
1878
3135
1431
2110
2858
1466
2366
3359
2140
2664
1977
2116
1107
1
1880
1742
1664
2201
378
2089
2563
3213
2186
3520
2159
3184
2847
1834
1937
1863
2575
1490
1056
1207
2074
3528
2257
3454
2154
2311
4189
1365
3364
2472
2029
2880
2635
2350
2732
1755
2056
1322
1190
2705
1102
1760
1108
2421
1843
1901
1700
2025
1998
2188
1654
1793
1972
2402
1698
2145
2475
1396
1849
2614
2014
3237
3541
2137
2187
2655
1625
3585
2522
1575
1796
1972
2146
2211
2190
1318
1707
2637
2023
1498
2645
1360
2237
1623
2089
2597
1479
1700
2544
2904
2417
1010
1508
2579
2768
1723
2558
1766
1818
3740
2528
1597
3975
2461
1429
1846
1929
2302
1788
3343
2038
2484
3380
1090
841
2554
1886
2052
3927
3861
1584
2420
2011
2387
1241
2226
1916
2288
3661
2107
542
1440
1545
2229
1
1
2306
2434
1490
1635
2721
2070
3074
2990
2085
1752
1038
4209
3656
1659
3824
2382
3221
1097
1228
2318
1
858
1554
2892
2561
2284
3461
2120
3147
2480
2238
1822
2167
1483
2393
3445
3273
1147
2857
2768
2240
2307
1866
2584
1108
2410
1705
1889
1861
1934
2744
1905
1282
2935
2556
2374
2018
2055
2161
1631
2315
1755
2318
1477
3118
2549
2198
4759
3106
2988
1506
3371
2360
3571
1934
3232
2106
2527
2248
2796
2820
1
2044
1671
2155
1995
3171
2254
2440
2385
2962
1293
1225
2397
1630
1762
2076
2314
3719
1832
2815
2552
1651
847
2573
1970
1275
2047
1474
2196
2809
1386
2763
3535
1567
1716
2709
1513
1927
1952
2345
1485
2083
1654
1764
2287
2160
2112
1102
2241
2410
2894
2951
2020
799
2160
2603
2303
3865
4000
1900
1895
1160
2910
3911
1918
2036
2085
2751
1705
1324
2825
2417
1647
976
2937
1185
2130
1613
2173
2375
1279
2038
2162
3248
2455
1696
2224
1905
2040
3039
3316
1510
2200
1582
1668
2414
1
2890
2906
2069
3339
1819
2706
1
1590
3742
2533
3215
1767
2883
2743
2069
2355
698
2306
1767
1951
1840
1
2744
1122
1752
2247
2693
2279
1585
1308
2396
1772
1937
1760
3199
2095
2571
3844
2545
1476
3110
3273
1482
1985
3180
2699
1
3421
2895
1549
2192
1599
2486
1588
1992
987
2734
2152
2722
1341
1132
2670
2109
1156
2232
2368
3620
1676
2569
3836
1969
2060
1305
2772
1889
1899
2056
2969
1705
1135
2563
1401
3901
2059
2223
1869
1713
1
3348
3255
1262
4560
3305
2904
1307
1510
2144
5273
2592
1490
3016
1973
1386
1529
2780
1854
1702
1871
2491
2042
1461
2382
1164
2465
1854
3192
2366
908
1399
3841
2028
1996
3336
1973
2556
2974
2385
2506
1496
1977
1739
2653
2365
1748
2227
1525
3253
1720
2892
1916
3272
2677
2692
3598
1575
1624
2256
1442
2543
3613
2448
1804
1888
1678
2052
2247
1841
2127
2042
1854
1
2376
1380
2522
1587
1978
1219
2608
2060
3443
4422
2323
1923
2391
1228
1659
3316
2890
2505
2116
3244
3541
1729
2595
2342
4318
1205
2638
2016
3211
2235
2731
1795
1104
2021
1957
2156
1731
4192
3673
4214
1221
2430
3572
2407
1886
1567
2955
2440
903
2302
1134
2773
1655
1
1884
2326
1554
2101
1988
2695
1577
1605
2728
2125
3012
1788
2000
2269
1808
2376
3254
2235
2649
2074
2377
765
1855
2432
1642
1936
3153
3006
1706
1809
3394
2662
2473
2514
1727
1151
2223
3706
1936
2308
3701
1856
2109
4195
1561
1681
2753
3430
1
1872
2300
2013
1680
3721
2038
2106
4221
2666
978
2487
2801
1179
1398
1535
1918
2212
2200
2762
2255
865
1983
3305
1870
2690
3775
3042
1048
3991
3194
680
2271
2133
2505
956
1658
1942
3268
997
1803
2280
2421
1361
2850
2219
1092
1704
1842
2345
3678
1458
2203
1470
2734
1407
2369
1895
2194
1720
1584
1730
2831
3149
2076
2640
3616
2962
1287
2125
1624
1801
2315
2121
2414
2167
1162
1
2370
1999
2944
551
1
1965
3269
2631
2122
3047
1367
1329
1597
2909
3359
1636
1656
1368
3205
1694
2191
1946
1828
206
2170
2092
1265
2338
1546
2018
2768
1533
1880
4061
1924
2242
1618
1923
2082
2039
2392
3434
2696
2789
2380
2550
3467
1848
1101
2113
2278
2373
2588
3244
2033
1955
2257
2525
1128
3312
3291
1262
3245
2599
2020
1
1699
2326
2212
1628
2663
1680
2525
997
1522
2699
3644
1816
1949
4100
2738
1548
3578
1
1860
1342
2776
1887
1973
1316
1200
1141
2235
3864
2337
1664
3509
1676
2680
2969
1978
758
2160
3137
2085
2643
2677
2073
3115
1686
2107
2342
1730
2610
1957
3298
2674
983
1655
2553
1721
1545
1349
3250
3188
1966
2711
2203
2358
3304
2166
965
3156
1578
1930
1972
2631
1332
2679
1387
1321
2478
3677
2409
1779
2542
2053
3270
1584
2680
1709
1892
2215
3963
1687
3736
1931
2198
1726
1323
3003
1813
3521
1801
2543
1702
2318
1765
2080
1749
1773
3042
1301
1320
2750
2547
1248
3780
2515
1570
2749
3131
1985
2278
1750
2152
1685
1614
1828
2308
2115
2043
2306
2106
1410
1710
2040
2811
1304
1874
2888
3102
1
1858
2278
1902
1827
2742
1649
2014
1460
2616
2836
2413
1647
2017
1086
1409
1706
1514
1991
1253
1897
1210
3581
2248
2036
4858
3007
1878
2108
1768
2111
2330
3256
2279
2344
2354
1288
1878
1
4674
3191
2742
1591
1890
1642
2342
3414
2109
3328
3083
1454
3431
3025
1409
2234
1807
1366
2458
2170
1777
1613
2305
1654
2433
2044
1734
2214
2243
1692
1578
138
1946
1986
2172
1761
2725
2416
2724
1985
1939
2303
1638
1877
2644
1592
1752
1987
2908
2970
2107
2493
3265
3780
2896
1189
2187
1990
1969
1719
2838
1618
2505
904
1733
3718
2414
3166
2551
2148
1772
1581
2725
1787
1689
3170
3006
1663
2280
1964
1958
2915
3916
1034
3695
4170
2813
3078
1974
2958
2761
2146
2978
1167
1911
1809
3645
2623
1597
3546
1999
2320
2825
2148
1097
1795
1834
2415
2243
1373
3174
2990
1701
3001
3209
1655
3213
2286
2366
2033
1732
1698
2402
1994
2102
3001
768
2398
3866
1601
2119
3161
2585
671
2103
2272
1446
1373
1975
2554
1347
1988
1
1734
3564
2567
1915
2625
2058
1267
2419
2434
3011
1
1982
3966
1917
2415
2032
1588
1830
3587
1205
3072
1
2045
2287
1461
2072
3385
2037
2442
1
2312
1694
1960
1899
1061
2787
2067
1950
2020
3308
824
1713
2391
2578
1232
1664
2162
2847
1730
1126
3877
2083
1905
2475
2493
1267
1630
2534
1434
2277
1620
1816
1672
1870
2507
4281
3584
2379
1478
2403
1605
3105
2966
1794
4067
1911
1887
3298
3463
1104
2080
2352
3433
2348
1894
2185
1438
2577
2081
1595
1612
1165
4117
2583
1853
2040
1182
2790
1312
2502
1988
2063
2083
2395
1736
1651
3791
2405
1669
5326
2539
2509
987
1527
2842
1372
2374
2774
1345
2641
3997
1227
1693
1148
2026
2352
646
3588
2214
2063
4346
3519
2880
3037
1948
3400
2928
1537
3341
3033
1491
3547
3405
913
3122
1879
2864
2308
1712
1236
1325
1284
2674
2543
2648
2979
1474
2039
1373
5078
2787
4147
1491
2227
1441
1916
1723
2785
1773
3525
2567
1270
1930
1146
3519
1957
1949
2285
1674
2830
1814
3221
2513
1779
1656
1917
2376
2815
2674
696
3104
1877
2188
2631
1952
717
2564
1
3576
4289
3274
1721
2870
1478
1529
2222
2636
1541
2345
2533
1446
2805
1977
3083
1409
2606
2124
1726
1928
3759
2178
1860
2369
3636
2869
2546
2450
3319
2729
1817
2497
1619
2065
1684
2482
1778
1138
2467
1496
2084
2294
1991
1585
1299
2306
2675
2723
2703
2439
2743
1776
1191
2155
3094
712
2217
1842
2427
3361
2077
2321
3229
2315
1889
2704
2291
981
2139
1314
2472
1940
2458
3483
1924
2411
1189
2196
2069
2071
1664
1114
3016
1961
1688
1934
2282
1853
1898
2345
1769
3556
1575
2734
2376
1649
2012
1828
2261
2050
3554
2067
702
1464
1760
1872
2675
1927
3263
3297
1918
2650
1974
2862
1263
1766
3758
1307
2800
3164
2236
1698
767
3214
2755
1896
3407
1638
2820
2997
4022
846
2150
1403
2495
1817
2053
3600
2212
3748
2541
1576
1746
2237
2239
1643
1773
813
1309
2025
1945
2782
2443
1573
1067
2646
2371
2848
1556
2459
2809
1041
2670
2270
1610
1315
996
1677
1807
2506
879
1190
1950
1919
2806
2466
3180
2219
1705
2313
3846
1
1565
3842
2458
3700
2064
2101
1705
2497
2239
1424
4999
2866
2242
1926
1487
2210
2307
1801
1881
1876
1779
1839
2573
1674
2649
2007
3209
2191
1936
2261
1477
2435
1676
2260
1494
1040
2082
2681
2062
2206
3971
1688
1449
1860
2319
2237
2999
4866
1857
3092
1321
1595
2544
3600
1721
1667
2975
1711
1512
2838
3133
1894
1615
1390
2048
2812
2492
3835
1538
2727
796
1072
2197
1073
3756
2180
1929
2680
2948
2237
3808
2258
1798
1
2016
2247
1690
1912
2270
2161
1962
1472
2368
1652
1609
2236
2549
1604
2310
1402
1238
2452
3342
833
1246
2655
2744
1220
3816
4049
2463
1626
2260
1516
1345
2614
3906
2571
2559
2734
1
2355
1808
1964
1738
2186
2607
1627
1445
2145
1554
2541
1625
3899
2377
1589
2461
2047
3357
1182
2766
2620
1297
1970
911
2354
1155
1475
2014
2052
2673
1126
1962
2237
1191
2475
1456
3311
3098
1687
1328
2567
2283
2154
2877
1606
1228
1880
2443
1141
2399
2
2916
3481
1468
2864
1643
3357
1
1965
3391
2509
1909
2180
2306
1470
2445
1514
2337
1569
3328
2258
2279
3087
2117
1398
1263
3088
1285
2104
1388
2504
1850
1566
1945
3156
3196
1513
4006
1706
2153
3773
2710
1382
2980
2397
1722
766
1971
2524
3370
1627
3673
2565
1196
1297
3037
2335
1577
1954
2205
2129
3354
2859
1652
2064
2460
1631
1710
2104
2194
3567
2221
1957
3687
3138
2426
2301
2892
2037
1036
1900
3082
2379
2404
1576
1412
2302
2575
2053
2587
2127
1098
4098
3767
2036
4314
1515
2351
2421
1679
1413
1
2886
837
2007
2135
2838
2242
1490
1295
2305
3180
2380
1784
2466
1842
1773
1971
3582
2312
3185
2750
1930
1564
1714
2830
1757
2498
3872
1495
3500
2123
2242
1808
2091
1932
2034
2839
1824
3202
3016
2699
2150
2667
2152
1399
1647
3887
3978
2496
2126
981
2262
2380
3333
2152
3640
2266
1959
1951
2123
1025
1089
1677
1741
3854
2270
1936
2251
1634
2044
3527
1582
2756
1804
2799
1798
1464
1674
792
1668
1957
1774
2139
2737
2989
1621
1881
2436
1927
3084
1437
1484
1860
4084
2107
1674
994
2261
1045
1957
1608
2053
3873
1065
874
1847
3324
2694
2328
2206
1773
1558
3772
1882
2211
1484
1843
2219
2319
3978
3887
1583
2708
2704
870
2291
3506
988
1080
1707
2707
3451
3441
1839
2585
4102
3763
1985
2949
2931
2217
1562
1870
2216
1462
3259
2340
804
2141
2463
1847
1414
2650
1679
1730
1806
3278
2412
2175
1826
2417
1389
2233
4002
1673
2190
1596
1771
2260
2238
2317
1882
3666
2029
668
3286
1882
1878
2354
1757
1876
2044
1965
2711
1145
2191
1877
1904
1893
3901
2094
1869
1
1969
1638
2568
1690
7865
1716
1473
2341
2335
2130
2215
3520
3576
2850
1439
2561
2325
2979
3883
2761
1221
4964
2901
3402
2295
2168
2328
2374
3163
1846
2386
1847
1786
1993
3764
2108
3309
2147
2409
2859
3826
1180
3482
1523
2860
3498
4367
1728
3692
2445
3673
4192
1762
2506
1604
1993
3534
2676
1655
1750
2300
2307
1508
1110
2213
3111
1431
2052
2218
1459
2136
2113
1324
1837
2591
3445
1453
2967
2054
1842
2302
1667
2754
2011
3100
2047
1883
2207
1728
798
2601
2356
2110
1061
2345
1709
2750
1870
1897
2590
1508
4350
3515
1724
2000
1516
2625
2497
3290
2078
2472
1791
2377
1225
1982
1968
2079
1836
2126
1264
2763
1711
1
1158
3834
2873
2859
1461
2126
1419
1965
2134
3766
2175
2338
3352
1582
1707
2433
2143
3226
2833
1806
2620
3751
1494
1140
2731
2257
1736
1
2447
3292
2126
3734
2474
1657
1273
1484
1863
1878
1367
2215
2253
1845
1551
1
2180
3234
2451
3813
2774
1278
3061
2222
1628
954
3462
1856
2547
1830
1153
3065
1817
1363
4025
2477
1375
1731
2500
2259
1997
2228
2252
1388
2864
1436
1857
1708
2581
3677
1607
1989
1833
2118
1925
2494
4103
1267
1
1672
1820
2405
1968
2638
2244
1933
1050
2013
636
1473
1929
1811
3
2254
2635
2012
964
2138
1947
1009
2771
1648
1387
1324
2084
1422
1721
2299
2325
1520
3718
2431
1716
2395
3734
1736
2150
3398
2317
3693
3047
1125
2033
2285
1287
2260
2822
1668
1106
2269
2407
2761
2697
1928
2068
1810
2059
3871
1927
2067
3310
3657
898
2185
2608
1687
1385
1576
2470
1572
2247
2286
1016
2205
2358
1524
1763
2671
1907
3677
2731
1457
2690
3497
1678
1814
2562
2227
1262
2642
1089
1972
2162
2214
3584
723
1344
2551
2087
3227
3803
2706
1356
1842
1880
1478
2665
2279
1930
1895
1761
2211
1520
1953
2181
1583
1863
1691
2728
1514
1636
3105
1610
3198
2337
2330
3091
2736
2038
2632
1121
1570
2542
1631
1247
2806
2181
3150
2068
2647
2424
1792
2188
1461
2169
2114
1667
1915
2087
3502
2276
2019
3377
2469
2335
2919
2208
402
1
3192
3739
934
2809
1856
3200
2363
2308
1531
1663
2818
2493
957
1597
3860
1934
2071
2835
2279
1394
1357
1836
3569
2460
1821
3519
2525
2726
2638
2501
4169
3696
2122
3731
2012
1919
2492
1975
1479
2155
2117
1769
1824
4171
2280
1413
1
1833
3267
2765
1930
2188
3747
2710
3035
2120
1831
1931
2286
1816
1
3606
1519
2740
2073
1115
2527
2150
2072
1993
1489
2311
1754
1750
2699
1662
1357
4233
2275
5182
2683
3499
2348
2018
2382
3682
1801
1710
2434
1644
2077
2446
3970
1449
2838
2770
2257
3136
1984
2745
3531
2821
1513
1981
1470
2240
1028
1146
3565
3264
1036
3846
2211
1807
1
3221
573
2696
1375
3471
2205
2189
1822
1988
1557
2498
1644
2189
1936
2096
3438
1725
2702
2407
2838
2620
2700
2101
1322
1742
1581
2015
2447
1822
3618
3237
1010
2849
1926
1529
1561
2643
3822
1400
2097
2277
2697
794
1868
2149
3039
809
2683
1755
1960
1467
3072
2257
1086
1450
2208
2772
2885
2349
1982
2098
1436
2437
2130
2119
1179
2150
3729
1986
3106
3006
1753
2034
2450
3381
2042
1243
1746
2834
2616
1783
1752
1714
2079
2799
2987
1505
1729
2988
1643
2508
2200
1782
1375
1703
2203
2252
1707
2294
4086
1485
1831
2137
2534
1363
3265
1284
2239
1077
1117
3041
2723
984
1452
3793
2620
2255
2148
2470
992
2359
2124
1384
1998
3456
2073
2336
3766
2236
1863
2435
1462
1802
2166
3822
2877
1166
3311
1126
1653
1775
2994
1347
1798
1726
2403
3596
1866
2784
1750
3331
2393
1530
1618
2324
1566
3358
2941
3190
2649
2026
2799
1245
1837
1984
2458
2543
2864
3185
3033
1647
3142
3457
1266
1371
2528
1378
2588
2357
1631
3877
1710
2100
1805
2250
1989
3556
2320
2028
2399
3438
2318
1929
2152
1466
2168
1488
2250
1959
1800
2008
2383
1674
2506
2430
2330
599
1191
2338
2370
1966
3805
2230
1830
1884
2823
2032
1126
1770
1671
2834
1590
3128
3178
1559
1441
3327
3097
1828
2106
2551
1380
1848
2285
1431
2301
1592
2501
1655
2117
1471
2287
1723
2384
2029
3525
2311
3292
1994
2579
1952
2350
1117
2446
2735
2381
2749
3165
3395
1305
2418
1838
1867
1742
3909
1295
2661
3104
1514
1050
2197
2143
1819
1696
2207
1973
1638
1509
2744
1
2363
3646
1856
2773
2274
1834
984
3633
2778
1454
2574
3400
1891
2638
2260
2302
665
3509
1902
2454
5255
2610
1892
4101
1872
4610
3255
1961
1516
2327
2061
3753
2701
1411
2807
1394
1645
2019
2543
2187
1557
1578
2713
3768
1383
1
3518
2686
1661
1640
2225
4000
3420
4445
1795
1673
2639
1758
3089
1322
1658
1796
1862
3486
2517
2215
3288
2362
2511
1697
2051
1606
3083
3693
1089
1847
1388
2889
1741
2655
3793
1417
2493
2907
2465
3503
1529
2833
2748
2496
2038
583
3467
2945
1453
1493
3658
2714
3855
1875
2135
1659
3130
3076
1309
2367
2061
2128
3331
1841
2693
3857
2139
1869
2567
2190
1903
1204
1
3731
2063
2071
4207
3658
2054
1858
880
3073
3131
1433
2013
1288
3001
3666
1198
2067
2499
1273
2026
2547
1373
2432
1513
3246
1917
2702
3139
1643
1449
1634
1974
3012
1313
1566
2324
1835
3706
2677
1756
1961
1471
3325
2102
2438
1815
2620
3430
1762
1759
2715
1629
1408
2234
2061
2162
2247
3360
2258
2299
3409
2157
1878
2845
1539
1603
1744
2529
3592
2900
2620
2345
3463
2806
1596
