3309
3140
3930
2293
2102
3060
1590
2962
2169
1853
1914
2882
3573
2954
3048
1889
1760
3540
3020
2136
2764
1534
3224
2267
2227
2878
1868
2654
2229
2554
2656
1696
3184
1703
2638
2320
1516
3456
2059
2007
2597
1607
3187
3577
2534
1852
2783
3400
2992
3906
2904
3876
3021
3629
3167
2930
1635
1493
2423
3064
2241
2613
2067
2561
3482
3951
3064
3180
3491
3332
1681
1978
2020
2446
1735
2390
2360
3178
2143
2343
1
3857
3707
2008
2861
3871
2231
2463
2342
2143
2734
3290
3932
3957
3117
2959
868
2846
2051
2326
3187
3427
3085
1523
3148
2573
1992
3038
2297
1490
1885
2100
3031
3940
3888
1873
2341
3453
2381
2014
3367
1096
2346
2256
3786
2519
1888
1970
2248
2282
1757
2175
2181
1713
2478
1523
2663
3259
3077
3795
3683
3837
3094
3810
2326
3892
3451
2187
2083
2030
2259
2037
2446
3041
3046
2031
2693
1686
2528
2869
1798
2354
3746
3600
3774
3755
3656
1
2614
2112
2544
2350
1377
2371
3071
1809
2814
1848
2911
2913
2109
1806
2789
3264
3773
3541
3498
893
2301
1896
2242
1966
2086
1571
2494
1656
2429
1542
2776
3616
3404
2020
2502
3322
3694
2415
2157
2064
3608
3598
2846
921
1868
2173
2781
1927
357
2587
1899
2896
2083
2899
2295
1812
2511
3870
3613
3677
1766
2234
3664
3653
2698
3358
3195
3544
3424
3080
2687
2888
2789
3684
2768
1345
2803
2315
1646
2636
3144
1592
2642
2664
2488
3487
3658
3790
1670
2081
1943
2022
3491
1948
1
3926
3207
3247
3591
3649
3430
3862
3071
3955
3238
3849
3676
2465
2027
1659
3831
3882
3295
3270
3737
3950
3300
2877
1894
3177
2106
2649
2554
1817
2014
2164
3832
3552
2983
2890
3382
3423
1
3477
2475
1963
3582
2025
2075
2117
2100
3586
3728
2582
1751
3286
2108
1942
1440
1362
3149
2365
2178
3247
3714
2092
1854
3637
3900
2392
1
3696
3692
3561
3361
2955
2812
1903
1
3812
2369
2288
3596
2532
2639
1711
1
3895
2348
1992
3090
1793
3013
3798
3747
3157
1
3696
2083
2807
2635
1811
3845
3384
3911
1578
2807
3378
1466
2421
2173
2144
2536
2359
3512
2477
1605
3939
2918
2804
2158
3815
2965
1294
2296
2173
1636
1856
2116
3246
3355
3422
3376
3955
3156
2960
2366
1319
2442
3841
2722
1165
3584
2776
3402
3418
982
2968
1344
2758
3254
3132
1
3721
3694
3807
2194
2091
2786
2097
3908
3693
2508
2202
3132
1345
3085
2832
2621
2566
3942
3744
2205
2059
1716
3013
2421
1806
2667
1926
3717
2206
1467
2762
3260
2298
2527
2639
2346
2081
2828
1647
1
2843
2737
2960
1305
2817
1984
2500
2330
3867
3728
3027
3836
3323
3501
3049
2237
2194
2422
1584
2731
2948
2232
2086
3108
3125
3844
1890
2100
2846
3565
3543
3906
2382
2487
3516
1
3802
2901
1773
2296
2127
2849
1629
2268
3134
3473
2391
3541
1506
2918
3961
2771
3914
3738
3394
1
1750
2061
3878
1462
1729
3766
3851
2631
2234
1805
2622
3733
2274
2241
1862
1617
2321
3513
3276
2057
2107
2936
1579
2564
1890
2796
3532
3840
2819
1942
1568
2626
3795
3749
2131
2614
1
3532
2953
2
2900
1361
2532
1366
3653
1634
2428
2
3786
2758
2276
1388
3095
3415
2738
2343
1847
2440
2016
3035
2280
2349
2111
2338
1185
3229
3928
2265
2139
3810
3442
3872
3768
2047
2871
3321
1748
2317
1
2250
2330
2516
3045
1282
3754
2117
2074
3713
3832
3134
3231
3654
3158
1491
2799
2315
1636
2338
3861
2088
2241
3330
3196
2901
3143
3949
3195
3012
1366
2992
2
3836
3757
1
2639
2370
3658
3344
3610
1960
2074
2665
2492
3451
3678
2827
1497
3402
3279
2442
2058
3150
3873
3739
1779
1867
1662
3145
2646
2379
2419
1811
2988
1862
2479
3835
1
2
2114
2278
3892
2696
1432
1618
3121
1959
2045
2496
1433
3565
3722
2845
3126
2492
1794
1752
2452
1447
2586
3909
2220
1984
3390
3171
2119
2292
2524
2426
2264
1849
2578
2267
3149
2657
1903
2931
3583
2215
2737
3376
3735
2852
2170
2571
1554
2415
2522
3015
1
3190
3870
3730
1
3605
2869
1964
2361
3565
3615
2
3069
3869
2553
2242
2183
2760
2762
2908
2435
1562
2525
3170
3549
3668
2093
2639
1766
2147
2128
2028
1762
2576
2878
3318
3277
2099
2203
3632
3279
2911
1612
3171
1459
3394
2872
3605
3374
2736
1601
1
2265
1976
1102
3068
3519
3785
3014
2648
2282
3180
2135
2000
3888
1468
3125
2854
2135
3241
3515
2404
1947
2561
2327
1198
2751
2398
3516
3540
3601
3729
2416
1708
3296
3346
3736
1942
2402
2181
2150
3378
1
2767
3748
2499
1756
2617
1443
3395
3928
3702
1
3946
3880
3722
1807
2716
2318
2033
2737
2228
2748
1428
2945
2950
3250
3573
2036
2436
1831
2203
1
3747
2061
1832
2564
1793
2561
2319
1901
2868
1455
3643
3634
3062
1565
2515
1927
3010
2990
1927
2242
