6056
312
229
277
259
281
7182
232
7414
6577
612
225
7119
295
6710
181
302
219
2
6818
128
167
301
7414
7207
207
7277
137
1550
604
861
3970
217
212
244
6780
389
1
7087
175
151
1
6321
171
189
542
190
1
2611
3105
242
277
1179
6085
295
726
308
5599
141
593
676
405
7414
2681
1576
1099
1096
836
126
6404
386
399
225
7237
177
7180
234
2611
1657
2627
181
338
6453
303
278
279
100
1
6732
502
180
7414
6752
402
260
6217
1197
4978
661
1332
259
184
5245
677
1016
476
6324
581
356
153
7414
4712
2305
218
179
7217
197
6776
192
445
1
6912
145
142
215
6071
388
436
208
310
1
4344
556
1199
693
295
155
172
6803
325
139
147
7414
7045
167
202
7414
6773
163
478
6711
205
296
202
5987
1107
320
4567
249
175
1939
196
287
1
4404
2406
604
6013
803
514
84
7414
6847
381
186
5305
578
1129
187
215
3482
3318
262
352
6706
203
244
142
119
7246
168
555
6372
138
169
180
6309
773
332
6557
857
5917
1292
205
6178
942
294
1051
5080
960
323
5650
1635
129
6904
510
509
6695
210
6869
545
5512
1528
205
169
299
7115
2660
1957
2596
201
5354
1777
283
7030
179
205
3294
4120
5572
1842
7156
258
6823
389
202
823
3796
964
401
927
503
2340
786
3206
330
654
98
7160
254
1144
6270
7190
224
7414
7144
270
6741
100
370
203
5940
1240
234
7011
146
257
6687
241
150
139
197
2393
731
1070
1401
791
194
138
364
163
168
1
6628
585
201
6278
449
210
313
164
6485
929
6775
298
140
201
6435
630
249
100
7252
162
7004
246
164
3704
3060
149
342
158
1
378
6884
152
7414
6401
579
215
219
6686
152
575
1
6416
680
318
2541
2483
1158
230
1002
5706
1025
683
7293
121
7245
169
7414
6028
1121
264
1
6780
634
744
3665
3005
6813
601
579
4484
461
1538
352
7124
290
5796
1063
333
222
7414
818
3476
2276
267
250
244
83
7022
193
199
4760
1993
163
181
172
145
6939
473
1
1
6516
144
509
245
6394
784
236
4889
1787
255
483
6770
484
160
3569
2968
877
6276
259
302
196
161
220
6003
1411
7414
7414
6687
190
537
6817
358
239
7125
115
173
1
4569
570
1118
801
243
113
660
6025
592
137
7044
97
273
6325
1089
3938
2938
294
244
1148
6134
132
6936
161
206
111
6785
247
381
1
7414
6063
739
336
163
113
7212
202
6006
843
565
6363
526
139
386
6827
208
232
147
3668
364
400
2343
245
394
3920
3493
1
5644
487
1165
118
7414
5705
636
760
313
6828
374
212
7414
5963
552
449
281
169
2984
2800
138
1248
244
7064
166
183
1
6775
479
160
7063
207
76
68
6918
496
6950
463
1
6749
279
234
152
6832
486
96
7103
311
6546
868
1900
3812
232
285
197
201
301
486
401
7013
7073
341
5288
1728
226
171
1
6267
479
289
141
238
7240
174
6376
889
149
6402
564
448
6576
388
450
6616
608
190
6121
447
158
688
212
4571
2411
220
181
5902
917
214
200
1839
5006
432
137
6361
574
194
285
3441
2645
235
119
212
274
488
7020
187
207
7414
5438
175
1185
615
1
203
5840
657
556
158
7414
6643
411
159
201
6796
617
1
6360
842
212
7414
6929
120
260
105
4516
1235
196
810
657
7414
7021
235
158
7414
6541
311
172
390
5158
2001
255
5205
1858
65
286
372
181
6137
385
339
5749
302
665
280
418
2452
4866
96
2424
4689
301
6476
938
6640
260
406
108
7224
190
6746
352
316
6694
286
434
6487
615
312
7023
248
143
6373
1041
6834
376
204
4337
919
1071
333
643
111
6389
789
236
7025
170
219
7001
209
204
5247
972
380
142
179
267
227
3253
766
1043
288
1613
199
252
4352
2587
285
190
7247
167
7235
179
6026
365
788
235
7024
390
6994
195
225
4322
2159
576
357
1711
4805
481
417
193
4387
2386
265
183
7146
268
691
6581
142
7219
195
7414
6761
237
135
281
7414
2502
2382
519
439
282
475
437
207
171
6892
522
7413
1
6775
639
6517
142
211
544
7209
205
7414
5078
2201
135
7414
3811
3366
237
6057
166
325
386
134
346
7255
159
7220
194
4054
1580
609
189
442
540
5680
228
1110
196
200
6982
201
231
7414
6412
283
293
306
120
4226
2579
270
149
190
6686
170
213
345
728
2538
3947
201
7414
3431
2792
301
301
225
234
129
1
7414
7030
270
114
6845
567
2
213
6301
699
201
6123
676
615
3921
1933
201
287
275
796
1
6602
203
436
173
5839
1114
461
7214
199
1
6407
304
128
376
199
1058
5314
182
237
270
177
176
6809
361
137
107
6694
212
295
213
5659
562
301
892
7179
235
6683
380
176
175
7414
5937
976
501
6881
245
288
224
7190
7414
7414
6993
421
607
6023
546
95
142
1
7414
7254
160
7006
137
271
6370
618
426
6873
541
5805
611
234
148
396
220
6725
396
182
111
5781
338
705
442
148
4366
457
345
222
209
291
890
164
209
261
7097
317
7026
230
156
2
6539
251
624
3205
1577
2044
262
145
181
7414
5350
866
408
286
184
320
6435
186
534
259
1941
320
360
3026
1438
329
4231
1431
1556
196
6383
691
164
176
6402
288
317
224
182
1
5040
891
484
698
170
131
6139
512
402
219
142
6096
1056
146
116
267
6735
412
1294
5723
190
207
3922
709
802
1289
517
175
6575
617
222
7414
5507
911
828
168
869
4080
669
201
188
616
271
520
5152
1359
210
444
249
7210
204
6659
175
253
327
260
5320
1088
460
286
7057
356
1
7043
371
5443
192
1779
6794
450
170
5488
1395
353
178
6528
886
7111
303
7414
724
6390
300
7134
280
6473
718
223
7080
334
6516
232
492
174
7414
5427
418
1379
190
6994
313
106
1
7243
171
4612
497
1417
168
175
289
198
58
4970
723
405
1184
132
6704
710
4539
2875
7181
233
5864
1550
6840
217
157
200
1241
5790
383
6492
806
116
966
266
4253
164
509
715
121
420
7107
307
5890
1374
150
6775
639
6570
844
5947
475
388
221
167
216
7414
6081
1008
325
7033
194
187
6407
672
335
7234
180
6954
460
5085
1062
783
484
3319
1819
1079
265
346
299
287
7136
278
7152
110
152
7414
7277
137
6451
351
168
163
119
162
6983
151
280
6230
725
262
197
6881
533
3242
4172
6346
405
196
205
262
1244
4331
788
585
157
309
5911
777
580
146
6295
349
503
267
7168
246
6111
1181
122
7325
88
1
1101
4608
1272
433
7005
181
228
5534
1319
273
286
2
7293
121
278
4376
2083
472
205
7147
119
148
7013
401
7414
6408
1006
3891
472
393
2520
138
5935
1197
135
147
7076
205
133
1878
4166
908
226
236
5495
1015
322
324
258
681
252
5397
757
327
7414
7219
195
7414
6313
503
153
234
211
7414
6493
220
443
105
153
1758
2083
1008
167
1270
409
145
574
2959
3448
241
574
192
5601
819
221
277
103
192
201
6999
415
4787
673
461
884
305
304
3391
3539
199
285
302
6892
219
1
7111
303
7414
7238
176
6301
603
196
136
178
433
4099
638
1885
359
6733
542
139
6606
153
172
223
260
7240
174
6838
365
211
3519
3458
437
5512
428
179
143
299
546
148
159
6987
427
6415
253
606
140
7257
157
7071
341
2
7414
7249
165
7414
6384
707
323
7414
7414
7194
220
5983
156
1275
7414
4811
116
1398
493
251
176
169
7414
5891
717
228
250
225
103
6820
416
178
5849
159
102
1020
284
6651
194
277
153
139
6399
433
582
6609
547
152
106
6940
174
158
140
1
1
6386
457
229
96
246
6916
498
6755
203
456
6948
466
7102
312
5749
232
959
127
97
250
2035
5267
112
3940
563
2911
4878
203
580
772
504
257
220
2283
3488
524
886
233
4463
2225
177
338
211
7092
200
122
7414
5461
828
664
461
7413
1
1650
5307
457
348
6007
445
263
234
117
6146
267
766
235
6304
463
218
159
269
1
6667
747
6572
842
1295
3382
2289
264
184
6997
202
215
4137
1869
269
372
767
251
5239
245
1507
172
7414
7064
350
6085
283
401
645
4775
1171
392
731
345
7414
5979
1435
6946
315
153
6854
106
133
163
158
7216
197
1
6062
748
213
122
268
1
3341
557
1795
499
625
359
238
7204
210
6755
364
295
7034
380
477
810
5784
341
2
5045
2081
164
124
973
2384
1429
706
934
239
328
338
83
3759
3358
297
7414
6420
541
211
242
7047
367
6755
659
7121
293
563
492
1773
1811
516
400
167
890
428
169
205
7414
6967
323
124
4407
193
230
202
2382
6321
460
633
745
4719
622
797
320
211
7027
387
7414
6158
941
315
1489
5708
124
93
7266
148
5103
563
273
492
471
512
4776
1200
282
655
352
149
6953
330
131
4854
1490
576
494
6102
512
529
271
7414
7414
7414
6511
205
507
191
7414
6646
337
107
208
116
6940
474
5602
1204
404
204
7414
7414
5089
467
633
599
626
5106
1292
277
196
207
130
204
1
1
5202
1678
345
189
7414
6960
203
251
6796
337
281
6777
215
130
290
2
7414
4093
2400
921
7414
7414
7414
392
4832
1663
76
221
230
7414
1286
6008
120
6880
125
409
6577
191
291
179
176
6116
708
236
251
103
4021
373
2471
177
192
180
6557
410
217
230
6916
165
333
1123
254
2767
495
890
789
261
408
111
157
159
6992
422
6448
966
4454
712
1295
677
276
6845
173
171
225
7414
7293
121
7414
7414
3664
434
132
231
185
911
1857
6390
361
663
7188
226
7115
299
7095
127
192
5928
1327
159
244
5522
111
1204
333
7044
370
223
6143
679
114
131
124
5107
1078
239
245
168
105
472
6275
211
412
287
226
3
1343
5424
249
398
6080
171
557
184
421
1
5717
593
265
496
342
1
7331
82
1
5584
1295
294
241
7414
7239
175
156
6417
232
218
192
199
7260
154
4663
1775
369
271
336
6127
1286
1
658
5863
211
433
249
222
3797
3013
382
7414
6731
683
7093
189
132
6770
323
321
560
4147
638
447
452
243
368
155
261
143
7414
7414
368
607
189
2623
367
867
196
1004
205
688
300
6417
277
532
188
7414
7058
356
6440
246
261
234
233
7091
323
7414
684
6730
4809
491
1294
136
339
122
223
7414
1322
5903
189
6351
613
450
5923
1335
156
5712
835
204
425
238
4351
1238
1468
157
200
7103
311
670
6080
251
261
152
6412
201
238
259
303
1
5415
523
103
507
570
139
157
2179
3028
530
938
329
410
317
6915
182
6735
456
223
7414
6730
302
234
148
429
6374
295
314
2
5754
627
562
471
487
6754
173
7413
1
6792
202
196
224
6760
534
120
6446
271
383
148
166
7084
188
142
352
6254
186
291
331
6890
146
193
185
7039
375
7414
4044
260
1949
500
206
455
5189
493
1495
237
7276
138
6495
377
326
216
6632
580
202
5830
137
356
179
515
396
1
7202
211
1
5140
676
507
388
369
126
208
7414
5171
477
759
602
405
7180
233
1
854
2038
1309
2772
441
5589
384
170
364
266
305
170
166
6303
401
426
284
6915
361
138
443
5641
257
196
161
562
154
5034
1223
1157
5138
1503
132
377
264
958
3508
444
1522
146
402
226
207
1
7414
3650
242
1598
360
1137
128
298
1
7269
145
7272
142
7414
184
238
6586
239
167
321
5569
796
304
424
6195
914
305
7168
246
6450
424
222
318
7198
215
1
7414
6345
340
491
238
4242
154
1984
443
202
388
1
7414
7414
7413
1
1188
411
1078
4515
222
7414
722
245
6447
555
6427
158
274
6832
237
233
112
7414
5634
671
492
617
7068
179
167
7102
311
1
6813
355
243
3
7263
151
7414
340
6760
312
1
1
310
6714
238
152
7159
156
99
5742
91
1230
182
169
6864
550
4885
1474
313
284
458
6480
437
330
167
337
5882
682
269
109
135
4704
1562
1148
7215
199
7274
140
6899
249
265
1
7039
275
99
1
7235
179
7414
901
6512
1
5374
1416
624
5975
739
310
187
203
7143
271
6391
161
514
347
1
7414
7414
6453
601
184
176
4693
756
873
224
716
152
7277
137
7134
98
182
5654
520
241
298
420
281
5521
1102
153
240
300
98
4266
1859
590
207
293
199
4617
1670
867
260
4434
2492
296
192
5556
378
244
123
502
207
404
589
2845
827
503
550
244
852
393
174
156
281
6674
248
364
128
7414
5127
1756
232
298
1
459
6748
207
6647
440
160
167
6917
497
5574
331
1175
334
6889
525
5977
1323
114
234
6932
248
6643
252
334
185
7414
7266
148
3715
1977
1281
441
6927
302
185
3828
2752
642
192
3378
338
1185
226
915
166
1038
168
6752
160
502
610
5152
314
397
245
276
324
96
5465
626
222
155
731
215
7140
274
6120
543
506
245
6804
375
235
6917
372
125
881
6390
143
1946
4770
593
105
7414
6956
237
220
1
4819
2595
2989
4250
175
7175
238
1
7131
283
7414
3127
3920
367
7003
268
143
761
1939
908
1142
562
1235
148
206
331
181
1
5367
1185
208
245
276
132
1
6129
280
301
300
226
178
7025
216
173
5190
1599
85
178
362
6383
315
291
188
237
4540
834
925
545
209
361
7414
421
259
1437
3508
634
179
559
417
7414
4676
705
552
273
723
485
6890
345
179
6455
383
328
248
6119
758
537
318
6688
408
910
5275
197
443
332
257
693
3034
2834
276
292
285
3230
3579
434
171
6383
153
554
324
7005
211
198
7235
179
7414
2706
4454
126
128
731
6683
988
1801
1821
2232
120
183
269
6243
1167
4
6382
285
472
275
6743
454
217
5906
321
527
372
288
4975
314
934
387
287
207
179
131
4980
1769
279
386
6618
232
328
236
5731
954
729
5999
1156
259
5945
1079
202
188
382
7032
6906
508
7097
317
7221
193
2027
2579
242
1744
630
192
6607
342
465
5789
513
895
217
6962
186
266
7199
215
6328
710
376
7079
335
7414
404
6833
177
7332
82
833
6378
203
7414
6868
546
7134
280
6968
446
1013
6218
183
7106
308
4549
2743
122
7414
7414
6965
289
160
5862
227
192
338
795
6830
295
289
7146
268
361
6935
118
596
6490
188
140
6771
252
198
191
1
1
6890
295
229
6983
129
302
7414
7414
3400
3510
504
1238
6176
6556
181
677
6481
225
315
393
1287
360
1798
1059
1969
256
182
182
321
275
2206
1646
1916
868
233
270
6455
331
332
296
7186
107
121
6958
259
195
1
1
4485
2773
156
1703
4407
138
96
198
200
381
291
5668
153
866
727
7414
7097
317
7266
148
4960
552
291
335
527
165
273
311
7218
196
1400
6014
7024
389
1
7414
1119
1880
898
430
1996
239
510
177
165
4973
505
412
415
574
148
387
6859
400
155
7413
1
1265
3479
550
1578
221
160
161
2699
4004
219
492
7294
120
5724
124
729
255
581
1
7414
7413
1
4894
2520
7414
467
6799
147
1
7136
278
5849
185
1071
309
1435
2060
3531
156
232
6084
424
146
760
7249
165
2910
4188
143
173
3613
2377
1424
2131
206
4654
287
135
1
5768
404
1242
5163
199
735
446
208
216
240
207
6444
366
252
352
6592
224
430
168
7026
233
155
7414
5917
1238
259
185
7229
4476
2938
6294
233
413
135
202
136
1
6671
743
441
6400
230
121
221
1
6148
143
416
213
301
193
6908
281
225
4527
482
240
1634
174
169
188
7414
6239
171
506
261
237
6629
190
595
6332
827
255
7103
89
108
114
333
2720
3987
162
212
156
7258
6327
591
301
195
6977
280
154
3
7240
174
2235
2179
1703
969
328
5174
1249
389
224
261
117
5818
1596
5884
893
637
6886
143
385
5842
398
661
331
182
6895
201
318
4994
2239
181
4316
559
299
1345
364
335
196
5418
1563
433
2600
4583
231
6477
319
354
264
7196
218
7222
192
7414
2781
3096
964
170
403
676
4295
2023
420
6697
192
332
193
7252
162
2833
251
412
2425
909
327
257
440
1890
550
1314
2656
432
132
6396
271
433
314
5841
508
104
756
205
2778
628
2024
219
1765
7414
6663
751
6926
361
127
7247
167
166
6057
947
244
828
5560
598
227
200
1
6925
373
116
466
6324
624
6732
545
137
6776
637
1
2296
2952
296
1870
7069
344
1
7414
7413
1
387
6068
156
251
552
523
5758
981
152
7084
330
6247
363
209
206
209
180
7414
5403
484
681
203
643
6705
246
251
212
6699
319
256
140
5370
1006
838
200
7414
1096
4882
949
202
285
848
6081
243
242
7072
342
7414
5451
784
634
300
243
2
7168
246
6939
157
318
6218
214
827
155
6688
449
277
1249
4665
732
421
202
145
6926
488
4655
1372
263
798
326
6843
571
6226
168
562
456
2
7414
6512
208
282
144
268
4991
948
1025
254
196
6656
550
208
7414
7321
93
7242
172
5511
1402
382
117
2
5117
847
153
792
307
198
6796
336
282
394
5331
313
286
345
213
282
250
4042
3222
150
7090
152
172
7414
7414
6365
296
753
6101
626
148
229
180
130
238
6733
258
185
6576
331
212
295
411
865
3329
2238
388
183
4552
2862
6252
602
303
257
5181
301
730
647
114
145
296
7214
200
6489
925
7413
1
6829
585
2784
247
1244
1980
821
338
7222
192
6844
342
227
1
6051
1021
342
7414
2861
1755
278
1553
967
337
6670
245
162
672
346
5156
441
427
118
254
7022
158
234
7414
7226
188
2722
2364
1512
529
287
7179
235
7414
499
3177
539
1315
225
933
277
357
92
6628
786
5739
193
1061
160
261
5495
761
203
349
177
272
157
7037
185
192
6537
614
263
6913
227
166
108
6612
678
124
7057
357
6451
451
252
260
6354
657
233
169
1
7414
7212
202
6580
834
7176
238
7414
443
6834
137
6914
500
6373
199
369
166
127
180
7412
2
7414
6032
833
316
231
2
6124
776
196
318
6640
430
344
4387
2585
238
204
6216
405
450
343
7000
290
124
6314
1100
7208
206
7211
203
6525
374
380
135
3584
1147
819
1371
254
239
6533
122
293
217
249
6946
468
390
565
2506
1975
1237
1
458
282
6550
210
342
181
131
5543
1245
359
266
1
7205
209
6677
200
183
163
191
6332
623
459
7018
169
227
3750
113
2941
179
431
5514
491
181
1227
1
2724
1475
1504
1381
188
142
6340
428
337
309
7214
200
986
5889
292
246
1
6886
528
