8029
8029
8029
8029
8029
8029
8029
8029
8029
8029
8029
8029
8029
8029
8029
8029
8029
8029
8029
8029
8029
8029
8029
8029
4395
3634
8029
8029
8029
3768
4261
8029
8029
8029
8029
8029
8029
8029
8029
8029
8029
8029
8029
8029
8029
8029
8029
8029
8029
8029
8029
8029
8029
8029
8029
3697
4332
8029
8029
8029
8029
8029
8029
4930
3099
8029
8029
8029
8029
8029
8029
8029
8029
8029
8029
8029
8029
8029
8029
8029
8029
8029
8029
8029
8029
8029
8029
8029
8029
8029
8029
8029
8029
8029
3360
4669
8029
8029
8029
8029
4421
3608
3786
4243
8029
8029
8029
8029
8029
8029
8029
8029
8029
8029
8029
8029
8029
3490
4539
8029
8029
8029
8029
8029
8029
8029
8029
8029
8029
8029
8028
1
8029
8029
8029
8029
8029
8029
8029
4684
3345
8029
8029
8029
8029
8029
8029
8029
8029
8029
8029
8029
8029
8029
8029
8029
8029
8029
8029
8029
8029
4305
3724
8029
8029
4219
3810
8029
8029
8029
8029
8029
8029
8029
8029
8029
8029
8029
8029
8029
8029
8029
8029
8029
8029
8029
8029
8029
8029
8029
8029
2837
5192
8029
8029
4297
3732
8029
8029
8029
8029
8029
3992
4037
8029
8028
1
8029
8029
8029
8029
8029
8029
8029
8029
8029
8029
8029
8029
8029
8029
8029
8029
8029
8029
8029
8029
8029
8029
8029
8029
8029
8029
8029
8029
8029
8029
8029
8029
8029
8029
8029
8029
8029
8029
8029
8029
8029
8029
8029
8029
8029
8029
8029
8029
8029
8029
8029
8029
8029
8029
8029
8029
8029
8029
8029
8029
8029
8029
8029
8029
8029
8029
8029
8029
8029
8029
8029
8029
8029
8029
8029
8029
8029
8029
8029
8029
8029
8029
8029
8029
8029
8029
8029
8029
8029
8029
8029
8029
8029
8029
8029
8029
8029
8029
8029
8029
8029
8029
8029
8029
8029
8029
8029
8029
8029
8029
4173
3856
8029
8029
8029
8029
8029
8029
8029
8029
8029
8029
8029
8029
8029
8029
8029
8029
8029
8029
8029
8029
8029
8029
8029
8029
8029
8029
8029
8029
8029
8029
8029
8029
3465
4563
1
8029
8029
8029
8029
8029
8029
8029
8029
8029
8029
8029
8029
8029
8029
8029
4373
3656
8029
8029
8029
8029
8029
4051
3978
8029
8029
8029
8029
8029
8029
8029
8029
8029
8029
8029
8029
8029
8029
8029
8029
8029
8029
8029
8029
8028
1
8029
8029
8029
8029
8029
8029
8029
8029
8029
8029
8029
8029
8029
3808
4221
8029
8029
8029
8029
8029
8029
8029
8029
8029
8029
8029
8029
8029
8029
8029
8029
8027
2
8029
8029
8029
8029
8029
8029
8029
8029
8029
8029
3529
4500
8029
8029
8029
8029
8029
8029
8029
8029
8029
8028
1
8029
8029
8029
8029
8029
8029
8029
8029
8029
4796
3233
8029
8029
8029
4020
4009
8029
8029
8029
8029
8029
8029
8029
8029
8029
8027
2
8029
8029
8029
8029
8029
8029
8029
8029
8029
8029
8029
8029
8029
8029
8029
8029
8029
8029
8029
8029
8029
8029
8029
8029
8029
8028
1
8029
8029
8029
8029
8029
8029
8029
8029
8029
8029
8029
8029
8029
8029
8029
8029
8029
8029
8029
8029
8029
8029
8029
8029
8029
8029
8029
8029
8029
8029
8029
4186
3843
8029
8029
8029
8028
1
8029
8029
8029
8029
8029
8029
8029
8029
8029
8029
8029
8029
8029
8029
8029
8029
8029
8029
8029
8029
8029
8029
8029
8029
8029
8029
8029
8029
8029
8029
8029
8029
8029
8029
8029
8029
8029
8029
8029
8029
8029
8029
8029
8029
8029
8029
3829
4200
8029
8029
8029
8029
8029
8029
8029
4038
3991
8029
8029
8029
8029
8029
8029
8029
8029
8029
8029
8029
8028
1
8029
8029
8029
3892
4137
8029
8029
8029
8029
8029
8029
8029
8029
8029
8029
8029
8029
8029
8029
8029
8029
8029
4065
3964
8029
8029
8029
8029
8029
8029
8029
8029
8029
8029
8029
8029
8029
8029
8029
8029
8029
8029
8029
8029
8029
8029
8029
8029
8029
8029
8029
8029
8029
8029
8029
8029
8029
8029
8029
8029
8029
8029
8029
8029
8029
8029
8029
4856
3173
8029
8029
8029
8029
8029
8029
8029
8029
8029
8029
8029
8029
8029
8029
8029
8029
8029
8029
8029
8029
8029
8029
8029
8029
8029
8029
8029
8029
8029
8029
8029
8029
8029
8029
8029
8029
8029
8029
8029
8029
8029
8029
8029
8029
8029
8029
8029
8029
8029
8029
8029
8029
8029
8029
8029
8029
8029
4539
3490
8029
8029
4723
3306
8029
8029
8029
8029
8029
3607
4422
8029
8029
8029
8029
8029
8029
8029
8029
8029
8029
8029
8029
8029
8029
4702
3327
8029
8029
8029
8029
8029
8029
8029
8029
8029
8029
8029
8029
8029
8029
8029
8029
8029
8029
8029
8029
8029
8029
8029
8029
8029
8029
8029
8029
8029
4434
3595
8029
8029
8029
8029
8029
8029
8029
8029
8029
8029
8029
8029
8029
8029
8029
8029
8029
8029
8029
8029
4787
3242
8029
8029
8029
8029
8029
8029
8029
8029
8029
8029
8029
8029
8029
8029
8029
8029
8029
8029
8029
8029
8029
8029
8029
8029
8029
8029
8029
8029
8029
8029
3618
4411
8029
8029
8029
8029
8029
8029
8029
8029
8029
8029
8029
8029
8029
8029
8029
8029
8029
8029
8029
8029
8029
8029
8029
8029
8029
8029
8029
8029
8029
8029
8029
8029
8029
8029
8029
8029
8029
8029
8029
8029
8029
8029
8029
8029
8029
8029
8029
8029
8029
8029
8029
8029
8029
8029
8029
8029
8029
8029
8029
8029
8029
8029
8029
8029
8029
8029
8029
8029
8029
8029
4080
3949
8029
8029
8029
8029
8029
8029
8029
8029
8029
8029
8029
8029
8029
8029
8029
8029
8029
8029
8029
8029
8029
8029
8029
8029
8029
8029
8029
8029
8029
8029
8029
8029
8029
8029
8029
8029
8029
8029
8029
8029
8029
8029
8029
8029
8029
8029
8029
8029
8029
8029
8029
8029
8029
8029
8029
8029
8029
8029
8029
8029
8029
8029
8029
8029
8029
8029
8029
8029
8029
8029
8029
8029
8029
8029
8029
8029
8029
8029
8028
1
8029
8029
8029
8029
8029
8029
8029
8029
8029
8029
8029
8029
8029
8029
8029
8029
8029
8029
8029
8029
8029
8029
8029
8029
8029
8029
8029
8029
8029
8029
8029
3731
4298
8029
8029
8029
8029
8029
4051
3978
8029
8029
8029
8029
8029
8029
8029
8029
8029
8028
1
8029
8029
8029
8029
8029
8029
8029
8029
8029
8029
8029
8029
8029
8029
8029
8029
4661
3368
8029
8029
8029
8029
8029
8029
8029
8029
8029
8029
8029
8029
8029
8029
8029
8029
8029
8029
8029
8029
8029
8029
8029
8029
8029
8029
8029
8029
8029
8029
8029
8029
8029
8029
8029
8029
8029
8029
8029
8029
8029
8029
8029
8029
8029
8029
8029
8029
8029
8029
8029
8029
8029
8029
8029
8029
8029
8029
8029
8029
8029
8029
8029
8029
8029
8029
8029
8029
8029
8029
8029
8029
8029
8029
8029
8029
8029
8029
8029
8029
8029
8029
8029
8028
1
4097
3932
8029
8029
8029
8029
8029
8029
8029
8029
8029
8029
8029
8029
8028
1
8029
8029
8029
8029
8029
8029
8029
8029
8029
8029
8029
8029
8029
8029
8029
8029
8029
8029
8029
8029
8029
8029
8029
8029
8029
8029
8029
8029
8029
8029
8029
8029
8029
8029
8029
8029
8029
8029
8029
8029
8029
8029
8029
8029
8029
8029
8029
4071
3958
8029
8029
8029
8029
4104
3925
8029
8029
8029
8029
8029
8029
8029
8029
8029
8029
8029
8029
8029
8029
8029
8029
8029
8029
8029
8029
8029
8029
8029
8029
8029
3566
4463
8029
8029
8029
8029
8029
8028
1
8029
8029
8029
8029
8029
8029
8029
8029
8029
8029
8029
8029
8029
8029
8029
8029
8029
8029
8029
8029
8029
4330
3699
8029
8029
8029
8029
8029
8029
8029
8029
8029
8029
8029
8029
8029
8029
8029
8028
1
8029
8029
8029
8029
8029
8029
8029
8029
8029
8028
1
8029
8029
8029
8029
8029
8029
8029
8027
2
8029
8029
8029
8029
8029
8029
8029
8029
8029
8029
8029
8029
8029
8029
8029
8029
8029
8029
8029
8029
8029
8029
8029
8029
8029
8027
2
8029
8029
8029
8029
8029
8028
1
8029
8029
8029
8029
8029
8029
8028
1
8029
8029
8029
8029
8029
8029
8029
8029
8029
8029
8029
8029
8029
8029
8029
8029
8029
8029
8029
8029
8029
8029
8029
8029
8029
8029
8029
8029
8029
8029
8029
8029
8029
8029
4837
3192
8029
8029
8029
8029
8029
8029
8029
8029
8029
8029
8029
2049
5980
8029
8029
5695
2334
8029
8029
8029
3871
4158
8029
8029
8029
8029
8029
8029
8029
8029
8029
8029
8029
8029
8029
8029
8029
8029
8029
8029
5122
2907
8029
8029
8029
8029
8029
8029
8029
8029
8029
8029
8029
8029
8029
8029
8029
8029
8029
8029
8029
8029
8029
8029
8029
8029
8029
8029
8029
8029
8029
8029
8029
8029
8029
8029
8029
8029
8029
8029
8029
8029
8029
8029
4581
3448
8029
8029
8029
8028
1
8029
8029
8029
8029
8029
8029
8029
8029
8029
8029
8029
8029
8029
8029
8029
8029
8029
8029
8029
8029
8029
8029
8029
8029
8029
8029
8029
8029
8029
8029
8029
8029
8029
8029
8029
8029
8029
8029
8029
8029
8029
8029
8029
8029
8029
8029
8029
8029
8029
8029
8029
8029
8029
8029
8029
8029
8029
8029
8029
8029
8029
8029
8029
8029
8029
8029
8029
8029
8029
8029
8029
8029
8029
8029
8029
8029
8029
8029
8029
8029
8029
8029
8029
8029
8029
8028
1
8029
8029
8029
8029
8029
8029
8029
8029
8029
8029
8029
8029
8029
8029
8029
8029
8029
8029
8029
8029
8029
8029
8029
8029
8029
8029
8029
8029
4602
3427
8029
3674
4355
8029
8029
8029
8029
8029
8029
8029
8029
8029
8029
8029
8029
8029
8029
8029
8029
8029
8029
8029
8029
8029
8029
8029
8029
8029
8029
8029
8029
8029
8029
8029
8029
8029
8029
8029
8029
8029
8029
8029
8029
8029
8029
8029
8029
8029
8029
8028
1
8029
8029
8029
8029
8029
8029
8029
8029
3542
4487
8029
8029
8029
8029
8029
8029
8029
8029
8029
8028
1
8029
8029
8029
1688
6341
8029
8029
8029
8029
8029
8029
8029
8029
8029
8029
8029
8029
8029
8029
8029
8029
8029
8029
8029
8029
8029
8029
8029
8029
8029
8028
1
8029
8029
8029
8029
8029
8029
8029
8029
8029
8029
8029
8029
8029
8029
8029
8029
8029
8029
8029
8029
8029
8029
8029
8029
8028
1
8029
8029
8029
8029
8029
4058
3971
8029
8029
3865
4164
4421
3608
8029
8029
8029
8029
8029
8029
8029
8029
8029
8029
8029
8029
8029
8029
8029
8029
8029
8029
8029
8029
8029
8029
8029
8029
8029
8029
8029
8029
8029
8029
8029
8029
8029
8029
8029
8029
8029
8029
8029
8029
8029
8029
8029
8029
8029
8029
8029
8029
8029
8029
4183
3846
8028
1
8029
8029
8029
8029
8029
8029
8029
8029
8029
8029
8029
8029
8029
8029
8029
8029
8029
8029
8029
8029
8029
3396
4633
8029
8029
8029
8029
8029
8029
8029
8029
8029
4462
3567
8029
8029
8029
8029
8029
8029
8029
8029
8029
8029
8029
8024
5
8029
8029
8029
8029
8029
8029
3388
4641
8029
8029
8029
8029
8029
8029
8029
8029
8029
8029
8029
8029
8029
8029
8029
8029
8029
8029
8029
8029
8029
8029
8029
8029
8029
8029
8029
8029
8029
8029
8029
8029
8029
8029
8029
8029
8029
8029
8029
8029
8029
8029
8029
8029
8029
8029
8029
8029
3792
4237
8029
8029
8029
8029
8029
8029
8029
8029
8029
4421
3608
8029
8029
8029
8029
8029
8029
8029
8029
8029
8029
8029
8029
8029
8029
8029
8029
8029
8029
8029
8029
8029
8029
8029
8029
8029
8029
5117
2912
8029
8029
8029
8029
8029
8029
8029
8029
8029
8029
8029
8029
8029
8029
8029
8029
3801
4228
8029
8029
5877
2152
8029
8029
8029
8029
8029
8029
8029
8029
8029
8029
8029
8029
8029
8029
2382
5647
8029
8029
8029
8029
8029
8029
8029
8029
8029
8029
8029
8029
8029
8029
8029
8029
8029
8029
8029
8029
8029
8029
8029
8029
8029
8029
8029
8029
8029
8029
8029
8029
8029
8029
8029
8029
8028
1
8029
8029
8029
8029
8029
8029
8029
8029
8029
8028
1
8029
3584
4445
8029
8029
8029
5268
2761
8029
8029
8029
8029
8029
8029
4438
3591
8029
8029
8029
8029
8029
8029
8029
8029
8029
8029
8029
8029
8029
8029
8029
8029
4061
3968
8029
8029
8029
8029
8029
8029
8029
8029
8029
8029
8029
8029
8029
8027
2
8029
8029
8029
8029
8029
8029
8029
8029
8029
8029
8029
8029
8029
8029
8029
8029
8029
8029
8029
8029
8029
8029
8029
8029
8029
8029
2861
5168
8029
8029
8029
8029
8029
8029
8029
8029
8029
8029
8027
2
8029
8029
8029
8029
8029
8029
8029
8029
8029
3727
4302
8029
8029
8029
8029
8029
8029
8029
8029
8029
8029
8029
8029
8029
8029
8029
8029
8029
3748
4281
8029
8029
8029
8029
8029
8029
8029
8029
8029
8029
8029
8029
8029
8029
8029
8029
8029
8029
8029
8029
8029
8029
8029
8029
8029
8029
4401
3628
8029
8029
8029
8029
8029
8029
8029
8029
8029
8029
8029
8029
8029
8029
8029
8029
8029
8029
8029
8029
8029
8029
8029
8029
8029
8029
8029
8029
8029
8029
8029
8029
8029
8029
8029
8029
8029
8029
8029
8029
8029
8029
8029
8029
8029
8029
8029
8029
8029
8029
8029
8029
8028
1
8029
8029
8029
8029
8029
8029
8029
8029
8028
1
8029
8029
8029
8029
8029
8028
1
8029
8029
8029
8029
8029
8029
8029
8029
8029
8029
5700
2329
8029
8029
8029
8029
8029
8029
8029
8029
8029
8029
8029
8029
8029
8029
8029
8029
8029
8029
8029
8029
8029
8029
8029
3542
4487
8029
8029
8029
3497
4532
8029
8029
8029
8029
8029
8029
8029
8029
8029
8029
8029
8029
8029
8029
8029
8029
8029
3356
4673
8029
8029
8029
8029
8029
8029
8029
8029
8029
8029
8029
8029
8029
8029
8029
8029
8029
8029
8029
8028
1
8029
8029
8029
8029
8029
8029
8029
8029
8029
8029
8029
8029
8029
8029
8028
1
8029
8029
4082
3947
8029
8029
8029
8029
8029
8029
8029
8029
8029
8029
8028
1
8029
8029
8029
8029
8029
8029
8029
8029
8029
8029
8029
8029
8029
8029
8029
8029
8029
8029
8029
8029
8029
8029
8029
8029
8029
8029
8029
8029
8029
8029
8029
8029
8029
8029
8029
4412
3617
8029
8029
8029
8029
8029
8029
8029
8029
8029
8029
8029
8029
8029
8029
8029
8029
8029
8029
8029
8029
8029
8029
8029
8029
8029
8029
8029
8029
8029
8029
8029
8029
8029
8029
8029
8029
8029
8029
8029
8029
8029
8029
8029
8029
8029
8029
8029
8029
8029
8029
8029
8029
8029
8029
8029
8029
8029
8029
8029
8029
8028
1
8029
8029
8029
8029
8029
8029
8029
8029
8029
8029
3832
4197
8029
8029
8029
8029
8029
8029
8029
8029
8029
8029
8029
8029
4524
3505
8029
8029
8029
8029
8029
8029
8029
8029
8029
8029
8029
8029
8029
8029
8029
8029
8029
8029
8029
8029
8029
8029
8029
8029
8029
8029
8029
8029
8029
8029
8029
8029
8029
8029
8029
8029
8029
8029
8029
8029
8029
8029
8029
8029
8029
8029
8029
8029
8029
8029
8029
8029
8029
8029
8029
8029
8029
8029
8029
8029
8029
8029
8029
8029
4163
3866
8029
8029
8029
8029
8029
8028
1
8029
8029
8029
8029
8029
8029
8029
8029
8029
8029
8029
8029
8029
8029
8029
8029
8029
8029
8029
8029
8029
8029
8029
8029
8029
8029
8029
8029
8029
8029
8029
8029
8029
8029
8029
8029
8029
8029
8029
8029
8029
8029
8029
8029
8029
8029
8029
8029
8029
8029
8029
8029
8029
8029
8029
8029
3594
4435
8029
8029
8029
8029
8029
8029
8029
8029
8029
8029
8029
8029
8029
8029
8029
8029
8027
2
8029
3980
4049
8029
8029
3486
4543
8029
8029
8029
8029
8029
8029
8029
8029
8029
8029
8029
8029
8029
8029
8029
8029
8029
8029
8029
8029
8029
4123
3906
8029
8029
8029
8029
8029
8029
8029
8029
8029
8029
8029
2234
5795
8029
8029
8029
4999
3030
8029
8029
8029
8029
8029
8029
8029
8029
8029
8029
8029
8029
8029
8029
8029
8029
8029
8029
8029
8029
4442
3587
8029
8029
8029
8029
8029
8029
8029
8029
3750
4279
8029
8029
8029
8029
8029
8029
8029
8029
8029
8029
8029
8029
8029
8029
8029
8029
8029
8029
8029
8029
8029
8029
8029
8029
8029
8028
1
8029
8029
8029
8029
8029
8029
8029
8029
8029
8029
8029
8029
8029
8029
4043
3986
8029
8029
8029
8029
8029
8029
8029
8029
8029
8029
8029
8029
8029
8029
8029
8029
8029
8029
8029
8029
8029
8029
8029
8029
4092
3937
8029
8029
8029
8029
8029
8029
8029
8029
8029
8029
8029
8029
8029
8029
8029
8029
8029
8029
8029
8029
8029
8029
8029
8029
8029
8029
8029
8029
8029
8029
8029
8029
8029
3962
4067
8029
8029
8029
8029
8029
8029
8029
8029
8029
8029
8029
8029
8029
8029
8029
8029
8029
8029
8029
8029
8029
8029
8029
8029
8029
8029
8029
8029
8029
8029
8029
8029
8029
8029
8029
8029
8029
8029
8029
4249
3780
8029
8029
8029
8029
8029
8029
8029
8029
8029
8029
8029
8029
8029
8029
8029
8029
8029
8029
8029
8029
8029
8029
8029
8029
8029
8029
8029
8029
8029
8029
8029
8029
8029
8029
8029
8029
8029
8029
8029
8029
8029
8029
8029
8029
8029
8029
8029
8029
8029
8029
8029
8029
8029
8029
8029
8029
8029
8029
8029
8029
8029
8029
8029
8029
8029
8029
5144
2885
8029
8029
8029
8029
8029
8029
8029
8029
8029
8029
8029
8029
8029
3719
4310
8029
8029
8029
8029
8029
8029
8029
8029
8028
1
8029
8029
8029
8029
8029
8029
8029
8029
8029
3319
4710
8029
8029
8029
8029
8029
8029
8029
8029
8029
8029
8029
8029
8029
8029
8029
8029
8029
8029
8029
8029
8029
8029
8029
8029
8029
8029
8029
8029
8029
8029
8029
8029
3173
4856
8029
8029
8029
8029
8028
1
8029
8029
8029
8029
8029
8029
8029
8029
8029
8029
8029
8029
8029
8029
8029
8029
8029
8029
8029
8029
8029
8029
8029
8029
8029
8029
8029
8029
8029
8029
8029
4268
3761
8029
8029
8029
8029
8029
8029
8029
8029
8029
8029
8029
8029
8029
8029
8029
8029
8029
8029
8029
8029
8029
8029
8029
8029
8029
8029
8029
8029
8029
8029
8029
8029
8029
3653
4376
8029
8029
8029
8029
8029
8029
8029
8029
8029
8029
8029
8029
8029
8029
8029
8029
8029
8029
8029
8029
8029
8029
8029
8029
8029
8029
8029
8029
8029
3313
4716
8029
8029
8029
8029
8029
8029
8029
8029
8029
8029
8029
8029
8029
3528
4501
8029
8029
8029
8029
8029
8029
8029
8029
8029
8029
8029
8029
8029
8029
8029
8029
8029
8029
8029
8029
8029
8029
4901
3128
8029
8028
1
8029
8029
8029
8029
3174
4855
8029
8029
8029
8029
8029
8029
8029
8029
8029
8029
8029
8029
8029
8029
8029
8029
8029
8029
8029
8029
8029
8029
8029
8029
8029
8029
8029
8029
8029
8029
8029
8029
8029
8029
8029
8029
8029
8029
8029
8029
8029
8029
8029
8029
8029
8029
8029
4970
3059
8029
8029
8029
8029
8029
8029
8029
8029
8029
8029
8029
8029
8029
8029
8029
8029
8029
8029
8029
8029
8029
8029
8029
8029
8029
8029
8029
8029
8029
8029
5857
2172
8029
8029
8029
8029
8029
8029
8029
8029
5826
2203
8029
8029
8029
8029
8029
8029
8029
8029
8029
8029
8029
8029
8029
8029
8029
8029
8029
8027
2
8029
8029
8029
8029
8029
8029
8029
8029
8029
8029
8029
8029
8029
8029
8029
8029
8029
8029
8029
8029
8029
8028
1
8028
1
8029
8029
8029
8029
8029
8029
8029
8029
8029
8029
8029
8029
8029
8029
8029
8029
8029
8029
8029
8029
8029
8029
8029
8029
8029
8029
8029
8029
8029
3727
4302
8029
8029
8029
8029
8029
8029
8029
8029
8029
8029
8029
8029
8029
8028
1
8029
8029
8029
8029
8029
8029
8029
8029
8029
8029
8029
8029
8029
8029
8029
8029
8029
8029
8029
8029
8029
8029
8029
8029
8029
8029
4059
3970
8029
8029
8029
8029
8029
8029
8029
8029
8029
8029
8029
8029
8029
8029
8029
8029
8029
8029
8029
8029
8029
3841
4188
8029
8029
8029
8029
8029
8029
8029
8029
8029
8029
8029
8029
8029
8029
8029
8029
8029
8029
8029
8029
8029
8029
8029
8029
8029
8029
8029
8029
8029
8029
8029
8029
8029
8029
8029
8029
8029
8029
8029
8029
8029
8029
8029
8029
8029
8029
8029
8029
8029
8029
8029
8029
8029
8029
8029
8029
8029
8029
8029
3990
4039
8029
8029
8029
4700
3329
8029
8029
8029
8029
8029
8029
8029
8029
8029
8029
8029
8029
8029
8029
8029
8029
8029
8029
8029
8029
8029
8029
8029
8029
8029
8029
8029
8029
8029
8029
8029
8029
8029
8029
3829
4200
8029
8029
8029
8029
8029
8029
8029
8029
8029
8029
8029
4091
3938
8029
3930
4099
8029
8029
8029
8029
8029
8029
8029
8029
8029
8029
8029
8029
8029
8029
8029
8029
8029
8029
8029
8029
8029
8029
8029
8029
8029
8029
8029
8029
8029
8029
8029
8029
8029
8029
8029
8029
8029
8029
8029
4077
3952
8029
8029
8029
8029
8029
4261
3768
8029
8029
8029
8029
8029
8029
8029
4227
3802
8029
8029
8029
8029
8029
8029
8029
8029
8029
8029
8029
8029
8029
8029
8029
8029
8029
8029
8029
8029
8029
8028
1
8029
8029
8029
8029
8029
8029
8028
1
8029
8029
8029
8029
8029
8029
8029
8029
8029
8029
8029
8029
8029
8029
8029
8029
8029
8029
8029
8029
8029
8029
8029
8029
8029
8029
8029
8029
8029
8029
8029
8029
8029
8029
8029
8029
8029
8029
8029
8029
8029
8029
8029
8029
8029
3826
4203
8029
4167
3862
8029
8029
8029
8029
8029
8029
8029
8029
8029
8029
8029
8029
8029
8029
8029
8029
8029
8029
4185
3844
8029
8029
8029
8029
8029
8029
8029
8029
8029
8029
8029
8029
8029
8029
8029
8029
8029
8029
8028
1
8029
8029
8029
8029
8029
8029
8027
2
8029
8029
8029
8029
8029
8029
8029
8029
8029
8029
8029
8028
1
8029
8029
8029
8029
8029
8029
4701
3328
8029
8029
8029
8029
8029
8029
8029
8029
8029
8029
8029
8029
8029
8029
8029
8029
8029
8029
8029
8029
8029
8029
8029
8029
8029
8029
8029
8029
8029
8029
8029
8029
8029
8029
8029
8029
8029
8029
8029
8029
8029
8029
8029
8029
8029
4064
3965
8029
8029
8029
8029
4598
3431
8029
8029
8029
8029
8029
8029
3760
4269
8029
8029
8029
4532
3497
8029
8029
8029
8029
8029
8029
8029
8029
8029
8029
8029
8029
8028
1
8029
8029
8029
8029
8029
8029
8029
8029
8029
8029
8029
8029
8029
8029
8029
8029
8029
8029
8029
8029
8029
8029
8029
8029
8029
8029
8029
8029
8029
8029
8029
8029
8029
8029
8029
8029
8029
8029
8029
8029
8029
8029
8029
8029
8029
8029
8029
8029
8029
8029
8029
8029
8029
8029
8029
8029
8029
8029
8029
8029
8029
8029
8029
8029
8029
8029
8029
8029
8029
8029
8029
8029
8029
4020
4009
8029
8029
5667
2362
8029
8029
8029
8029
8029
8029
8029
8029
8029
8029
8029
8029
8029
8029
8029
8029
8029
8029
8029
8029
8029
8029
8029
8029
8029
8029
8029
8029
8029
8029
4757
3272
8029
8029
8029
3294
4735
8029
8029
8029
8029
8029
8029
8029
8029
8029
8029
8029
8029
8029
8029
8029
8029
8029
8029
8029
8029
8029
8029
8029
8029
8029
8029
3256
4773
8029
8029
8029
8029
8029
8029
8029
8029
8029
8029
8029
8029
8029
8028
1
8029
8029
8029
8029
8029
8029
8029
8029
8029
8029
8029
8029
8029
8029
8029
8029
8029
8029
8029
8029
8029
8029
8029
8029
8029
8029
8029
8029
8029
8029
8029
3197
4832
8029
8029
8028
1
8029
8029
8029
8029
8029
3613
4416
8029
8029
8027
2
8029
8029
8029
8029
8029
8029
8029
8029
8029
8029
8029
8029
8029
8029
8029
8029
8029
8029
8029
8029
8029
8029
8029
8029
8029
8029
8029
8029
8029
8029
8029
8029
8029
8029
8029
8029
8029
8029
8029
8029
8029
8029
8029
8029
8029
8029
8029
8029
8029
8029
8029
4827
3202
8029
8029
8029
8029
8029
8029
8029
8029
8029
8029
8029
8029
8029
4355
3674
8029
8029
8029
8029
8029
8029
8029
8029
8029
8029
8029
8029
3530
4499
8029
8029
8029
8029
8029
8029
8029
8029
8029
8029
8029
8029
8029
8029
8029
8029
8029
8029
8029
8029
8029
8029
8029
8029
8029
8029
8029
8029
8029
8029
8029
8029
8029
8029
8029
8029
8029
8029
8029
8029
8029
8027
1
1
8029
8029
8029
8029
8029
8029
8029
8029
8029
8029
8029
8029
8029
8029
8029
8029
8029
8029
8029
8029
8029
8029
8029
8029
8029
8029
8029
8029
8029
8029
8029
8029
8029
8029
8029
8029
8029
8029
8029
8029
8029
8029
8029
8029
8029
8029
8029
8029
8029
8029
8029
8029
8029
8029
8029
8029
8029
8029
8029
8029
8029
8029
8029
8029
8029
8029
8029
8029
8029
8029
8029
8029
2790
5239
8029
8029
8029
8029
8029
8029
8029
8029
8029
8029
8029
8029
8029
8029
8029
8029
8029
8029
8029
8029
8029
8029
8029
8029
8029
8029
8029
8029
8029
8029
8029
8029
8029
8029
8029
8029
8029
8029
8029
8029
8029
8029
8029
8029
8029
8029
8029
8029
8029
8029
8029
3547
4482
8029
8029
8029
8029
8029
8029
8029
8029
8029
8029
8029
8029
8029
8029
8029
8029
8029
8029
8029
8029
8029
8029
8029
8029
8029
8029
8029
8029
8029
8029
8029
8029
8029
8029
8029
8029
8029
8029
8029
8029
8029
8029
8029
8029
8029
8029
8029
8029
8029
8029
8029
8029
8029
8029
8029
8029
8029
8029
8029
8029
8029
8029
8029
8029
8029
8029
8029
8029
8029
8029
8029
8029
8029
8029
8029
8029
8029
8029
8029
8029
8029
8029
8026
1
2
8029
8029
8029
8029
8029
8029
8029
8029
8029
8029
8029
8029
8029
8029
8029
8029
8029
8029
8029
8029
8029
8029
8029
8029
8029
8029
8029
8029
4339
3690
8029
8029
8029
8029
8029
8029
8029
8029
8029
8029
8029
8029
8029
8029
8029
8029
8029
8029
8029
8028
1
8029
8029
8029
8029
8029
8029
8029
8029
8029
8029
8029
8029
8029
8029
8029
8029
8029
8029
8029
8029
8029
8029
8029
8029
8029
8029
8029
8029
8029
8029
8029
8029
3473
4556
8029
8029
8029
8029
8029
8029
8029
8029
8029
8029
8029
8029
8029
8029
8029
8029
8029
8029
8029
8029
8029
8029
8029
8029
8029
8029
8029
8029
8029
8029
8029
8029
8029
8029
8029
8029
8029
8029
8029
8029
8029
8029
3607
4422
8029
8029
8029
8029
8029
8029
8029
8029
8029
8029
8029
8029
8028
1
8029
4678
3351
8029
8029
8029
8029
8029
8029
8029
8029
8029
8029
8029
8029
8029
8029
8029
8029
8029
8029
8029
8029
3843
4186
8029
8029
8029
8029
8029
8029
8029
8029
8029
8029
8029
8029
8029
8029
8029
8029
8029
8029
8029
8029
8029
3750
4279
8029
8029
8029
8029
8029
8029
8028
1
8029
8029
8029
8029
8029
4599
3430
8029
8029
8029
8029
8029
8029
8029
8029
8029
8029
8029
8029
8029
8029
8029
8029
8029
8029
8029
8029
8029
8029
8029
8029
8029
8029
8029
8029
8029
8029
8029
8029
3766
4263
8029
8029
8029
8029
8029
8029
8029
8029
8029
8029
8029
8029
8029
8029
8029
8029
8029
8029
8029
3416
4613
3466
4563
8029
8029
8029
8029
8029
8029
8029
8029
8029
8029
8029
8029
3747
4282
8029
8029
8029
8029
3518
4511
8029
8029
8029
8029
8029
8029
8029
8029
8029
8029
8029
8029
8029
8029
8029
8029
8029
8029
8029
8029
8029
8029
8029
8029
8029
8029
8029
8028
1
8029
8029
8029
8029
8029
8028
1
8029
8029
8029
8029
8029
5060
2969
8029
8029
8029
8029
8029
8029
8029
8029
8029
8029
8029
8029
8029
8029
8029
8029
8029
8029
8029
8029
8029
8029
8029
8029
8029
8029
8029
8029
8029
8029
8029
8029
8029
8029
8029
8029
8029
8029
3701
4328
8029
8029
8029
8029
8029
8029
8029
8029
8029
8029
8029
8029
8029
8029
8029
8029
8029
8029
8029
8029
8029
8029
8029
8029
8029
8029
8029
8029
8029
8029
8029
8029
8029
8029
8029
8029
8029
8029
8029
8029
8029
8029
8029
8029
8029
8029
8029
8029
8029
8029
8029
8029
8029
8029
8029
8029
8029
8029
8029
8029
8029
8029
8029
8029
8029
8029
8029
8029
8029
8029
8029
8029
8029
8029
8029
8029
8029
8029
8029
8029
8029
8029
8029
8029
8029
8029
8029
8029
8029
8029
8029
8029
8029
8029
8029
8029
8029
8029
8029
8029
8029
8029
8029
8029
8029
8029
8029
8029
8029
8029
8029
8029
8029
8029
8029
8029
8029
8029
8029
8029
8029
8029
8029
8029
8029
8029
8029
8029
8029
8029
8029
8029
8029
8029
8029
3639
4390
8029
8029
8029
8029
3612
4417
8029
8029
8029
8029
8029
8029
8029
8029
8029
8029
8029
8029
8029
3519
4510
8029
3581
4448
8029
8029
2978
5051
4109
3920
8029
8029
8029
8029
8029
8029
8029
8029
8029
8029
8029
8029
8029
8029
4553
3476
8029
8029
8029
8029
8029
8029
8029
8029
8029
8029
8029
8029
8029
8029
8029
8029
8029
8029
8029
8029
8029
8029
8029
8029
8029
8029
8029
8029
8029
8029
8029
8029
8029
8029
8029
8029
8029
8029
8029
8029
8029
8029
8029
8029
8029
8029
3446
4583
8029
8029
8029
8029
8029
8029
8029
8029
8029
8029
8029
8029
8029
8029
8029
8029
8029
8029
8029
8029
8029
8029
8029
8029
8029
8029
8029
8029
8029
8029
8029
8029
8029
8029
8029
8029
8029
5249
2780
8029
8029
8029
8029
8029
8029
8029
8029
8029
8029
8029
8029
8029
8029
8029
8029
8029
8029
8029
8029
8029
8029
8029
8029
8029
8029
8029
8029
8029
8029
8029
6366
1663
8029
8029
8029
8029
8029
8029
8029
8029
8029
8029
8029
8029
8029
8029
8028
1
8029
8029
8029
8029
8029
8029
8029
8029
8029
8029
8029
8029
8029
8029
8029
8029
8029
8029
8029
5803
2226
8029
8029
8029
8029
8029
8029
8029
8029
8029
8029
8029
8029
8029
8029
8029
8029
8029
8029
4503
3526
8029
8029
8029
3475
4554
8029
8029
8029
8029
8029
8029
8029
8029
8029
8029
8029
8029
8029
8029
8029
8029
8029
8029
8029
8029
8029
8029
8029
8029
8029
8029
8029
8029
8029
8029
8029
8029
8029
8029
8029
8029
4622
3407
8029
8029
8029
8029
8029
8029
8029
8029
8029
8029
8029
3157
4872
8029
8028
1
8029
8029
8029
8029
8029
8029
8029
8029
8029
8029
8029
4337
3692
8029
8029
8029
8029
8029
8029
8029
8029
8029
8029
8029
8029
8029
8029
8029
8029
8029
8029
8029
8029
8029
8029
8029
8029
8029
8029
8029
8029
8029
8029
8029
8029
8029
8029
8029
8029
8029
8029
8029
8029
8029
8029
8029
8029
8029
8029
8029
8029
8029
8029
8029
8029
8029
8029
8029
8029
8029
8029
8029
8029
8029
8029
8029
8029
8029
8029
8029
8029
8029
8029
8029
8029
8029
8029
8029
8029
8029
8029
8029
8029
8029
8029
8029
8029
8029
8029
8029
8029
8029
8029
8029
8029
8029
8029
8029
8029
8029
8029
8029
8029
8029
8029
8029
8029
8029
8029
8029
8029
8029
8029
8029
8029
8029
8029
8029
8029
8029
8029
8029
8029
8029
8029
8029
8029
8029
8029
8029
8029
8029
8029
8029
8029
8029
8029
8029
8029
8029
8029
8029
8029
8029
8029
8029
8029
8029
8029
8029
8029
8029
8029
4220
3809
8029
8029
8029
8029
8029
8029
8029
8029
8029
8029
8029
8029
8029
8029
8029
8029
8029
8029
8029
8029
8029
8029
8029
4552
3477
8029
8029
8029
8029
8029
8029
8029
8029
8029
8029
8029
8029
8029
8029
8029
8029
8029
8029
8029
4645
3384
8029
8029
8029
8029
8029
8029
8029
8029
8029
8029
8029
8029
8029
3879
4150
8029
8029
8029
8029
4883
3146
8029
8029
8029
8029
8029
8029
8029
8029
8029
8029
8029
8029
8029
8029
3396
4633
8029
8029
4122
3907
8029
8029
8029
8029
8029
8029
8029
8029
8029
8029
8029
8029
8029
8029
8029
8029
8029
8029
8029
8029
8029
8029
8029
8029
8029
8029
8029
8029
8029
8029
8029
8029
8029
8029
8029
8029
8029
8029
8029
8029
8029
8029
8029
8029
8029
8029
8028
1
8029
8029
8029
8029
8029
8029
8029
8029
8029
8029
8029
8029
8029
8029
8029
8029
8029
8029
8029
8029
8029
8029
8029
8029
8029
8029
8029
8028
1
8029
8029
8029
8029
8029
8029
8029
8029
8029
8029
8029
8029
8029
8029
8029
8029
8029
8029
8029
8029
8029
8029
8029
8029
8029
8029
8029
8029
8029
8029
8029
8029
8029
8029
8029
4453
3576
8029
8029
8028
1
8029
8029
8029
8029
8029
8029
8029
8029
8029
8029
8029
8029
8029
8029
8029
8029
8029
8029
8029
8029
8029
8029
8029
8029
8029
8029
8029
8029
8029
8029
8029
8029
8029
8029
8029
8029
8029
8029
8029
8029
8029
8029
8029
8029
8029
8029
8029
8029
8029
8029
5479
2550
8029
4385
3644
8029
8029
8029
8029
8029
8029
8029
8029
8029
8029
8029
8029
8029
8029
8029
8029
8029
8029
8029
8029
8029
8029
4006
4023
4206
3823
8029
8029
8029
8029
8029
8029
8029
8029
8029
8029
8029
3791
4238
4916
3113
8029
8029
8029
8029
8029
8029
8029
8029
8029
8029
8029
8029
8029
8029
8029
8029
8029
8029
8029
8029
8029
8029
8029
8029
8029
8029
8029
8029
8029
8029
8029
8029
8029
8029
8029
8029
8029
8029
8029
8029
8029
8029
8029
8029
4440
3589
8029
8029
8029
8029
8029
8029
8029
4498
3531
8029
8029
8029
8029
8029
8029
8029
8029
8029
8029
8029
8029
8029
8029
8029
8029
8029
8029
8029
8029
8029
8029
8029
8029
8029
8029
8029
8029
8029
8029
8029
8029
8029
8029
8029
8029
8029
8029
8029
2781
5248
8029
8029
8029
8029
8029
8029
8029
8029
8029
8029
8029
8029
8029
8029
8029
8029
8029
8029
8029
8029
8029
8029
8029
8029
8029
8029
8029
8029
8029
8029
8029
8029
8029
8029
8029
8029
8029
8029
8029
8029
8029
8029
8029
8029
8029
8029
8029
8029
8029
8029
8029
8029
8029
8029
8029
8029
8028
1
8029
8029
8029
8029
8029
8029
8029
8029
8029
8029
8029
8029
8029
8029
8029
8029
8029
8029
8029
8029
8029
8029
8029
8029
8029
8029
8029
8029
8029
8029
8029
8029
8029
8029
4671
3358
8029
8029
8029
8029
8029
8029
8029
8029
8029
8029
8029
8029
8029
4643
3386
8029
8029
8029
8029
8029
8029
8029
8029
8029
8029
8029
8029
8029
8029
8029
8029
8029
8029
8029
8029
8028
1
8029
8029
8029
8029
8029
8029
8029
8029
8029
8029
8029
3986
4043
3947
4082
8029
8029
8029
8029
8029
8029
8029
8029
8029
8029
8029
8029
8029
8029
8029
8029
8029
8029
8029
8029
8029
8029
8029
8029
8029
8029
8029
8029
8029
8029
8029
8029
8029
8029
8029
8029
8029
8029
8029
8029
8029
8029
8029
8029
8029
8029
8029
8029
8029
8029
8029
8029
8029
8029
8029
8029
8029
8029
8029
8029
8029
8029
8029
8029
8029
8029
8029
8029
8029
8029
8029
8029
8029
8029
8029
8029
8029
8029
8029
8029
8029
8029
8029
8029
8029
8029
8029
8029
8029
8029
8029
8029
8029
8029
8029
8029
8028
1
8029
8029
8029
8029
8029
8029
8029
8029
8029
8029
8029
8029
8029
8029
8029
8029
8029
8029
8029
8029
8029
8029
8029
8029
8029
8029
8029
8029
4178
3851
8029
8029
8029
8029
8029
8029
8029
8029
8029
8029
8029
8029
8029
8029
8029
8029
8029
8029
8029
3568
4461
8029
8029
8029
8029
8029
8029
8029
8029
8029
8029
8029
8029
8029
8029
8029
8029
8029
8029
8029
8029
8029
8029
8029
8029
8029
8029
8029
8029
8029
8029
8029
8029
8029
8029
8029
8029
8029
8029
8029
8029
8029
8029
8029
8029
8029
8029
8028
1
3508
4521
8029
8029
8029
8029
8029
8029
8029
8029
8029
8029
8029
8029
8029
8029
8029
8029
8029
8029
8029
8029
8029
8029
8029
8029
8029
8029
8029
8029
8029
8029
8029
8029
8029
8029
8029
8029
8029
8029
8029
8029
8029
8029
8029
8029
8029
8029
8029
8029
8029
8029
8029
8029
8029
4499
3530
8029
8029
8029
8029
8029
8029
8029
8029
8029
8029
8029
8029
8029
8029
8029
8029
8029
8029
8029
8029
8029
8029
8029
8029
8029
4114
3915
8029
8029
8029
8029
8029
8028
1
8029
8029
8029
8029
8029
8029
8029
8029
8029
8029
8029
8029
8029
8029
8029
8029
8029
8029
8029
8029
8029
8029
8029
8029
8029
8029
8029
8029
8029
8029
8029
8029
8029
8029
8029
8029
8029
8029
8029
8029
8029
8029
8029
8029
8029
8029
8028
1
8029
8029
8029
8029
8029
8029
8029
8029
8029
8029
8029
8029
8029
8029
8029
8029
8029
8029
8029
8029
8027
2
8029
8029
8029
8029
8029
8029
8029
8029
8029
8029
8029
8029
8029
8029
8029
8029
8029
8029
8029
8029
8029
8029
8029
8029
8029
8029
8029
3952
4077
8029
8029
8029
8029
8029
8029
8029
8029
8029
8029
8029
8029
8029
8029
8029
8029
8029
8029
8029
8029
8029
4735
3294
8029
8029
8029
8029
8029
8029
8029
8029
8029
8029
8029
8029
8029
8029
8029
8029
8029
8029
8029
8029
8029
8029
8029
8029
8029
8029
8029
8029
8029
8029
8029
8029
8029
8029
8029
8029
8029
8029
8029
8029
8029
8029
8029
8029
8029
8029
8029
8029
8029
8029
8029
8029
8029
8029
8029
8029
8029
8029
8029
8029
8029
8029
8029
8029
3625
4404
8029
8029
8029
8029
8029
8029
8029
8029
8029
8029
8029
8029
2363
5666
8029
8029
8029
8029
8029
8029
8029
8029
8029
8029
8029
8029
8029
8029
8029
8029
8029
8029
8029
8029
8029
8029
8029
4375
3654
8029
8029
8029
8029
8029
8029
8029
3793
4236
8029
8029
8029
8029
8029
8029
8029
8029
8029
8029
8029
8029
8029
8029
8029
8029
8029
8029
8029
8029
8029
8029
8029
8029
8029
8029
8029
8029
8029
8029
8029
8029
8029
8029
3837
4192
8029
8029
8029
4004
4025
8029
8029
8029
8029
8029
8029
8029
8028
1
8029
8029
8029
8029
8029
8029
8029
8029
8029
8029
8029
5031
2998
8029
8029
8029
8029
8027
2
4360
3669
8029
8029
8029
8029
8029
8029
8029
8029
8029
8029
8029
8029
8029
8029
8029
8029
8029
8029
8029
8029
8029
8029
8029
8029
8029
8029
8029
8029
8029
8029
8029
8029
8029
4959
3070
8029
8029
8029
8029
8029
8029
8029
8029
8029
8029
8029
8029
8029
3571
4458
8029
8029
8029
8029
8029
8029
8029
4410
3619
8029
8029
8029
8029
8029
8029
8029
8029
8029
8029
8029
8029
8029
8029
8029
8029
8029
8029
8029
8029
8029
8029
8029
8029
8029
8029
8029
8029
8029
8029
8029
8029
8029
8029
4127
3902
8029
8029
8029
8029
8029
8029
8029
8029
8029
8029
8029
8029
8029
8029
8029
8029
8029
8029
8029
8029
8029
8029
8029
8029
8029
8029
8029
8029
8029
8029
8029
8029
8029
8029
8028
1
8029
8029
8029
8029
8029
8029
8029
3751
4278
8029
8029
8029
8029
8029
8029
8029
8029
8029
8029
8029
8029
8029
8029
8029
8029
8029
8029
8029
8029
8029
8029
8029
8029
8029
8029
8029
8029
8029
8029
8029
8029
8029
8029
8029
8029
8029
8029
8029
8029
4030
3998
1
8029
8029
8029
8029
8029
8029
8029
8029
8029
8029
8029
8029
8029
8029
8029
8029
8029
8029
8029
8029
8029
8029
8029
8029
8029
8029
8029
8029
8029
8029
8029
8029
8029
8029
8029
8029
8029
8029
8029
8029
8029
8029
8029
8029
8029
8029
8029
8029
8029
8029
8029
8029
8029
8029
8029
8029
8029
8029
8029
8029
8029
5158
2871
8029
8029
4116
3913
8029
8029
8029
8029
8029
8029
8029
8029
8029
8029
8029
8029
8029
8029
8029
8029
8029
8029
8029
8029
8029
4025
4004
8029
8029
8029
8029
8029
8029
8029
8029
8029
8029
8029
8029
8029
8029
8029
3775
4254
8029
8028
1
8029
8029
8029
8029
8029
8029
8029
8029
8029
3979
4050
8029
8029
8029
8029
8029
8029
8029
8029
8029
8029
8029
8029
8029
8029
8029
8029
8029
8029
8029
8029
8029
8029
8029
8029
8029
8029
8029
8029
8029
8029
8029
8029
8029
8029
8029
8029
8029
8029
8029
8029
8029
8029
8029
8029
8029
8029
8029
8029
8029
8029
8029
8029
8029
8029
8029
8029
8029
8029
8029
8029
8029
8029
8029
8029
8029
8029
8029
8029
4712
3317
8029
8029
8029
8029
8029
4017
4012
8029
8029
8029
8029
8029
8029
8029
8029
8029
8029
8029
8029
8029
8029
8029
8029
8029
8029
8029
1219
6810
8029
8029
8029
8029
8029
8029
8029
8029
8029
8028
1
8029
8029
8029
8029
8029
8029
8029
8029
8029
8029
8029
8029
8029
8029
8029
8029
8029
8029
8029
8029
8029
8029
8029
8029
8029
8029
8029
4408
3621
8029
8029
8029
8029
8029
8029
8029
8029
8029
8029
8029
8029
8029
8029
8029
8029
8029
8029
8029
8029
8029
8029
5067
2962
8029
8029
8029
8029
8029
8029
8029
8029
8029
8029
8029
8029
8029
8029
8029
8029
8029
8029
8029
8029
8029
8029
8029
8029
8029
8029
8029
8029
8029
8029
8029
8029
8029
8029
8029
8029
3895
4134
8029
8029
8029
8029
8029
8029
4049
3980
8029
8029
8029
8029
8029
8029
3920
4109
8029
8029
8029
8029
8028
1
8029
8029
8029
8029
8029
8029
8029
8029
8029
8029
8029
8029
8029
8029
8029
8029
8029
8029
8029
8029
8029
8029
5104
2925
8029
8029
8029
4592
3437
8029
8029
8029
8029
8029
8029
8029
8029
8029
8029
8029
8028
1
8029
8029
8029
8029
8029
8029
8029
8029
8029
8029
8029
8029
8029
8029
8029
8029
8029
8029
8029
8029
8029
8029
8029
8029
8029
8029
8029
8029
8029
8029
8029
8029
8029
4111
3918
8029
8029
8029
8029
8029
8029
8029
4635
3394
8029
8029
8029
8029
8029
8029
8029
8029
8029
8029
8029
8029
8029
8029
8029
8029
8029
8029
8029
8029
8029
8029
8029
8029
8029
8029
8029
8029
8029
8029
8029
8028
1
8029
8029
4814
3215
2531
5498
8029
3874
4155
8029
8029
8029
8029
8029
8029
8029
8029
8029
8029
8029
8029
8029
8029
8029
8029
8029
8029
8029
8029
8029
8029
8029
8029
8029
8029
3977
4052
8029
8029
8029
8029
8029
8029
8029
8029
8029
8029
8029
8029
8029
3099
4930
8029
8029
8029
8029
8029
8029
8029
8029
8029
8029
8029
8029
8029
8029
8029
8029
8029
8029
8029
8029
8029
8029
8029
8029
8029
8029
8029
8029
8029
8029
8029
8029
8029
3560
4469
8029
8029
8029
8029
3657
4372
8029
8029
8029
8029
8029
8029
8029
8029
8029
8029
8029
8029
8029
4650
3379
8029
8029
8029
8029
8029
8029
8029
8029
8029
8029
8029
8029
8029
8029
8029
8029
8029
8029
8029
8029
4082
3947
8029
8029
8029
8029
8029
8029
8029
8029
8029
4177
3852
8029
3553
4476
8029
8029
8029
8029
8029
8029
8029
8029
8029
8029
8029
8029
8029
8029
8029
8029
8029
8029
8029
8029
6156
1873
8029
8029
8029
8029
8029
8029
8029
8029
8029
8029
8029
8029
8029
8029
8029
8029
8029
8029
8029
8029
8029
8029
8029
8029
8029
8029
8029
8029
8029
8029
8029
8029
8029
8029
8029
8029
8029
8029
8029
8029
8029
8029
8029
8029
8029
8029
8029
8029
8029
4460
3569
8029
8029
8029
8029
8029
8029
8029
8029
8029
8029
8029
8029
8029
8029
8029
8029
8029
8029
8029
8029
8029
8029
8029
8029
8029
8029
8029
8029
8029
8029
8029
8029
8029
8029
8029
8029
8029
8029
8029
8029
8029
8029
8029
8029
8029
8029
8029
8029
8029
8029
8029
8029
8029
8029
8029
8029
8029
4565
3464
8029
8029
8029
8029
8029
8029
8029
8029
8029
8029
8029
8029
8029
8029
8029
8029
8029
8029
8029
8029
8029
8029
8029
8029
8029
8029
8029
8029
3642
4387
8029
8029
8029
8029
8029
8029
8029
8029
8029
8029
8029
8029
8029
8029
8029
8029
8029
8029
8029
8029
8029
8029
8029
8029
8029
8029
8029
8029
8029
8029
8029
8029
8029
4961
3068
3900
4129
3522
4507
8029
8029
8029
8029
8029
8029
8029
8029
8029
8029
8029
8029
8029
8029
8029
8029
8029
3959
4070
8029
8029
8029
8029
8029
8029
8029
8029
8029
8029
8029
8029
8029
8028
1
8029
8029
8029
8029
8029
8029
8029
8029
8029
8029
8029
8029
8028
1
8029
8029
8029
8029
8029
8029
8029
8029
8029
8029
8029
8029
8029
8029
8029
8029
8029
8029
8029
8029
8029
8029
8029
8029
8029
8029
8029
8029
8029
8029
8029
8029
8029
8029
8029
8029
8029
8029
8029
8029
8029
8029
8029
8029
8029
8029
8029
8029
8029
8029
8029
8029
8028
1
8029
8029
8029
8029
8029
8029
8029
8029
8029
8029
8029
8029
4147
3882
8029
8029
8029
8029
8029
8029
8029
8029
8029
8029
8029
8029
8029
8029
8029
8029
8029
8029
8029
8029
8029
8028
1
8029
8029
8029
8029
8029
8029
8029
8029
8029
8029
8029
8029
8029
8029
8029
8029
8029
5045
2984
8029
8029
8029
8029
8029
8029
8029
8029
8029
8029
8029
8029
8029
8029
8029
8029
8029
8029
8029
8029
8029
8029
8029
8029
8029
8029
8029
8029
8029
8029
8028
1
8029
8029
8029
8029
8029
8029
8029
8029
8029
8029
8029
8029
8029
8029
8029
8029
8029
8029
8029
8029
8029
8029
8029
8029
6095
1934
8029
8029
8029
8029
8029
8029
8029
3924
4105
8029
8029
8029
8029
8029
8029
8029
8029
8029
8029
8029
8029
8029
8029
8029
8029
8029
8029
8029
8029
8029
8029
8029
8029
8029
8029
8029
8029
8029
8029
8029
8029
8029
8029
8029
8029
8029
8029
8029
8029
8029
8029
8029
8029
8029
8029
8029
8029
8029
8029
4173
3856
8029
8029
8029
8029
8029
8029
8029
8029
8029
8029
8029
8029
8029
8029
8029
8029
8029
8029
8029
8029
8029
8029
8029
8029
8029
8029
8029
8029
4311
3718
8029
8029
8029
8029
8029
8029
8029
8029
8029
8029
8029
8029
8029
8029
8029
3982
4047
8029
6214
1815
8029
8029
8029
8029
8029
8029
3533
4496
8029
8029
8029
8029
8029
8029
8029
8029
8029
8029
8029
8029
8029
8029
8029
8029
8029
8029
8029
8029
8029
8029
8029
8029
8029
8029
8029
8029
8029
8029
8029
8029
8029
8029
8029
8029
8029
8029
8029
8029
8029
8029
8029
8029
8029
8029
8029
8029
8029
8029
8029
8029
8029
3135
4894
8029
8029
8029
8029
8029
8029
8029
8029
8029
8029
8029
8029
8029
8029
8029
8029
8029
8029
8029
8029
8029
8029
8029
4464
3565
8029
8029
8029
8029
8029
8029
8029
8029
8029
8029
8029
8029
8029
8029
8029
8029
8029
8029
8029
8029
8029
8029
8029
8029
8029
8029
8029
8029
8029
8029
8029
8029
8029
8029
8029
8029
8029
8029
8029
8029
8029
8029
8029
8029
8029
8029
8029
8029
8029
8029
8029
4130
3899
8029
8029
8029
8029
8029
8029
4311
3718
8029
8029
8029
8029
8029
8029
8029
8029
8029
8029
8029
8029
8029
8029
8029
8029
8029
8029
8029
8029
8029
8029
8029
8029
8029
8029
8029
8029
8029
8029
8029
8029
8029
8029
8029
8029
8029
8029
8029
8029
8029
3193
4836
8029
8029
8029
8029
8029
8029
8029
8029
8029
8029
8029
8029
8029
8029
8029
8029
8029
8029
8029
8029
8029
8029
8029
8029
8029
8029
8029
8029
8029
8029
3753
4275
1
8029
8029
8029
8029
8029
8029
8029
8029
8029
8029
8029
8029
8029
8029
8029
8029
8029
8029
8029
8029
8029
8029
8029
8029
8029
8029
8029
8029
8029
8029
8029
8029
8029
8029
8029
8029
8029
8029
8029
8029
8029
8029
4756
3273
8028
1
8029
8029
8029
8029
8029
8029
8029
8029
8029
8029
8029
8029
8029
8029
8029
8029
8029
8029
8029
8029
5893
2136
8029
8029
8029
8029
8029
8029
8029
8029
8029
8029
8029
8029
8029
4263
3766
8029
8029
8029
8029
8029
8029
8029
8029
8029
8029
8029
8029
8029
8029
8029
8029
8029
8029
8029
8029
8029
8029
8029
8029
8029
8029
8029
8029
8029
8029
8029
8029
8029
8029
8029
8029
8029
8029
8029
4100
3929
8029
8029
8029
3423
4606
8029
8029
8029
8029
8029
8029
8029
5325
2704
8029
8029
8029
8029
8029
8029
8029
8029
8029
8029
8029
8029
8029
8029
8029
8029
8029
8029
8029
8029
8029
3222
4807
8029
8029
8029
8029
8029
8029
8029
8029
8029
8029
8029
8029
8029
8029
8029
8029
8029
1934
6095
8029
8029
8029
8029
8029
8029
8028
1
8029
8029
8029
8029
8029
8029
8029
8029
4087
3942
8029
8029
8029
8029
8029
8029
8029
8029
8029
4434
3595
8029
8029
8029
8029
8029
8029
8029
8029
8029
8029
8029
8029
8029
8029
8029
8029
8029
8029
8029
8029
8029
8029
8029
8029
8029
8029
8029
8029
8029
8029
8029
8029
8029
8029
8029
8029
8029
8029
8029
8028
1
8029
8029
8029
3462
4567
8029
8029
8029
8029
8029
8029
8029
8029
8029
8029
8029
8029
8029
8029
8029
8029
8028
1
8029
8029
8029
8028
1
8029
8029
8029
8029
8029
8029
8029
8029
8029
8029
8029
8029
8029
8029
8029
4239
3790
8029
5210
2819
8029
8029
8029
8029
8029
8029
8029
8029
8029
8029
8029
8029
8029
8029
4494
3535
8029
8029
8029
8029
8029
8029
8029
8029
8029
8029
8029
8029
8029
8029
8029
8029
8029
8029
8029
8029
8029
8029
8029
8029
8029
8029
8029
4798
3231
8029
8029
8029
8029
8029
8029
8029
8029
8029
8029
8029
8029
8029
8029
8029
8028
1
8029
8029
8029
8029
8029
8029
8028
1
8029
8029
8029
8029
8029
8029
8029
8029
8029
8029
8029
8029
8029
8029
8029
8029
8029
8029
8028
1
8029
8029
8029
8029
8029
8029
8029
8029
8029
8029
8029
8029
8029
3581
4448
8029
8029
8029
8029
4312
3717
8029
8029
8029
8029
8029
8029
8029
8029
8029
8029
8029
8029
8029
8029
8029
8029
8029
8029
8029
8029
8029
8029
8029
8029
8029
8029
8029
8029
8029
8029
8029
8029
8029
8029
8029
8029
8029
8029
8029
8029
8029
8029
8029
8029
8029
8029
8029
8029
8029
8029
8029
8029
8029
8029
8029
8029
8029
8029
8029
8029
8029
8029
8029
8029
8029
8029
8029
8029
8029
8029
8029
8029
8029
8029
8029
8029
8029
8029
8029
8029
8029
8029
8029
8029
8029
8029
8029
8029
8029
8029
8029
8029
8029
8029
8029
8029
8029
8029
8029
8029
8029
8029
8029
8029
8029
8029
8029
8029
8029
8029
8029
8029
8029
8029
8029
8029
8029
8029
8029
8029
8029
8029
8029
8029
8029
8029
8029
8029
8029
8029
8029
8029
8029
8029
8029
8029
8029
4060
3969
8029
8029
8029
8029
8029
8029
8029
8029
8029
8029
8029
8029
8029
8029
8029
8029
8029
8029
8029
8029
8029
8028
1
8029
8029
8029
8029
8029
8029
8029
8029
8029
8029
8029
8029
8029
8029
8029
8029
8029
8029
8029
8029
8029
8029
8029
8029
3757
4272
8029
8029
8029
8029
8029
8029
8029
8029
8029
8029
8029
8029
8029
8029
8029
8029
8029
8029
8029
8029
8029
8029
8029
8029
8029
8029
8029
8029
8029
8029
8029
8029
8029
8029
8029
8029
8029
4299
3730
8029
3809
4220
8029
8029
8029
8029
8029
4173
3856
8029
8029
8029
8029
8029
8029
8029
8029
8029
8029
8029
8029
8029
8029
8029
8029
8029
5847
2182
8029
8029
8029
8029
8029
3731
4298
8029
8029
8029
8029
3577
4452
8029
8029
8029
8029
8029
8029
8029
8029
8029
8029
8029
8029
8029
8029
8029
8029
8029
8029
8029
8029
8029
8029
8029
8029
8029
8029
8029
8029
8029
8029
8029
8029
8029
8029
8029
8029
8029
8029
3895
4134
8029
8029
8029
8029
8029
8029
8029
8027
2
8029
8029
8029
8029
8029
8029
8029
8029
8029
8029
8029
8029
8029
8029
8029
8029
8029
3953
4076
8029
8029
8029
8029
8029
8029
8029
8029
8029
8029
8029
8029
8029
8029
8029
8029
8029
8029
8029
8029
8029
8029
8029
8029
8029
8028
1
8029
4030
3999
8029
8029
8029
8029
4162
3867
8029
8029
8029
8029
8029
8029
8029
8029
8029
8029
8029
8029
8029
8029
8029
8029
8029
8029
8029
8029
8029
8029
8029
8029
8029
8029
8029
8029
8029
8029
8029
8029
8029
8029
8029
8029
8029
8029
8029
8029
8029
8029
8029
8029
8029
8029
8029
8028
1
8029
8029
8029
8029
8029
8028
1
3790
4239
8029
8029
8029
8029
8029
8029
8029
8029
8029
8029
8029
8029
8029
8029
8029
8029
8029
8029
8029
8029
8029
8029
8029
8029
8029
8029
8029
8029
8029
8029
8029
8029
8029
8029
8029
8029
8029
8029
8029
8029
8029
8029
8029
8029
8029
8029
8029
8029
8029
8029
8029
8029
8029
8029
8029
8029
8029
8029
8029
8029
8029
8029
8029
4015
4014
8029
8029
8029
8029
8029
3379
4650
8029
8029
8029
8029
8029
8029
8029
8029
8029
8029
8029
8029
8029
8029
8029
8029
8029
8029
8029
8029
8029
8029
8029
8029
8029
8029
8029
8029
8029
8029
8029
8029
8029
8029
8029
8029
8029
8029
8029
8029
8029
8029
8029
8029
8029
8029
8029
8029
8029
8029
8029
8029
8029
8029
8029
8029
8029
8029
8029
8029
8029
8029
8029
8029
8029
8029
4139
3890
8029
8029
8029
8029
8029
8029
8029
8029
8029
8029
8029
8029
8029
8029
8029
8029
8029
8029
8029
8029
8029
8029
8029
4231
3798
8029
8029
8029
8029
8029
8029
8029
8029
8028
1
8026
3
8029
8029
8029
8029
8029
8029
8029
8029
8029
4358
3671
8029
8029
8029
8029
8029
8029
8029
8029
8029
8029
8029
8029
8029
4341
3688
8029
8029
8029
8029
8029
8029
8029
8028
1
8029
8029
8029
8029
8029
8029
8029
8029
2836
5193
8029
8029
8029
8029
8029
8029
8029
8029
8029
8029
8029
8029
8029
8029
8029
8029
8029
8029
8029
8029
8029
8029
8029
8029
8029
8029
8029
8029
8029
4638
3391
8029
8029
8029
8029
8029
8029
8029
8029
8029
8029
8029
8029
8029
8029
8029
8029
8029
8029
8029
8029
8029
4034
3995
8029
8029
8029
8029
8029
8029
8029
8029
8029
8029
8028
1
8029
8029
8029
8029
8029
8029
8029
8029
8029
8029
8029
8029
8029
8029
8029
8029
8029
8029
8029
8029
8029
8029
8029
8029
8029
8029
8029
8029
8029
8029
8029
8029
8029
8029
8029
8029
8029
8029
8029
8029
8029
8029
8029
8029
8029
8029
8029
8029
8029
8029
8029
8029
8029
8029
8029
8029
8029
8029
8029
8029
8029
8029
8029
8029
8029
8029
8029
8029
8029
8029
8029
8029
8029
8029
3654
4375
8029
8029
8029
8029
8029
8029
8029
8029
8029
8029
8029
8029
8029
8029
8029
8029
8029
8029
8029
8029
8029
8029
8029
8029
8029
8029
8029
8029
8029
8029
8029
8029
8029
8029
8029
8029
8029
8029
8029
8029
8029
8029
8029
8029
8029
8029
8029
8029
8029
8029
8029
8029
8029
8029
3665
4364
8029
8029
8029
8029
8029
8029
8029
8029
8029
8029
8029
8029
8029
8029
8029
8029
8029
8029
8029
8029
8029
8029
8029
8029
8029
8029
8029
8029
8029
8029
8029
8029
8028
1
8029
8029
8029
8029
3747
4282
8029
8029
8029
8029
8029
8029
8029
8029
8029
8029
8029
8029
8029
8029
8029
8029
8029
8029
8029
8029
8029
8029
8029
8029
8029
8029
8029
8029
8029
8029
8029
8029
8029
8029
8029
8029
8029
8029
8029
8029
8029
8029
8029
8029
8029
8029
8029
4425
3604
8029
8029
8029
8029
8029
8029
8029
8029
8029
8029
8029
8029
8029
8029
8029
8029
8029
8029
8029
8029
5123
2906
8029
8029
8029
8029
8029
8029
8029
8029
8029
8029
8029
8027
2
8029
8029
8029
8029
8029
8029
8029
8029
8029
8029
8029
8029
8029
8029
8029
8029
8029
8029
8029
8029
8029
8029
8029
8029
8029
8029
4289
3740
4339
3690
8029
8029
8029
8029
8029
8029
8029
8029
8029
8029
8029
8029
8029
8029
8029
8029
8029
8029
8029
8029
8029
8029
8029
8029
8029
8029
8029
8029
8029
8029
4338
3691
8029
8029
8029
8029
8029
8029
8029
8029
8029
8029
8029
8029
8029
8029
8029
8029
8029
8029
8029
8029
8029
8029
8029
8029
8029
8029
8029
8029
8029
8029
8029
8029
8029
8029
8029
8029
8029
8029
8029
8029
8029
8029
8029
8029
8029
8029
8029
8029
8029
8029
3961
4068
8029
8029
3694
4335
8029
8029
8029
8029
8029
8029
8029
8029
8029
8029
8029
8029
8029
8029
8029
8029
8029
8028
1
8029
8029
8029
8029
8029
8029
8029
8029
8029
8029
8029
8029
8029
8029
8029
8029
8029
8029
8029
8029
8029
8029
8029
8029
8029
8029
8029
8029
8029
8029
8029
5600
2429
8029
8029
8028
1
8029
8029
8029
8029
8029
8029
8029
8029
8029
8029
8029
8029
8029
8029
8029
8029
8029
8029
8029
8029
8029
8029
8029
8029
8029
8029
8029
8029
8029
8029
8029
8029
8029
8029
8029
8029
8029
8029
8029
8029
8029
8029
8029
8029
8029
8029
8029
8029
8029
8029
8029
8029
8029
8029
8029
8029
8029
8029
8029
8029
8029
8029
8029
8029
8029
8029
8029
8029
8029
8029
3839
4190
8029
8029
8029
8029
8029
8029
8029
8029
3269
4760
8029
8029
8029
8029
8029
8029
8029
8029
8029
8029
8029
8029
8029
8029
8029
8029
8029
8028
1
8029
8029
8029
3586
4443
8029
4572
3457
8029
8029
8029
8029
8029
8029
8029
8029
8029
8029
8029
8029
8029
8029
8029
8029
8029
8029
8029
8029
8029
8029
8029
8029
8029
8029
8029
8029
8029
8029
8029
8029
8029
8029
8029
3602
4427
8029
8029
8029
8029
8029
8029
8029
8029
8029
8029
8029
8029
8029
8029
8029
8029
8029
8029
8029
8029
8029
8029
8029
8029
8029
8029
8029
8029
8029
8029
8029
8029
8029
8029
8029
8029
8029
8029
8029
8029
5007
3022
8029
8029
8029
8029
8029
8029
8029
8029
8029
8029
8029
8029
8029
8029
8029
8029
8029
8029
5455
2574
8029
8029
8029
8029
8029
4172
3857
8029
8029
8029
8029
8029
8029
8029
8029
8029
8029
8029
8029
8029
8029
8029
8029
8029
8029
8029
8029
8029
8029
8029
8029
8029
8029
8029
8029
8029
8029
8029
8029
8029
3857
4172
8029
8029
3226
4803
8029
8029
8029
8029
8029
8029
8029
8029
8029
8029
8029
8029
8029
8029
8029
8029
8029
8029
2783
5246
8029
8029
8029
4727
3302
8029
8029
8029
8029
8029
8029
8029
8029
8029
8029
8029
8029
8029
8029
8029
8029
8029
8029
8029
8029
8029
8029
8029
8029
8029
8029
8029
8029
8029
8029
8029
8029
8029
8029
8029
8029
8029
8029
8029
8029
4271
3758
8029
8029
8029
8029
8029
8029
8029
8028
1
8029
8029
8029
8029
8029
8029
8029
8029
8029
8029
8029
8029
8029
8029
8029
8029
8029
8029
8029
8029
8029
8029
8029
8029
8029
8029
8029
8029
8029
8029
8029
8029
8029
8029
8029
8027
2
8029
8029
8029
8029
8029
8029
8029
4576
3453
8029
8029
3793
4236
8029
8029
8029
8029
8029
8029
8029
8029
8029
8029
8029
8029
8029
8029
8029
8029
8029
8029
8029
8029
8029
8029
8029
8029
8029
8029
8029
8029
8029
8029
8029
8029
8029
8029
8029
4047
3982
8029
8029
8029
8029
8029
8029
8029
8029
8029
8029
8029
8029
8029
8029
8029
8029
8029
8029
8029
8029
8029
8026
3
8029
8029
8029
8029
8029
8029
8029
8029
8029
8029
8029
8029
8029
8029
8029
8029
8029
8029
8029
8029
8029
8029
8029
8029
8029
8029
8029
8029
8029
8029
8029
8029
8029
8029
8029
8029
8029
8029
8029
8029
8029
8029
8029
8029
8029
8029
4499
3530
8029
8029
8029
8029
8029
8029
8029
8029
8029
8029
8029
8029
8029
8029
8029
8029
8029
8029
8029
8029
8029
8029
8029
8029
8029
8029
8029
8029
8029
8029
8029
8029
8029
8029
8029
8029
8029
8029
8029
8029
8029
8029
8029
8029
8029
8029
3444
4585
8029
8029
8029
8029
8029
8029
8029
8029
8029
8029
8029
4108
3921
8029
8029
8029
8029
8029
8029
8029
8029
8029
8029
8029
4226
3803
4591
3438
8029
8029
8029
8029
8029
8029
8029
8029
8029
4068
3961
8029
8029
8029
8029
8028
1
8029
8029
8029
8029
8029
8029
8028
1
8029
8029
8029
8029
8029
8029
8029
8029
8029
8029
8029
4132
3897
8029
8029
8029
8029
8029
8029
8029
8029
8029
8029
8029
8029
8029
8029
8029
8029
8029
8029
8029
8029
8029
8029
8029
8029
8029
8029
4791
3238
8029
8029
8029
8029
8029
3481
4548
3572
4457
4694
3335
8029
8029
8029
4541
3488
8029
8029
8029
8029
8029
8029
8029
8029
8029
8029
8029
8029
8029
8029
8029
8029
3206
4823
8029
8029
8029
8029
8029
8029
8029
8029
8029
8029
8029
8029
8029
8029
8028
1
8029
8029
8029
8029
8029
8029
8029
8029
8029
8029
8029
4330
3699
8029
8029
8029
8029
8029
8029
4308
3721
8029
8029
8029
8029
8029
8029
8029
8029
8029
8029
8029
8029
8029
8029
8029
8029
8029
8029
8029
8029
8029
8029
8029
8029
8029
8029
8029
8029
8029
8029
4034
3995
8029
8029
8029
8029
8029
8029
8029
8029
8029
8029
8029
8029
8029
8029
8029
8029
8029
8029
3727
4302
8029
8029
8029
8029
8029
8029
8029
8029
8029
8029
8029
8029
8029
8029
8029
8029
8029
8029
8029
8029
8029
8029
8029
8029
8029
8029
8029
8029
8029
8029
8029
8029
8029
8029
8029
8029
8029
8029
8029
8029
8029
8029
8029
8029
8028
1
8029
3907
4122
8029
8029
8028
1
8029
8029
8029
8029
8029
8029
8029
8029
8029
8029
8029
8029
8029
8029
8029
8029
8029
8029
8029
8029
8029
8029
8029
8029
8029
8029
8029
8029
8029
8029
8029
8029
8029
8029
8029
8029
8029
8029
8029
8029
8029
8029
8029
8029
8029
5921
2108
8029
8029
8029
8029
8028
1
8029
8029
8029
8029
8029
8029
8029
4293
3736
8029
8029
8029
8029
8029
8029
8029
8029
8029
8029
4648
3381
8029
8029
8029
8029
8029
8029
8029
8029
8029
8029
8029
8029
