1626
705
311
321
228
1601
132
727
264
277
165
257
159
235
112
170
1
1829
2062
329
774
360
940
251
106
285
141
95
119
6172
428
209
122
212
147
1
964
2931
357
596
551
941
274
452
225
155
1930
288
673
1277
298
736
326
417
604
157
143
125
162
299
869
1477
689
181
200
679
170
1228
153
169
140
240
218
173
146
112
146
2
3580
1371
553
336
514
128
167
112
86
90
182
171
1
3952
207
472
244
178
477
202
154
179
250
221
249
153
153
134
66
244
852
705
2558
275
757
207
118
1109
164
150
152
1218
434
137
1223
640
399
195
1348
398
282
156
192
153
334
182
245
584
512
832
1725
598
219
247
216
154
191
540
347
148
182
339
212
243
5293
1003
187
380
184
1
3778
1354
267
175
796
196
380
193
151
1
1068
1894
171
211
189
145
204
273
148
225
83
360
1020
220
228
190
172
310
179
1
457
666
2760
234
267
742
251
456
691
294
269
204
280
1346
315
293
473
415
1432
802
194
756
297
245
150
128
165
3414
587
141
401
584
171
118
204
187
126
540
158
123
405
132
3592
218
1293
120
981
325
360
402
140
161
1595
239
652
191
909
825
786
288
240
344
189
227
166
213
126
1080
794
627
462
1508
312
210
196
274
193
389
392
151
94
192
292
125
2995
314
175
575
398
913
263
243
503
239
122
177
262
112
374
2616
1396
234
553
285
229
105
262
525
130
158
123
155
146
2009
176
867
188
164
1157
181
1037
528
140
282
111
167
128
156
389
297
639
392
296
1562
317
218
177
1850
374
185
135
100
162
140
55
1
2
1465
1355
368
1411
433
132
291
149
628
270
154
250
205
180
4604
577
305
113
180
129
308
154
314
205
178
224
360
3502
545
809
88
398
133
205
672
190
259
130
1205
696
479
1461
367
329
397
418
331
201
172
206
237
61
433
67
102
129
735
1257
494
361
1096
457
239
353
235
224
412
328
129
110
106
184
128
259
184
3431
246
239
409
802
253
273
513
331
418
198
178
1856
366
570
224
3304
240
97
348
153
133
3968
941
1188
363
342
137
352
445
207
1406
489
767
1655
259
644
216
526
235
179
129
134
5748
191
721
221
213
197
145
2738
192
1045
958
509
287
485
434
311
186
1
230
102
1618
145
1519
452
142
174
214
213
113
1463
527
215
95
69
1078
191
1532
1879
174
239
153
256
195
207
307
214
245
192
303
125
1
3058
546
243
341
631
1012
170
153
130
519
155
172
161
2262
609
2399
143
259
145
617
325
139
135
147
111
1643
3191
1967
384
106
629
1946
1175
156
167
699
161
417
208
537
431
133
256
202
174
4917
788
113
238
93
646
248
248
226
2289
163
717
122
116
1426
220
447
477
464
272
50
214
88
4057
131
146
196
1277
205
265
295
392
125
202
159
206
186
3160
728
507
640
164
337
136
157
165
449
149
148
3399
247
698
247
175
1010
290
196
138
463
146
148
133
1
217
2170
101
163
555
293
144
211
1010
345
203
492
361
393
206
279
148
128
1392
2055
790
517
234
680
502
84
212
257
293
147
744
1341
834
456
2687
661
190
250
128
5209
974
186
190
371
186
175
1744
1850
286
471
280
399
643
358
261
379
187
218
215
1706
1120
212
800
516
228
321
611
236
188
148
123
194
116
101
158
134
73
137
169
402
3149
757
394
118
243
190
203
160
244
337
157
142
267
119
133
276
2665
458
488
353
521
1116
310
643
181
242
168
145
1
214
4509
121
117
331
326
153
221
182
138
189
163
278
169
180
1094
1569
767
336
523
801
331
268
134
479
738
251
399
4092
272
1362
666
143
178
179
1720
397
523
599
1998
361
203
114
103
186
405
189
141
130
222
1854
1888
278
135
558
144
929
171
113
336
322
148
116
172
126
1
216
3103
787
262
200
824
112
132
71
150
172
246
314
373
178
151
3842
382
476
412
128
659
129
153
169
211
128
216
179
207
1158
150
918
525
700
312
174
506
88
1434
198
154
59
206
203
356
150
499
606
1739
360
212
145
585
210
1008
802
161
486
291
187
716
2442
511
474
217
707
365
176
195
231
199
380
222
282
174
762
1000
402
245
708
238
178
735
401
292
280
794
195
109
142
205
282
169
154
295
3315
497
382
696
375
216
265
287
216
133
298
316
748
1503
105
1668
892
785
201
448
130
139
435
145
92
452
1156
1287
1641
403
313
174
170
85
420
241
486
189
168
106
998
171
980
424
265
153
697
317
179
575
299
1325
205
192
145
145
117
104
957
1949
1729
933
347
118
255
113
426
136
201
127
3236
1633
495
721
159
349
282
108
171
137
192
5012
144
139
231
639
154
398
127
255
4639
1323
421
201
202
187
202
116
565
1201
1099
761
1104
249
395
913
191
269
224
133
187
258
767
537
2978
151
146
856
173
136
240
232
182
141
98
130
184
82
334
881
3744
176
174
244
250
235
309
706
121
117
457
1839
171
2921
364
124
496
534
130
133
122
2238
2285
170
311
573
260
253
200
290
221
224
139
127
1416
142
3751
469
234
293
140
167
380
188
111
3792
1642
853
402
158
99
185
160
3356
444
949
100
76
204
367
363
151
116
487
217
258
203
618
105
85
1321
869
584
296
876
661
198
359
187
131
331
94
149
195
232
952
2356
538
321
797
201
146
256
276
194
482
222
187
252
111
531
241
259
150
2528
1376
225
193
492
139
259
137
263
197
118
183
312
707
600
122
1701
1117
142
380
349
251
75
322
138
358
180
163
168
115
90
1
525
2843
416
276
563
136
312
431
547
201
89
162
231
255
163
141
2152
1431
536
170
598
377
148
210
295
148
312
171
186
164
253
139
1
2312
739
139
1248
1028
398
279
146
178
336
112
184
192
1041
353
2290
293
2000
194
140
201
297
249
233
319
177
1291
254
247
409
272
610
472
448
2207
100
148
214
123
2193
407
582
450
2102
232
470
496
196
162
1
1363
544
3638
245
164
279
247
193
199
281
138
1252
168
902
154
259
316
1007
208
420
503
148
148
486
301
149
177
122
161
158
251
1
372
388
689
1028
531
715
365
264
631
215
157
107
221
175
154
495
267
190
152
175
178
1205
650
389
353
126
179
146
769
177
555
220
558
665
255
191
406
269
1089
801
468
188
754
1140
566
204
215
384
426
125
219
186
206
178
142
1383
106
249
419
456
253
2210
103
152
247
144
164
317
350
163
96
118
297
63
1
1743
983
1053
468
1140
193
256
667
316
355
117
693
99
404
296
390
194
471
195
446
226
143
515
728
166
569
215
397
195
133
282
123
256
154
1
1304
158
2406
202
863
252
139
389
563
147
403
121
233
111
427
3628
267
1125
183
287
121
213
150
194
361
185
150
4723
783
345
169
463
588
122
98
2316
1007
439
2342
192
398
212
115
156
114
851
516
2748
165
155
947
627
657
157
261
206
1
2207
1603
1257
621
748
123
227
353
80
72
734
135
990
1118
232
243
957
1090
347
428
136
195
545
141
1474
3517
129
279
182
566
366
158
105
185
137
193
575
614
953
306
934
205
1171
275
178
552
576
146
271
127
188
148
72
125
4669
432
262
206
348
421
320
283
150
75
847
153
855
2105
173
282
365
424
561
187
207
210
119
229
121
232
221
1268
1321
348
498
515
1334
739
479
789
815
510
94
265
596
812
265
127
241
861
172
160
364
182
117
463
337
183
470
98
83
76
1322
193
1145
215
1081
547
231
329
100
673
250
198
156
427
225
199
944
1955
2086
163
180
1287
172
359
145
444
236
2517
641
217
589
384
125
162
1012
574
161
139
88
1
1
799
1051
230
638
1743
379
687
266
144
376
320
209
243
83
123
1736
151
1128
549
1957
397
227
501
233
121
138
153
1792
735
1319
198
161
170
318
252
1024
137
468
198
272
123
124
1165
1103
2320
199
1741
160
280
185
137
1
1821
286
281
231
168
859
384
390
686
1693
358
134
122
726
255
216
881
427
207
295
281
1814
177
148
412
290
283
196
161
126
220
54
921
415
2518
75
135
504
468
382
298
154
819
182
131
289
668
513
1952
489
175
730
1269
174
255
631
158
91
185
1
2706
1977
507
165
683
299
154
277
129
187
205
2
1921
969
224
819
317
249
392
173
190
412
208
218
351
88
430
116
127
87
1884
529
229
189
648
1698
713
99
131
177
163
152
155
190
160
101
72
1
2699
1782
118
344
452
115
394
240
364
174
165
270
173
1
417
474
1043
144
1411
390
80
328
190
572
788
343
242
280
89
113
157
229
1
139
1471
1411
665
149
300
351
379
372
259
1050
108
206
156
138
137
149
1389
3752
607
97
273
350
278
237
158
1
230
722
323
1829
132
1571
1033
262
941
248
140
1453
638
1994
477
146
289
151
388
825
243
387
113
47
947
518
127
565
3440
132
176
345
137
565
177
162
322
382
2429
339
322
161
193
769
554
163
237
445
228
229
205
202
111
847
2308
211
280
126
247
1065
542
279
253
260
181
140
208
179
164
1
761
3737
173
807
162
1361
170
120
3363
433
116
434
826
749
185
172
204
163
254
163
113
116
171
2401
2067
270
764
421
529
152
105
209
202
2727
262
1144
275
604
198
264
432
196
549
217
229
1
193
5721
200
352
139
342
379
158
1363
125
2661
208
1547
830
232
176
147
1
1
1397
183
481
225
119
637
966
352
242
169
221
718
210
320
487
179
192
192
1
482
1587
376
1238
754
334
198
214
392
604
204
91
677
139
1
2025
1177
148
317
1107
550
456
237
287
159
460
132
118
118
151
3986
1534
492
278
236
362
125
127
2469
942
1061
194
195
414
222
209
127
188
177
122
350
129
188
154
150
828
165
432
1223
210
439
687
370
168
212
127
349
357
607
167
111
185
358
143
151
2
981
739
1919
2272
264
143
131
274
128
162
115
163
617
352
2840
1368
210
447
186
146
280
144
169
335
197
873
285
138
1000
1356
1231
243
365
235
867
244
139
128
187
174
258
1181
856
382
926
139
150
248
129
581
453
166
169
183
445
385
153
191
121
1
3836
1918
472
160
163
230
512
2680
2003
109
484
108
199
223
171
200
227
188
207
236
112
76
68
3413
254
1044
235
584
234
397
263
195
121
324
99
128
6100
416
460
177
137
1
463
539
277
1047
696
254
2342
606
348
234
152
79
102
152
3813
527
598
269
265
166
286
102
274
285
143
87
166
96
214
4681
1174
112
255
347
186
202
193
141
1068
1709
1045
1110
732
802
112
225
138
221
129
1146
98
603
232
224
305
1534
668
415
153
262
197
201
119
200
190
481
153
110
256
97
1187
131
1771
161
1858
127
557
214
133
114
334
211
140
733
3389
107
810
233
387
251
565
232
137
174
104
169
3519
267
240
177
225
380
796
443
324
424
178
146
171
1
2966
1833
239
131
252
141
147
236
228
238
393
180
151
156
5177
387
203
174
250
165
120
228
127
222
238
1014
142
869
404
729
310
249
598
1046
194
1011
240
149
104
232
1052
513
361
488
307
557
378
494
124
740
1160
260
185
203
469
229
159
1351
1104
1650
1449
445
248
144
221
165
126
2482
595
599
436
422
98
793
594
467
117
334
190
164
3731
208
272
140
292
158
352
170
170
693
223
225
227
430
212
2949
556
1583
273
136
282
82
431
141
79
120
244
100
103
181
166
135
392
574
1475
499
284
230
1073
213
153
133
411
200
290
275
185
154
78
190
424
1833
865
254
822
491
661
191
237
279
502
102
117
137
186
190
1553
464
286
201
211
643
768
164
472
101
167
194
316
423
385
208
265
164
190
112
4
212
2320
363
535
429
64
375
231
119
155
211
782
268
295
328
181
211
151
61
5136
655
218
752
187
207
136
5310
1157
223
153
227
221
3181
392
175
883
226
359
201
187
389
263
295
198
138
291
112
1
203
1342
683
202
919
822
445
348
652
190
429
281
191
256
170
158
758
415
267
4153
419
822
139
318
3213
916
251
419
465
159
219
201
823
332
139
154
637
3372
414
686
627
610
189
135
186
186
248
1
1655
1313
882
224
511
629
124
152
212
226
258
326
125
163
151
220
120
219
214
372
3135
396
779
504
108
251
330
264
169
105
148
148
148
1
271
120
3058
503
587
590
667
123
200
163
113
157
138
152
216
105
128
3705
204
155
262
196
673
649
253
146
166
269
354
122
137
1686
404
3361
299
619
155
230
199
122
81
135
2184
820
291
600
596
540
416
130
113
493
126
234
158
176
171
243
306
825
2703
718
996
152
1468
123
3522
170
1380
167
132
1023
172
226
185
163
151
200
3389
159
1826
500
306
155
362
252
142
857
1682
1814
813
137
168
65
149
311
141
772
139
116
127
368
181
301
4515
524
362
170
382
119
155
214
3779
597
322
300
162
89
487
141
168
240
95
184
561
166
749
1924
1028
1176
338
161
96
502
210
228
96
253
241
169
120
858
509
241
453
253
325
164
106
787
179
629
649
609
242
299
742
101
145
3196
221
162
189
1190
199
433
272
416
242
126
105
232
308
1520
253
1027
792
568
398
463
237
208
510
321
108
253
249
281
103
2329
575
1157
547
159
190
1053
611
155
364
151
2852
369
178
376
343
568
604
980
163
432
120
306
1152
2506
361
156
415
171
289
125
239
340
143
170
154
188
164
188
123
259
144
2
1
1
2200
1730
2012
141
591
310
82
142
83
1895
288
638
246
420
252
758
212
487
310
425
803
143
204
210
508
3996
1017
326
161
592
375
257
59
279
229
4115
152
803
417
136
204
553
102
202
98
1
1031
666
812
175
233
1224
240
149
498
461
178
236
111
221
204
676
176
3167
509
235
750
772
242
161
1040
103
312
1599
2565
770
266
733
376
86
296
211
170
219
1687
136
126
1372
145
1035
410
111
320
118
246
305
208
232
204
174
193
113
156
2197
172
384
330
274
144
714
441
226
255
142
224
135
179
275
356
167
1
260
188
227
1267
972
268
667
287
483
1091
199
250
355
420
495
92
293
151
1
1593
787
662
685
306
392
119
551
838
108
189
124
544
223
170
5459
242
604
163
308
225
167
123
1802
3142
808
149
179
288
234
205
294
190
337
3688
339
471
362
281
92
251
280
774
182
233
1
4039
285
529
137
254
443
384
229
393
127
145
213
113
4714
742
389
195
263
225
191
168
172
225
6
1
146
3075
681
665
572
669
354
208
157
133
211
227
193
492
1871
662
1040
714
431
143
175
128
239
228
138
204
247
194
145
133
107
192
397
149
379
263
223
463
265
618
133
1378
224
377
253
1254
410
183
130
4864
263
225
440
438
241
392
205
107
116
198
1880
602
346
1436
290
359
529
258
233
447
191
186
142
194
472
3924
136
657
233
463
239
203
89
195
159
339
182
689
1875
2073
1333
757
250
216
98
3967
455
115
237
368
187
165
135
278
720
74
227
184
179
6284
143
119
144
382
219
973
995
345
510
803
807
299
144
274
459
154
343
426
207
108
139
134
171
1715
990
230
1934
214
190
114
428
169
742
104
211
136
114
402
2551
503
545
423
225
163
404
737
778
182
270
107
1
217
1139
883
738
206
851
544
155
306
567
257
230
187
137
127
399
208
140
2238
2526
604
259
189
142
143
132
110
211
274
199
264
4837
205
573
728
170
257
213
205
103
2197
1055
485
401
412
1220
912
198
244
167
2624
1028
389
126
907
247
422
473
185
486
269
135
2501
118
329
1078
1291
1081
533
276
84
270
1239
321
472
1484
234
1471
100
172
141
437
139
373
233
132
73
588
3036
789
166
234
164
151
274
680
229
145
361
134
340
1801
2081
2915
329
159
6
291
228
217
1187
201
194
294
426
1427
681
113
472
216
220
408
187
131
398
516
1075
369
596
1095
246
1446
189
165
183
269
205
133
283
142
214
165
1915
2545
223
960
243
291
131
196
455
132
200
288
2623
549
1136
190
536
411
171
419
173
201
228
151
214
1
913
144
169
431
173
2032
295
168
321
1382
531
223
187
146
176
720
592
926
704
283
769
231
274
360
112
228
393
379
185
191
303
296
123
101
120
1
979
1283
223
806
236
260
409
391
673
432
717
158
149
190
263
122
379
487
768
123
307
170
667
366
1550
776
213
344
235
209
309
209
179
458
2564
1866
163
201
256
466
180
457
200
207
124
149
1206
1548
1804
1488
788
105
140
212
485
166
1890
911
161
148
202
754
206
228
132
209
147
241
221
228
449
129
218
165
1
4232
325
189
969
878
186
145
140
154
73
2317
751
1883
255
205
151
230
700
268
114
167
250
3818
561
153
221
973
97
647
337
181
147
154
2
212
1317
384
1122
308
413
542
155
819
405
164
201
180
530
308
114
117
1760
865
216
419
1561
599
773
156
432
244
131
135
391
1836
619
479
270
188
200
378
206
247
170
500
349
270
88
118
297
221
239
111
113
1
230
440
306
163
578
2926
212
203
146
470
135
423
173
159
157
212
358
1270
486
145
935
336
1752
887
159
452
152
300
120
132
165
4552
536
404
241
345
148
199
273
167
189
236
1
1874
761
679
97
304
947
727
216
321
307
196
164
128
371
199
170
1920
171
182
1467
583
236
787
244
147
266
177
231
166
176
218
150
1351
202
3458
357
104
168
149
131
159
137
241
186
271
270
107
764
212
2943
1851
209
289
448
213
135
94
133
886
1210
1823
633
206
293
480
84
345
103
652
399
177
3492
343
358
388
264
645
829
250
167
142
235
178
320
1257
2164
1351
406
218
201
372
176
379
163
175
109
5316
308
266
374
386
170
204
267
154
4971
149
135
615
165
189
496
249
168
683
242
190
4999
210
148
467
90
133
129
223
3200
1629
254
723
448
229
151
434
2253
2564
507
341
134
184
213
162
122
691
120
3653
1420
189
409
338
322
377
126
200
257
2302
322
1661
889
306
212
173
429
355
175
112
193
162
601
2797
694
286
1609
160
538
95
127
154
87
142
1
204
5557
212
349
214
198
212
199
103
42
1
282
169
5663
556
215
246
160
6003
477
137
271
254
149
341
608
3057
378
157
422
357
798
197
216
151
132
142
167
168
2994
600
937
729
136
245
526
491
240
147
127
119
1733
688
647
228
576
592
251
231
522
136
148
162
229
178
248
192
220
195
115
356
5463
267
146
182
256
263
130
111
117
1099
2264
332
222
615
701
692
248
419
190
359
148
2
3723
149
209
262
222
159
209
133
450
164
424
209
122
130
160
186
129
117
134
3209
132
418
250
559
607
602
482
130
337
243
186
136
4970
631
463
175
230
156
123
174
238
129
2
2112
629
1178
1240
248
302
160
117
459
181
138
149
224
154
1662
1160
513
308
259
101
276
277
444
355
403
145
250
466
147
174
181
170
6094
364
215
387
231
872
1099
565
1089
310
2060
173
107
141
289
90
184
131
181
3431
769
1047
155
186
185
256
250
347
275
390
327
315
351
1524
156
117
605
999
153
373
122
1011
123
146
112
176
204
294
182
1
349
548
1401
311
819
127
348
324
779
254
876
199
121
196
89
146
136
129
139
636
2912
670
574
1095
164
197
153
454
260
176
120
2433
176
283
251
383
143
224
1417
201
672
178
145
183
168
182
131
1
333
291
833
149
368
443
211
217
478
685
1015
190
201
103
170
133
195
204
314
233
214
131
180
2955
503
157
1105
195
531
212
209
304
273
188
298
219
142
1306
1987
218
301
394
198
177
530
422
328
320
146
180
266
152
250
116
266
4000
201
383
138
410
225
213
251
205
162
534
303
214
425
125
148
628
3174
248
759
190
185
305
207
192
114
217
160
269
524
550
217
584
359
330
1445
170
118
281
175
182
344
635
209
365
230
135
169
212
367
612
1305
824
489
222
394
423
186
181
595
130
124
185
108
137
140
128
150
379
4262
1378
283
210
152
206
159
253
181
102
105
3364
682
313
410
162
250
872
189
168
494
161
80
146
430
769
365
245
464
200
303
188
424
379
95
173
614
269
190
847
414
182
149
138
224
90
139
2975
692
588
762
439
209
170
195
211
265
133
326
79
247
1857
1500
645
1313
170
798
98
153
99
263
204
191
488
175
703
1640
397
552
249
144
152
125
556
97
186
600
147
207
197
179
144
132
63
157
1
115
2101
267
810
207
1420
230
579
247
161
209
155
127
108
139
283
133
824
1978
105
1083
1188
787
354
96
74
296
103
218
184
1
3669
1243
365
271
643
543
195
145
217
2852
192
1537
224
1389
240
124
161
335
117
120
550
1995
3128
401
439
255
114
170
118
121
334
569
777
1116
174
671
394
1241
342
430
178
147
126
205
251
219
117
5034
180
265
545
422
146
219
183
160
137
4717
828
142
585
144
296
313
153
113
2575
343
1811
831
201
682
268
227
70
173
110
234
892
1336
329
242
390
1176
407
115
214
380
201
720
109
153
145
151
97
155
399
1508
1646
904
294
244
209
330
269
159
273
336
137
80
348
1995
214
246
453
425
145
958
384
196
98
138
236
223
167
140
190
195
157
184
135
132
107
173
1937
773
382
1604
167
644
334
495
129
170
280
132
244
144
260
3074
230
448
489
337
156
223
209
212
178
458
220
81
227
171
174
2783
1552
289
222
186
138
166
299
1071
274
311
688
741
530
1628
414
154
357
190
688
391
617
131
108
151
124
224
155
1971
125
1269
564
127
343
1748
189
389
140
137
182
106
1
2794
1037
1361
452
179
126
556
238
214
163
171
726
250
1950
259
521
403
541
132
168
111
398
175
285
228
157
294
86
197
58
174
178
922
1335
712
120
216
182
211
180
303
514
1209
160
189
105
506
107
132
188
3264
2450
170
688
221
167
192
139
1266
270
412
690
1940
1131
295
267
174
114
110
280
156
186
1333
532
207
855
569
481
263
168
662
345
132
156
281
531
99
187
174
231
85
2074
185
593
740
260
1738
183
773
132
133
198
122
160
1014
1145
3325
217
922
157
113
198
200
933
2174
3514
141
293
236
1533
358
935
693
213
242
1125
972
132
495
95
190
192
116
290
260
1530
164
1059
661
96
208
632
535
321
195
121
377
170
177
416
79
1057
2474
692
302
1260
821
132
240
265
48
372
1215
661
150
1993
207
284
950
127
137
175
197
468
211
144
291
3609
768
988
157
381
180
146
201
445
125
6071
833
208
179
509
2613
809
332
167
384
208
288
177
221
167
215
302
199
165
136
225
99
75
1671
339
230
1959
278
1300
270
725
247
181
91
1927
1180
179
340
772
148
1149
174
216
789
248
169
832
1509
156
211
683
194
221
856
187
396
160
189
288
273
111
731
164
129
1
3689
1658
143
214
177
124
214
374
109
276
179
134
206
292
595
2039
375
277
145
180
888
350
222
431
557
201
264
164
105
2439
733
185
1419
292
361
455
228
127
151
199
92
145
84
237
144
2367
873
477
623
471
599
248
345
208
172
231
270
92
171
143
1
667
1002
424
359
429
415
1350
137
214
231
280
392
134
129
125
294
81
278
113
108
129
4303
1734
192
275
105
461
221
1678
118
3297
668
110
782
192
152
150
144
2850
656
1052
1074
167
191
389
238
234
304
136
276
3166
292
758
309
112
571
1228
136
177
137
128
1
1185
347
1789
168
1411
1157
132
163
292
239
127
119
162
4508
1499
106
262
151
177
311
277
4203
679
607
168
717
259
288
197
173
3108
475
219
634
526
405
179
575
296
571
303
838
141
964
457
171
2426
199
208
534
126
159
632
182
146
108
1278
865
910
121
158
824
272
1000
196
663
191
205
257
125
226
451
2594
174
928
281
487
247
443
211
214
172
157
333
307
292
1282
2008
292
228
190
478
1347
428
171
145
136
202
238
146
1291
379
221
1387
1305
694
270
210
304
127
282
158
237
262
164
6469
301
279
151
91
3842
220
1144
92
153
490
352
315
219
122
103
239
4130
88
1135
773
282
212
506
164
1
375
1239
472
1239
225
209
372
776
775
515
183
352
226
222
111
3993
485
548
484
181
250
83
558
568
141
5023
172
676
129
630
271
286
102
2
1072
179
2098
972
1307
232
219
121
225
205
214
318
129
173
913
344
456
656
440
386
708
93
696
206
102
183
177
328
131
202
112
162
339
126
205
153
831
3203
119
494
1225
106
200
614
159
192
148
4016
2087
405
396
164
223
589
3921
1156
192
107
147
677
136
157
209
2950
848
510
558
148
349
157
301
178
175
188
470
94
185
180
814
130
1622
180
217
762
190
631
319
525
155
318
641
144
173
212
120
138
536
4008
573
358
567
142
608
151
135
147
66
1462
1276
288
536
687
122
205
456
294
246
176
733
164
152
133
228
133
285
244
497
409
283
1125
1762
306
461
674
88
226
235
518
178
2542
164
1008
312
424
1028
409
388
440
319
257
483
251
1562
122
1118
1039
255
240
1059
198
189
318
314
143
1821
303
265
884
92
422
283
203
291
424
482
111
737
693
72
208
607
3896
930
205
651
166
195
259
171
211
5412
610
378
173
109
156
238
215
670
1770
845
300
1566
114
328
389
200
162
153
125
224
234
211
1551
1285
181
161
3592
277
243
1
4608
1134
163
220
184
439
105
167
153
116
2
1084
557
730
167
1252
399
386
303
264
236
145
230
507
168
441
53
260
109
201
440
408
563
673
1180
965
308
310
197
235
161
256
313
323
192
245
203
118
207
1023
110
796
1562
122
554
220
107
276
236
1123
103
128
242
192
201
89
5151
178
743
414
222
296
285
2
1931
661
158
142
339
652
457
268
304
110
138
231
258
227
207
162
184
98
209
189
190
101
75
283
1024
2016
174
1431
199
433
250
280
216
201
403
227
154
212
2441
150
222
782
294
237
320
1381
260
215
62
260
82
153
219
1
959
939
1378
425
175
581
234
302
464
759
574
187
205
109
4904
788
758
268
303
120
150
2758
2027
408
695
439
128
157
193
176
214
96
1638
498
485
189
599
217
196
232
136
639
364
593
183
362
336
181
98
178
167
165
570
265
342
1852
113
1413
676
285
301
378
277
168
76
142
128
140
1451
1306
220
162
674
186
115
1649
168
274
170
163
158
251
205
139
787
2445
425
1098
670
188
714
153
172
222
160
96
161
2224
750
167
674
226
259
430
792
391
175
202
174
439
264
124
2026
1722
628
359
156
476
176
170
147
738
370
211
112
628
277
2174
2456
1207
118
431
752
273
363
259
566
569
179
93
845
143
155
671
128
247
536
191
148
198
240
141
125
165
159
143
2
1846
2539
234
226
142
1255
494
137
418
1437
325
467
865
645
220
145
251
460
206
487
522
139
239
149
163
140
175
110
146
139
963
1939
1617
658
502
381
123
157
182
196
305
129
4656
857
336
660
245
91
197
178
69
2
1229
250
4419
782
377
234
4797
1184
337
112
184
187
165
325
4799
272
302
1067
171
132
187
213
147
1
5191
90
508
172
309
184
103
165
321
248
1973
230
195
1219
411
1391
969
378
180
196
149
6260
584
220
107
120
294
1324
205
2965
218
220
1313
146
186
220
200
2561
947
437
319
156
332
753
340
763
304
150
84
145
1785
868
332
239
2754
156
330
259
223
130
124
91
329
116
662
282
1800
901
469
196
272
248
471
241
176
127
176
303
190
169
163
5307
1199
397
109
279
3402
166
740
193
227
387
493
82
174
133
228
249
223
103
198
293
5446
252
374
435
161
241
178
204
1594
217
159
121
2074
102
192
242
359
121
186
177
135
182
189
228
92
181
438
302
2840
276
194
274
309
211
745
153
226
139
1214
199
144
144
108
115
1641
207
2700
518
361
225
199
118
250
100
251
179
122
320
100
5598
197
539
322
377
152
106
4086
369
532
344
174
480
593
158
217
195
140
1
1
1
360
453
3221
193
224
185
226
321
181
191
178
463
231
96
187
261
244
75
1
1368
1132
737
922
169
191
144
680
551
482
508
106
301
1608
418
1235
2116
261
179
203
125
170
86
170
219
174
233
94
395
366
3272
333
832
140
292
481
268
325
125
239
223
5759
307
650
447
128
1975
229
149
724
767
874
127
445
363
97
800
250
179
198
114
488
906
178
401
137
485
530
648
2274
842
115
112
175
2239
240
1304
935
163
320
662
220
422
180
184
183
175
64
525
282
200
1181
1063
368
331
325
297
137
240
276
61
224
137
608
116
234
220
239
227
681
161
559
1405
1794
379
108
202
417
294
115
178
362
266
137
233
335
1586
919
430
1124
939
177
177
219
326
211
157
266
218
207
1041
420
433
2463
200
523
700
436
122
160
277
158
358
3300
424
301
225
184
351
105
1121
211
152
293
208
131
154
131
171
653
139
1635
1166
722
449
809
410
133
243
236
223
302
135
706
1604
2313
1259
309
549
123
144
148
1
144
1704
272
795
316
1127
245
225
220
157
987
230
113
243
435
78
237
4516
942
289
434
259
232
159
106
117
551
3761
263
322
1096
104
146
145
231
137
172
90
156
117
450
1130
455
278
217
159
893
577
116
267
1244
202
226
190
356
157
163
210
1
1566
2671
910
198
894
171
574
149
157
1
327
172
410
637
1261
154
413
968
651
102
724
194
470
115
117
105
231
240
217
159
915
1443
77
165
814
140
209
449
262
374
184
165
350
227
820
115
77
129
1416
624
802
217
271
721
202
803
215
486
229
550
428
218
109
1332
1425
1944
257
371
746
278
146
499
159
134
163
356
119
243
1631
1536
234
172
184
1082
179
135
81
147
200
186
92
192
189
170
200
6593
302
196
372
805
2692
183
128
218
272
349
446
395
338
299
236
143
185
230
425
2168
213
1336
153
570
183
461
282
287
391
191
351
137
143
700
838
391
1374
631
313
90
224
329
179
341
214
229
202
795
264
177
346
229
2400
2095
336
128
135
226
164
113
239
531
291
58
2123
196
1733
160
326
299
311
924
242
297
286
147
146
101
4751
593
207
194
153
282
305
286
153
247
119
1
149
106
223
1033
625
199
392
1845
465
133
748
216
707
129
163
158
1737
552
563
212
3027
266
197
182
272
126
156
1
188
262
1441
1446
281
156
305
251
417
212
122
394
590
222
195
260
84
159
150
155
1
572
1099
417
336
518
1043
408
122
528
234
526
133
125
144
352
137
81
238
81
197
3902
1589
250
181
295
178
210
189
110
284
103
2196
473
1244
124
375
226
462
192
185
193
511
291
421
135
263
606
358
2438
1399
163
150
661
759
206
165
220
166
270
799
215
329
1330
1014
782
1669
554
198
128
2
1
2282
218
1826
128
276
781
164
180
607
107
255
124
185
157
1
592
201
190
1020
181
231
285
233
317
368
684
180
696
238
215
189
83
396
217
221
302
146
106
1020
1885
762
561
205
778
865
270
186
118
295
162
184
1662
2141
1951
159
220
332
257
421
148
321
539
1110
211
945
837
467
188
238
1055
218
119
533
98
155
129
128
3028
179
969
486
624
512
113
173
313
305
188
188
114
99
1390
2201
198
1104
550
287
105
518
267
136
183
260
92
1123
901
164
3279
396
222
175
136
317
289
159
129
1
346
346
611
286
252
728
1008
143
510
396
167
161
236
135
272
192
224
203
103
169
81
231
166
204
121
2197
165
520
240
78
1161
985
302
247
290
283
471
247
105
1212
1604
366
1362
167
110
533
273
215
799
320
124
206
2320
202
193
164
230
368
149
202
550
304
1006
178
113
1159
153
1936
746
458
1889
596
182
630
310
225
175
144
123
725
853
617
320
2308
313
206
168
297
137
237
326
137
158
201
165
448
1627
418
458
1829
318
384
275
141
644
343
191
108
107
1022
3538
494
331
155
222
379
124
164
121
245
381
114
1
555
2581
496
327
1063
928
551
310
157
217
105
1
1404
665
1679
1277
452
809
239
224
124
93
118
207
835
207
741
79
1611
214
257
211
199
536
485
661
518
148
296
154
139
144
3933
213
345
271
143
152
154
463
328
207
217
163
176
117
142
123
2066
509
2020
280
337
304
261
131
204
346
385
199
100
149
5019
571
194
133
229
654
131
359
1
820
1552
640
139
574
129
221
674
121
260
175
571
323
156
138
179
145
117
164
193
215
307
4496
156
121
166
245
201
212
217
270
181
135
226
143
1915
3280
367
937
133
160
225
134
140
3892
543
611
716
148
538
509
222
112
2713
1219
786
390
558
124
375
444
185
139
128
230
992
205
281
1260
98
293
668
125
539
281
202
149
152
549
638
213
289
191
166
5808
470
534
314
165
188
2383
150
201
275
131
1471
136
253
1189
150
202
107
208
131
116
268
822
119
2239
625
398
365
469
371
499
361
192
214
173
176
1018
157
1513
967
300
1102
636
218
392
204
79
151
269
117
168
2029
3094
586
172
210
509
369
166
156
3224
269
141
124
528
344
326
1163
422
209
338
203
3229
352
109
130
204
242
121
590
591
141
103
122
194
165
258
266
80
204
188
1
1
1329
617
702
765
390
351
476
273
196
175
421
54
414
202
130
93
168
100
141
204
88
1
1
4171
193
647
311
464
238
621
189
357
100
344
241
961
4236
330
214
361
217
154
233
839
452
4764
101
100
164
117
164
261
130
199
698
2081
711
336
1883
280
294
560
203
245
3017
343
572
1053
176
603
170
417
215
123
186
130
284
2
440
4279
1046
633
197
198
307
191
461
516
334
1634
626
1719
443
363
337
267
100
116
99
86
190
110
5088
186
815
714
378
5455
1315
200
320
1
3915
1132
341
409
853
259
120
262
389
979
346
822
765
1158
234
195
76
227
385
250
133
181
157
219
218
227
244
86
363
421
4410
499
225
152
294
201
158
186
162
220
255
878
1406
724
431
608
171
117
485
230
120
424
625
173
225
273
146
225
539
820
1018
226
2635
444
279
580
125
399
1
502
2320
839
701
310
190
206
777
228
64
188
170
288
179
153
176
1690
1509
308
91
328
586
252
190
860
188
236
290
117
248
103
120
173
2
586
212
211
719
755
375
201
689
196
299
506
177
237
162
192
166
180
253
101
58
315
110
155
160
147
129
1190
600
345
660
153
1369
91
704
936
248
151
216
123
145
230
130
1455
3540
1306
502
165
190
133
829
250
682
391
143
439
227
880
108
211
781
254
148
170
55
111
375
251
157
286
159
226
158
1648
4053
325
422
129
380
334
184
366
6159
425
156
1
2463
369
172
336
844
732
341
259
125
166
290
146
186
319
170
150
93
128
2
203
3056
414
173
518
664
171
1077
241
178
158
214
224
1905
1746
1795
277
355
959
254
4883
417
1097
192
146
314
121
121
664
1261
2840
280
1168
149
658
118
153
461
315
791
185
1167
938
453
449
191
677
455
168
262
311
112
175
181
975
223
132
231
185
319
1443
122
1042
121
212
274
166
186
203
418
190
202
158
301
188
645
343
2138
195
336
208
352
90
605
128
170
201
415
311
136
220
147
123
148
182
88
110
934
1390
168
195
237
194
556
1606
185
480
200
257
183
161
225
181
138
1
4078
198
568
542
142
509
164
554
277
90
167
2
853
253
539
1198
1997
127
396
776
158
177
313
192
210
102
432
526
2507
1326
332
183
441
250
217
205
139
156
159
134
92
192
241
118
316
187
855
111
1387
489
648
519
209
222
157
630
255
146
479
175
147
2652
1894
973
607
469
369
253
74
223
220
745
473
444
172
139
496
165
417
378
280
433
972
806
114
99
109
75
276
131
124
247
140
718
1864
429
239
157
380
210
244
718
506
192
168
105
462
187
188
137
1018
537
211
411
1007
511
860
286
601
141
254
383
112
193
225
130
108
178
122
3
1310
4415
102
315
248
186
390
189
136
953
171
783
227
138
376
237
320
189
729
177
931
214
546
355
184
199
174
167
220
1
2217
1144
159
672
346
261
490
238
131
224
349
201
124
317
340
77
1
5692
464
191
713
82
148
1
621
1442
167
309
493
250
95
202
193
207
1230
226
196
187
407
225
165
126
310
240
1577
3990
548
160
396
367
253
182
1437
1216
175
1691
116
74
1469
137
205
164
425
156
3759
246
689
402
230
121
217
258
383
192
179
183
76
199
1
1023
154
3706
526
434
192
560
176
149
182
93
96
3819
1318
178
268
433
182
279
332
332
150
5188
210
437
337
243
185
690
1
648
1395
813
211
743
270
525
174
243
333
390
243
133
117
317
232
157
169
65
113
222
2007
1378
474
282
236
153
125
792
276
340
115
133
119
140
95
95
169
138
1
1
327
6076
208
193
216
151
120
1625
2413
214
325
708
679
187
605
298
237
765
1504
932
236
572
929
142
221
218
365
189
189
384
339
132
174
142
1220
180
2493
221
314
658
252
845
97
228
317
180
144
177
1747
274
399
249
164
212
1060
239
249
218
155
190
172
132
153
125
145
198
126
79
191
250
100
144
143
6069
201
396
89
271
265
573
705
1204
1081
883
296
1030
106
283
784
143
203
367
377
189
1254
138
356
761
195
655
623
248
223
222
204
679
130
297
168
120
85
867
269
282
1873
1374
321
169
547
242
188
181
441
196
123
218
481
162
1882
249
461
1755
209
231
224
579
170
141
168
302
171
106
2113
351
2908
99
176
280
269
947
148
1982
1365
263
748
240
660
287
255
430
110
141
233
233
200
144
275
1650
401
1715
808
370
157
186
123
218
414
300
92
172
194
118
98
1497
5248
277
135
134
425
2770
151
300
458
199
254
394
475
1437
180
248
299
1815
469
286
183
600
1171
198
136
331
256
250
122
265
145
259
283
223
258
1652
191
1052
189
189
612
758
198
171
73
637
169
242
128
204
189
209
170
490
863
2848
181
187
285
191
188
379
230
144
277
111
302
225
189
201
609
495
810
2034
292
151
174
228
519
784
216
173
273
210
158
165
126
2914
167
1320
404
322
156
301
1251
220
110
1487
597
207
228
353
204
260
584
220
531
121
730
212
472
228
207
414
236
1149
1449
999
165
157
216
557
227
200
291
770
537
194
129
145
106
1255
3611
298
180
233
143
578
470
151
217
155
229
2448
866
530
157
152
160
296
170
251
162
342
203
372
157
292
259
93
152
256
765
199
602
240
347
268
1419
172
237
716
216
215
338
199
154
248
115
298
140
146
1
1553
1181
491
165
746
103
499
437
139
320
240
127
157
247
140
167
113
118
117
122
109
848
952
118
396
306
749
416
751
319
313
221
606
105
206
70
158
142
263
200
152
314
295
441
371
1694
147
2116
536
226
182
442
184
101
105
137
1322
3544
915
259
172
134
188
182
147
223
205
3222
504
2697
400
117
174
177
2936
298
234
967
121
268
458
327
141
129
546
148
279
225
214
423
2836
343
292
125
603
518
314
341
814
311
159
210
2
865
153
222
561
549
205
490
85
107
515
143
674
191
461
299
197
362
258
303
388
151
111
1
481
505
417
1023
159
2574
508
133
331
213
173
486
203
85
3221
1050
2149
148
379
116
227
1
623
202
1740
189
400
1623
466
195
967
224
187
95
138
175
67
3240
125
241
284
524
198
915
145
759
558
182
120
1773
450
248
269
133
1291
314
593
177
163
130
136
270
373
148
257
183
91
126
166
806
1408
2727
188
468
217
374
251
179
216
145
142
170
352
4596
186
477
207
392
291
377
88
325
480
385
219
146
246
182
1499
1309
193
146
605
462
185
580
164
139
190
161
2508
2588
367
172
229
391
196
214
161
158
118
189
622
3523
735
149
931
591
289
120
136
195
302
2233
256
695
326
230
308
219
377
143
206
189
492
220
514
351
230
1703
557
510
317
141
90
468
345
285
1026
163
776
171
234
505
1386
3992
138
250
185
153
366
422
399
1517
644
105
171
358
169
200
1899
213
131
757
410
175
326
216
5426
118
174
567
454
350
202
1105
137
474
351
1382
231
1183
574
179
315
117
187
137
125
259
150
170
214
1
982
334
202
2318
351
418
485
563
217
211
353
192
502
162
1
834
216
2318
498
188
200
166
193
378
105
173
224
126
144
207
144
100
442
107
165
120
93
71
79
5897
853
119
147
121
154
516
218
467
304
1633
488
85
263
622
126
138
159
125
329
384
165
130
237
134
192
114
160
237
65
135
164
857
223
232
2722
387
716
180
288
761
163
205
136
121
1
844
1112
318
206
2398
375
134
195
574
247
191
183
381
133
1118
3186
450
221
170
363
548
265
181
184
170
155
114
166
2486
1846
394
157
433
127
190
237
186
104
424
152
189
81
284
1
1735
1025
219
232
386
181
352
194
225
144
686
193
116
516
226
138
195
169
189
170
442
1739
913
376
1580
255
196
161
138
549
183
382
113
154
110
4720
242
484
107
227
297
843
140
231
1435
3290
171
807
132
189
513
136
124
181
156
157
937
205
327
314
215
151
874
521
206
121
1405
109
353
146
233
393
226
207
163
184
1
192
5089
424
325
614
480
167
140
91
112
759
359
946
399
979
187
816
172
647
210
128
136
375
292
144
310
86
2
1
245
488
2856
877
245
638
145
162
197
262
181
814
181
2597
235
1186
492
723
719
811
152
119
142
115
404
2359
210
431
208
638
839
151
681
941
91
134
204
184
230
1837
209
781
1845
146
203
130
285
695
343
236
167
216
743
1649
281
503
994
73
103
315
243
167
184
176
160
176
221
187
201
183
245
122
149
3720
578
297
321
378
1455
109
155
208
70
5258
715
364
550
245
159
1951
305
116
1958
222
97
642
200
242
355
396
160
317
231
99
4944
207
211
100
322
1006
285
215
1
3641
2776
537
140
197
418
337
2647
623
291
169
235
294
165
263
98
303
228
139
169
219
196
381
116
217
154
1578
1592
1366
679
327
124
202
192
387
107
365
1
1673
4414
284
530
293
97
1062
248
581
2294
1239
533
357
656
80
113
128
3150
1027
778
231
325
785
151
362
179
137
80
85
1
846
141
842
1320
824
199
316
218
262
596
190
222
487
484
122
222
710
5234
182
160
436
149
177
116
127
206
241
537
489
110
347
889
228
2697
132
94
144
164
425
202
113
130
143
2161
399
725
1114
310
282
199
158
176
545
271
180
94
245
117
143
172
1392
149
237
262
1032
1135
231
242
243
611
208
455
112
546
135
180
121
501
501
699
511
661
1418
1051
491
262
129
228
361
228
250
3357
1599
253
281
148
486
154
154
176
399
71
213
232
2395
1151
499
173
150
912
181
239
167
179
368
167
122
111
245
86
4011
905
246
354
227
171
221
222
307
189
351
1
808
302
399
1109
312
629
966
608
164
197
216
207
118
161
174
189
231
132
126
240
3
6402
151
150
247
207
134
386
367
168
2032
161
2000
731
128
537
560
221
339
1297
2425
378
100
757
248
269
531
142
389
306
108
1
1
305
847
1214
1554
1252
881
238
240
107
303
198
152
2499
299
1304
656
495
694
560
156
128
401
99
618
203
2829
116
484
91
1213
171
116
634
132
223
182
110
169
2863
272
386
1161
242
305
144
338
265
306
199
257
357
196
821
2874
437
312
81
305
218
660
352
145
195
225
217
273
176
184
1647
211
606
1495
172
148
167
623
145
330
838
178
185
225
137
149
583
444
202
682
343
162
265
352
472
511
308
432
266
404
295
163
145
134
187
362
109
135
75
111
1183
810
94
212
188
366
536
2347
173
500
158
370
135
219
1568
1067
1903
404
1038
174
219
143
95
199
313
168
4484
140
463
383
463
735
141
160
173
149
3303
389
498
1285
262
396
291
224
249
262
131
1
1900
1714
749
656
198
565
181
245
229
145
222
124
99
263
1
2553
110
885
762
220
767
506
1070
179
147
92
160
3361
2872
353
173
167
86
119
248
3819
481
643
1022
203
114
265
252
101
142
1
111
1394
1527
611
1921
186
407
248
157
530
199
2266
1345
785
304
434
162
89
424
187
261
142
201
214
203
119
155
557
1108
670
1079
949
191
628
262
450
919
146
212
120
847
840
1882
184
184
256
591
161
180
198
461
507
346
174
175
181
122
1
1
926
418
409
4348
171
306
241
261
211
6820
227
62
121
61
5145
321
254
439
257
184
184
176
331
195
981
1127
581
388
224
162
225
152
1328
124
475
192
340
144
227
133
151
142
5441
277
323
211
365
132
202
203
137
149
1194
442
340
1249
118
490
2101
265
155
98
176
182
199
133
2098
894
509
150
838
241
149
842
288
290
304
195
216
277
1309
92
355
122
527
620
1273
153
911
240
109
344
209
270
382
98
179
98
1600
1685
508
150
361
582
728
205
460
119
149
199
169
85
161
130
1344
401
219
199
1125
165
1002
216
222
187
848
255
185
172
151
119
170
311
2772
996
651
556
187
293
209
169
591
200
365
110
192
977
213
1459
230
718
241
584
324
457
220
123
195
140
101
105
207
207
114
139
258
170
109
580
427
808
118
148
1049
136
387
240
246
240
192
421
221
174
383
413
171
156
200
278
149
154
784
148
185
841
153
425
477
581
1342
91
243
477
362
263
204
243
128
123
221
6496
257
154
217
167
843
279
1388
281
1256
230
323
582
1090
234
183
302
194
104
1
1
456
1577
192
210
2049
350
821
203
357
316
208
164
207
181
5828
433
252
160
197
99
167
155
4876
247
596
433
150
211
158
486
134
523
305
305
248
1792
328
1376
920
239
521
168
153
163
250
2570
3148
524
379
232
166
142
130
2493
1851
203
268
374
263
717
94
435
141
147
114
191
231
6311
248
155
150
196
2771
1231
172
876
312
834
171
252
328
185
158
1
263
477
880
2890
807
332
421
929
150
142
1414
2395
2139
324
362
178
161
116
148
54
169
401
593
235
1807
268
187
1309
811
437
358
154
234
215
113
167
524
930
699
1073
1388
375
205
294
361
169
185
203
291
101
212
114
371
420
1887
320
257
323
603
693
685
600
235
202
308
195
192
2508
268
356
660
226
904
166
476
251
495
203
296
249
168
65
498
834
262
142
164
807
1084
676
209
358
524
191
160
499
309
187
109
278
395
2224
1932
302
391
242
395
275
180
177
162
130
73
317
96
2502
784
302
513
222
151
166
207
155
117
98
469
194
423
272
216
169
116
215
2239
3044
1073
195
132
193
133
186
96
534
2390
459
448
955
271
200
156
284
583
177
218
237
86
97
196
3134
406
263
115
235
304
865
186
687
238
215
98
191
173
181
1577
143
371
764
573
727
711
1118
205
573
144
125
163
97
712
408
154
215
3093
1489
155
151
174
143
103
97
188
209
207
2947
522
185
490
309
604
575
139
312
484
258
105
154
631
604
3474
136
200
592
155
328
281
218
163
199
194
116
2787
255
357
142
545
202
578
361
276
237
220
185
111
204
550
175
105
1
414
1645
184
844
1130
152
487
157
367
333
214
203
315
331
159
193
163
1529
2403
739
1151
175
232
248
302
133
248
131
5536
168
567
139
176
128
198
142
236
1
1922
695
3111
176
185
185
217
296
263
147
94
402
117
376
241
216
292
341
2119
241
536
249
377
703
406
161
123
119
107
165
1572
655
511
367
520
139
991
559
143
373
235
482
129
142
257
89
127
4167
717
1188
92
132
579
129
143
144
383
461
892
1123
551
1242
194
148
206
325
653
208
181
223
221
139
140
1
649
235
232
1266
690
845
292
208
989
245
259
494
179
142
122
143
132
168
1
112
158
4677
273
155
170
385
191
296
169
299
226
178
2
980
3132
380
198
601
471
627
216
173
146
117
93
157
4003
258
499
1576
177
85
178
198
165
152
687
273
150
132
2647
451
178
308
310
342
173
257
289
188
285
237
213
171
931
269
684
836
494
1841
535
209
320
126
133
119
361
138
172
122
1
5325
814
182
709
99
162
404
256
125
481
779
626
1268
606
179
558
308
350
461
145
98
428
219
293
751
2201
2012
761
141
297
498
156
181
309
953
533
225
240
191
550
367
161
1232
263
228
323
487
375
116
369
269
100
4689
472
480
344
155
143
156
179
245
273
155
3577
113
378
394
526
131
518
179
317
185
246
121
142
139
135
190
1704
205
212
842
528
1058
866
324
627
264
552
108
1
318
1518
3343
1434
255
114
145
164
335
142
1315
282
925
554
197
586
192
319
128
347
249
774
257
372
198
119
138
201
305
384
833
283
423
136
371
299
175
713
232
546
283
367
132
338
217
278
169
267
93
108
394
1735
883
137
225
1039
171
736
171
439
164
199
464
147
251
136
161
1756
662
153
1515
850
535
198
129
208
174
157
164
144
146
218
121
399
841
1377
434
429
510
171
717
211
102
398
734
250
198
186
168
166
504
286
941
435
3450
174
406
179
117
213
197
270
119
6068
136
934
153
2161
1010
215
585
269
520
126
219
109
128
382
872
348
115
137
95
458
1487
332
665
1306
175
1054
133
126
132
159
380
257
475
152
458
1768
189
847
530
916
292
120
226
1255
98
150
183
259
295
2033
914
75
571
670
179
717
160
170
346
428
254
278
197
4
126
198
988
2056
578
251
200
352
730
145
269
108
148
755
207
83
97
3979
448
298
835
452
396
526
141
216
1254
1928
1483
315
507
230
230
160
371
360
276
177
386
959
2761
313
913
387
296
149
103
207
162
179
109
131
128
108
3126
511
189
1085
99
425
159
171
381
337
319
178
118
192
1
1222
232
3799
139
778
329
152
183
235
222
229
945
3633
526
189
229
179
362
334
178
246
241
221
755
259
162
1099
356
154
336
503
337
1317
154
113
397
130
154
118
189
258
177
102
2099
438
220
536
145
202
180
497
195
162
188
231
430
233
182
327
239
158
405
84
140
374
6352
168
397
2134
2374
309
190
351
1112
482
134
41
164
2178
208
1834
1309
256
84
334
126
276
202
125
249
110
1303
1969
177
437
193
2195
382
154
114
138
229
2003
416
238
958
994
218
457
192
541
172
191
414
181
165
151
1070
271
1998
964
564
154
305
594
256
640
88
204
182
1
2764
383
1019
165
229
217
762
246
186
284
207
293
183
229
121
3
3671
1225
920
179
186
298
243
312
257
133
852
1050
1151
309
1256
116
214
197
116
495
353
136
169
164
142
262
95
81
1496
701
1780
2066
152
111
285
270
257
173
1221
3112
220
147
513
525
618
204
319
159
160
93
1159
3469
661
185
734
188
243
170
482
249
742
220
449
3409
596
194
416
145
84
138
138
149
177
185
5279
82
309
297
225
789
310
531
1103
735
1163
216
150
567
203
608
139
322
548
137
235
1
178
184
142
129
156
762
298
654
1229
2139
195
162
446
194
783
121
152
155
1239
961
404
1234
152
247
165
2123
159
144
132
176
1595
188
1374
272
356
1415
307
198
197
146
264
170
456
353
1854
128
1521
210
1207
166
228
255
340
479
324
183
144
182
70
416
2993
443
819
442
188
292
575
315
402
95
128
183
4624
354
130
808
301
135
939
1703
217
1328
1979
406
308
407
239
122
184
116
160
122
826
4946
472
694
108
113
132
2461
906
433
676
286
450
142
650
425
235
203
314
110
3488
512
184
263
356
396
464
655
170
102
190
164
187
160
3858
227
185
192
1168
148
777
143
111
54
187
241
5885
176
286
108
163
126
128
419
3751
174
266
696
1083
377
210
115
141
186
126
166
352
1694
941
3179
118
285
136
173
264
149
452
599
3579
1060
188
499
344
173
121
140
136
4930
1047
249
198
190
422
187
66
1
1
1156
174
2108
335
270
292
134
160
914
597
254
131
287
250
229
1238
214
436
1546
1777
129
168
195
187
235
209
95
272
319
167
104
1184
243
2512
420
1437
350
357
493
101
194
779
4255
217
199
500
271
271
554
245
613
2583
1252
465
276
149
259
315
498
179
178
149
117
258
402
742
254
375
138
1556
165
97
217
880
91
983
228
376
167
233
153
126
108
569
1745
1183
383
181
232
363
968
198
226
164
193
613
184
89
3997
1156
252
403
187
225
309
211
245
133
173
657
357
136
213
226
146
206
1107
278
171
401
348
132
264
182
200
182
608
136
319
78
118
206
525
94
1
274
355
262
1277
295
659
599
184
236
87
273
232
123
145
450
396
211
270
122
160
183
155
122
221
941
151
331
1229
251
1413
313
1113
480
183
324
293
96
173
270
476
902
940
1608
1295
430
107
476
252
254
160
121
5773
76
255
265
275
162
170
195
118
1
1
386
1475
2111
492
258
1392
305
203
513
156
204
908
138
282
176
237
96
483
198
583
611
305
284
199
272
162
202
215
428
190
215
288
211
139
145
120
2384
357
422
153
144
215
562
219
661
153
172
190
141
464
73
242
231
198
138
172
5654
525
469
348
110
185
6453
212
165
179
150
132
796
2867
3086
210
148
184
211
2366
544
284
169
1209
173
840
165
269
154
219
311
159
118
100
117
4315
733
140
215
196
196
236
212
200
322
228
181
117
768
2241
263
365
188
771
431
866
232
179
161
233
129
249
98
2354
1604
269
378
834
344
277
162
283
149
120
341
175
1
2339
187
728
2037
413
755
243
167
122
143
157
971
886
190
426
1781
130
178
502
177
474
601
468
84
152
165
105
1
1798
244
546
203
165
218
254
164
594
243
678
307
192
294
148
329
276
379
140
119
113
1220
632
350
240
580
756
732
327
213
276
148
608
176
76
174
155
150
180
185
5724
88
797
173
231
160
117
1
791
1171
448
1261
308
198
266
221
206
269
468
237
159
253
290
133
160
161
86
118
87
622
1702
219
327
486
594
628
206
178
284
301
326
119
329
151
145
202
113
228
131
349
503
204
1454
1316
1648
120
200
207
223
575
245
139
108
3270
124
1551
509
148
322
255
209
194
191
191
190
136
1
3129
693
119
240
239
1362
820
552
137
906
430
813
2534
537
468
898
185
410
109
1
182
159
1698
1058
243
874
179
822
439
109
146
91
388
251
364
118
170
1002
4367
348
163
487
152
273
251
126
122
215
2571
383
256
564
592
369
363
256
749
296
143
170
102
147
114
1
216
1052
275
1244
517
209
174
287
784
339
200
767
165
273
133
179
217
116
144
2032
1584
500
172
185
729
93
308
215
267
465
72
120
223
93
120
112
1
182
1231
398
174
1788
1176
1275
170
510
156
230
1
2748
422
146
271
987
157
403
614
292
281
81
165
181
134
176
128
105
235
322
4109
218
434
244
473
658
108
221
165
104
1066
1380
1390
143
428
544
1474
261
179
155
98
173
2356
273
269
349
963
192
788
210
435
330
199
254
396
135
142
1559
206
2542
264
143
97
887
163
283
689
135
190
132
1
3809
328
691
482
743
891
278
68
1
1851
199
469
588
170
969
269
131
127
220
437
208
281
165
84
216
93
322
207
143
142
589
669
183
194
287
2287
220
268
356
102
360
250
182
347
327
146
213
111
71
129
1009
158
280
1097
146
357
478
55
197
923
108
430
568
171
274
202
162
165
343
168
440
1375
3158
203
342
105
233
368
248
236
155
156
109
163
1675
244
4524
604
244
154
840
1262
295
836
505
839
442
177
634
92
218
264
122
378
129
104
185
3206
781
205
1054
306
565
445
242
184
118
2189
1087
208
116
1184
476
376
343
179
296
236
158
133
203
107
1386
229
1467
538
157
1246
125
243
301
268
175
226
276
180
135
202
136
1
1321
1856
405
744
152
624
923
138
289
151
141
146
108
293
430
864
187
229
298
2522
1203
193
144
158
107
141
121
97
207
120
269
1
209
143
411
1819
213
297
225
525
256
287
174
642
130
343
140
146
248
266
193
284
85
254
1
1685
281
2627
1031
107
234
739
73
224
163
127
843
152
222
239
414
675
1055
779
72
663
360
320
193
174
101
183
143
169
188
188
158
4879
350
492
179
324
346
200
134
258
129
517
881
1013
214
171
1031
354
617
149
279
133
260
205
436
296
501
234
2229
190
592
1545
2040
183
231
48
118
114
1
3151
348
1789
194
719
130
342
255
228
135
4623
453
218
89
108
178
205
226
199
194
531
153
114
209
1234
1493
222
518
467
293
162
516
486
143
404
211
370
171
212
118
62
156
5381
224
526
1004
557
1553
1547
586
616
231
167
190
72
224
327
298
208
111
61
146
195
106
96
699
352
823
285
229
924
557
900
239
289
273
512
125
207
311
154
197
132
80
3
1716
2701
119
154
344
161
185
241
863
234
174
162
125
112
839
944
344
633
588
133
301
653
175
208
823
722
477
93
213
145
293
3284
453
476
388
222
181
240
188
334
130
272
147
136
260
170
117
154
294
1065
319
220
1061
457
286
132
1011
112
356
118
174
549
179
280
185
339
292
1323
95
2584
338
365
284
483
764
123
118
140
146
100
136
530
624
206
1538
318
809
143
702
153
91
171
254
749
135
238
212
267
151
4589
393
645
141
426
213
215
261
109
182
117
197
908
3063
999
201
234
981
196
117
202
193
728
167
2563
817
216
356
341
137
772
252
141
133
161
198
128
181
160
349
245
292
699
443
502
143
1248
205
876
174
122
154
228
196
157
204
199
218
151
195
131
461
734
820
1614
1011
812
153
195
130
281
258
191
424
207
1978
2427
230
435
190
189
582
165
1095
1480
708
973
711
330
312
667
628
345
605
272
119
141
5517
165
290
186
88
129
218
189
135
374
4384
944
252
192
391
343
238
178
369
453
2841
2006
1054
289
144
158
140
206
571
1365
565
509
466
516
981
440
163
148
116
170
160
106
134
82
100
278
144
118
159
659
1488
677
120
463
336
199
162
223
414
143
184
193
833
101
298
170
214
273
141
442
628
386
1433
822
192
311
664
831
184
328
161
556
160
193
312
3027
3370
319
101
162
1876
247
408
1081
267
181
149
296
634
137
268
315
229
565
130
254
254
439
933
168
138
883
220
93
694
215
419
688
549
798
372
209
132
130
211
2011
386
3208
91
269
432
204
218
197
172
103
4876
497
311
104
394
146
200
357
201
205
427
438
727
217
728
441
215
1580
319
571
418
120
193
182
225
140
182
168
4064
562
103
163
1102
186
598
78
196
145
94
1715
695
670
2062
150
581
266
346
341
274
191
258
5065
145
191
289
199
266
142
147
127
164
118
180
640
464
1692
739
111
286
597
116
1423
167
169
250
318
139
180
166
345
1767
118
170
953
407
264
138
1159
763
200
147
332
123
142
97
662
1730
280
806
216
148
143
788
406
199
458
255
49
227
274
448
1
200
1
332
3692
1068
320
173
387
372
285
116
120
231
195
291
3962
97
167
616
712
196
230
401
457
162
1941
433
1243
109
1554
256
127
143
177
209
246
263
137
126
259
68
2225
80
1305
225
631
195
1278
387
112
441
224
186
1
1
2038
209
575
1043
285
1333
300
209
504
228
169
237
161
189
351
878
2593
1174
499
333
257
231
345
139
114
187
1
586
1887
527
516
1539
384
327
246
500
287
217
274
1
1503
1762
1187
534
261
274
854
290
245
242
138
1
386
464
284
114
812
354
556
156
250
1192
177
727
562
112
135
137
143
69
152
142
221
146
509
386
3223
370
210
373
963
96
152
87
331
322
152
117
5581
440
321
205
113
113
201
173
144
648
575
1171
74
1985
473
207
92
208
75
235
138
206
143
118
188
209
149
180
217
1348
233
392
418
1955
818
549
364
336
304
179
189
133
73
649
1567
240
750
823
342
484
238
203
499
430
137
198
132
168
431
1270
244
273
1788
142
1606
490
632
92
296
159
212
87
196
2660
790
167
177
1680
207
197
127
311
251
210
178
140
714
601
317
1196
211
999
1259
330
613
212
200
162
163
177
137
5150
149
397
400
200
219
272
165
195
144
612
1697
347
1423
220
929
306
781
202
159
195
277
143
827
793
591
1925
700
192
241
623
416
193
550
240
874
593
904
1905
519
635
348
340
601
237
201
134
5384
1309
275
135
188
4340
475
154
192
299
291
232
165
160
118
311
177
132
243
2
693
2822
244
1694
1275
209
108
246
5752
614
136
157
308
127
197
3163
152
255
448
217
139
214
384
187
201
156
682
211
173
136
304
155
114
577
205
2167
897
443
511
305
190
145
187
509
273
194
137
551
688
297
326
1687
137
197
387
421
167
123
970
245
306
202
453
119
171
166
145
84
5048
808
371
230
311
175
248
100
1262
1357
1999
252
153
134
155
408
431
194
236
201
321
188
295
138
348
309
4172
307
153
238
186
485
225
136
169
130
428
862
1824
152
651
227
168
158
184
392
757
121
358
199
212
240
213
143
2
929
4188
503
198
163
981
204
125
1383
1197
208
1359
282
107
397
95
153
302
279
144
399
522
266
198
158
558
2948
234
149
210
261
107
156
350
250
221
383
165
453
196
114
93
121
164
199
1243
306
189
1530
2063
182
233
208
170
735
231
2
205
653
822
634
3264
751
478
168
157
159
893
942
3058
93
237
622
260
405
387
151
243
1895
1864
469
172
918
225
191
138
705
321
183
143
67
1217
1198
1203
707
275
123
179
627
1212
117
115
184
132
2
403
2534
373
776
705
153
784
607
146
198
314
139
158
1
4977
234
355
603
158
111
127
114
120
157
159
176
387
4185
307
109
338
294
212
145
143
250
314
146
126
176
159
548
1197
272
228
1606
304
179
180
150
433
782
171
168
204
213
150
227
279
2541
2739
201
152
950
536
172
2373
3806
234
195
233
265
185
3134
330
843
1196
570
189
117
323
210
183
107
89
1233
2835
135
519
635
1188
263
114
222
147
524
151
787
2502
148
187
227
242
346
745
258
106
180
289
469
130
238
1757
2173
698
255
285
195
86
354
185
307
185
244
194
135
4237
131
689
218
145
152
357
212
191
292
135
203
202
127
407
417
137
219
120
190
196
1867
190
405
979
115
431
187
188
231
183
382
208
238
1
754
1245
783
241
304
796
267
226
535
458
565
106
96
161
248
275
127
104
836
1601
366
1320
342
704
141
109
291
484
207
385
256
249
174
2777
294
394
127
325
166
458
236
176
183
305
114
145
422
154
205
135
144
123
135
99
998
4576
200
739
198
156
192
232
308
2341
692
326
107
304
153
327
463
782
487
268
168
200
162
203
2813
734
873
294
239
170
307
643
212
436
198
245
126
1
2914
220
302
151
518
669
237
204
805
441
327
503
219
246
166
797
195
1083
266
360
207
773
197
532
334
187
171
287
199
258
123
138
277
276
590
1556
950
1331
98
210
161
879
212
215
143
192
372
200
182
121
2571
186
632
580
551
185
706
216
159
166
156
136
227
182
138
271
107
1
4585
756
336
327
245
126
170
417
117
110
102
4478
1022
416
123
309
288
306
247
102
1754
1493
276
1029
952
162
195
251
238
409
200
96
236
156
201
111
230
376
3982
191
243
976
170
162
493
446
345
2138
1129
271
285
134
842
298
219
227
214
118
207
253
73
92
2149
2561
1170
105
487
158
277
149
80
155
3394
706
337
223
175
767
150
765
145
144
281
204
4076
146
188
868
103
554
363
92
399
361
141
958
555
616
74
1412
522
236
160
373
985
413
407
157
147
276
2129
2692
106
259
169
537
93
195
128
298
142
235
139
169
356
4451
146
1334
198
127
424
67
188
267
732
435
253
1485
224
330
160
233
435
330
275
222
160
355
177
169
127
205
195
97
188
92
145
1610
149
1596
649
934
604
124
146
124
123
936
122
174
4344
791
193
793
160
361
256
135
258
1562
751
833
430
1616
720
146
203
205
177
86
154
157
143
108
653
476
753
1186
595
185
95
1239
437
252
192
587
324
72
134
111
4756
255
151
182
288
298
515
261
205
171
209
2967
227
1096
1108
827
166
375
248
169
108
149
696
340
2822
193
124
140
227
664
178
655
238
210
113
128
279
135
124
1261
537
951
752
469
1112
533
192
467
207
357
181
148
656
2240
698
913
121
281
478
230
446
252
483
153
105
138
97
298
651
1652
2737
1348
230
205
169
1
4438
560
612
124
282
218
136
139
169
128
136
157
192
3930
1141
825
710
203
114
202
166
4065
1159
117
387
826
144
144
98
174
177
4893
687
157
325
192
160
233
136
97
219
191
1
4776
1042
162
265
293
194
172
387
436
2430
735
137
249
233
142
399
233
410
157
160
496
119
313
152
151
77
103
159
297
1219
1029
493
1002
1405
307
232
144
187
113
133
105
248
166
211
889
199
359
2656
406
1116
159
384
109
360
166
127
180
180
1
2169
788
853
1284
444
189
519
441
322
136
144
2
932
3535
320
168
136
1545
164
207
284
413
302
241
175
402
319
211
1314
1236
206
137
238
279
183
139
312
148
178
326
229
181
120
2
2539
725
99
760
276
544
196
385
154
741
314
558
230
2919
424
881
333
154
558
143
567
461
187
198
236
260
143
657
1414
303
582
571
200
479
166
839
212
232
204
115
123
243
403
61
84
1966
374
649
202
204
306
185
161
278
146
165
820
470
276
263
114
198
193
198
123
288
285
299
3257
142
286
490
934
414
124
118
202
199
253
3162
925
113
156
365
165
538
355
118
286
488
148
156
143
173
806
162
586
425
1754
386
543
173
490
669
152
206
416
372
73
76
2
5317
379
920
202
195
170
108
1207
2166
1090
162
146
374
186
834
655
208
135
128
671
443
634
256
513
388
175
1035
322
846
236
297
277
250
238
143
347
83
137
512
2707
1027
1313
130
122
293
318
213
216
249
191
2241
587
2034
891
222
387
304
211
115
142
157
252
415
398
140
873
214
182
621
471
272
1
446
430
311
139
279
251
279
500
279
206
201
131
3594
424
210
682
611
117
189
337
180
347
181
131
168
120
929
382
1244
234
184
447
334
637
262
432
189
357
415
260
465
162
89
176
92
1
2580
236
740
243
597
1485
625
209
166
250
160
3375
228
236
218
167
865
200
183
322
250
217
163
191
400
119
157
452
1828
344
267
585
210
1529
472
721
453
139
145
146
701
1416
420
487
1204
169
677
165
273
664
223
193
354
152
193
1413
94
113
169
200
417
2504
995
210
179
263
176
196
233
129
2161
201
284
464
219
404
457
181
616
492
130
1212
246
129
94
1
720
85
584
1024
239
559
396
260
691
125
368
260
411
188
391
404
301
142
143
3364
199
290
180
304
249
383
120
301
294
355
461
239
153
131
268
4801
366
494
338
149
174
365
146
258
200
184
771
1930
633
647
159
220
246
166
159
140
1319
102
391
66
157
1
802
437
2696
910
599
312
741
124
383
138
149
