4617
3309
3140
4786
3930
3996
3531
2293
2102
3060
3276
1590
7926
4964
2962
3904
2169
1853
3130
1914
2882
4353
3573
4972
2954
4878
3048
4277
1889
1760
3540
4386
3020
4906
5790
2136
2764
3628
1534
4702
3224
2267
3432
2227
5048
2878
1868
2654
3404
3143
2229
2554
2656
3574
1696
4742
3184
1703
2638
3585
4090
2320
1516
3456
4470
3860
2059
2007
3722
2597
1607
4739
3187
4349
3577
5392
2534
3291
1852
2783
4526
3400
4934
2992
4020
3906
2904
5022
3876
4050
4905
3021
3629
4297
4759
3167
2930
3361
1635
7926
4010
1493
2423
4862
3064
2241
3072
2613
2067
3298
2561
3482
4444
3951
3975
3064
4862
4746
3180
4435
3491
4594
3332
1681
2247
1978
2020
2446
3745
1735
2390
3176
2360
4748
3178
2143
3439
2343
1
3857
4069
4219
3707
2008
3057
2861
3871
4055
2231
3232
2463
3441
2342
2143
5192
2734
4636
3290
3994
3932
7926
3957
3969
4809
3117
7926
4099
2959
868
3029
2846
2051
5600
2326
4739
3187
4499
3427
3318
3085
1523
4778
3148
2573
3361
1992
4888
3038
2297
4139
1490
3941
1885
2100
4895
3031
3940
3986
4038
3888
3712
1873
2341
4473
3453
7926
3531
2381
2014
3463
3367
1096
3324
2346
2256
3786
4140
3519
2519
1888
3708
1970
2248
3887
2282
1757
2175
2181
3570
3735
1713
2478
3740
1523
2663
4667
3259
4849
3077
4131
3795
4243
3683
3837
4089
3094
4832
4116
3810
5600
2326
3892
4034
3451
4475
2187
3656
2083
2030
3637
2259
3443
2037
2446
4885
3041
4880
3046
3202
2031
2693
1686
2528
3712
2869
5057
3774
1798
2354
4180
3746
7926
3600
4326
3774
4152
3755
4171
3656
4269
1
7926
2614
5312
2112
2544
3270
5576
2350
1377
2371
4178
4855
3071
7926
1809
2814
3303
1848
3167
2911
5013
2913
4011
2109
1806
5137
2789
3264
4662
4153
3773
3541
4385
3498
3535
893
3729
2301
1896
2242
3718
1966
4269
2086
1571
2494
1656
3776
3955
2429
1542
2776
5150
4310
3616
3404
4522
3404
2020
2502
3322
4604
4232
3694
5511
2415
2157
2064
3705
4318
3608
4328
3598
4159
2846
921
3885
1868
2173
2781
5145
1927
3055
357
2587
3131
1899
2896
2083
2899
2944
3819
2295
1812
2511
5415
4056
3870
4313
3613
3677
4249
1766
3926
2234
4262
3664
3653
4273
5228
2698
3358
4568
3195
4731
3544
4382
4502
3424
3080
4846
2687
5239
5038
2888
5137
2789
3684
4242
2768
1345
3813
2808
2803
2315
1646
2636
3644
3144
4782
1592
3692
2642
2664
2774
2488
3487
4439
3658
4268
4136
3790
1670
2081
4175
3961
1943
2022
3491
4435
5977
1948
1
3926
4000
3207
4719
3247
4679
3591
4335
3649
4277
3430
4496
3862
4064
4855
3071
3955
3971
4688
3238
3849
4077
3676
4250
5461
2465
4240
2027
1659
4095
3831
3882
4044
3295
4631
4656
3270
3737
4189
3976
3950
4626
3300
2877
3155
1894
4749
3177
2106
3171
2649
2554
3555
1817
2014
2164
3748
4094
3832
3552
4374
4943
2983
2890
5036
4544
3382
4502
3423
1
4449
3477
3488
2475
1963
4344
3582
3826
2025
2075
3709
2117
2100
4340
3586
3728
4198
2582
1751
3593
3286
4640
2108
1942
1440
2436
3415
1362
3149
2365
3383
2178
3247
4679
4212
3714
2092
3980
1854
3637
4289
3900
4026
7926
5533
2392
1
4230
3696
3692
4234
4365
3561
4565
3361
7926
2955
4971
3210
2812
1903
1
4114
3812
3269
2369
2288
4330
3596
2532
5394
3575
2639
1711
1
4031
3895
2348
3586
1992
7926
3090
4836
1793
3013
3120
4128
3798
4179
3747
4768
3157
1
3696
4230
3036
2083
2807
2635
1811
3480
4081
3845
3384
4542
3911
4015
1578
2807
3541
4548
3378
1466
4039
2421
2173
3609
2144
2536
3031
2359
3512
4414
2477
3844
1605
3939
3987
5008
2918
2964
2804
2158
4111
3815
3667
2965
1294
3457
2296
2173
1636
1856
2116
2318
4680
3246
4571
3355
4504
3422
4550
3376
7926
3971
3955
3156
4770
4966
2960
7926
5560
2366
7926
4165
1319
2442
4085
3841
4039
2722
1165
3584
4342
2776
5150
3402
4524
4508
3418
3976
982
2968
1344
3824
2758
4672
3254
4793
3132
1
4205
3721
4232
3694
4119
3807
7926
2194
3641
2091
2786
3043
2097
3908
4018
7926
3693
4233
3216
2508
2202
3132
1345
3449
4841
3085
5094
2832
2621
2566
2739
3984
3942
7926
3744
4182
3662
2205
2059
1716
3013
3197
3699
2421
1806
2667
3333
1926
3717
4209
5720
2206
7926
3697
1467
2762
4666
3260
7926
3101
2298
2527
5287
2639
3499
2346
2081
3450
2828
1647
1
5083
2843
5189
2737
3661
2960
1305
3125
2817
1984
2500
3096
2330
3867
4059
4198
3728
3027
4899
4090
3836
3323
4603
4425
3501
4877
3049
3495
2237
2194
7926
5504
2422
1584
2731
3611
4978
2948
2232
2086
3608
3108
4818
4801
3125
3844
4082
1890
3936
2100
5080
2846
3565
4361
3543
4383
3906
4020
2382
2487
3057
4409
3516
1
3802
4124
2901
5025
3857
1773
2296
2127
2950
2849
1629
2268
4029
4792
3134
4453
3473
2391
5535
4385
3541
1506
2918
3502
3965
3961
5155
2771
4012
3914
4188
3738
3394
4531
1
1750
4115
2061
4048
3878
4735
1462
1729
4160
3766
3851
4075
2631
2234
3061
1805
3499
2622
4193
3733
5652
2274
3823
2241
1862
1617
3988
2321
4413
3513
4650
3276
3762
2057
2107
2936
3411
1579
2564
3472
1890
5130
2796
4394
3532
3840
4086
5107
2819
4416
1942
1568
5300
2626
3795
4131
4177
3749
3180
2131
2614
1
3532
4394
4971
2953
2
3665
2900
1361
4028
2532
1366
3653
4273
1634
2428
3862
2
4140
3786
2892
2758
2276
1388
3095
3443
4511
3415
2738
5188
2343
3736
1847
2440
3470
2016
3035
4891
3297
2280
2349
2111
2338
3477
3512
1185
3229
3928
3998
2265
3522
2139
7926
4116
3810
3442
4484
3872
4054
3768
4158
3008
2047
2871
4605
3321
1748
3860
2317
1
2250
3346
2330
5410
2516
3045
3599
1282
3754
4172
2117
2074
3735
4213
3713
4094
3832
3134
4792
7926
4695
3231
4272
3654
3158
3277
1491
2799
2812
2315
1636
3952
2338
4065
3861
3597
2088
2241
3330
4596
4730
3196
2901
5025
4783
3143
3949
3977
3195
4731
3548
3012
1366
4932
2992
2
3836
4090
3757
4168
1
2639
2917
2370
4268
3658
4582
3344
4316
3610
1960
3892
2074
2769
2665
2492
3451
4475
4248
3678
2827
3602
1497
4524
3402
4647
3279
2442
3426
2058
4776
3150
4053
3873
3739
4187
7926
2618
1779
1867
1662
4781
3145
7926
2646
2379
2901
2419
3696
1811
4938
2988
1862
2479
3585
4088
3835
1
2
3534
2114
2278
4034
3892
3798
2696
1432
1618
3187
3121
1959
3922
2045
2496
3997
1433
4361
3565
3722
4204
5081
2845
3126
4800
2492
3640
1794
7926
3722
1752
2452
1447
2586
3893
3909
4017
3722
2220
1984
4536
3390
3171
4755
2119
2292
3515
2976
2524
2426
3813
2264
1849
2578
5348
5659
2267
4777
3149
5269
2657
1903
2931
3092
3583
4343
2215
2974
2737
4550
3376
4191
3735
2904
2852
2170
2571
1554
3801
2415
5511
7926
5404
2522
3015
4910
1
3190
4736
3870
4056
3730
4195
1
4321
3605
5057
2869
3601
1964
2361
4361
3565
3615
4309
2
3069
4857
4057
3869
5373
2553
2242
3501
2183
5166
2760
5164
2762
5018
2908
2435
1562
3929
2525
5401
3170
4756
4377
3549
3668
4258
2093
3194
2639
7926
4013
1766
2147
2128
3770
2028
1762
2576
3588
5048
2878
7926
3318
4608
3277
4649
2099
2203
3624
4294
3632
3279
4647
2911
1612
3403
3296
3171
1459
4532
3394
5054
2872
4321
3605
4552
3374
3588
2736
1601
1
3685
2265
1976
3756
1102
3068
3519
4407
3785
4141
4912
3014
2996
2648
2282
4746
3180
3791
2135
2000
3888
4038
3333
1468
3125
2854
2135
2937
3241
4685
3515
4411
3575
2404
1947
2561
3038
2327
3977
1198
2751
5528
2398
4410
3516
4386
3540
4325
3601
4197
3729
3802
2416
1708
4630
3296
3346
4580
3736
4190
3582
1942
2402
2181
3595
2150
4547
3378
1
5159
2767
4178
3748
3671
2499
1756
3866
2617
1443
4531
3395
3928
3998
3702
4223
1
3980
3946
3880
4046
4204
3722
1807
3403
2716
2318
3575
2033
2737
2228
2961
3750
2748
1428
2945
4981
4976
2950
4676
3250
4353
3573
2036
3454
2436
3891
1831
2203
1
3747
4179
4033
2061
1832
3569
2564
1793
5365
2561
2319
1901
3706
2868
3603
1455
4283
3643
3634
4292
3299
3062
1565
2515
3484
1927
3010
4916
4936
2990
3757
1927
2242
