2210
3284
2350
3118
3593
1133
1974
1926
2044
1900
1738
1113
2088
1782
1123
3032
1973
1249
1590
2967
2696
2180
1
1790
2953
1237
1864
1370
2169
1853
2452
3075
1914
1637
1218
2239
2059
3546
1474
1561
1883
2926
1752
3023
1632
1437
1865
2331
1888
1760
1675
2569
1811
1789
1577
2024
2848
1395
1454
2386
1868
2136
2715
1528
1534
2067
2013
1396
2666
1769
2238
1754
1626
2226
2018
2865
2063
898
1868
2616
1438
1922
1695
2224
2514
1411
2601
2160
1696
1387
2300
2371
3173
1702
1647
2093
927
1475
2314
2272
1516
1742
3411
2460
1973
1550
2033
1995
2266
1966
1004
1554
1715
1605
2633
1891
2070
1250
1876
2418
3550
2455
2859
2530
1648
1852
2730
1614
2182
1279
2071
2312
2748
2139
1214
1743
2510
3840
1494
2878
1663
1672
1631
1981
1847
1766
2250
3057
2986
1801
1997
2348
1892
1604
3
3855
3165
824
2881
2264
1635
1064
3825
2655
1364
2163
1493
1765
2423
2171
2049
985
2639
2213
1294
1729
980
1628
2063
1687
1554
2540
1805
2563
1853
1623
3906
1870
2068
3040
2897
1907
1537
1918
3171
1218
2465
1579
1854
1946
1854
2706
1752
1532
1680
1288
1971
898
2007
2417
1937
1735
1755
2387
1633
2329
1495
2383
3136
2325
2133
1803
2312
1595
1
1986
1813
2309
1736
2285
1273
1891
2395
1993
1822
1298
1517
1214
1806
1607
2371
2060
2230
1608
2445
1561
2127
2316
1273
2128
2137
1744
3021
942
3409
1183
2449
803
1744
3885
2215
5634
2210
2540
1389
1942
1973
3234
3096
1514
4162
3682
2244
1804
2928
868
1582
1457
2050
1429
1326
3911
1607
2326
1293
3378
3173
1924
3382
2538
3272
3049
1523
1567
3130
3147
2539
1667
1646
1992
1224
3020
1920
1680
2296
2781
1490
1277
1814
1880
2062
2088
2663
2195
2986
3888
2026
1930
3988
2745
1111
1882
1873
2310
1779
2281
3390
2173
3381
1921
2542
2141
1341
2348
2014
3432
1716
1600
1096
1737
2313
2239
1555
2573
1164
1922
2185
1956
480
1529
1883
1996
1880
1970
2223
1220
551
1749
2070
2269
1756
2164
2161
2169
1350
1398
1713
1378
2310
1045
2124
1523
1563
1108
1525
1
3046
1398
1597
1803
2057
3052
1877
858
2685
1798
1943
1418
2319
3625
1900
2051
2024
1742
2027
3042
2391
2411
1834
2106
2251
1653
1751
2307
2189
1597
1926
2175
1807
1936
1818
2299
1593
2134
2166
2063
1552
2063
2029
1745
2232
1838
1995
2025
1452
949
1423
3055
1780
3009
2198
1490
1527
2629
1513
1644
2030
2657
1686
2505
2107
1546
1324
2805
2208
1507
1524
1346
826
1798
2350
2234
2117
1600
1893
2533
2875
2436
1888
1675
2699
1582
3701
2113
2030
857
2258
1863
2866
1169
2315
2436
1923
1
2396
2366
3081
1
2613
3126
2105
2111
2507
1347
1879
2859
2641
2344
1377
2348
2306
1813
2086
2717
3041
1854
1653
1539
2798
1870
886
1799
1802
1487
1848
964
2157
2875
1648
2891
3305
1823
2123
2096
1802
3042
2048
2754
1188
2989
1658
2009
1261
3753
2830
961
2536
1539
2808
2084
1368
3499
893
1849
1826
2280
1889
2229
1938
1712
1965
2267
1922
2084
1571
2479
1656
1952
1757
2710
2427
1542
1165
2775
2808
1365
896
1458
2812
3574
3352
2558
1934
1977
1388
2019
2460
1899
2478
2107
1360
2742
1428
2357
1317
1200
2397
2472
1775
2151
2060
1484
2149
1724
1439
2029
2122
530
2785
1506
3553
2489
1388
1399
921
1647
1834
1866
2160
1984
2774
3401
1669
1927
2984
357
2576
1375
1896
1963
884
1726
2082
2867
1707
1188
1527
2264
1529
1810
714
2501
1127
1646
2570
2164
1198
1106
1886
1490
2086
3552
2206
2286
2397
1811
1350
1766
2549
2232
1297
1786
3636
2422
3593
2444
1807
1821
2685
3338
1719
2287
1588
2250
1863
1273
2979
1729
1884
1631
3049
1280
2437
2020
2023
1364
2086
2495
2315
948
979
2292
1672
2901
2933
2861
2050
1882
3184
2778
1646
2002
2136
2060
1484
1345
1241
2549
1225
1004
2752
1773
2315
1646
2592
1499
2107
1320
1772
3087
1665
1592
1560
2604
2087
1
2652
2750
1073
1369
3463
3414
967
1592
2571
2027
1654
2286
1989
1749
1820
1670
2080
1509
2585
1878
1939
2030
1997
2162
1411
1953
1296
1022
2348
1925
1626
1944
1
2402
1461
2474
1507
3155
2909
1780
3215
2363
2266
3522
2144
2178
2247
3170
1341
1086
1893
2327
2129
1495
2132
1806
2188
1718
2878
1955
2112
899
1889
2326
2046
1583
920
1732
1984
3208
2759
2937
1049
1099
2139
1495
1766
2444
2306
1456
2453
1629
2838
2027
1659
1320
1902
3794
2147
1
1819
2010
2033
1982
1949
2781
1300
1814
3491
2254
1115
984
1796
4157
1891
3928
1913
2003
2336
1359
2269
1880
2844
1250
1894
1856
730
3121
2454
1539
2104
1070
2610
2060
2518
1636
1873
1817
2012
2152
1286
1496
898
1692
3812
2340
2167
2272
1346
2059
2101
2808
1820
1115
2867
1921
1868
1188
3149
3326
1369
2840
1601
2079
1323
1
1440
2954
3450
1858
1114
1951
1607
1314
2533
3562
1749
1685
2082
2012
2065
1807
1864
2080
2093
3083
1123
2423
1215
3683
2033
2128
2561
1751
2125
1407
1633
2265
1613
1999
334
2097
1939
1440
1364
1004
2094
1362
1277
3110
1
2332
2296
2177
1039
2030
2276
2366
1172
1805
2389
3650
2091
2408
1491
1854
3613
2103
2128
1518
2343
1447
2536
4048
972
2824
2204
693
2392
2554
1
1418
1313
2790
2323
3673
2549
1622
2775
2389
1551
1129
2676
2507
1837
824
3475
2673
1696
2955
1326
3563
1474
1337
1894
1453
1685
1
1728
1654
2123
2339
1451
2345
1768
2280
2098
2190
1786
1770
2523
2492
2829
1643
2599
1890
1711
1
2291
3859
1694
2343
2899
1992
610
2683
1957
3204
3079
2762
2003
1780
1711
1385
1722
1246
2203
1922
2567
1152
2262
1602
2093
1887
2816
1676
1931
1420
1
3646
2270
1928
1292
1727
2076
1540
1209
2625
1811
2047
1361
2421
1675
2128
1620
2151
1582
2917
1194
1247
2902
1057
2638
1578
2759
2609
898
2008
1933
2512
1391
1466
1908
2377
2093
2166
2327
2142
1209
2499
1702
1301
2341
1
3459
2752
1633
2463
1242
2534
1605
1760
1471
2488
2125
2017
1781
1136
2910
1323
1595
2110
673
2143
1792
3787
2265
2113
1964
1294
953
1520
2111
2281
1291
2161
1635
1851
2084
1335
939
2725
1935
1628
1556
1949
2575
2080
1240
1388
2121
3088
1247
3023
3341
1480
2684
5160
2388
1548
1815
2093
3109
1970
2765
1976
2925
2943
4101
3743
2922
2365
2557
3321
1544
1331
1648
1319
1929
2434
750
1412
2514
1749
2046
1535
2059
1482
1941
1197
1165
2187
1351
2643
1663
2727
2338
2779
3374
3345
1125
2633
1841
1588
1782
2721
982
1212
1621
1308
1344
2174
1619
2707
2522
2103
3219
2263
2217
893
2470
1
2136
2047
2057
1604
2328
1856
1670
1990
2494
1600
2533
1217
3335
2020
2489
2190
1316
2081
2257
2731
1600
2097
1416
3864
2658
1322
3784
2573
1487
2149
2274
1508
1913
1273
2497
1880
2194
1683
1382
1345
2002
1432
1950
2843
1275
1776
3303
1542
1745
1254
1833
2551
2695
765
1921
2028
1873
2022
1759
3746
2339
1248
1620
2550
2426
3580
2205
2059
1716
2982
2036
1110
1677
2418
1943
1806
2620
1427
1926
1871
3668
1925
2251
1233
2205
3042
1364
3780
4064
1772
1896
1467
2317
392
3025
1916
1607
1296
3109
2898
1837
1742
2265
1336
2501
2295
2623
2926
1848
2307
2075
1614
1431
1973
2792
1647
1
2250
2799
1275
1520
2870
2278
1784
912
2308
2906
1325
1305
1757
1344
2759
1984
2462
1815
1251
2316
2434
1373
2279
1758
1444
2741
3659
1989
2781
2102
972
2123
1662
1954
2105
1624
2300
2269
1651
1916
2462
1565
1901
2370
2984
2490
1698
2196
1769
2181
1420
3069
1471
1884
2368
3054
2422
1584
2204
2271
1306
479
2611
1529
2344
1360
604
1595
2076
2184
1385
2422
2913
1870
639
769
1258
1703
1834
2280
2704
2357
1701
1082
1889
1628
1143
2078
1106
2054
2983
1609
1198
3524
2899
1421
2223
2386
1982
1253
2279
1290
2662
1613
2362
1699
2179
855
749
2808
3484
1551
1
1827
1806
1940
2271
526
2340
2976
2002
2003
1826
1773
2242
2126
2357
2802
559
1629
2266
2059
1890
2269
3108
2467
2994
3434
1414
2
2370
1610
2308
1556
2165
2204
3475
1506
1681
1191
3466
2208
2560
1334
1742
2773
2345
2726
2117
1736
1860
2131
2460
1544
2133
1707
3325
2323
2195
1
1750
2404
2052
1637
1
2154
3821
1869
2733
1462
1920
1729
4125
2215
1504
2258
2004
1529
2053
2568
2231
1807
1238
1805
1488
1954
2597
1934
1324
2373
2213
945
2298
2328
2273
2201
1581
2200
1862
1617
2096
2266
1865
2204
1723
2158
1759
2125
1882
2466
1371
2206
1488
2053
2097
2912
1158
1579
2195
2493
1482
1889
1980
2677
2374
2793
2616
3493
1735
3795
2473
1576
2337
1406
1382
2719
2271
2064
1941
1568
2036
2616
1995
1197
3752
2919
1173
1758
2103
2360
1623
1257
2129
2549
1908
1
2700
787
2632
1725
1694
3208
2940
2
1721
1919
1627
1216
1361
2022
1079
1972
1366
1405
3618
2078
2148
1634
2398
2305
1505
2
2657
3747
1440
1369
1526
2269
1487
1193
1388
2035
3419
1002
2043
1931
1417
2453
2733
1891
1910
1310
2303
2390
1847
1304
2419
1982
2014
1429
1789
2120
2733
1202
1584
2270
2330
1660
2108
2286
1951
1499
1901
1582
1185
3176
2173
3981
1690
2243
1632
2128
1841
2134
3316
2394
1942
2141
3761
1157
2796
1671
2220
1777
2047
1705
2315
3753
2922
1169
1304
1674
2047
2819
2791
3278
1775
1748
1541
2277
2277
1
2234
1775
1554
1184
1097
3366
1962
2516
3015
887
2660
1282
2354
2339
1340
1811
2096
2072
2351
1325
2995
1165
3684
2792
3760
1292
3082
2134
2628
3950
1571
2323
1825
1940
1269
893
1917
1676
2567
1806
1795
1837
3246
1491
1270
1341
1379
1392
2297
1434
1
1636
1938
1985
1069
1216
2005
1994
2035
1810
1421
2075
2225
2123
3275
1781
2788
1930
1506
1668
2098
642
1540
1668
3320
1316
1353
3372
3119
2640
1964
1982
1258
1766
2400
2296
1382
1994
2992
1492
1366
2326
1456
2591
1469
2
2443
1387
1340
2674
2651
2480
1679
1033
1
2620
1349
2355
1520
3087
2002
1626
1129
2932
3274
1638
2439
605
2939
1861
1959
2263
1554
2068
1444
2621
2491
1288
2139
2637
1800
1268
2577
3624
1643
1748
2009
1570
1020
1497
2900
1937
1605
1402
2443
2161
3240
2397
1665
2058
1724
2150
2589
1210
1895
2632
2315
1522
1375
3672
1980
2192
2888
4956
1386
1769
1192
1187
1659
651
2582
1912
2151
1199
2456
1322
4066
1287
1329
2378
2850
565
2394
1814
1261
1810
1795
902
2971
2176
1860
2426
1638
1920
2128
2136
1681
1896
1
2
2292
1189
2108
2255
1559
2079
2447
1759
1884
958
1695
1875
1432
1618
1855
1273
3098
1957
1835
2034
2018
2193
2472
1433
1746
2960
3524
1360
3698
1965
2181
2048
2956
2840
1460
2685
2097
1602
2455
1744
1852
1793
3417
4427
1823
1847
1752
2422
1447
2583
2572
1242
2487
1378
1668
2311
1627
2187
1980
1527
523
2682
1453
1896
1813
1123
2020
2708
1993
2115
2281
1118
2330
1446
1415
2395
1075
1513
1330
2257
1370
1849
1038
2572
2590
2682
3015
2266
2563
2862
3094
1888
1550
2110
2652
1532
1902
2911
1441
1590
2022
2494
1513
1815
2200
1524
1430
1245
1444
1
1584
2929
1509
1821
1
2800
1347
1953
1744
2867
2807
2170
1723
1554
2018
1746
803
2399
2429
1211
1805
3377
4467
2619
2722
1175
1328
659
3061
1802
2321
1
3174
1610
1553
1507
1954
2269
1739
1881
1
2034
2117
2025
1667
1
2120
2135
3589
855
2832
1728
2429
1460
2089
1960
2335
2091
3512
2241
3549
2312
1981
2
3032
2491
2321
4010
1614
2220
1665
2557
2544
1078
980
1528
2144
1232
1960
2146
1359
2978
1361
2078
1184
1863
2719
2409
2888
2547
2373
1562
2102
1807
2520
1016
2013
2295
3170
3482
1192
2832
2999
1514
499
1945
1680
1783
2436
2092
2147
987
2618
2450
3431
1963
2638
1294
1766
2146
2120
1896
1804
2024
1762
2555
2056
1471
2330
2847
1868
799
3473
3343
1028
1998
1702
2877
1267
1755
2295
2314
1480
2097
2191
2377
1179
2839
2305
1409
1291
3248
3396
1200
2877
1612
1278
2076
1
1400
3128
1857
1459
2423
2059
1479
1883
1873
2858
1568
1545
1752
2546
1941
1605
2755
3329
1760
1796
2001
1790
1601
655
1
1558
2225
2086
1975
2118
1102
3052
1572
2243
1701
1241
2659
1561
2430
2193
1660
2012
2860
2972
1675
979
1620
2273
1297
3185
1539
3119
1
2135
2000
2716
993
2392
1743
1464
2245
3276
1468
1919
1181
2815
2135
1540
1354
1720
2629
2020
1475
3455
2426
1963
1184
1947
2294
1246
1173
2516
1333
1675
2320
2061
1198
1895
1598
1092
2661
1397
2391
1395
2149
2236
1595
1864
2047
3497
2300
2300
3544
2000
2730
2350
1328
1436
2032
2380
1726
1706
2728
1848
3268
3324
3127
1393
3692
2523
1629
2121
1940
1425
1299
1059
2177
2324
1200
2143
3093
3357
1393
1
2846
2260
1304
1434
2007
2009
2138
1690
2004
2493
1756
1591
1407
2583
2411
1443
1699
3364
2781
1445
1234
2461
2704
1633
2026
2172
2012
1
2154
3887
1803
3857
2302
1685
890
3680
3274
1807
1716
1639
2682
2301
2338
1172
2033
1501
2220
1191
1783
1149
2498
2679
1239
1428
2880
2542
2422
2512
2410
2922
2500
2137
1779
1428
1997
1592
2312
1943
2034
1562
2383
1865
1836
1830
2193
1984
1
2611
2935
1086
1212
2107
2043
1832
1862
2709
2564
778
1793
2666
479
2139
2560
2304
1900
793
1364
1483
2834
2044
1511
1455
2064
1699
2179
1902
2048
1714
2562
1520
1037
2217
3025
1565
2488
2132
1927
1297
2992
3404
1448
2835
2072
2937
2022
1684
1924
2214
