822
613
225
295
181
302
2
128
167
207
137
3025
217
212
244
1
175
1
542
190
2618
242
277
298
727
309
141
680
411
1101
842
234
279
280
1
502
681
476
356
2536
197
145
208
310
1
706
297
155
147
167
202
1114
287
1
890
514
382
186
187
215
358
203
244
168
169
336
863
205
943
294
1053
129
511
210
1538
205
169
299
1970
179
3315
1855
395
202
829
401
2359
789
658
98
254
270
203
234
139
197
1072
795
302
1
593
450
210
164
935
298
201
638
249
246
342
158
1
152
581
219
1
1161
693
121
1139
264
1
635
749
582
461
357
290
1071
333
222
250
83
199
2349
145
480
1
1
144
245
236
1795
160
3584
302
196
161
542
115
1
804
243
113
273
244
132
111
247
384
1
344
202
850
389
208
232
147
2722
400
245
1
488
1170
118
314
376
625
1249
166
183
76
497
464
279
234
487
96
872
723
285
197
171
1
481
174
894
149
564
450
450
610
190
449
158
212
220
214
200
2281
574
285
611
212
207
175
617
1
203
660
561
158
1
212
228
261
2719
235
172
339
285
2467
96
943
260
406
353
316
442
618
312
397
1046
204
1370
1081
646
799
170
204
980
382
449
227
766
289
2605
190
167
236
390
2530
1717
487
426
193
2394
454
691
142
195
237
282
2606
520
282
478
442
525
142
211
205
135
237
326
134
159
610
189
201
190
170
213
731
201
303
225
234
129
1
270
2
705
2746
287
275
1579
376
270
176
365
212
295
213
301
892
380
175
979
501
289
611
1
160
271
431
542
235
148
220
399
182
338
713
458
346
222
209
297
893
164
209
261
230
251
262
1056
320
534
320
360
3035
333
1440
196
862
176
224
894
711
170
513
219
268
418
1296
190
207
805
518
1396
944
201
188
1366
210
447
249
204
175
253
330
262
461
286
357
1
451
1406
353
178
303
280
223
232
174
419
190
313
1
738
1714
168
733
406
712
233
1562
217
157
1248
383
1484
439
121
423
310
646
326
194
335
180
1065
1271
270
302
278
110
152
168
280
731
405
262
1412
309
581
146
504
267
122
88
1
181
2
121
472
119
3147
395
1208
147
1889
909
1016
323
328
258
691
252
762
327
503
375
105
1010
167
192
1017
221
103
201
885
304
3406
199
286
302
176
178
1890
543
139
415
223
366
438
428
179
143
434
253
140
157
342
2
165
709
323
220
156
1285
116
251
228
225
103
417
178
102
284
194
277
139
547
152
174
140
1
555
246
203
467
483
127
2047
938
843
524
2233
177
339
211
200
122
668
465
1
458
357
234
267
766
235
468
218
269
1
749
184
202
1884
269
1518
403
646
731
1444
153
163
158
197
1
750
122
268
559
2918
629
381
1296
342
2
1433
706
1273
239
338
297
541
211
367
293
1660
492
167
896
428
205
124
460
639
388
1593
124
148
563
492
472
512
149
331
494
786
529
205
191
339
208
1216
404
204
467
1236
1304
278
196
207
130
1
1
1690
345
189
203
251
290
2
924
76
221
1297
125
410
191
292
176
103
553
192
411
217
165
254
497
890
792
261
410
276
171
225
121
2306
1052
231
361
670
299
127
192
159
244
1318
336
223
114
131
124
239
473
642
3
249
1160
184
267
497
342
1
82
1
199
370
271
1
211
249
382
189
132
324
323
563
1244
447
369
613
189
369
196
1312
690
538
359
514
234
325
491
136
339
619
204
427
238
157
312
261
238
1
525
572
157
535
319
458
305
234
148
432
295
314
628
473
487
173
202
196
224
271
384
166
188
146
501
666
1502
237
381
326
356
179
518
1
885
508
406
233
1
861
3238
387
170
634
305
166
426
443
820
196
154
1233
132
642
354
1
242
363
1271
299
1
145
239
239
167
330
307
433
246
215
1
340
733
443
1
1
411
1080
724
245
833
233
675
493
619
179
1
357
244
3
151
343
1
1
91
550
2259
437
340
684
275
109
135
199
140
1
275
1
747
312
203
272
161
1
605
763
877
224
716
137
98
182
812
241
420
153
300
98
2461
293
199
1683
261
2503
379
244
123
207
589
1689
244
156
248
301
1
459
446
160
167
497
331
334
234
254
335
306
192
338
505
315
276
324
1578
222
155
274
551
506
245
235
125
881
143
1
238
1
283
1329
2134
1153
148
1191
245
276
1
280
300
226
178
216
363
315
188
237
835
1291
549
421
260
2043
485
350
383
318
444
333
258
694
3047
276
286
436
153
564
327
211
198
269
1176
475
677
373
288
316
1329
287
207
179
131
386
202
193
2035
243
632
465
519
217
215
381
404
177
82
203
546
280
183
122
160
432
338
289
363
118
600
140
252
198
1
1
530
129
506
225
710
256
2433
333
107
260
1
1
156
340
96
581
153
555
631
528
477
273
1401
1
239
512
418
998
148
387
155
1
1271
715
221
219
120
729
581
1
1
147
1
185
1080
2076
156
432
146
766
165
2927
143
173
2573
206
1
199
944
446
208
368
252
224
155
259
2956
346
136
1
752
442
230
1
213
301
285
225
482
1819
171
510
237
837
256
89
108
114
333
162
301
195
154
174
971
330
1523
514
224
895
143
398
670
2487
300
335
1569
435
218
192
2801
170
405
420
192
332
193
162
251
2694
1242
440
2674
433
271
433
508
104
975
3432
754
497
166
952
598
549
643
1
2959
296
344
1
1
388
251
368
209
206
488
646
322
256
843
200
955
202
243
242
788
641
243
2
246
1053
449
733
202
327
467
2
208
144
269
1029
254
196
93
383
2
307
345
282
649
290
345
213
282
152
172
297
762
860
148
180
185
295
1259
183
303
306
1032
1
1251
2821
338
1
1762
278
337
245
162
676
346
255
234
188
1524
529
287
278
357
789
193
160
261
1200
203
356
177
227
166
680
252
260
664
233
169
1
842
238
444
137
500
199
370
166
313
2
842
316
2
344
406
452
1105
206
381
135
1412
1376
122
249
468
567
2268
1
462
210
181
359
266
1
200
191
461
169
113
181
1
2883
188
337
309
200
1
530
