6443
58
31
100
29
46
5
4
2
6505
147
14
30
22
6395
34
15
76
198
6360
162
14
36
25
70
51
25
6326
63
71
47
149
37
6467
22
53
21
71
23
26
34
1
6636
28
30
18
2
4
6342
169
38
71
21
20
28
14
14
1
6709
7
2
6605
25
29
35
24
6430
132
25
38
44
17
31
1
6249
360
36
24
26
23
6519
62
46
32
31
28
6457
25
21
101
16
37
27
23
11
6654
42
22
6687
26
4
1
6335
54
35
218
59
17
6468
117
27
28
20
31
26
1
6325
55
212
19
31
52
24
6678
28
11
1
6670
25
23
6463
69
17
31
40
44
54
6599
26
27
36
13
15
2
6529
32
63
36
29
29
6511
31
34
61
23
23
35
6592
42
38
30
14
2
6504
45
77
60
32
6474
11
69
57
25
30
22
7
1
16
6
6531
52
80
26
29
6562
49
39
27
34
7
6422
39
15
35
92
29
35
33
18
6512
60
47
22
20
43
14
6564
35
42
22
55
6697
21
6536
3
62
35
31
34
17
6435
63
157
5
38
20
6395
45
18
44
22
97
36
38
23
323
6265
89
27
13
1
6506
37
25
33
23
37
14
42
1
6607
26
30
27
27
1
6384
27
129
47
41
37
31
22
6555
38
40
27
58
6595
30
30
45
18
6491
118
54
21
15
19
6507
74
43
10
31
29
15
8
1
6520
20
38
59
33
47
1
5681
357
107
273
66
134
30
20
8
19
23
6507
43
54
47
40
27
6351
27
35
155
73
34
24
19
6390
161
50
26
35
56
6622
50
22
23
1
6492
20
32
41
50
22
32
27
2
29
6356
153
47
45
35
53
6649
38
17
14
6674
16
27
1
6523
15
77
43
34
26
6448
36
86
50
29
53
16
6368
57
69
50
23
121
24
5
1
6597
74
47
6465
78
39
30
72
25
9
6664
28
25
1
6553
129
22
14
6615
27
76
6168
20
107
17
64
103
43
34
34
30
17
65
14
1
1
6443
67
31
39
53
12
20
17
36
6426
39
53
43
6
31
55
35
30
6637
18
11
20
32
6600
30
45
28
15
6587
50
56
25
6360
82
32
55
110
59
20
6508
58
58
21
34
20
19
6624
29
65
6545
61
26
54
31
1
6594
27
29
27
37
4
6637
35
37
1
4
3
1
6283
106
132
119
57
21
6456
50
18
37
53
26
38
23
16
1
6471
95
47
30
39
36
6617
20
54
27
6639
31
26
22
6626
64
28
6612
38
29
39
6649
49
20
6519
126
48
25
6492
34
74
35
33
17
33
6457
36
43
38
23
30
19
30
25
17
6622
25
28
1
41
1
6718
6371
23
95
164
44
21
6412
30
28
40
16
22
38
54
58
4
14
2
6433
90
141
28
23
2
1
6594
22
36
23
33
10
6552
89
38
24
15
6497
32
167
22
6540
73
37
23
11
10
21
3
6563
50
48
23
24
10
6562
18
47
33
35
19
2
1
1
6630
20
24
21
23
6527
114
42
3
32
6661
23
34
6242
53
196
30
24
57
37
34
29
15
1
6366
140
61
98
35
17
1
6423
49
85
95
26
40
6637
15
33
33
6487
25
26
55
100
25
6462
63
30
105
14
21
23
6540
47
35
32
35
18
11
29
6513
77
36
20
43
6590
83
19
23
1
1
1
6448
57
174
38
1
6047
115
336
52
29
31
31
39
38
6474
37
71
136
6605
38
46
29
6356
88
41
20
23
32
58
40
32
26
2
6534
119
35
30
6208
73
154
81
22
26
30
90
34
6419
237
37
25
6624
26
23
22
23
6355
63
104
77
26
50
21
19
1
2
6335
223
49
50
35
14
12
6378
141
93
48
34
24
6513
38
20
34
23
32
33
25
6483
192
42
1
6575
114
29
6328
317
34
13
11
15
6244
293
32
54
71
24
6519
17
50
29
43
16
10
5
28
1
6599
51
19
17
31
1
6552
166
6476
24
112
26
34
13
12
21
6248
167
69
61
42
48
53
30
6652
34
10
22
6672
37
9
6661
32
25
6433
28
120
21
37
36
7
14
21
1
6630
32
33
23
6564
38
20
67
28
1
6441
70
76
9
93
29
6503
34
19
21
32
28
49
32
6436
24
128
40
41
2
47
6518
39
27
21
31
27
32
23
6353
37
286
41
1
6603
22
14
54
21
4
6491
21
48
21
103
34
6452
30
54
91
32
47
12
6684
20
14
6644
25
31
18
6656
14
28
20
6516
8
65
32
27
26
44
6633
50
33
1
1
6534
40
34
35
28
47
6498
64
35
43
20
29
29
6426
43
59
49
37
53
20
30
1
6533
120
10
54
1
6152
220
31
12
110
33
20
35
49
31
25
6664
17
37
6544
45
39
38
18
32
2
6569
52
20
63
14
6482
26
14
49
26
41
25
28
27
6631
53
34
6497
124
20
22
29
25
1
6530
15
24
31
15
92
11
6278
412
26
2
6463
69
122
39
25
6309
121
16
24
160
36
29
23
6653
19
30
16
6543
99
17
49
10
6487
34
59
46
54
38
6568
26
12
54
30
28
6396
186
29
23
84
6631
75
12
6510
18
81
55
17
19
18
6574
30
25
40
19
30
6543
57
34
42
31
10
1
6235
290
63
28
77
25
6502
96
34
44
42
6686
32
6542
50
60
43
23
6648
13
37
19
1
6612
56
29
21
6207
66
275
66
40
26
22
16
6576
27
32
23
22
38
6505
33
107
26
20
27
6586
27
22
81
1
1
6637
29
18
34
6158
243
182
18
35
33
20
29
22
50
6375
139
58
74
6373
113
49
22
95
37
29
6571
23
12
28
59
25
6481
111
61
32
33
6563
32
50
66
7
6612
48
27
19
11
1
6529
35
46
46
30
21
11
6516
26
23
34
61
26
22
10
6664
25
7
22
6499
25
45
51
41
20
37
6587
58
23
48
2
6387
166
49
62
32
16
5
1
6664
32
22
6436
24
32
93
69
16
38
10
6614
55
28
21
6718
6390
70
78
32
42
40
35
13
18
6525
30
18
23
33
31
32
7
19
6290
428
6618
36
14
13
37
6471
50
132
39
26
6514
57
18
28
20
39
41
1
6635
30
4
25
24
6543
32
16
68
31
28
6635
27
38
18
6577
123
18
6222
23
209
31
89
132
12
6691
23
4
6584
38
21
28
28
19
6539
68
38
29
42
2
6521
33
29
25
17
27
44
22
6447
91
13
34
31
99
3
6444
92
85
16
21
35
25
6518
27
47
40
21
40
25
6642
53
23
6542
28
49
30
68
1
6718
6294
276
74
12
32
17
13
6468
63
56
11
38
24
50
6
2
6550
79
21
24
40
4
6569
32
76
41
6435
24
149
28
38
30
14
6312
23
166
31
68
77
16
25
6318
32
55
102
29
85
20
45
32
6665
30
23
6605
33
42
33
5
6418
37
24
108
82
28
20
1
6410
67
116
58
19
29
19
6608
69
11
30
6369
19
35
30
88
25
71
81
6478
17
21
33
30
30
83
26
6631
42
34
11
6718
6554
29
29
23
62
20
1
6687
30
1
6635
52
31
6627
91
6571
105
14
28
6504
43
17
34
45
13
50
12
6588
130
6594
46
15
24
39
6561
114
15
28
6576
24
36
45
37
6504
31
21
40
27
37
41
17
6581
23
40
9
44
21
6285
278
33
68
30
24
6400
36
158
65
20
20
17
2
6305
139
49
141
23
31
30
6361
46
61
30
29
19
75
48
21
28
6548
42
33
45
50
6503
48
21
53
65
28
6625
31
36
26
6499
112
45
62
6555
35
27
42
35
24
6590
32
32
14
50
6661
6
7
18
26
6657
20
27
13
1
6456
206
56
6415
73
41
33
45
26
39
22
24
79
70
6434
35
59
16
14
11
6617
36
35
30
6515
38
35
33
19
29
49
6568
91
21
38
6551
148
19
6528
53
29
85
23
6411
29
94
18
100
49
17
6558
25
46
49
4
25
11
5940
598
26
32
33
59
30
6526
85
71
36
6553
39
26
81
19
17
5818
285
501
12
8
12
23
33
9
6561
5
61
30
35
13
11
2
6695
22
1
6286
192
31
44
29
86
29
21
6645
24
22
27
6637
39
42
6667
28
23
6486
28
24
31
64
42
18
3
20
2
39
6326
113
22
25
52
30
24
39
27
21
6484
60
48
24
19
35
31
17
6636
40
42
6665
46
7
6563
28
61
17
21
28
6339
128
39
70
39
19
23
25
13
23
6500
39
154
25
6372
32
95
31
65
64
24
35
6579
44
39
21
35
6633
37
23
25
6515
50
69
35
24
25
6635
24
33
26
6592
24
38
21
31
12
6322
94
66
77
90
31
28
8
1
1
6641
57
20
6391
37
220
33
26
11
6515
94
28
40
23
18
6325
164
33
60
32
15
70
19
6564
72
82
6515
24
19
25
38
66
30
1
6449
109
70
12
30
30
18
6652
18
37
11
6599
35
26
31
27
6340
119
20
76
32
26
38
30
17
20
6537
28
67
60
26
6672
31
15
6414
32
191
26
21
20
14
6592
30
96
6424
90
39
120
45
6434
35
45
74
26
50
22
20
10
2
6502
72
126
18
6325
211
52
25
14
28
34
29
6556
31
73
42
16
6663
11
24
20
6383
11
130
31
75
35
19
34
6617
28
73
6449
130
48
72
19
6561
39
37
27
34
20
6574
46
20
26
40
12
6516
100
44
58
6546
78
27
41
25
1
6435
41
17
25
31
36
41
32
22
24
14
6662
14
28
14
6653
24
26
15
6528
54
97
21
18
6525
82
38
56
17
6492
36
25
53
19
93
6305
100
233
77
3
6638
43
12
2
23
6369
203
31
36
63
16
6503
27
49
47
59
3
30
6457
26
84
41
37
31
24
5
13
6618
32
35
19
13
1
6580
25
19
49
45
5884
48
555
58
24
27
40
41
27
14
6599
26
30
47
16
6635
31
52
6599
33
6
27
26
27
6377
132
54
29
86
39
1
6568
31
30
9
28
14
38
6628
56
18
16
6622
35
40
21
6668
28
19
3
6667
19
31
1
6385
56
73
112
22
19
43
7
1
6350
74
37
46
136
32
26
17
6321
35
99
50
38
25
23
42
35
25
25
6205
22
240
115
43
37
42
14
6576
42
30
37
16
17
6503
27
103
56
29
6603
54
60
1
6683
35
6330
72
31
56
43
31
40
37
18
46
14
6340
186
33
34
40
23
25
37
6398
54
23
176
33
21
12
1
6361
150
146
19
10
32
6659
39
20
6434
92
26
81
33
51
1
6661
56
1
6615
36
29
18
20
6304
154
14
21
51
38
36
48
41
10
1
6598
120
6388
99
57
32
73
12
16
41
26
6324
90
40
44
29
40
52
12
38
4
19
6525
53
66
27
16
31
6404
14
170
130
6494
87
57
33
46
1
6403
21
21
28
70
75
48
36
16
5788
379
403
63
34
48
3
6616
25
41
16
20
6353
23
214
35
63
30
6534
80
46
27
31
6404
139
84
19
25
26
21
6627
23
41
26
1
6542
38
78
30
30
6594
89
35
6569
30
76
19
24
6612
66
27
13
6522
42
54
31
55
14
6575
23
17
28
31
18
26
6495
76
79
22
14
32
6449
71
41
70
19
24
27
17
6373
60
132
26
32
47
33
14
1
6574
26
89
27
2
6453
32
29
61
42
35
50
16
6560
51
30
19
28
30
6530
49
79
13
33
14
6562
25
26
14
30
26
31
2
2
6512
71
42
26
43
24
6687
31
6612
58
32
16
6605
24
35
31
23
6586
35
55
22
20
6651
29
38
6658
22
38
82
6417
77
31
27
67
17
6551
10
20
12
34
17
28
19
27
6025
226
55
50
195
26
41
23
37
26
13
1
6685
33
6240
306
16
50
43
35
10
18
99
6493
43
50
32
1
6400
80
108
28
20
68
12
2
6646
72
357
6090
101
85
58
27
6510
18
73
53
34
30
6617
35
13
15
38
6084
125
58
22
121
32
54
20
36
16
93
26
31
6255
263
72
64
35
29
6363
150
181
24
6585
44
41
14
33
1
6613
29
43
33
6303
26
42
247
80
20
6603
38
32
23
22
6367
283
34
34
6324
110
32
19
65
82
43
21
22
6570
20
37
26
16
21
28
6553
152
12
1
6295
370
34
19
6568
14
70
29
37
6551
55
44
20
22
26
6676
14
28
6382
206
91
36
2
1
6512
37
27
33
12
30
16
37
14
6245
24
344
79
25
1
6443
76
30
84
40
45
6653
41
24
6354
69
37
20
37
85
17
26
30
22
21
6453
124
45
17
41
29
9
6627
65
26
6598
20
45
6
30
19
6647
30
17
24
6535
46
26
74
19
17
1
6547
100
32
17
22
6653
24
41
6406
78
36
25
70
29
56
16
1
1
6543
23
77
27
35
13
5984
104
240
263
29
32
47
19
6540
28
43
27
80
6422
151
37
25
61
21
1
6691
27
6718
6152
372
26
30
42
46
17
22
10
1
6345
72
15
14
90
15
77
60
30
6189
167
47
38
98
177
1
1
6650
22
19
26
1
6609
20
56
33
6683
33
2
6622
68
28
6464
79
55
17
28
23
31
21
6497
90
36
32
63
6507
134
43
34
6393
31
202
69
23
6598
30
18
25
21
26
6596
34
20
68
6525
31
56
25
25
41
13
2
6511
83
20
32
39
8
25
6671
21
26
50
6561
14
25
41
26
1
6565
15
41
56
34
7
6453
45
44
64
24
24
37
27
6579
16
85
23
15
6472
35
134
37
11
29
6576
20
36
33
23
30
6490
83
122
23
6444
30
23
51
63
79
28
6638
73
7
6432
37
148
24
21
30
26
6561
24
52
53
28
6470
106
44
22
33
6
21
16
6575
28
26
63
26
6436
35
27
24
71
32
27
20
46
3496
3099
15
88
20
6529
17
54
34
17
27
40
6493
21
131
29
20
24
219
6451
48
6370
37
101
29
42
67
20
22
30
6717
1
6584
11
32
30
37
24
6110
146
104
65
75
72
17
23
53
45
8
6652
26
24
16
5065
1118
255
85
39
133
23
6525
41
26
22
18
15
29
42
6549
28
23
39
59
19
1
6672
23
23
6633
49
36
6611
21
21
23
33
9
6396
30
53
106
36
56
26
15
6560
37
41
40
28
12
6574
16
36
92
6469
148
31
32
18
20
6625
35
23
35
6183
53
320
32
32
40
39
19
6656
21
17
24
6490
75
40
29
84
6593
42
45
38
6495
73
25
91
33
1
6689
28
1
6560
114
14
18
12
6689
29
6681
37
6333
25
170
83
30
21
44
12
6506
29
60
31
32
29
27
4
6366
144
45
89
49
25
6581
76
42
19
5831
290
419
21
29
31
54
14
29
6575
29
57
36
21
6460
13
245
6629
19
38
32
6686
32
275
6269
25
48
18
67
16
6540
62
60
26
29
1
6617
55
29
17
6304
238
52
32
37
34
3
18
6464
12
90
31
40
19
37
25
6412
11
97
9
55
35
40
24
28
7
6559
23
78
27
30
1
6517
93
57
27
24
6556
55
17
37
25
28
6186
302
85
40
41
51
13
51
6282
32
255
31
31
36
6602
23
16
43
34
6614
39
27
37
1
6669
33
15
1
6632
35
51
6466
65
101
34
37
15
314
6340
11
35
17
1
6282
236
98
42
28
32
6495
48
23
102
24
16
9
1
6421
66
121
27
33
21
21
8
6566
19
91
24
17
1
5909
98
283
37
189
33
34
44
40
16
18
16
1
6591
23
61
38
5
6639
24
43
12
6572
117
28
1
6552
25
85
23
32
1
6232
34
291
67
80
14
6592
23
38
46
19
6677
19
22
6487
133
33
23
18
24
6506
70
73
69
6515
28
21
82
4
19
33
16
6513
111
27
52
15
6545
47
34
56
22
14
6526
35
28
25
27
30
23
2
22
6581
68
30
23
16
6602
34
22
33
27
6374
94
36
41
24
29
27
26
44
23
6472
34
21
27
72
17
28
26
21
6358
126
39
52
15
55
46
27
6603
48
42
25
6530
55
57
30
28
18
6653
42
23
6431
107
28
43
51
40
18
6644
37
37
6572
108
25
12
1
6491
45
48
21
32
60
18
3
6578
6
16
41
41
36
6518
25
77
20
31
46
1
6694
24
6620
32
20
20
21
5
6425
28
27
28
101
29
26
47
6
1
6510
24
40
65
13
21
40
5
6695
23
6390
45
20
122
46
24
42
29
6531
62
23
50
29
23
6279
130
34
93
44
24
57
31
26
6444
74
48
31
36
27
41
17
6474
27
77
35
80
25
6701
17
6411
31
62
42
41
10
26
80
13
2
6443
57
35
25
43
38
31
27
19
6437
53
69
35
35
32
43
14
6684
34
6513
44
72
32
25
32
6539
85
62
22
10
49
6524
70
18
28
29
6716
2
6614
33
26
45
6568
18
36
39
24
33
6355
76
101
36
20
74
18
36
1
1
6404
20
28
232
22
12
6436
79
33
22
68
43
15
20
2
6181
144
172
40
73
49
39
20
6566
82
37
33
5990
36
164
138
119
89
38
56
24
48
16
6460
93
44
61
11
12
37
6623
60
35
6541
60
23
44
19
31
6431
21
54
82
35
46
30
19
6585
62
33
38
6469
31
60
25
50
26
33
23
1
14
6446
26
76
40
53
25
38
6517
28
41
7
3
31
36
25
30
6544
30
31
30
40
42
1
6292
312
32
58
24
6569
19
53
23
32
22
6532
57
17
24
26
43
19
6539
37
23
86
33
6551
37
22
24
17
31
35
1
113
6478
21
50
20
35
1
6573
26
13
26
34
46
6567
72
30
9
14
24
2
6680
36
2
6482
106
35
53
41
1
6616
102
6660
29
29
685
5789
149
25
29
41
6563
19
37
41
19
12
9
17
1
5200
984
75
71
53
95
31
69
60
50
8
22
6367
276
44
31
6350
59
37
148
6
23
50
28
16
1
364
6282
27
45
6406
32
81
48
134
17
6317
70
25
66
45
17
106
22
26
24
5870
590
39
63
13
36
43
21
17
26
6174
517
27
6596
50
45
23
4
6206
302
51
65
38
28
27
1
6528
27
30
28
26
31
20
23
4
1
6427
26
84
22
66
62
31
6660
26
31
1
6431
25
179
24
38
21
6567
43
15
71
22
6636
53
28
1
6641
49
28
6554
35
44
40
25
20
6517
20
116
29
36
6555
13
44
48
16
19
23
6584
50
34
26
18
6
6208
34
259
124
53
40
6562
47
64
28
17
6492
21
70
45
27
23
26
14
6539
14
82
22
35
19
7
6553
44
83
38
6352
26
24
59
60
93
31
17
34
22
6616
56
32
14
6468
89
43
39
38
18
23
6427
96
11
22
47
76
39
6507
83
34
40
33
21
6492
92
28
46
31
2
27
6710
8
6396
48
70
44
26
19
24
52
39
6274
151
108
38
37
37
42
21
10
6460
25
99
29
21
47
15
22
6462
127
38
6
23
42
20
136
6537
27
18
6652
35
31
6660
31
26
1
6574
28
61
32
23
6439
27
42
44
26
19
22
80
19
6557
84
30
17
26
3
1
6652
66
6309
333
44
31
1
6574
36
21
72
15
6485
100
42
30
26
12
23
6385
241
36
18
19
19
6640
47
3
28
6521
28
89
22
34
24
6523
195
6563
56
51
48
6611
23
26
32
26
6561
24
26
78
23
6
6285
189
136
39
34
18
17
6486
49
49
30
51
53
6663
16
33
1
5
6594
31
22
44
26
1
6523
39
49
17
50
35
5
6684
6
28
6467
170
53
28
6558
125
25
10
6426
113
28
28
44
20
16
43
6466
108
16
30
33
46
19
6519
23
111
33
25
7
6235
35
135
15
180
47
30
41
6657
33
28
6668
29
21
6455
38
160
45
20
6668
33
16
1
6504
96
15
34
32
15
22
6609
76
33
6631
19
10
20
38
6668
13
28
9
6593
93
5
26
1
6619
18
23
58
6557
56
35
43
24
3
23
6405
180
31
38
21
20
6495
21
57
35
32
38
28
12
6618
27
63
10
6514
104
16
41
23
20
6504
110
40
15
26
23
5772
577
20
135
53
53
69
21
18
23
24
6671
6601
65
22
29
1
6635
56
27
6394
99
79
21
23
17
50
19
16
6620
11
44
43
6605
36
34
18
25
6590
87
22
19
6448
99
25
56
51
17
22
6423
37
35
36
32
136
19
6556
19
54
33
16
40
6372
286
28
13
18
1
6618
85
11
1
3
6520
73
32
28
21
9
35
6298
201
59
39
9
26
25
14
27
19
1
6106
100
41
57
208
19
72
25
90
6431
106
46
94
19
21
1
6485
27
68
37
26
25
21
19
10
6718
6608
30
65
15
6546
18
35
38
31
24
12
14
6568
81
15
31
23
6524
26
48
33
21
40
26
6599
42
28
21
28
6551
81
40
46
6664
32
11
11
6663
29
20
6
6663
55
6611
40
28
28
11
6436
21
78
27
110
40
6
6483
55
48
54
58
20
6504
72
61
33
23
25
6640
25
15
38
26
6478
71
39
31
73
6534
90
78
16
6520
98
30
15
25
30
6519
65
28
34
18
27
27
6482
73
35
25
63
40
6319
163
78
34
67
19
38
6233
267
43
36
43
29
37
30
6364
176
29
33
73
41
2
6463
42
67
77
31
35
3
5799
350
226
50
27
40
116
40
58
12
6718
6532
38
45
60
42
1
6644
74
6419
89
72
32
13
29
29
31
4
6460
63
68
38
36
33
14
6
6687
31
6578
80
33
27
6542
161
15
6031
547
26
15
31
33
32
3
6565
54
57
20
22
6644
30
28
16
6430
48
139
28
35
37
1
6495
55
57
22
24
41
24
6200
72
68
320
19
39
6604
26
29
28
29
1
1
6674
25
19
6621
96
1
48
5922
534
23
20
37
66
17
18
33
6384
174
62
29
27
14
28
6176
204
64
67
41
28
39
30
17
52
6400
32
124
42
97
23
6486
16
19
21
39
96
19
22
6367
254
28
48
21
6573
46
28
21
34
16
6639
42
37
6496
40
19
32
35
12
38
19
26
1
6611
30
36
18
23
6629
55
18
16
6532
81
15
20
52
18
6383
144
54
59
12
31
35
31
6625
60
2
6079
30
360
30
33
38
18
33
36
33
28
6440
183
27
24
15
29
6678
38
2
6431
22
221
44
6555
35
36
36
16
40
6554
41
55
23
39
6
6624
50
23
21
6584
18
34
35
47
6111
208
32
38
31
36
133
57
14
35
23
6554
48
29
34
18
26
9
6568
110
40
6669
25
22
2
6661
17
22
18
6627
86
5
6596
13
34
29
23
23
6645
39
17
17
6508
46
27
108
29
6482
91
23
32
25
30
19
16
6064
376
95
102
37
21
22
1
6362
238
31
27
28
32
6323
171
100
36
31
29
28
6391
42
70
95
13
34
23
21
29
6454
65
47
33
35
58
26
6528
86
68
36
6558
148
12
6454
219
24
14
7
6304
98
118
94
50
25
29
6595
29
32
25
37
6613
27
40
38
6702
16
6718
6586
25
29
27
29
22
6447
51
63
71
43
23
20
5713
979
26
6471
111
41
69
17
8
1
6135
368
23
28
44
75
45
6717
1
6545
88
36
27
21
1
6450
121
106
24
17
6508
76
20
24
27
14
49
6592
93
28
2
3
6615
41
48
7
7
6708
10
6691
27
6646
54
18
6516
116
16
1
19
16
15
19
6498
34
18
43
27
18
23
26
31
6630
34
25
29
6452
88
18
38
41
21
24
36
6392
40
7
122
37
30
21
69
6668
27
23
6599
36
32
51
6612
46
45
15
6257
27
108
32
165
103
26
6635
26
35
22
6480
120
65
32
21
6340
311
29
38
6583
38
97
6549
38
25
30
58
17
1
6676
12
30
5932
786
6538
53
27
64
35
1
6417
51
65
27
48
39
71
6564
25
40
89
6356
157
91
23
71
20
6418
29
54
31
59
35
48
44
6449
98
36
81
22
25
5
2
6625
44
25
22
2
6086
25
31
160
18
55
276
16
15
15
21
6568
69
60
21
6392
308
10
8
20
6642
40
16
6452
79
23
30
21
24
17
27
13
14
18
6568
34
16
28
15
24
33
6355
69
122
38
61
32
23
18
6467
78
105
24
41
3
6617
20
31
35
15
6565
29
38
52
34
6612
26
29
29
22
6426
23
25
45
58
81
28
32
6670
31
17
6383
25
132
102
26
14
20
16
6641
30
16
30
1
6585
42
45
36
10
6445
40
53
80
64
36
6638
31
49
6592
126
6221
46
156
103
55
56
44
37
6560
38
20
32
38
30
6564
26
64
33
31
6568
38
42
42
28
6518
33
63
23
25
56
6619
53
13
16
17
6630
25
31
32
6687
31
6568
31
30
34
43
12
6373
25
82
87
30
18
24
43
35
1
6636
37
28
16
1
5743
770
26
31
29
51
28
20
18
1
1
6386
81
27
83
38
18
85
6614
40
27
21
16
6327
155
26
96
69
20
25
6460
140
52
41
24
1
525
6017
34
50
28
21
43
6678
40
6570
80
68
6651
40
26
1
6432
51
34
113
37
22
29
6528
44
61
16
31
18
19
1
6535
111
36
20
15
1
6642
21
1
12
27
15
6350
143
150
49
26
6587
23
28
60
20
6642
50
26
6566
43
33
35
40
1
6562
22
18
94
22
6405
98
95
62
23
35
6624
28
29
37
115
6392
73
47
29
15
25
22
6565
96
25
32
6505
15
33
1
37
66
25
36
6339
195
85
81
18
6540
90
19
46
23
6599
28
23
19
13
30
6
77
76
69
6060
60
276
23
21
21
35
6465
213
17
23
6642
53
23
6597
76
45
6692
26
6423
66
35
95
52
47
6531
22
45
60
60
6675
28
15
6607
109
2
6664
29
25
6477
53
33
31
36
62
26
6329
68
196
43
25
17
21
19
6394
16
23
174
39
27
25
20
6617
23
55
21
2
5802
695
24
26
39
31
22
20
59
6582
31
40
33
32
6565
51
44
23
13
22
117
6162
181
81
31
42
25
41
21
17
6486
79
97
9
46
1
6693
25
6115
132
449
22
6588
27
24
35
44
5855
555
74
89
80
29
22
13
1
6157
214
25
210
45
35
25
7
6674
42
2
6659
26
25
8
6663
32
21
1
1
6604
35
37
18
11
13
6567
25
108
18
6488
48
23
65
53
41
6528
114
76
6657
38
22
1
6643
41
34
6576
17
65
28
15
17
5917
340
142
29
190
26
23
51
6317
156
25
58
27
99
8
9
19
6237
380
28
40
33
6231
409
26
35
17
6385
16
119
130
41
27
37
6238
148
90
40
37
33
43
14
21
16
1
6521
19
20
31
38
21
56
12
6602
96
16
4
6588
34
81
15
6501
53
44
86
34
6634
29
18
37
6436
44
39
102
34
20
43
6636
21
24
37
6529
71
21
41
55
1
6588
108
22
6699
19
6461
94
66
20
35
42
6460
51
51
50
28
24
51
3
6638
57
23
6648
20
34
16
6513
58
96
27
24
6533
23
37
60
28
36
1
6506
24
70
20
40
9
21
28
6543
37
35
24
15
51
13
6555
37
53
29
44
6628
34
30
26
6546
54
45
35
19
1
18
6637
30
29
22
6506
19
168
23
2
6403
87
14
14
46
22
38
28
48
18
6517
91
52
30
28
6571
44
21
48
28
2
3
1
6602
13
31
8
30
33
1
6689
29
6698
20
6595
34
34
19
25
11
61
6544
14
79
20
70
6233
19
277
29
40
21
29
6618
33
22
27
18
6279
85
120
13
12
27
89
34
46
13
6381
184
22
48
46
37
6444
90
33
17
31
103
6610
22
48
18
13
7
6536
72
10
41
30
29
6628
37
36
17
6641
26
33
18
220
21
6417
28
14
18
6614
24
27
36
17
6624
52
22
20
6594
35
29
43
17
6372
57
28
43
71
27
34
18
38
30
6567
39
47
43
22
6390
142
63
89
34
6507
71
107
26
6
1
6632
27
35
21
3
6477
169
22
31
19
6289
170
46
84
24
38
29
17
21
6647
14
34
23
6535
70
31
38
42
1
1
6419
248
17
34
6707
11
6288
29
12
47
212
42
26
33
14
15
6409
31
23
42
47
64
21
55
26
6560
41
24
40
32
21
6578
18
26
79
15
2
6678
15
25
6682
22
14
6658
60
6371
32
29
26
73
37
53
18
54
25
6323
55
221
16
28
47
28
6694
23
1
6585
75
58
6524
156
38
6650
24
22
22
