65
31
37
2417
46
637
803
32
46
78
62
37
43
46
22
45
25
475
220
59
49
198
57
61
47
72
62
26
3
75
234
258
49
45
62
42
49
33
40
53
37
33
109
144
963
123
152
78
170
1
53
510
52
59
29
1546
41
80
120
43
20
995
363
179
42
389
63
58
29
66
73
186
80
55
53
61
1
914
37
39
41
25
604
90
40
46
48
75
718
850
295
62
183
36
58
33
76
57
94
127
42
56
26
60
35
123
68
14
50
169
49
50
203
819
48
54
51
39
25
37
49
40
46
78
24
36
29
80
37
561
74
231
60
34
48
41
150
136
36
61
29
74
42
66
81
47
67
73
61
30
535
161
69
128
1
119
173
85
68
95
50
33
1
92
165
187
38
1
41
60
31
73
45
83
42
48
49
53
115
47
118
58
66
168
57
31
37
63
157
58
64
37
46
27
29
42
54
354
82
27
120
60
64
27
1
26
40
158
41
37
37
30
85
71
84
1478
703
48
3
83
16
40
43
67
36
53
54
21
112
132
46
29
54
38
1
44
1697
425
161
100
245
86
87
90
47
145
40
111
157
107
62
71
29
51
24
1
315
400
953
103
88
95
65
469
120
94
38
59
45
35
89
368
70
55
238
55
33
56
121
65
38
66
64
126
52
19
26
37
27
52
190
39
65
311
45
59
141
136
49
235
46
36
41
38
1937
276
189
111
38
240
159
79
25
47
25
3
1
931
697
35
129
303
80
222
111
53
65
60
47
40
51
108
76
73
41
842
110
59
61
260
149
34
86
165
68
131
54
25
100
60
51
73
24
1
57
21
36
28
43
55
50
424
238
62
63
42
30
48
55
29
28
48
66
52
46
70
35
82
1
1716
64
61
52
47
31
49
17
54
65
54
68
1
1
436
388
216
185
76
70
61
31
84
48
52
40
2
6
34
47
68
253
53
50
69
1
771
912
61
282
17
92
38
57
58
29
181
79
43
40
45
43
94
293
51
312
259
98
35
55
31
81
128
41
20
644
42
53
9
1
268
549
69
74
335
112
52
90
38
95
1
46
123
294
112
682
130
21
38
34
119
62
43
64
15
37
1
1249
117
76
55
80
126
43
60
39
46
102
56
1277
324
221
43
39
48
38
31
56
48
104
49
16
1
713
186
50
34
47
35
38
46
74
194
31
204
41
46
45
76
36
34
48
38
108
90
88
62
256
284
48
45
52
84
96
26
82
117
147
107
41
94
40
148
133
44
58
25
78
70
34
59
54
115
138
86
61
41
77
95
38
32
109
124
78
194
132
48
120
51
34
51
1509
516
110
50
45
59
41
230
306
40
44
42
25
35
44
196
94
44
83
23
38
45
53
66
26
112
296
41
54
56
36
28
1
1
1341
147
54
235
87
109
54
67
116
35
36
36
1
48
64
176
67
48
67
24
49
1
409
70
64
41
146
119
49
66
58
101
32
1
3
56
49
37
63
72
56
68
63
40
18
4
325
645
55
232
176
83
33
37
55
19
1
202
123
48
49
146
38
26
35
33
54
85
818
38
297
49
36
57
40
208
45
44
201
98
40
33
113
108
35
31
166
400
138
105
34
98
38
57
40
42
112
310
40
235
66
38
43
81
48
22
58
49
42
61
27
1
90
87
58
38
122
93
32
72
36
32
2775
157
126
70
92
47
25
39
580
45
187
69
34
88
51
21
24
134
66
129
117
119
61
39
101
47
41
108
76
34
59
114
32
66
32
1
247
109
53
37
35
53
32
50
56
182
59
48
48
62
45
45
5
53
66
742
697
160
538
46
168
37
31
193
27
49
47
86
92
188
108
112
65
153
46
41
56
40
40
33
27
2
2
79
208
119
82
27
53
42
1
1197
445
1153
690
109
142
83
100
47
43
31
34
1
52
58
33
74
53
115
94
54
63
37
25
36
33
54
267
150
47
102
90
98
143
52
56
45
68
45
95
116
517
111
67
68
68
31
35
51
53
25
97
66
72
229
60
47
63
135
57
43
282
29
114
122
34
66
106
35
414
234
129
52
48
104
79
37
68
136
207
72
118
159
52
50
47
42
65
1
38
66
29
82
44
57
46
38
1
150
53
72
47
75
48
100
54
22
531
152
201
55
26
126
33
39
34
40
48
21
184
55
267
34
47
67
436
34
170
42
51
30
661
454
83
47
28
105
67
88
46
118
79
42
85
108
164
533
156
211
218
45
49
240
58
116
30
1
142
118
49
184
105
133
58
34
52
325
262
136
218
16
49
49
43
40
75
110
31
43
41
37
52
33
21
41
18
67
86
55
38
62
33
32
87
360
212
170
109
56
88
31
2084
26
58
66
46
2
840
55
237
96
45
58
53
51
117
58
71
23
4
146
83
33
47
41
42
364
244
319
135
28
159
67
1875
334
483
578
82
68
59
66
33
1
133
58
1031
583
66
49
46
92
63
56
100
38
1
1
1
156
44
99
61
59
72
48
132
340
43
44
179
51
158
85
49
18
30
1
95
99
237
48
44
69
34
42
85
56
184
29
90
110
92
51
55
54
78
70
37
1
120
130
265
45
82
29
46
39
40
66
63
117
91
102
77
58
51
2559
906
94
32
78
36
36
82
1
81
239
151
52
45
52
65
57
29
25
2041
257
110
110
374
111
30
49
30
144
99
150
56
97
67
95
15
80
218
397
43
749
186
110
120
53
45
1163
64
97
213
34
55
160
39
47
45
37
33
27
115
500
337
28
21
30
36
127
29
35
293
45
40
73
49
74
48
79
31
41
54
44
54
55
47
186
166
47
59
17
506
104
35
32
55
55
32
2528
298
64
163
23
43
31
147
77
25
25
147
159
47
74
180
60
50
176
66
18
438
128
71
175
43
104
191
44
18
26
1
160
56
63
175
114
68
40
85
65
49
45
44
1
61
120
150
41
37
25
535
134
34
116
31
41
25
66
56
336
67
145
49
14
1
405
92
49
43
31
22
1
385
161
23
45
42
46
159
166
70
56
47
40
46
229
148
53
43
37
53
27
479
33
62
161
96
45
83
162
36
38
29
30
78
53
27
47
40
35
37
26
27
3
316
61
57
85
65
59
34
37
38
109
1323
348
103
29
283
45
59
36
53
51
25
2
51
1337
183
158
41
77
40
58
100
1
22
137
772
53
695
162
98
87
103
94
50
1
116
79
397
48
54
28
99
71
55
204
185
204
77
41
42
322
80
51
49
44
141
126
52
40
41
45
50
128
498
108
30
23
99
70
25
64
23
63
82
75
125
81
367
344
174
405
104
41
56
41
39
44
129
55
55
53
41
115
75
59
66
64
87
184
46
36
33
30
512
130
52
35
1
651
50
38
26
30
2
247
144
53
133
50
150
53
56
38
51
23
48
90
37
33
102
37
47
40
2268
52
68
149
156
57
44
40
1
46
95
69
27
141
77
49
28
38
36
275
78
52
38
38
85
67
31
209
46
23
33
56
68
34
38
80
34
50
76
68
801
99
58
381
38
29
196
71
33
120
93
49
47
20
45
2362
385
194
45
64
43
70
57
205
31
79
137
61
4
46
1
53
62
40
63
102
26
705
50
40
61
1
79
1066
25
108
68
123
79
62
20
35
256
244
68
107
39
177
210
31
40
40
204
87
76
70
170
46
58
84
54
42
190
50
53
159
47
45
49
30
57
44
42
1
58
447
57
50
41
65
45
6
2
94
117
54
31
31
40
3
309
31
40
137
135
83
108
32
47
39
29
58
1
43
3
51
77
80
68
30
40
68
2595
45
42
24
110
36
73
21
41
639
35
53
461
44
56
53
48
21
31
465
108
99
132
58
62
83
52
51
69
459
43
60
314
533
38
98
40
40
33
81
164
654
114
30
1
51
51
92
49
47
40
753
103
37
78
48
37
134
53
73
104
48
107
60
28
45
48
38
43
162
225
31
49
73
101
62
60
1
24
44
76
38
48
53
389
53
29
60
46
44
36
59
165
229
29
33
39
52
230
73
98
40
69
141
67
63
47
36
59
1
1174
995
44
184
70
42
118
74
85
53
43
42
30
1970
229
15
82
105
68
49
59
120
90
64
38
112
1
720
95
136
92
75
59
65
27
86
1
40
48
36
40
63
32
24
37
43
45
25
1
26
356
112
84
223
35
53
163
28
96
54
53
1
214
23
63
41
61
53
423
65
229
179
25
2
1
1135
187
117
136
95
13
75
46
100
75
55
44
68
26
46
58
34
49
43
49
42
61
40
42
57
26
46
50
28
727
261
66
37
227
79
81
56
33
48
1
28
80
46
31
181
36
21
67
45
187
63
52
84
201
41
59
23
68
84
75
39
69
37
67
28
61
22
122
643
87
260
340
20
43
45
1334
69
284
51
81
55
18
37
39
61
28
30
459
70
83
43
57
2935
287
80
54
83
169
33
36
148
51
158
104
73
34
38
87
21
55
51
24
319
36
73
65
156
26
70
35
1
97
139
118
32
56
721
63
42
99
55
67
50
231
73
51
34
45
59
60
36
41
429
46
31
55
425
99
40
185
76
170
98
479
75
52
89
44
76
47
39
21
74
44
19
3
27
34
49
42
1
80
122
39
141
29
98
96
56
43
85
145
40
97
52
29
136
905
186
364
49
258
147
33
39
94
52
1
36
81
48
13
169
74
30
60
1
156
79
65
45
25
74
55
51
40
51
39
50
85
31
46
38
50
329
64
36
87
47
56
29
53
90
479
46
168
65
66
35
109
42
55
54
1
57
47
39
1
67
29
130
67
1
75
135
66
65
65
16
22
410
164
44
74
40
58
81
53
331
24
72
80
265
42
54
114
52
18
41
2
3
1
48
280
127
100
52
53
28
1
190
53
85
45
59
55
52
45
70
36
38
31
36
751
50
87
134
50
67
66
57
74
41
99
142
45
44
327
29
151
61
82
32
47
91
134
156
54
75
64
72
56
60
48
33
98
175
107
45
39
117
40
41
30
48
118
92
180
375
102
91
44
87
60
409
152
107
46
109
33
44
38
183
44
73
88
43
99
50
38
44
53
34
27
54
134
23
53
36
52
69
76
68
141
75
68
60
30
36
30
33
424
89
80
79
99
40
38
2897
56
101
82
40
64
23
176
172
124
125
54
284
59
29
63
123
44
162
35
45
40
2
48
57
148
68
51
872
63
701
36
46
75
37
36
55
61
96
25
69
30
40
40
176
101
27
39
45
40
31
1
228
75
51
73
44
277
126
98
47
219
60
253
172
91
38
32
153
36
28
27
54
62
2
31
56
63
52
44
84
39
58
50
50
54
57
25
57
81
285
51
70
74
111
78
43
103
394
45
29
36
165
125
26
35
2
168
1447
44
66
171
28
50
57
55
39
56
63
34
106
377
149
42
189
47
58
57
121
39
771
52
204
37
219
57
50
197
93
122
39
89
92
249
75
64
47
87
127
93
43
35
28
1
48
53
416
59
88
154
44
74
143
163
2894
229
313
124
67
63
125
92
1
63
2448
57
88
26
370
69
67
40
24
104
93
25
40
148
210
57
184
102
77
74
140
44
58
43
123
44
42
73
81
1
54
105
43
33
40
31
39
69
79
37
74
67
177
46
51
56
88
155
79
1
1
2023
59
82
36
18
33
62
196
63
30
61
161
75
74
109
47
167
51
35
239
64
58
55
98
68
30
35
758
44
42
80
85
57
599
229
893
371
340
100
28
103
107
263
42
54
47
27
51
65
112
66
44
295
159
144
50
54
49
26
124
45
45
43
62
283
63
48
47
49
65
58
32
48
2
59
48
68
45
47
32
27
41
44
30
55
1943
220
33
57
371
89
79
48
101
71
57
45
135
217
283
127
32
35
60
90
130
42
53
6
117
79
75
54
86
40
217
306
1531
190
43
65
61
98
99
103
108
32
53
74
55
94
1037
150
103
42
28
57
72
152
54
31
162
60
44
143
39
43
53
48
27
136
105
141
61
46
71
55
86
41
50
190
51
68
28
1022
53
200
103
66
81
53
178
72
47
7
19
59
74
49
61
115
46
59
32
45
57
69
17
73
164
59
88
45
37
29
46
213
299
60
151
60
43
24
44
163
165
35
30
37
47
415
28
43
45
90
41
60
552
188
133
49
61
39
44
24
73
47
244
374
42
52
141
131
37
37
100
37
45
62
1
72
214
55
62
27
34
62
379
71
46
115
122
41
66
340
41
170
53
206
71
61
19
26
56
49
50
42
67
40
502
191
97
155
86
54
330
127
55
58
98
211
43
95
40
39
1
37
61
129
453
82
58
1
110
152
97
54
27
36
108
21
74
41
2
512
119
77
59
1
131
162
289
181
52
339
133
67
314
62
39
44
44
130
81
55
38
4
101
57
64
45
39
60
91
452
55
51
116
29
84
44
58
42
1
2299
949
21
70
46
50
53
60
103
75
52
21
36
36
32
829
41
44
191
74
94
81
63
54
110
29
61
113
114
50
90
39
43
45
65
24
77
30
32
63
29
50
1
1359
30
52
38
45
67
76
69
39
313
34
24
42
1471
71
115
54
15
33
184
247
187
54
44
67
41
56
92
388
534
98
78
584
43
63
24
42
144
75
57
167
131
58
93
30
55
63
347
67
137
64
40
18
45
43
234
78
358
44
47
61
25
616
156
72
39
44
78
35
34
43
41
410
33
136
23
48
52
44
38
62
1
570
50
67
59
172
67
117
107
40
94
26
244
54
103
67
30
34
50
82
100
90
2
77
278
25
27
35
45
42
49
86
97
42
86
237
44
1
77
64
70
1
851
284
60
65
48
54
50
713
121
61
117
25
1
1399
36
39
36
74
38
59
22
39
27
38
89
102
61
162
47
53
48
162
73
25
54
43
56
63
38
20
11
271
296
40
34
27
46
167
65
43
40
1
51
394
138
44
39
15
66
194
338
31
47
54
49
2
23
40
179
27
44
27
145
72
67
51
59
35
49
568
101
59
43
96
89
41
76
29
1
187
30
50
59
51
64
48
39
35
67
35
33
121
27
26
20
57
64
40
380
61
412
72
62
187
128
117
119
67
41
63
96
67
63
90
25
63
1104
128
48
41
56
29
433
90
82
60
69
192
74
61
22
108
45
38
88
11
86
22
1
291
161
44
42
28
433
59
164
122
52
129
161
80
26
34
341
198
44
51
38
458
73
54
259
68
39
55
235
47
39
37
53
180
164
27
110
81
32
75
53
79
28
39
2
176
42
160
73
49
40
1
1949
38
43
36
61
41
166
362
183
82
71
864
85
31
70
62
170
20
43
113
95
107
110
136
272
132
40
38
582
119
501
47
135
57
23
32
22
205
293
70
73
44
289
48
48
74
49
299
400
38
355
82
91
48
36
71
919
892
100
100
120
37
41
100
81
33
103
288
41
52
27
53
53
24
47
55
27
43
33
45
94
1415
79
51
60
32
38
52
133
63
29
102
39
114
50
1
1050
43
149
41
55
47
36
58
1291
53
46
40
190
80
24
39
198
83
84
90
93
17
49
1
21
109
161
45
26
981
103
225
68
36
108
44
38
1066
83
431
70
42
59
25
182
1954
56
44
91
67
27
52
144
44
31
61
109
24
29
63
46
36
73
58
88
52
347
62
78
1
39
25
31
54
607
267
50
50
48
27
37
187
73
62
92
169
45
30
32
1
1208
68
123
162
15
137
100
58
26
321
49
35
39
33
275
171
59
74
32
48
58
72
26
546
41
52
43
205
1
66
139
81
73
674
31
67
158
655
536
47
213
83
49
97
57
47
117
944
1504
333
418
91
155
36
150
47
67
72
9
131
75
33
39
55
51
14
178
78
25
72
55
1
103
27
183
21
394
97
72
95
18
191
114
157
238
54
50
65
31
50
82
223
172
21
103
44
26
36
2155
59
107
31
126
128
38
126
432
231
44
132
51
98
42
58
91
165
40
57
20
120
58
39
35
63
5
2
53
55
50
75
52
66
264
452
115
235
85
71
74
48
114
68
80
35
45
249
500
189
161
211
39
150
48
89
62
68
79
64
33
56
28
331
96
16
23
1
155
35
88
29
57
53
211
57
33
35
34
39
22
39
3111
75
107
36
43
47
30
126
67
142
64
49
61
78
68
56
68
35
28
50
79
124
47
109
37
29
1
104
31
137
30
1113
221
245
60
63
39
37
82
23
2204
440
113
78
53
31
45
10
87
223
28
31
22
43
2
26
46
188
334
63
56
62
168
71
34
77
55
41
31
494
52
171
215
37
111
80
59
30
27
150
144
38
41
142
117
42
41
116
433
804
86
204
42
60
78
216
250
105
54
58
42
1
240
286
102
202
71
130
33
37
105
37
224
88
71
76
1
248
104
65
258
110
322
271
414
52
44
27
26
31
26
68
260
116
54
40
2839
359
181
75
29
90
35
60
36
35
50
1
49
119
88
40
34
27
111
427
826
92
35
72
9
38
72
70
36
38
37
36
53
127
51
45
30
169
67
38
85
36
2
90
61
233
233
150
58
52
18
1
32
35
177
46
35
59
404
649
314
38
54
634
32
27
101
32
32
40
119
155
114
34
50
25
30
58
58
35
132
292
59
26
351
80
34
57
30
56
1590
249
50
39
49
65
67
1
154
94
85
51
191
84
44
92
128
57
42
172
51
29
24
92
39
36
53
104
111
74
62
2
71
307
138
65
161
31
53
59
50
42
31
27
208
155
46
55
200
20
62
58
93
119
51
51
24
149
61
41
1430
100
31
49
59
48
69
45
533
670
63
41
59
354
92
196
296
166
142
45
60
56
85
63
144
55
30
124
61
51
33
336
51
52
67
32
24
37
32
4
65
82
38
68
26
40
52
76
209
111
63
61
65
63
95
95
131
1
219
37
211
613
50
67
41
44
39
55
41
94
68
46
17
50
68
42
1
49
110
53
50
40
52
49
60
50
22
3
1
85
118
221
27
113
36
92
27
51
34
51
40
35
129
83
106
92
14
24
39
1
969
479
75
28
24
44
50
338
64
36
51
37
25
41
489
57
90
35
153
115
70
81
45
40
41
28
21
45
1121
114
32
163
125
52
99
130
43
86
156
43
49
60
47
1
565
61
50
65
73
1
100
34
45
56
39
186
96
52
57
65
24
100
60
189
97
165
63
27
33
89
524
105
254
52
31
53
20
48
172
45
1
63
314
69
125
56
37
90
28
1661
1072
45
71
32
35
54
128
54
46
1391
291
141
147
132
79
33
44
94
42
46
1
70
23
36
54
90
63
56
30
160
63
82
32
45
74
39
113
159
83
48
42
94
48
185
118
59
74
82
80
59
23
82
64
42
49
38
44
61
116
51
50
30
36
114
301
125
72
110
41
38
340
103
94
43
45
28
55
525
76
44
41
891
32
152
50
50
64
140
396
79
32
34
63
22
385
76
112
36
35
79
31
29
2
64
60
104
145
26
48
44
29
50
733
123
132
96
81
54
52
63
79
91
45
127
1
49
37
97
132
141
72
123
56
42
28
27
23
207
46
125
347
51
43
79
133
1
79
128
56
53
63
83
42
63
110
134
58
179
27
54
57
110
43
46
44
27
85
41
71
28
53
106
70
72
58
30
82
78
100
52
28
46
59
124
378
173
65
105
36
48
69
44
50
51
40
44
42
38
50
41
12
1
40
74
108
48
61
53
113
50
871
69
175
37
220
42
82
510
565
252
95
77
21
46
45
45
37
1
26
186
138
48
174
52
63
41
46
26
33
381
48
28
31
48
34
101
52
84
69
64
70
34
44
65
777
150
46
23
42
90
102
52
49
10
1
38
603
63
52
144
83
54
95
45
66
72
48
34
427
113
135
58
157
189
161
49
33
47
54
48
131
34
46
285
24
121
61
76
82
54
36
1
168
43
42
35
64
54
107
52
22
129
45
251
68
124
51
32
32
66
37
49
1218
104
68
40
57
72
54
143
32
77
33
55
67
847
41
142
58
44
51
71
47
1
365
172
27
18
54
131
85
68
65
41
24
61
60
85
1315
517
203
47
41
136
66
59
134
356
237
39
33
1029
1366
389
52
68
44
64
102
61
45
32
26
1
2
50
50
28
245
51
48
50
13
1154
603
33
39
253
84
20
37
181
74
35
37
37
66
56
6
50
129
187
38
112
37
71
164
60
45
42
42
38
75
256
51
106
60
71
21
67
37
213
160
154
55
112
59
65
59
34
38
628
457
72
60
22
32
56
49
37
61
106
47
40
43
46
99
39
63
31
31
115
202
81
95
256
684
45
50
64
66
22
1
274
49
85
80
46
75
46
246
61
157
176
293
130
341
30
49
92
101
79
71
42
293
252
60
28
62
29
24
57
42
60
39
37
19
84
61
70
26
52
45
76
38
54
23
47
46
42
54
93
125
338
106
155
29
28
39
31
533
72
1029
189
66
75
42
144
230
129
137
50
49
32
184
67
33
2364
69
101
36
52
50
77
74
28
87
82
231
117
30
149
55
215
160
70
103
35
36
27
36
146
2798
122
97
63
83
52
43
33
1
38
57
71
248
75
75
133
33
88
62
80
25
58
164
185
347
51
54
31
23
41
1
175
62
70
35
44
63
64
1
1092
54
200
187
59
55
53
63
27
42
53
50
55
47
44
62
40
94
32
256
48
59
43
42
49
31
1
153
599
126
88
204
42
27
49
37
42
1648
39
223
307
436
265
124
25
92
40
62
34
262
250
34
39
113
43
26
178
35
34
55
4
582
24
154
294
64
114
29
60
59
637
61
43
44
62
41
49
89
402
41
240
119
52
1
73
39
67
62
25
26
31
60
34
2017
242
21
41
185
46
43
56
75
3
318
51
28
52
30
40
65
37
1
124
84
54
44
85
64
21
21
36
45
376
133
32
42
187
35
60
37
33
69
41
30
42
124
26
56
1
862
115
103
41
29
51
21
1
45
42
53
197
96
48
46
36
41
86
37
54
62
43
882
1697
1724
34
51
271
176
146
60
76
29
50
24
62
29
310
68
118
99
106
34
125
50
38
73
51
66
44
86
32
59
180
227
54
102
46
105
94
46
44
111
27
51
49
99
26
87
399
231
27
36
125
91
49
78
34
148
37
92
71
36
57
78
43
40
43
62
265
91
149
29
153
41
40
1
67
175
41
41
86
48
33
56
22
49
42
44
47
45
64
28
31
40
103
51
58
42
57
59
24
37
108
53
23
1
302
46
23
45
70
136
42
33
133
73
11
164
49
53
53
64
53
13
36
40
291
117
47
95
187
76
86
42
88
49
386
81
98
140
102
1
59
52
67
101
1
168
129
153
43
66
32
61
28
40
122
89
58
97
36
934
817
43
56
128
269
54
40
49
177
43
39
53
233
156
550
579
71
177
90
55
69
169
90
35
155
54
382
56
232
84
38
72
94
62
34
21
31
33
47
1
582
421
183
72
252
135
44
22
1
40
179
56
76
57
60
28
3
29
85
49
169
116
30
59
35
556
66
52
1874
228
78
485
73
66
1059
144
228
64
38
422
47
89
341
89
48
458
72
44
86
51
47
64
31
202
39
43
56
41
78
37
2467
895
170
61
68
67
37
62
52
37
28
18
106
76
139
41
203
69
1
346
259
296
62
51
34
68
138
135
162
29
50
50
39
1209
361
288
387
44
100
266
75
63
47
46
51
116
26
2697
799
205
102
95
53
225
66
28
89
58
44
21
43
45
40
1
56
32
32
30
39
32
46
78
714
108
40
74
36
43
31
69
645
422
37
83
30
38
221
265
173
173
95
72
50
60
382
264
87
52
55
88
67
47
80
130
116
39
74
15
48
41
195
262
46
77
106
66
48
37
82
31
42
55
45
65
81
347
581
27
92
83
174
92
158
88
70
31
61
33
58
112
1
2979
92
77
136
36
59
83
44
41
62
125
41
58
43
288
34
50
76
135
78
50
40
1
45
129
56
163
230
128
136
90
59
63
84
40
101
48
59
72
224
50
86
62
40
1856
73
69
78
89
123
49
1
48
573
45
56
78
93
44
75
144
170
50
40
39
20
76
58
406
49
201
187
82
45
105
27
50
448
160
724
157
84
129
82
75
47
35
44
96
52
42
62
48
86
35
155
53
41
39
29
71
16
202
227
112
60
41
40
82
32
65
97
74
23
127
38
188
78
376
44
61
55
66
57
22
550
59
87
138
80
62
148
63
24
210
126
1247
39
153
113
54
134
56
85
111
52
30
59
125
51
68
141
75
60
54
322
36
87
53
56
83
371
132
62
34
126
27
67
58
29
32
40
44
73
221
48
29
331
467
48
48
32
68
92
77
41
48
36
43
49
1
581
95
36
105
58
52
139
51
58
66
31
45
42
80
37
19
1
2
240
320
69
452
68
75
108
36
113
126
42
58
50
49
35
12
55
96
162
433
207
118
38
1
399
73
52
294
239
437
36
177
53
54
41
61
28
111
43
52
19
44
44
1013
50
356
34
40
92
46
72
1
110
34
142
84
72
68
31
27
46
2550
111
119
57
52
75
151
71
32
110
44
46
73
229
41
278
32
55
91
52
49
21
38
45
65
61
1
126
595
211
87
42
93
47
47
249
137
64
48
86
77
149
53
125
44
285
292
35
33
40
51
349
30
61
214
41
72
149
27
151
36
46
110
267
312
52
94
120
36
39
58
30
70
79
113
79
50
4
62
65
75
20
2088
76
547
120
114
81
38
17
57
623
1837
111
225
130
29
17
47
909
74
222
41
64
41
39
59
25
1
67
44
42
46
56
187
100
28
30
84
37
117
44
100
50
33
94
184
27
52
39
65
99
178
59
51
68
22
24
188
168
54
91
75
90
34
1439
438
524
49
103
103
37
77
1133
68
802
60
87
76
39
45
99
71
138
82
35
44
3
97
80
1994
103
51
41
95
61
227
106
34
31
383
91
153
149
52
34
196
97
1
118
62
62
53
37
44
86
249
40
348
45
600
130
37
242
32
51
35
30
58
421
129
110
47
67
36
216
42
32
37
42
1
532
157
56
78
156
71
374
55
96
44
52
31
69
41
126
182
102
46
94
36
52
28
2
33
2
119
158
198
67
90
377
51
166
73
49
49
53
45
1
102
423
55
34
58
51
48
110
38
50
46
57
40
95
60
1
487
73
68
38
62
10
38
132
46
87
59
38
79
54
45
58
39
245
58
42
40
33
333
59
137
123
73
53
1128
605
95
643
70
100
56
77
50
77
1
155
108
36
1
51
175
42
162
185
119
38
68
157
80
1370
42
69
43
96
58
38
45
29
1
661
152
201
347
59
188
86
27
30
54
157
85
83
38
63
78
70
34
45
42
47
126
51
68
193
60
61
57
98
2032
1177
625
318
44
58
56
53
47
47
45
59
28
291
56
53
119
57
2232
84
127
35
32
47
108
56
30
53
95
74
98
60
51
60
26
59
162
58
19
38
1
1
116
271
246
448
340
266
255
249
142
44
122
67
23
43
39
290
48
18
64
57
44
32
521
153
57
55
126
33
46
88
60
33
260
65
52
89
62
34
57
130
62
41
38
39
49
40
175
54
118
75
113
68
2
790
72
235
31
52
49
2
283
66
47
41
31
146
39
97
38
40
43
79
97
70
110
42
27
58
72
56
134
34
116
46
74
246
101
88
24
35
50
20
53
54
76
141
38
36
62
50
35
132
52
35
46
32
41
165
49
36
102
46
83
23
45
123
85
1
286
45
51
879
122
55
85
42
70
240
46
113
70
68
116
104
182
169
70
22
34
36
52
62
44
136
87
134
105
47
40
51
57
54
56
59
39
36
27
47
32
17
43
30
1
194
84
108
135
40
235
49
35
156
50
246
83
62
30
33
2
288
118
37
87
56
47
39
36
201
73
35
112
63
26
29
646
70
77
43
50
256
36
66
35
43
149
129
73
54
54
1
65
9
800
72
105
44
94
66
41
51
41
41
111
134
43
125
56
61
67
35
44
49
414
112
1
85
508
415
36
57
58
54
55
84
49
1
