188
83
65
51
93
114
41
226
168
435
323
207
41
1
33
45
72
65
49
57
64
42
51
59
105
60
26
106
49
70
181
238
171
166
1099
51
87
63
232
59
70
42
128
157
187
121
62
62
40
75
75
56
68
60
78
928
345
473
305
64
504
36
158
94
57
219
59
110
109
30
729
65
93
62
49
45
49
104
78
88
696
84
150
42
115
123
53
47
67
36
78
73
118
148
172
71
42
1
890
189
160
934
69
140
167
82
1094
58
351
230
210
71
100
37
78
56
98
59
131
64
54
87
442
37
22
441
469
790
112
72
132
69
80
179
1
154
149
238
77
260
77
115
62
55
28
3
66
1032
76
66
1
63
435
42
75
103
635
61
101
88
152
45
77
685
123
218
221
302
99
88
43
21
72
77
109
99
80
101
65
59
56
59
62
433
87
163
73
29
66
294
240
170
67
67
78
48
72
249
25
74
59
89
19
99
97
48
37
1
866
76
47
129
94
66
56
70
61
34
48
39
663
46
291
50
124
139
70
51
58
51
44
477
239
167
78
40
67
47
61
502
1025
245
196
37
80
1
179
94
71
42
89
67
44
158
75
159
309
408
86
132
45
40
176
64
45
53
52
86
311
83
47
53
854
1057
465
850
73
53
100
284
31
143
37
62
60
25
37
39
46
81
50
53
57
42
100
134
208
294
54
115
62
66
27
78
142
77
41
50
71
31
188
42
667
66
48
64
41
3
256
38
65
104
48
91
969
184
52
932
55
134
72
76
64
80
29
1
1749
1650
85
52
72
121
58
35
142
110
62
89
72
41
46
1
1
1409
1420
604
282
916
185
38
141
59
51
72
66
146
70
125
61
63
69
90
56
70
33
1003
123
100
66
55
19
215
166
59
192
264
199
68
68
49
123
143
2518
750
212
234
197
48
272
276
86
38
243
213
46
1
2609
356
250
51
67
59
42
36
48
368
100
247
165
84
507
1292
59
64
56
147
175
102
280
34
57
48
44
114
92
133
66
304
120
102
60
46
1
39
593
105
57
225
35
57
109
167
141
981
98
89
90
129
81
50
55
300
122
47
38
87
22
68
173
90
169
56
83
68
1
60
52
65
77
81
233
53
41
78
405
432
512
136
67
69
1
1
36
98
251
45
207
76
66
53
43
77
56
40
105
122
138
483
85
50
54
566
178
64
127
679
231
95
74
93
82
48
48
40
45
29
66
402
54
70
91
33
25
37
135
70
51
316
120
140
97
115
124
122
108
74
55
140
74
68
79
766
78
139
80
54
876
307
645
263
40
33
52
35
60
424
44
83
112
76
270
74
38
77
57
387
87
1
264
483
1789
368
221
381
521
55
209
65
500
76
29
91
974
181
490
243
47
333
226
866
269
182
43
47
62
87
59
49
104
1
740
140
50
98
83
107
84
40
45
35
54
90
76
75
79
73
79
52
91
29
67
238
143
89
2438
41
171
68
363
84
141
122
109
63
117
54
66
28
39
47
65
84
105
42
40
51
55
50
49
95
47
49
115
158
90
134
58
80
77
250
132
115
87
113
54
59
37
76
325
186
216
278
239
115
142
473
847
87
61
94
74
49
37
109
276
35
81
47
50
50
73
46
104
103
59
70
240
143
67
131
67
1
1
1082
56
112
55
94
150
38
186
80
39
45
53
67
1
409
172
97
64
59
90
67
49
1
1011
501
579
65
54
76
232
87
101
55
83
105
1974
1133
492
99
67
53
138
40
1
186
1531
207
100
429
70
64
62
149
47
94
63
43
70
62
86
38
58
56
144
85
42
44
55
76
63
67
4
10
70
1033
74
55
184
36
78
230
1
79
170
57
130
224
43
94
296
91
272
1028
86
50
77
59
193
180
639
50
57
99
396
55
47
78
39
1
193
41
115
31
747
161
768
69
178
153
90
138
53
121
97
39
112
185
67
59
35
23
53
1
1
112
93
147
60
76
38
59
32
72
2090
395
611
212
59
127
223
47
83
77
110
76
1
219
44
206
93
189
54
270
78
158
124
113
38
80
91
98
54
73
46
252
268
50
75
149
76
62
59
32
39
74
234
176
112
42
78
220
26
108
44
68
217
115
81
188
67
87
58
44
1
492
128
122
78
56
52
1
163
61
741
70
94
235
98
62
317
590
1472
57
97
254
74
160
98
50
2167
1183
146
537
421
109
63
88
124
54
108
48
68
56
57
40
1887
139
233
205
123
175
56
79
203
71
50
1
134
118
121
40
86
46
43
68
34
1
2561
39
61
60
74
44
80
418
239
119
57
40
124
42
48
578
271
113
70
55
88
69
185
67
80
2
1
167
40
406
74
50
281
71
31
590
56
54
37
51
58
67
40
36
41
60
92
51
92
27
43
146
1001
46
29
97
179
64
2446
357
450
114
99
69
48
104
71
217
161
77
150
118
47
73
490
42
52
100
1017
111
59
44
23
203
873
210
87
66
74
77
49
117
1132
275
178
59
74
94
269
39
35
182
39
86
127
1036
35
72
35
57
33
54
371
73
391
35
212
72
91
122
121
39
64
84
63
51
83
46
560
64
108
137
60
38
46
68
552
361
138
71
45
125
149
48
42
51
342
166
102
1
89
538
115
44
56
43
47
44
40
2
64
214
133
63
44
52
41
38
175
19
46
87
53
31
21
75
41
32
95
48
338
570
60
63
79
199
65
43
185
56
119
43
35
57
66
62
123
815
204
278
274
57
57
77
92
38
1
161
184
82
64
88
6
29
4
228
78
41
608
109
69
71
62
121
228
70
50
118
54
1
62
197
104
192
60
69
2553
254
64
275
75
184
164
25
94
63
86
41
43
38
53
1
2
156
56
55
58
74
48
40
577
691
193
189
51
71
112
40
62
2
50
62
129
71
38
30
26
1
2171
381
825
80
130
168
33
74
158
775
270
69
65
167
130
70
80
38
104
64
254
70
43
317
447
387
111
142
182
50
51
58
46
2243
291
155
74
353
122
32
78
1
2227
82
275
151
44
52
98
53
96
69
33
38
2044
834
288
185
249
62
46
127
36
74
68
53
369
343
103
503
45
95
184
71
153
225
41
43
37
78
69
53
129
1
96
31
37
1913
117
220
177
69
111
75
34
130
99
35
2
39
580
100
76
125
69
83
92
63
630
89
407
100
173
39
49
71
192
54
55
60
1
1007
67
283
47
90
51
727
191
120
136
106
63
498
129
103
46
64
55
55
1
382
359
43
40
91
348
1535
258
133
278
87
79
186
107
38
80
80
47
194
119
465
109
141
60
63
80
42
42
35
71
97
474
55
90
105
84
119
63
1016
43
362
91
66
169
81
86
39
45
48
32
45
2718
45
63
76
125
63
41
25
45
34
74
56
1347
63
67
71
64
324
86
918
129
42
49
195
81
62
4
1
35
409
94
1071
60
49
1619
221
1599
161
58
76
98
69
241
497
105
62
154
141
41
40
162
340
90
153
124
57
44
38
400
348
96
29
264
60
38
40
455
189
40
112
72
90
64
56
62
97
43
35
27
1179
62
59
136
163
41
44
62
810
106
352
638
141
243
184
82
81
68
53
52
70
88
60
369
225
62
59
84
86
1
328
96
146
147
89
100
32
102
59
94
51
1
169
310
202
321
71
32
481
884
179
68
66
84
94
79
32
277
65
77
50
81
76
41
83
43
34
142
92
52
41
73
1
198
374
159
55
103
40
79
65
24
430
77
213
59
91
442
49
123
103
61
1211
133
61
35
709
43
53
40
72
57
383
51
116
59
59
118
304
54
50
61
62
173
73
59
75
49
52
63
60
53
262
147
56
33
185
76
122
42
54
58
47
38
55
1
119
52
86
105
40
31
1
1874
2270
61
352
55
40
59
211
76
36
166
63
581
84
61
59
30
61
119
46
35
181
78
72
35
61
137
87
67
54
55
318
61
53
117
129
66
49
43
413
1354
214
58
191
79
296
64
68
34
4
1
459
57
66
92
388
56
54
350
149
51
40
54
169
60
70
1
168
355
50
122
223
61
239
196
99
57
55
68
32
48
80
77
344
200
53
51
48
145
669
92
59
117
79
96
86
99
53
138
75
45
61
42
506
183
70
58
73
45
155
115
147
36
204
44
87
171
88
28
31
3
173
101
123
32
126
179
236
142
56
97
60
42
90
76
142
79
57
70
101
48
30
93
113
101
78
45
65
21
496
515
385
94
1424
146
384
54
257
166
44
100
68
56
53
185
188
103
51
117
73
54
154
334
122
62
156
68
74
94
1
2464
225
442
104
121
49
30
65
50
91
60
49
232
175
1074
58
173
106
46
121
50
81
62
56
73
66
48
164
258
77
83
158
39
85
200
72
338
228
51
195
75
60
1
1
2852
345
60
81
41
97
117
37
69
35
84
1078
55
100
203
327
163
92
147
78
52
51
945
82
581
44
49
71
78
1581
71
83
67
292
63
57
833
955
641
187
111
153
187
75
82
55
53
71
1
495
82
132
362
105
837
70
161
48
40
58
122
32
445
1032
65
659
255
134
154
67
56
67
27
87
33
643
98
131
109
56
54
52
41
61
76
38
325
89
65
59
73
154
49
449
111
56
199
68
285
1
571
630
169
52
97
66
1
570
50
1148
595
63
48
101
57
379
800
129
63
23
274
124
330
61
116
69
74
102
13
49
76
174
161
2143
245
232
52
55
85
76
125
81
113
77
61
51
61
80
52
65
104
46
20
166
1001
682
67
268
37
44
70
228
208
59
139
62
58
71
39
51
76
72
372
69
59
565
118
76
57
47
162
62
15
94
279
121
75
84
68
68
66
44
574
71
625
287
18
45
87
66
448
108
56
186
41
75
1078
81
53
76
107
113
80
76
1428
789
51
415
71
78
55
88
182
38
52
81
1
210
42
141
74
66
179
116
88
69
60
1
96
2322
63
205
78
946
98
66
68
50
72
235
51
34
56
184
81
189
114
60
57
1574
681
49
165
58
196
41
55
47
41
1351
1639
99
40
56
35
75
497
96
80
65
44
71
2
1748
635
61
46
76
87
102
45
1
289
343
48
69
80
112
123
29
17
100
272
77
334
56
119
102
32
246
145
59
83
110
187
237
96
68
28
895
510
60
49
39
67
97
52
42
78
54
91
48
147
175
66
214
221
34
68
100
80
43
122
59
60
55
405
406
80
52
342
1338
243
57
405
156
46
39
42
51
70
510
92
55
65
62
33
31
103
130
63
197
48
80
72
56
1
60
1778
993
743
82
68
618
71
61
104
135
94
76
58
419
201
112
79
104
286
65
111
38
97
51
58
53
76
170
328
194
176
82
3
79
131
357
296
296
345
98
51
204
54
71
101
123
99
63
125
65
31
829
113
114
53
2163
51
89
68
57
75
79
138
54
54
580
149
248
48
109
66
74
2390
68
389
332
93
55
183
130
118
66
96
63
62
62
73
33
98
62
115
107
45
154
63
603
49
69
123
345
70
376
46
44
118
322
224
45
91
78
73
59
63
842
65
73
44
63
77
51
91
43
80
228
136
36
49
103
59
305
127
44
50
33
492
53
206
54
52
99
135
175
64
69
39
763
831
1593
91
123
130
41
64
40
174
476
128
55
117
36
1430
94
114
268
784
48
90
46
44
41
84
123
49
85
71
51
72
62
36
245
42
77
64
45
1246
261
36
56
158
50
30
56
60
52
101
1594
146
70
122
93
85
100
75
80
56
66
34
65
80
98
62
28
66
164
69
70
245
113
43
48
74
138
91
56
35
38
54
154
48
54
56
42
53
60
468
44
113
27
256
52
54
44
60
61
263
205
119
34
132
63
50
254
86
91
240
51
68
63
72
109
104
61
400
69
96
60
89
54
36
1161
153
91
50
132
145
53
41
69
2
171
786
95
153
45
73
172
85
66
58
88
111
73
226
114
43
161
115
40
51
59
67
51
1100
54
73
167
96
87
152
51
886
581
282
139
55
29
49
125
55
81
60
34
68
104
89
233
466
350
907
86
92
29
52
56
57
1
142
616
439
59
149
44
162
69
89
99
54
38
53
506
1018
69
96
45
114
68
32
45
137
71
47
1
48
157
37
86
175
221
178
68
57
61
167
103
204
411
135
24
183
95
48
100
20
25
43
592
227
166
62
80
52
521
246
88
129
837
75
214
150
55
87
49
71
109
68
331
31
191
69
81
78
1133
689
445
856
72
444
53
84
181
47
51
117
79
233
114
43
127
178
39
76
61
139
26
102
64
48
117
36
82
108
89
98
71
69
35
2
63
89
45
114
61
40
1456
1323
314
77
301
60
176
59
111
86
53
37
264
480
55
65
62
116
64
52
49
162
356
682
53
229
704
241
117
55
77
41
1769
637
111
41
69
71
43
63
2351
96
138
61
188
34
46
63
54
48
53
60
31
28
43
55
197
84
43
103
51
91
63
82
41
1640
58
42
228
177
90
57
48
51
28
80
87
1061
79
286
397
48
35
196
592
55
42
6
79
71
82
31
40
803
57
217
127
65
68
101
80
53
55
1
53
65
62
151
160
204
157
204
160
27
42
27
30
72
101
54
93
38
217
186
117
84
106
43
68
31
453
126
470
1832
349
63
89
35
120
44
155
137
91
1
884
101
512
54
83
60
70
63
71
51
49
56
58
1028
726
204
56
80
57
79
138
244
67
59
112
34
32
81
451
75
55
106
270
59
70
49
67
76
39
112
184
1424
500
72
17
64
78
50
76
56
100
50
44
114
42
111
60
105
260
80
246
106
62
137
86
106
68
419
496
45
152
46
107
369
49
105
37
96
707
76
131
418
67
97
72
60
33
810
471
762
147
52
19
122
253
37
229
100
57
216
409
162
54
55
63
34
416
200
372
107
472
72
48
72
179
219
283
430
171
44
66
144
60
70
60
28
61
362
406
175
143
52
65
166
61
182
55
58
98
125
43
186
79
83
67
37
131
60
160
59
60
51
53
76
59
111
36
88
815
111
131
102
93
1
2
1346
58
78
86
121
140
67
86
51
1
276
1344
58
253
75
62
81
691
81
44
139
83
31
104
65
72
35
55
39
53
187
57
70
156
92
370
54
90
508
429
423
218
116
75
112
44
47
1
256
59
299
373
591
55
54
85
58
205
76
41
73
58
48
48
53
1000
400
73
692
62
54
111
54
88
63
329
451
46
80
53
1
209
328
62
119
45
111
65
49
122
86
81
30
66
38
32
58
67
76
23
136
339
86
73
85
242
77
85
384
348
232
118
87
245
80
30
173
481
69
113
63
94
92
79
68
59
73
1164
96
44
165
80
141
30
63
45
61
44
82
2677
789
145
80
57
74
65
56
1
360
63
69
151
122
106
135
62
143
126
60
79
45
819
530
444
94
74
83
61
108
77
771
137
38
56
56
78
92
59
134
911
806
155
60
32
121
237
96
39
63
61
3041
199
228
180
74
46
85
88
50
268
49
238
42
50
53
2
71
107
56
59
35
167
46
54
76
54
78
72
64
70
47
52
47
67
47
53
33
52
177
61
73
50
42
61
38
1
58
114
257
31
36
59
99
31
48
31
27
242
85
141
179
62
34
155
39
293
68
154
295
73
95
61
62
75
764
272
45
65
34
66
286
272
134
118
80
1
79
56
162
495
73
312
60
52
40
64
27
161
1
64
75
67
42
79
43
66
34
71
97
887
61
398
88
125
43
102
29
1
100
1072
101
432
65
72
224
170
49
75
81
188
38
47
338
51
324
151
40
50
61
102
41
79
75
60
883
82
102
57
70
153
69
67
283
141
80
67
66
68
67
354
47
249
71
145
62
90
63
42
172
78
52
91
72
70
117
56
41
1
98
86
165
86
74
59
72
57
11
52
230
164
332
81
57
198
87
72
95
88
55
45
64
59
236
216
51
72
65
57
32
29
339
193
121
154
42
125
50
471
63
76
76
1246
54
88
69
130
146
59
51
37
60
138
95
198
114
44
231
115
63
39
1
1
130
80
250
135
240
76
31
81
79
3
98
423
75
221
117
80
87
75
56
48
2
68
21
704
162
113
102
76
69
109
62
47
56
83
77
79
61
50
120
100
604
117
51
82
84
46
63
208
19
76
242
49
1
90
65
123
95
125
81
116
48
75
138
59
54
508
147
195
56
60
76
74
87
99
102
108
49
43
33
84
62
42
106
79
27
48
100
44
57
186
59
88
2768
105
63
65
76
80
78
53
48
733
445
107
100
140
56
221
79
61
59
32
260
487
79
169
68
378
60
46
35
51
940
152
42
106
229
86
84
36
1
994
80
70
54
331
69
50
50
49
61
2664
41
39
39
384
83
85
17
49
38
50
1
107
152
110
71
54
135
176
47
43
56
70
77
70
70
56
35
107
151
100
95
508
70
43
37
136
76
255
121
230
64
68
195
60
158
74
46
147
55
1025
1373
1894
83
90
81
68
93
73
84
67
86
24
74
256
105
93
128
224
831
1
71
828
1
57
668
306
287
72
117
273
86
103
48
3
48
29
51
27
92
101
169
70
44
1
71
152
198
233
2
983
251
272
49
63
69
33
171
60
76
48
59
77
48
1
360
21
52
134
52
49
61
1091
30
106
143
158
94
204
73
242
845
147
74
48
50
61
131
1
1114
233
148
51
55
36
68
67
1716
439
133
365
535
189
50
39
51
54
1
14
179
183
81
240
52
1
194
455
115
130
44
86
82
77
73
96
115
108
625
2007
117
990
80
165
76
128
72
70
88
87
77
68
50
130
188
191
234
69
67
160
495
473
1304
59
256
108
295
144
236
56
172
199
53
99
42
61
20
78
74
47
78
80
35
44
24
45
52
358
349
124
117
71
182
30
85
86
61
48
2787
143
602
41
79
43
81
69
79
61
77
27
1425
91
207
189
96
70
93
56
1
1
658
593
864
265
76
70
43
78
162
73
52
113
78
1
1
2261
92
76
83
67
260
60
43
52
140
1
526
180
113
53
49
100
61
42
69
119
156
99
50
79
184
91
45
113
24
2175
105
167
31
72
410
139
448
170
92
118
54
40
30
1504
624
52
468
117
53
61
54
63
99
100
61
46
89
159
28
223
120
47
143
49
87
299
324
221
63
124
139
70
62
412
133
65
78
271
68
52
81
43
46
332
210
53
98
174
61
191
61
49
75
48
93
87
56
123
110
84
48
232
58
43
74
516
383
1076
65
1
206
27
85
48
62
60
30
345
58
58
414
144
115
37
139
35
66
2
291
280
199
71
45
1
86
208
194
58
57
55
59
1468
271
622
312
375
96
62
87
42
34
69
260
147
40
61
52
120
253
299
63
226
134
279
80
59
89
63
133
77
1
148
49
152
421
98
201
59
37
278
27
41
571
375
71
203
201
90
64
89
77
53
70
68
174
84
55
45
96
170
72
68
197
225
112
159
129
300
75
154
152
53
77
132
80
64
50
45
140
31
43
36
2
113
125
61
235
58
50
18
55
71
42
234
50
46
40
75
30
96
98
742
77
54
153
61
241
55
71
61
54
32
56
140
67
158
61
40
594
454
59
60
187
36
67
76
36
77
25
401
197
73
83
58
58
31
60
463
293
256
56
51
75
62
89
215
118
31
57
1
327
157
218
272
89
113
66
191
473
89
771
177
251
54
51
195
51
58
342
72
112
75
72
178
98
21
29
57
2643
119
278
39
36
53
40
96
42
48
2
1
2451
72
129
151
66
131
60
53
58
39
23
97
46
55
161
91
95
72
136
477
234
205
103
114
59
61
68
41
414
75
193
284
71
62
152
50
47
67
531
64
505
80
31
125
115
83
76
61
241
104
71
169
101
50
43
36
26
40
44
63
108
219
150
169
45
26
61
65
751
375
60
145
53
78
57
67
69
24
251
160
181
80
71
38
43
78
38
69
64
68
53
57
113
413
76
695
172
85
60
68
95
58
64
1
81
37
70
69
58
121
69
64
1
178
89
675
70
234
247
501
55
50
100
210
190
46
149
61
74
168
27
64
151
296
72
58
158
541
87
106
90
1
57
331
75
83
54
219
149
97
56
95
654
81
103
61
50
189
202
36
72
190
45
95
28
152
31
62
169
35
117
44
47
85
52
58
614
231
902
90
129
61
88
448
64
59
66
190
56
1
109
1321
1792
84
109
307
50
100
250
223
382
254
166
186
49
45
55
43
48
231
41
57
117
65
136
101
382
56
46
33
510
133
67
216
222
130
383
43
60
63
135
55
80
1
135
323
46
82
80
121
45
146
178
221
61
50
20
216
110
450
909
105
50
82
65
61
44
46
54
72
87
148
64
55
102
76
256
123
118
39
623
63
63
102
48
76
86
165
59
53
3
208
63
68
235
183
50
78
56
1412
74
45
38
318
50
195
116
72
39
59
41
1
105
109
197
94
180
253
80
45
140
34
47
59
151
62
43
2092
805
110
430
276
32
67
89
85
67
95
507
129
56
38
64
22
49
125
1370
733
80
266
325
67
57
111
94
61
43
36
34
65
1944
242
60
149
50
45
73
1
1958
201
100
312
53
63
70
96
48
128
53
53
1
51
546
221
98
217
198
286
56
42
64
655
82
71
48
91
172
83
134
143
78
67
79
489
194
173
37
56
41
742
146
65
74
83
1123
196
49
188
285
63
58
152
37
113
76
65
104
102
1220
43
141
63
61
75
73
126
99
338
163
74
30
63
168
60
218
85
70
87
84
38
50
98
56
108
671
52
78
94
72
64
1
113
38
87
38
291
84
79
137
49
240
1480
409
87
191
225
87
44
95
145
49
64
49
262
77
104
905
560
289
63
127
45
106
103
81
73
46
381
65
68
1
34
150
710
119
84
85
166
86
1
582
86
84
65
28
56
95
65
179
94
524
93
42
198
93
60
121
55
69
58
338
117
1
172
133
69
52
141
45
71
87
86
205
408
138
570
113
54
48
59
52
151
890
63
263
72
53
31
100
57
53
49
293
60
46
143
73
46
157
190
61
88
125
58
176
61
63
380
129
65
294
94
32
77
65
114
30
73
109
82
93
35
80
57
52
80
1099
449
124
205
69
137
59
74
118
97
53
329
103
234
70
98
57
72
71
55
165
106
32
36
37
72
266
137
76
73
44
60
51
49
71
1
508
384
53
34
22
52
58
69
60
175
69
144
78
61
49
35
141
394
694
808
309
816
138
62
262
53
82
139
68
59
115
105
434
190
49
59
40
39
901
1892
302
103
62
45
1
2
50
52
108
152
74
48
1
1136
310
120
261
75
1
105
303
79
84
90
36
43
6
130
72
165
37
117
65
165
62
82
138
127
55
38
89
117
50
71
76
47
71
68
37
254
1522
220
113
53
92
31
64
45
116
2422
253
233
145
93
102
119
170
60
160
32
56
1
197
272
61
43
140
40
62
45
96
63
54
106
108
226
84
65
69
58
248
333
58
450
82
297
128
71
67
67
48
376
432
306
190
45
77
81
545
2681
76
397
75
103
71
45
61
46
46
1584
180
61
213
59
101
410
139
49
55
78
61
67
42
58
293
330
228
847
271
28
115
33
62
175
23
58
1652
140
43
206
407
61
599
176
56
89
89
82
237
82
79
56
55
49
68
82
61
45
1980
1622
140
155
68
43
66
47
46
60
54
94
433
55
264
331
105
60
171
58
35
91
22
172
47
405
65
76
42
97
54
59
1
64
59
62
132
251
148
54
82
1
1419
1241
83
30
41
129
78
80
104
41
733
168
230
131
57
302
78
72
36
74
69
36
32
50
1
377
118
1963
423
119
43
66
108
150
84
136
61
226
39
522
57
56
71
555
131
338
66
54
126
43
123
359
65
62
58
87
78
42
56
118
56
146
72
72
1
33
62
63
49
75
64
675
903
820
5
190
491
154
55
107
45
46
137
77
387
66
55
73
70
38
29
1
55
492
79
41
38
104
272
59
94
57
43
131
51
1
36
205
47
105
63
61
28
53
121
41
41
1
66
121
35
147
110
368
126
93
60
255
227
179
213
61
70
42
26
117
2611
81
100
79
64
70
43
63
101
87
40
65
206
58
788
46
201
303
216
166
193
76
123
77
130
83
139
61
186
689
59
576
91
45
61
70
71
67
41
49
76
90
209
674
258
202
86
101
125
129
144
83
39
67
62
26
74
78
171
53
56
81
63
70
342
96
86
72
505
421
239
60
76
46
47
55
56
66
1
241
63
557
194
104
234
68
133
57
66
49
285
89
61
480
108
38
129
38
39
70
41
113
55
1
116
63
68
118
35
60
80
61
46
40
1
1
459
272
32
54
63
66
65
334
55
239
474
220
47
58
51
74
1
56
37
41
90
1
299
109
168
60
67
154
153
62
59
39
129
232
97
595
976
581
40
45
54
49
91
89
433
150
117
256
144
65
155
51
482
178
50
98
58
37
41
42
41
67
182
696
303
66
83
99
183
40
29
1
137
158
95
41
246
348
54
161
83
55
95
31
49
60
75
48
57
50
44
89
228
259
51
57
125
73
229
37
39
60
22
52
133
66
101
87
1
42
129
61
257
76
66
65
335
49
53
284
94
65
70
40
109
128
286
109
234
91
203
244
43
240
99
70
42
89
447
82
102
79
76
41
73
138
65
184
96
93
132
250
164
49
532
72
1882
320
53
204
375
43
92
81
44
43
84
521
195
64
72
66
84
90
36
58
97
45
695
223
60
142
44
53
49
46
50
1
159
525
60
77
47
90
58
71
94
67
36
50
65
311
455
188
208
56
163
232
60
33
99
38
74
73
166
36
95
188
71
66
114
69
43
471
88
64
270
105
138
105
36
236
39
622
80
62
3
29
60
34
65
73
51
749
363
78
37
63
1105
163
1100
189
765
79
70
66
70
1574
148
148
47
76
58
68
61
94
37
1
37
476
147
192
92
52
64
103
153
39
330
43
132
56
132
48
38
2257
338
70
51
62
72
1374
138
145
42
53
85
270
353
739
120
79
93
107
154
51
34
69
45
135
29
104
279
337
364
214
89
60
53
258
863
274
182
45
74
63
46
68
26
572
141
102
95
73
43
269
28
89
85
67
45
40
35
44
176
211
59
161
64
100
39
33
44
104
879
72
75
429
80
74
50
36
61
40
1
69
155
30
75
64
38
160
55
119
187
81
62
1881
1080
441
197
195
105
80
316
188
60
47
625
441
403
53
41
241
46
89
279
36
53
64
63
37
128
69
371
58
305
96
154
57
81
1165
196
95
51
84
126
71
64
51
629
210
369
109
165
150
355
111
57
42
84
2025
188
95
62
86
113
1
1
1
62
60
160
60
82
78
44
1
147
33
51
78
1
209
109
53
160
218
227
133
44
63
40
62
59
76
72
82
33
50
1771
276
69
78
130
140
56
139
49
1
49
46
859
56
78
29
205
42
557
173
34
49
143
147
216
53
93
145
291
75
205
174
130
181
75
65
74
171
92
188
187
69
78
62
51
51
296
65
51
63
77
62
118
155
78
50
55
23
187
226
151
91
37
41
59
470
76
150
79
157
61
57
37
755
216
387
76
84
354
74
181
143
152
84
103
105
