43
1410
314
77
204
16
290
51
102
64
68
96
21
97
131
22
21
29
109
24
49
42
28
53
47
36
31
14
34
824
41
434
146
769
23
283
57
107
646
32
187
495
25
125
130
58
67
322
49
82
54
31
29
31
74
45
46
91
141
60
55
28
31
25
21
22
27
503
139
1595
47
35
58
144
80
74
39
430
241
38
580
15
62
36
51
47
15
26
7
214
202
34
67
139
1013
805
429
19
219
134
61
448
67
119
119
105
93
311
36
115
28
70
27
42
126
22
45
47
30
51
25
84
75
22
31
25
287
235
652
79
230
135
95
163
109
156
69
60
51
112
402
318
46
38
53
44
80
95
29
57
41
31
47
28
29
21
40
34
54
30
42
28
383
367
585
34
306
57
397
313
48
309
86
91
53
145
139
98
158
81
182
31
189
34
40
56
86
60
44
17
38
25
35
14
11
1
29
18
185
95
28
171
99
81
30
102
50
33
19
37
19
30
69
25
39
35
38
52
38
18
4
458
64
872
156
77
161
844
90
48
418
158
824
151
55
40
303
41
16
144
44
40
38
92
38
59
12
16
82
21
30
20
63
16
45
59
1381
142
91
119
267
149
135
37
355
71
610
67
50
101
38
60
49
192
48
49
47
47
34
36
32
2
2
39
92
53
368
161
21
96
68
166
34
130
54
26
48
37
34
24
22
94
40
36
19
41
215
172
307
26
32
267
82
35
44
27
39
27
38
29
403
397
507
69
296
112
69
37
30
101
15
29
54
109
32
128
160
90
45
89
39
44
24
57
60
41
59
35
77
35
17
55
280
29
29
29
41
44
26
18
31
20
7
147
598
308
68
255
58
47
67
82
55
145
45
362
40
43
52
58
36
24
27
31
28
18
35
25
24
28
13
3
28
1
1
18
118
236
84
38
48
42
24
101
35
48
88
29
34
134
243
24
190
53
104
59
51
21
36
22
31
29
50
24
23
2
12
1
75
105
190
93
688
32
49
33
150
58
42
139
23
48
55
78
38
25
36
1
148
31
307
19
37
31
15
45
25
67
27
33
16
41
47
25
29
26
4
1
508
81
37
259
59
48
108
26
55
22
38
154
35
76
35
102
39
89
23
22
59
75
36
45
34
26
66
42
43
24
33
29
58
105
307
1034
52
502
85
1115
436
85
32
55
92
107
29
38
104
56
476
60
36
41
71
23
42
116
30
20
110
29
29
26
31
4
1
929
1016
67
88
708
205
39
431
135
256
73
307
30
41
89
108
63
49
37
19
33
21
31
57
25
52
24
20
24
5
332
179
2060
63
24
92
45
176
65
34
27
55
53
34
19
105
18
31
29
28
54
38
15
40
7
11
126
39
217
74
393
84
27
113
42
48
275
65
33
26
22
25
57
22
1331
285
91
39
32
275
99
30
32
21
103
70
107
50
44
40
42
43
44
64
44
23
36
31
41
61
20
44
47
15
29
29
231
353
30
62
38
63
419
25
193
67
45
174
216
24
43
81
108
83
79
99
63
79
14
22
36
38
30
33
25
44
28
40
29
22
20
15
812
1057
182
34
27
122
32
26
24
33
41
21
25
93
33
26
22
30
111
22
23
36
43
32
35
27
23
35
1
884
215
178
181
53
108
38
119
38
790
32
31
299
39
26
78
158
46
27
31
57
33
36
26
21
39
26
17
15
26
317
146
95
37
317
44
544
621
34
38
160
442
99
175
39
58
27
93
37
43
84
10
30
88
30
23
29
40
31
36
25
27
32
2
321
214
85
34
91
47
34
31
295
50
23
32
83
29
37
25
59
52
25
37
25
17
44
28
30
76
210
574
129
239
36
26
144
34
23
525
49
46
106
45
53
28
22
26
51
38
30
65
62
25
31
31
50
30
2
14
6
28
285
224
113
113
178
53
80
78
34
26
85
41
35
37
26
31
64
29
19
1
652
1862
160
29
114
37
46
26
34
42
67
25
18
110
58
49
40
22
35
37
27
32
23
30
2
205
40
157
711
136
53
123
50
73
54
37
126
41
106
21
166
62
285
18
92
34
53
125
29
38
56
28
36
39
34
18
21
1
25
269
70
78
95
25
64
158
37
61
47
1
22
18
43
46
19
14
55
38
31
543
27
36
152
35
63
64
101
88
193
45
157
53
43
56
17
19
16
34
166
152
52
66
117
49
129
84
57
34
71
116
19
42
35
52
64
21
23
2
30
26
1339
585
29
587
73
26
41
82
61
26
16
249
97
56
23
41
50
61
48
34
33
51
29
27
28
29
31
37
34
24
1
670
95
125
121
176
169
286
199
141
132
73
25
71
154
145
36
57
44
40
38
23
105
58
131
42
50
18
21
23
23
19
37
43
57
11
28
14
32
10
1052
873
30
775
140
99
246
56
121
42
22
45
133
44
227
25
41
50
91
123
25
51
38
19
48
52
17
40
15
23
277
263
297
152
223
22
49
117
96
33
98
23
24
55
30
18
13
1433
405
685
68
95
101
26
493
69
31
473
120
28
171
37
25
33
55
51
47
37
44
27
67
46
26
91
28
30
19
46
22
16
43
710
245
340
264
924
78
26
366
40
146
250
151
230
58
106
190
163
267
31
87
78
46
36
256
16
64
58
51
26
22
30
33
24
38
35
41
1
175
466
34
160
85
27
84
51
197
43
83
70
78
37
34
227
75
39
50
61
44
89
54
31
45
1
1092
643
1065
332
36
64
129
42
40
148
90
87
110
36
28
27
36
32
23
13
30
11
3
251
62
30
32
325
101
76
49
124
136
115
487
44
29
63
61
28
51
34
22
84
47
77
35
36
43
27
99
1564
290
68
115
156
153
33
92
32
37
57
82
60
71
21
72
35
81
54
36
20
24
20
1
1547
136
651
656
79
574
41
36
34
49
64
43
201
44
43
10
31
55
35
14
39
24
37
19
18
11
478
58
927
68
129
47
155
40
17
90
43
58
529
60
129
79
40
34
40
46
45
42
2
24
1
575
37
346
235
30
106
299
357
557
74
476
53
39
243
171
348
103
81
289
31
24
28
54
30
47
20
27
53
19
14
35
32
97
28
19
1
1488
1069
117
646
379
32
47
372
44
22
54
36
47
46
108
38
53
41
66
22
31
19
46
57
35
29
17
23
41
91
1
1
272
53
483
1220
36
254
90
238
97
65
37
32
47
61
922
33
44
37
47
29
83
64
32
159
38
17
39
58
43
29
28
34
162
22
24
31
19
25
73
565
35
190
289
109
148
375
287
20
39
27
19
38
36
179
26
35
56
32
33
220
893
308
48
61
169
139
84
360
317
434
80
32
34
46
43
61
176
36
25
171
33
39
49
42
81
41
51
28
27
36
1
1
29
78
453
44
196
41
30
22
53
90
53
41
29
67
26
45
93
30
43
54
11
32
32
42
18
25
57
16
34
18
2
552
43
745
36
156
157
822
104
124
85
30
48
47
30
91
77
62
17
27
79
47
46
26
25
30
28
34
53
29
33
36
40
125
681
207
362
64
170
234
43
92
33
40
38
247
4
37
47
32
42
22
35
38
19
25
14
131
1439
503
99
370
61
131
318
39
90
33
27
81
64
43
18
29
33
42
40
74
94
32
42
28
34
35
29
31
28
36
24
22
1
1175
345
190
21
209
73
37
390
15
41
29
258
69
59
123
13
32
120
29
152
31
82
30
112
28
31
62
27
71
26
29
1
2166
254
496
89
113
200
160
39
25
42
46
29
70
53
26
14
55
118
550
114
59
129
413
124
357
108
26
30
19
119
34
44
27
56
34
60
39
24
16
27
12
21
1
333
441
314
92
417
615
270
247
55
175
241
34
36
215
23
107
25
39
33
63
48
78
72
33
47
16
16
28
42
1099
210
1259
62
440
18
193
159
56
81
53
39
18
402
251
37
26
153
153
86
109
71
14
30
113
45
67
28
52
43
214
375
61
100
101
270
575
212
18
37
74
81
109
29
28
135
105
55
60
82
28
39
37
48
22
25
24
740
1631
61
142
46
123
63
408
42
31
483
44
61
45
69
22
49
39
38
14
48
34
20
24
40
22
15
1
16
1
118
1397
129
92
397
76
101
69
57
174
186
175
88
30
101
51
60
27
33
27
84
121
32
24
2
17
1
36
351
172
338
70
149
296
743
375
416
116
126
106
51
17
51
118
30
106
22
65
279
40
131
130
34
103
68
260
76
79
18
30
43
34
35
47
31
30
17
16
64
14
47
18
29
20
1
1
450
85
536
585
124
32
68
72
33
70
51
157
31
31
40
45
41
36
20
17
29
61
44
26
24
36
21
28
1889
455
70
95
86
667
27
37
44
30
37
178
53
72
30
39
45
27
41
42
26
28
55
26
23
10
33
88
963
76
236
37
114
192
146
77
31
23
98
1041
25
24
43
44
48
37
58
50
24
10
59
62
24
12
20
29
1268
147
49
144
23
80
30
199
31
20
55
97
393
36
36
211
455
45
50
36
99
39
39
59
35
180
160
1007
263
52
159
32
80
181
107
41
46
46
60
23
59
176
75
98
121
27
46
42
5
21
31
15
26
24
28
14
25
1
602
37
70
1298
117
48
58
529
116
599
38
158
147
197
129
119
33
113
117
38
57
56
27
39
115
34
24
33
27
24
55
30
24
31
1103
308
77
216
533
74
135
121
62
524
216
51
92
40
71
335
122
41
34
122
158
34
24
17
38
32
27
28
27
20
29
4
411
384
744
33
617
250
353
98
693
29
109
66
111
172
183
58
55
37
24
17
49
67
1121
757
68
197
55
55
68
25
55
30
37
213
51
27
24
29
34
28
29
33
32
30
14
28
184
611
83
94
49
363
816
171
24
561
27
22
43
130
28
41
327
178
29
82
107
91
41
56
95
33
115
221
103
62
43
27
88
49
17
41
24
50
265
128
572
214
218
54
57
262
89
39
115
72
44
264
26
175
49
29
28
14
27
46
37
18
4
1
81
1482
101
112
423
74
105
39
28
84
233
121
170
234
96
21
122
43
71
146
21
78
39
65
34
34
39
58
153
37
39
22
85
21
39
1
901
151
1476
357
29
31
265
104
18
33
37
109
166
41
112
36
46
66
53
22
41
26
52
16
16
1
649
219
215
340
291
987
20
52
76
186
220
259
46
34
33
104
311
18
32
31
30
37
39
248
35
19
33
79
119
27
21
47
31
74
25
34
15
20
23
47
43
17
16
1
479
217
408
232
31
388
98
126
20
57
23
154
180
12
234
27
39
71
48
73
30
48
26
57
67
74
21
36
16
85
56
21
282
38
220
65
854
180
18
140
35
51
44
73
31
25
32
31
30
29
38
110
147
58
246
30
68
28
41
45
28
28
28
36
26
86
29
684
98
67
80
26
81
106
110
38
38
140
38
86
31
47
29
55
37
48
47
1
62
60
46
133
155
408
30
103
17
24
58
26
258
40
28
39
32
15
34
41
28
12
17
1
25
333
868
22
30
47
518
47
231
661
819
22
214
127
225
51
33
44
39
54
69
74
166
26
28
32
30
74
21
44
20
36
39
18
1417
33
163
395
204
79
41
121
145
73
53
54
24
33
60
27
30
44
27
28
21
11
1082
1276
51
186
167
36
54
61
133
99
167
21
36
43
31
61
54
19
64
141
62
65
53
32
36
38
23
30
83
45
18
29
16
18
1
1
466
111
19
68
350
16
655
40
169
153
34
25
146
28
89
128
1
34
13
74
48
41
46
29
28
27
24
2
1784
581
301
73
54
27
64
606
650
41
43
57
46
40
44
29
43
33
75
39
40
25
27
34
25
27
1
1
57
49
172
48
102
205
23
177
147
141
44
24
41
36
41
46
19
58
27
96
22
30
21
214
19
97
233
67
33
794
189
235
202
100
37
30
153
47
51
56
107
44
79
77
44
36
50
30
52
23
38
66
54
169
36
26
2
878
74
962
346
351
39
102
63
90
62
81
24
34
38
114
54
115
41
26
15
44
32
43
54
62
66
24
46
35
38
29
46
25
24
25
33
1
2
1
124
35
38
267
59
39
46
64
16
121
10
150
17
51
47
18
37
28
66
43
22
29
17
40
36
36
34
773
36
105
164
46
32
75
23
153
46
305
23
28
74
38
24
27
75
15
37
45
321
124
68
55
237
513
15
1465
184
23
46
246
72
324
32
221
58
174
23
54
38
17
46
33
33
128
40
120
27
136
42
66
64
27
17
31
1033
820
604
119
104
343
108
48
68
66
37
33
67
60
35
50
44
27
55
33
30
22
44
30
1
37
21
3
88
123
32
47
1547
736
36
25
121
23
111
52
47
22
57
40
62
16
59
29
36
18
36
371
352
1037
819
352
198
18
131
576
30
149
74
49
281
55
24
22
21
21
36
21
47
33
39
34
35
84
23
23
55
30
1
2
1
899
52
396
44
79
31
57
197
59
123
115
42
24
179
84
106
41
51
77
39
24
64
40
151
107
26
49
31
1
681
24
233
514
283
102
69
23
251
111
42
31
36
40
92
57
210
44
53
278
47
31
17
40
35
35
75
88
38
40
3
30
37
30
32
29
2
19
509
47
265
308
474
106
430
112
78
294
40
46
118
22
65
42
259
46
21
70
72
58
49
64
232
36
22
46
129
38
57
34
45
64
31
54
21
31
30
30
1
563
500
41
48
202
72
157
86
32
72
23
22
34
28
24
99
55
238
38
70
144
62
24
29
30
36
12
37
1
935
691
143
1060
42
58
139
607
27
377
63
40
135
101
43
42
171
25
31
43
46
62
20
55
48
44
27
99
35
18
27
25
38
32
27
32
24
23
21
1
1
52
236
62
46
123
37
44
375
111
61
30
47
55
57
26
31
98
63
78
39
36
29
72
19
27
38
5
17
39
13
20
796
45
701
55
113
104
58
35
33
53
30
15
40
33
43
22
24
33
26
29
1015
43
296
934
158
183
82
171
26
185
74
24
111
19
40
18
51
114
56
98
25
40
21
28
20
40
1
443
411
1272
43
387
159
148
89
90
33
35
126
31
158
58
25
43
25
16
14
21
11
20
24
32
20
2
38
249
27
389
317
298
169
49
35
272
98
143
170
177
31
37
260
73
56
33
24
37
31
67
32
36
26
54
39
49
32
18
28
18
31
25
1
18
1
404
1015
83
76
428
310
335
452
204
107
148
19
20
64
300
47
19
105
102
28
277
32
31
29
195
34
161
26
24
41
33
51
35
40
18
54
23
1144
337
170
37
132
81
270
150
127
43
55
240
133
35
86
18
28
116
55
30
40
123
50
34
43
20
32
1
1
89
922
612
32
20
57
275
328
222
22
125
28
61
29
57
75
138
21
37
15
60
52
30
49
34
36
30
40
31
50
24
43
1
378
127
35
51
35
142
30
256
98
43
132
203
55
47
43
52
37
31
47
13
51
49
132
33
42
80
55
31
9
38
40
27
42
57
35
619
77
252
150
106
79
41
25
69
47
40
35
49
31
66
26
33
136
28
20
36
45
28
36
21
22
1497
39
152
752
37
79
27
91
187
50
32
107
54
49
46
20
24
30
19
46
40
34
23
33
32
67
637
62
408
501
309
705
337
56
99
36
326
434
98
66
106
234
99
129
159
41
135
20
59
74
74
55
29
40
19
28
38
46
32
27
2
20
232
204
31
119
47
345
106
28
48
117
78
35
311
26
38
38
62
53
30
27
26
27
50
104
41
23
1
1165
318
205
645
624
226
59
153
91
52
77
103
400
481
17
33
63
116
82
22
63
68
90
44
28
31
32
23
34
28
1476
300
36
27
331
101
39
86
164
140
385
503
53
43
71
53
37
41
44
23
64
75
19
50
23
22
28
35
46
19
23
24
26
274
304
141
42
91
409
544
36
40
215
68
111
23
40
22
31
58
114
33
24
25
5
26
27
11
33
29
97
919
385
54
65
141
220
19
15
694
102
99
75
96
40
107
28
102
49
32
24
39
78
32
34
41
40
1
1219
222
217
555
382
181
35
29
186
51
260
99
39
30
96
50
43
22
55
43
51
34
29
14
29
16
12
1
1790
158
303
44
400
45
281
48
101
39
243
97
42
36
43
90
56
26
263
114
39
79
43
52
62
32
26
34
27
44
64
37
3
513
1116
68
206
142
40
85
37
31
142
188
74
31
57
34
27
91
28
35
40
30
22
18
40
194
411
127
133
32
308
62
79
91
36
19
51
63
20
42
63
35
33
42
18
36
23
19
1
2
41
319
234
111
101
112
113
34
32
52
41
38
28
29
23
26
32
23
758
188
139
467
33
1409
99
60
29
59
663
61
47
34
48
32
24
65
65
10
37
29
27
2
11
12
1
468
172
35
115
1143
60
75
140
192
41
47
105
82
87
42
72
32
40
571
27
126
89
34
40
33
37
37
35
148
72
125
13
61
24
35
1
8
124
62
38
105
1145
45
223
625
383
140
87
348
49
39
139
40
158
250
52
314
69
62
40
21
44
49
47
36
24
33
22
19
4
2
2
1
1073
442
101
66
32
39
123
29
37
126
32
35
81
80
57
99
44
110
21
25
42
30
36
53
21
53
26
30
13
1
86
426
547
237
144
36
23
80
93
19
60
55
41
2
23
32
25
82
39
23
26
25
24
22
250
31
235
45
215
45
106
556
1433
129
83
45
353
39
26
209
196
44
36
35
308
27
36
34
81
59
23
29
12
25
21
12
12
27
1
419
1011
728
131
96
694
156
83
239
108
69
47
185
66
375
163
159
50
31
59
58
21
26
130
33
81
62
35
24
53
28
25
37
30
16
31
30
1
216
97
251
39
201
34
25
154
36
66
25
165
133
65
131
19
132
41
83
30
27
47
41
53
115
37
30
22
359
317
78
56
1482
598
85
443
126
337
32
35
130
69
37
39
32
9
98
36
29
28
41
1
24
133
99
606
263
505
86
128
37
72
39
95
49
25
37
91
185
40
46
30
34
18
30
29
25
39
24
1220
144
706
98
269
22
86
27
36
77
329
88
34
49
133
30
87
36
47
111
50
61
21
41
43
38
74
37
17
14
93
34
21
30
11
1
116
308
593
23
400
153
67
78
21
121
49
33
73
39
67
45
27
24
40
47
46
40
34
46
29
33
23
183
448
867
671
262
345
1096
182
297
43
34
31
35
65
25
137
23
46
16
49
20
96
43
67
28
36
30
31
34
243
144
32
30
179
24
30
43
38
134
38
37
43
36
29
13
37
25
868
470
479
462
664
177
393
148
54
67
29
34
259
62
54
53
91
40
64
19
33
21
32
49
24
23
49
18
50
31
32
52
16
42
261
129
62
285
40
965
34
30
1429
61
43
34
27
105
60
330
45
24
42
30
29
48
22
35
24
42
28
72
27
37
2
33
17
28
18
2
855
329
149
55
44
177
69
167
136
302
157
103
34
27
30
28
31
25
34
33
19
18
23
1
1130
1082
44
124
677
35
442
33
259
226
399
45
56
104
21
47
44
86
28
24
40
41
34
19
42
2
534
1186
38
322
165
192
22
176
31
90
122
24
162
54
58
16
38
45
44
119
44
41
104
33
55
40
19
27
63
22
92
65
54
20
15
35
21
21
24
563
80
237
41
439
395
271
37
132
84
211
34
37
31
48
32
102
41
92
60
29
33
35
27
27
63
41
513
176
162
267
112
130
784
60
312
49
33
25
83
148
32
120
33
32
26
29
44
41
64
40
1
207
1482
296
19
59
254
216
283
36
45
244
76
58
58
29
35
96
100
126
93
51
188
26
48
24
34
28
29
46
21
30
22
55
14
86
440
31
24
43
86
290
45
69
49
56
84
11
51
46
38
38
31
32
43
29
34
39
35
1
68
863
1615
299
29
51
42
232
119
161
29
93
55
37
14
84
32
45
116
23
28
43
21
46
26
1
82
111
325
319
546
41
41
37
289
33
43
614
162
66
84
37
33
32
50
68
122
27
63
173
47
48
39
44
57
16
61
60
39
27
38
14
26
46
26
32
24
335
36
18
491
28
55
81
24
102
61
43
211
97
86
57
33
139
56
99
38
39
50
70
59
31
47
31
38
26
30
1
1
63
40
850
587
77
113
288
71
92
71
25
27
54
73
38
34
55
81
30
19
35
26
47
44
62
30
31
27
27
30
23
162
27
65
1081
40
45
30
175
12
310
43
22
50
44
47
58
42
135
149
20
24
58
38
407
1470
859
35
64
164
49
25
41
64
47
440
46
24
43
131
45
50
39
49
42
149
76
43
67
54
23
28
75
18
30
31
26
21
26
1
1
2
301
71
353
57
38
47
45
63
42
119
28
47
54
44
57
1
56
32
20
31
28
27
790
580
163
744
26
222
53
350
40
231
43
116
27
27
43
33
11
61
23
49
38
110
24
36
50
28
38
24
46
87
23
24
24
32
27
20
14
13
138
38
62
83
66
45
57
32
40
28
27
28
37
1
2379
76
51
172
91
29
225
105
20
291
47
25
81
46
38
44
52
32
63
43
34
31
33
1768
534
31
282
82
156
25
364
23
45
62
185
48
133
27
39
32
29
20
26
223
250
43
59
35
45
21
32
62
28
22
49
28
20
44
40
479
1597
234
401
108
22
46
717
32
18
55
150
33
34
32
31
42
142
58
24
100
36
17
1
426
109
107
510
535
30
759
404
1
81
195
442
223
93
40
107
53
27
45
42
103
78
35
47
48
25
78
34
24
19
25
6
35
343
1024
107
1133
61
178
88
264
96
87
190
204
124
25
26
128
30
47
41
171
33
24
22
20
22
39
29
127
10
37
31
1104
204
114
142
296
384
37
723
83
34
120
61
200
28
56
40
28
15
28
61
24
11
36
42
817
72
84
36
87
65
817
69
85
33
72
50
39
36
108
54
113
34
48
103
47
26
45
78
53
30
47
21
30
34
25
19
1557
60
46
191
121
32
39
562
39
36
62
33
36
11
28
22
24
1157
136
288
753
58
27
108
567
163
168
306
67
103
16
24
48
33
39
21
35
36
54
61
65
67
121
28
105
23
41
38
46
37
29
1037
78
32
215
421
629
95
763
196
300
60
293
19
47
27
330
169
27
25
41
45
42
34
83
81
103
73
37
32
29
63
33
3
333
1369
378
256
227
236
21
292
139
19
10
113
23
55
52
146
46
47
122
58
39
55
37
28
45
42
24
32
49
31
10
14
85
34
101
444
174
791
212
941
97
363
24
118
95
46
18
55
212
54
176
50
30
62
123
42
136
65
86
21
37
30
22
25
28
33
29
17
1
69
398
84
600
351
35
69
19
67
69
132
58
166
24
28
39
45
20
32
37
34
85
36
12
265
800
96
74
636
399
435
106
75
41
46
183
30
115
23
56
199
49
188
23
45
95
110
21
40
82
19
20
87
54
30
1
281
34
265
70
1203
67
72
117
207
77
31
18
25
64
52
205
30
35
73
36
49
26
17
44
21
10
417
454
1417
59
115
112
36
39
50
136
34
126
104
41
32
36
51
27
35
42
29
30
18
40
41
26
9
643
509
178
93
714
94
69
75
84
315
30
24
142
22
113
79
31
41
62
41
17
29
34
20
69
572
1117
187
696
352
54
136
54
68
452
159
178
125
98
147
161
45
66
24
71
79
45
81
39
84
44
66
22
33
31
31
18
39
25
1
123
65
433
169
947
60
122
967
36
233
56
157
43
28
28
217
38
30
72
68
61
19
35
19
48
41
54
37
25
33
40
234
193
54
425
70
685
73
81
235
79
396
39
100
274
26
40
109
110
37
47
25
45
29
51
34
22
86
65
36
643
681
42
99
148
76
29
63
61
30
83
32
25
24
75
37
27
44
61
31
16
7
29
41
64
33
43
151
590
51
43
31
56
103
225
55
91
48
29
63
126
20
10
55
22
1
355
212
393
99
77
283
28
891
159
62
25
62
284
37
12
24
31
22
45
2
1504
309
919
40
33
101
56
29
14
45
42
85
139
53
24
57
20
51
45
34
26
32
21
27
21
1
277
27
337
180
65
379
25
158
64
41
32
313
53
86
79
39
53
66
18
49
113
31
41
66
50
39
57
53
22
30
18
40
64
20
34
36
8
49
21
108
111
28
627
27
12
208
150
127
36
183
243
46
30
190
44
273
41
62
48
35
69
27
77
26
58
43
36
55
25
32
24
378
39
312
1014
172
46
139
44
133
41
32
34
45
170
94
11
80
53
43
45
219
56
56
32
32
16
42
46
28
27
2054
279
59
35
50
33
41
28
63
81
23
112
28
27
19
31
34
36
29
26
25
24
1
1
3
479
52
604
1137
230
66
50
449
66
38
96
28
55
72
347
28
117
44
41
23
62
36
84
35
18
161
34
37
27
67
36
120
18
41
43
52
36
39
26
31
34
33
18
6
1705
262
475
35
27
167
146
24
98
317
49
135
53
29
57
144
29
51
106
38
29
55
39
40
33
51
18
35
39
31
51
29
32
2
1076
51
874
199
991
23
63
152
66
45
34
730
176
148
106
41
41
31
102
45
21
38
40
40
74
26
28
27
26
20
38
1
402
101
30
451
548
53
35
110
140
82
93
54
266
23
35
650
88
66
33
59
261
62
21
26
19
20
42
50
28
34
22
23
31
339
794
352
454
126
103
134
152
22
51
20
20
217
28
18
148
52
27
56
58
63
25
39
8
22
969
452
1481
69
67
547
37
24
163
27
42
31
112
117
38
57
33
45
32
31
69
22
21
60
49
16
47
33
56
5
1
27
33
145
32
47
37
24
606
295
136
56
160
536
163
24
19
53
153
88
39
85
19
30
207
295
2112
382
117
126
161
90
146
48
58
78
123
37
65
28
78
38
40
26
48
22
1
935
589
87
606
50
258
37
57
82
73
68
89
40
59
33
74
44
23
52
66
51
82
23
20
18
21
998
167
421
654
97
287
234
96
184
59
514
359
102
53
83
89
47
88
41
24
23
48
48
100
25
67
25
27
25
119
46
58
49
10
26
54
27
445
78
257
51
173
110
24
48
99
52
89
136
39
47
73
41
23
22
47
19
40
66
21
15
23
11
1
115
728
69
80
38
85
32
38
90
53
24
293
129
75
64
163
27
53
40
102
36
30
37
27
88
30
93
18
90
27
23
28
35
37
22
29
30
27
1413
56
432
1189
14
225
32
437
70
167
25
88
34
76
33
40
58
33
37
48
30
28
17
31
1
35
167
537
478
85
107
33
47
23
41
1
90
33
59
27
43
29
35
50
14
27
16
24
38
1
383
105
712
882
701
121
285
236
36
111
33
34
32
40
72
75
30
67
77
54
25
23
25
12
41
34
22
175
1177
24
92
120
326
476
941
30
602
71
92
50
37
28
86
33
102
35
23
54
60
42
51
158
38
17
33
35
41
8
37
36
7
10
1
429
114
76
1617
216
359
25
32
74
173
265
27
40
23
37
50
109
44
205
47
62
25
125
15
41
37
39
23
41
39
614
32
123
984
226
235
71
39
45
56
37
653
106
30
23
60
25
48
21
47
54
145
80
65
205
42
25
15
28
52
38
199
34
65
40
68
26
77
63
37
82
44
21
92
35
133
18
186
42
40
35
21
34
13
1398
62
188
64
61
413
49
112
117
165
255
66
69
84
254
52
31
31
145
34
122
30
24
28
23
122
18
32
19
1004
803
158
67
20
116
548
95
42
236
22
572
65
25
25
36
29
32
56
26
37
79
43
82
45
35
44
29
32
38
28
53
235
62
106
53
31
110
34
101
67
72
27
30
33
75
21
19
59
46
32
112
48
15
26
19
40
18
19
25
42
11
759
210
193
381
1445
54
38
71
249
50
26
29
48
21
29
71
36
50
150
18
41
49
85
40
39
21
24
28
19
3
3
55
202
689
20
48
165
790
329
126
140
58
31
130
186
21
64
219
30
281
83
67
28
70
23
28
21
117
95
59
39
32
28
31
42
23
30
21
186
452
24
79
86
264
45
79
139
42
100
30
43
42
66
49
4
20
30
41
25
25
33
32
49
92
237
93
562
319
97
59
30
42
17
89
33
100
71
35
53
56
52
45
77
21
28
18
141
600
149
673
62
75
30
125
23
48
130
146
46
51
36
126
52
42
37
23
47
19
33
70
27
25
16
1
31
155
1295
1433
87
230
152
21
63
278
73
27
39
25
30
44
178
18
28
56
51
35
27
99
47
36
20
36
1
31
20
250
1732
471
164
314
262
397
40
38
48
137
22
94
38
49
60
139
79
51
26
25
16
31
108
36
24
21
30
17
38
36
16
1071
35
26
140
104
73
22
44
73
64
21
76
23
25
209
107
56
59
138
309
961
31
94
304
87
33
64
56
38
72
35
26
21
33
24
49
46
53
28
74
38
22
1057
338
24
49
100
1118
32
68
47
17
28
38
47
23
30
29
22
40
22
113
29
22
54
42
29
34
122
523
115
243
88
34
109
109
314
50
24
84
30
180
65
66
17
24
44
19
19
6
1
2
93
88
650
338
264
283
1100
564
126
115
77
63
73
90
80
28
13
28
37
51
52
264
59
31
114
39
25
41
3
1492
301
178
29
117
138
101
31
88
290
277
35
82
49
90
34
23
49
21
38
37
39
24
52
66
35
55
16
101
24
27
46
332
97
27
84
86
148
36
49
32
65
47
40
29
67
69
22
44
50
15
23
23
38
40
25
357
1563
34
52
16
44
213
75
36
27
24
21
39
28
36
47
30
20
22
33
21
1
502
249
435
53
424
36
35
36
131
29
61
78
525
38
45
131
114
21
137
42
49
21
41
48
68
29
32
42
34
22
46
59
65
36
23
1
232
56
77
80
83
11
126
35
105
47
62
88
138
181
44
79
18
28
41
22
30
12
28
37
80
166
1006
245
107
52
27
35
75
81
44
59
50
40
35
38
27
44
17
51
34
18
33
13
26
1
195
494
42
107
368
41
115
28
40
158
45
77
31
3
37
99
40
70
39
100
31
32
20
30
30
1
1057
168
265
392
232
1084
1236
26
128
86
64
59
18
90
25
107
25
47
52
16
31
59
40
29
23
4
26
1
48
653
365
383
45
45
30
93
38
97
219
71
47
85
65
127
32
70
46
74
34
33
34
39
49
45
26
22
21
32
1330
115
579
340
98
380
30
56
85
39
24
109
97
91
69
30
71
36
33
30
109
125
42
41
42
35
21
755
666
22
70
581
28
312
62
106
31
48
66
34
55
32
33
195
36
71
91
42
33
147
121
22
26
43
54
107
46
17
25
14
842
583
698
491
15
370
39
82
582
263
135
36
459
47
121
39
41
58
28
35
48
78
67
64
158
20
32
50
51
128
1144
940
23
67
216
319
40
282
54
42
143
54
300
152
30
188
60
30
67
400
121
42
57
19
36
20
30
45
65
23
45
29
24
27
22
1403
96
828
67
33
86
392
129
110
29
92
52
24
30
32
82
32
30
33
49
32
5
4
1675
645
35
57
43
208
59
293
216
37
24
41
108
82
189
57
26
54
50
30
32
24
31
8
29
21
21
424
969
691
42
50
26
136
210
143
78
37
180
37
74
152
35
30
43
21
19
31
31
21
62
44
58
29
43
28
30
287
292
64
198
24
35
1403
103
85
170
33
79
32
69
80
77
31
53
45
27
59
36
41
50
42
84
36
18
25
29
23
18
146
220
236
551
72
309
66
37
80
119
65
30
150
77
89
70
117
38
33
68
30
14
29
20
59
29
19
55
37
53
32
1431
29
198
113
26
144
349
17
102
21
20
71
38
29
77
348
34
140
82
64
54
31
31
19
29
727
400
186
42
48
32
46
31
51
54
34
41
60
52
98
28
53
24
46
31
20
38
28
37
111
831
302
123
115
28
443
69
33
612
173
28
261
21
27
48
59
23
16
29
44
37
17
233
1030
934
29
27
62
22
58
168
51
72
148
162
154
44
45
28
23
58
163
23
28
35
62
13
37
59
64
25
20
17
33
25
27
1
1881
212
42
331
56
25
37
37
29
358
39
24
40
85
29
23
125
22
22
27
48
21
39
37
1
1272
343
37
45
250
48
15
139
142
73
43
34
32
111
40
30
33
22
26
43
34
12
207
389
22
37
32
38
41
22
62
93
19
41
39
133
32
38
39
39
40
21
19
1
710
31
108
272
268
38
136
115
28
19
61
25
30
24
48
23
31
1
525
505
90
30
44
17
964
70
27
86
39
31
29
58
106
59
56
70
94
89
13
47
60
54
31
33
48
48
15
20
24
107
644
78
315
196
505
229
38
306
158
62
29
30
20
90
29
16
84
26
45
32
26
30
24
20
36
720
49
190
94
323
374
127
265
71
65
26
38
70
20
44
44
42
15
64
84
25
82
96
45
27
25
18
17
28
392
295
176
37
77
39
280
77
124
60
21
76
46
81
39
26
42
36
29
19
54
24
32
12
1
423
297
141
689
221
60
40
268
85
55
89
71
52
40
49
60
54
86
28
62
31
60
47
45
46
37
33
1
14
43
27
1276
1604
29
85
34
27
31
33
19
21
24
27
44
10
14
507
94
362
556
420
85
27
49
135
94
37
202
74
26
28
33
28
73
41
114
46
39
23
38
42
9
26
21
21
390
324
914
63
145
726
290
70
253
44
95
119
36
40
52
36
39
43
67
37
33
38
30
35
27
36
15
30
24
131
1981
62
89
83
37
36
337
31
78
28
117
127
56
24
20
77
114
38
46
97
120
37
32
129
31
53
54
30
42
19
44
38
37
21
84
11
256
100
69
60
137
404
147
26
44
23
213
118
49
231
37
80
173
52
53
37
33
135
25
76
37
23
63
69
43
29
31
28
23
30
1057
91
1031
268
39
25
22
102
82
27
101
34
110
168
149
47
24
46
58
52
17
20
42
119
30
20
23
28
2058
465
128
166
237
97
177
112
33
285
23
122
22
95
34
48
32
28
25
42
16
356
507
606
363
107
275
48
130
500
108
35
85
204
83
44
101
21
35
77
47
38
41
36
28
50
49
35
24
47
40
1
1289
612
612
136
146
643
29
307
36
27
68
64
86
128
72
129
61
59
75
57
57
55
26
53
65
41
35
1
1962
43
834
38
124
83
37
25
85
131
49
23
93
69
26
100
25
77
87
38
56
31
26
49
66
21
31
41
40
360
52
47
108
52
59
50
27
25
40
26
36
23
35
24
30
31
2527
126
127
63
80
50
97
33
32
45
88
48
90
70
59
31
14
49
17
36
25
20
19
225
284
510
478
256
65
31
32
205
33
44
315
57
243
76
32
66
41
24
29
32
77
39
104
35
36
39
41
23
26
1
1115
482
1281
146
115
36
30
447
97
40
39
33
161
173
51
39
73
47
43
27
13
1
713
1068
97
96
147
31
62
115
52
24
98
44
237
28
46
217
111
16
137
26
114
13
39
22
32
174
1205
64
377
240
62
1111
32
27
62
35
39
115
44
73
29
35
39
32
18
42
22
28
34
34
22
27
1
15
69
130
372
52
253
46
33
57
33
64
27
57
66
42
35
74
37
111
31
24
89
11
25
1
1
36
1990
131
360
119
45
49
45
41
57
55
243
34
44
30
24
19
62
80
31
30
1
128
73
984
416
39
307
141
142
139
32
99
33
50
18
99
118
19
26
29
79
45
16
23
24
5
1
65
1195
1100
993
1159
296
30
42
51
30
21
43
43
100
34
24
62
62
37
1
332
382
334
33
108
102
31
77
29
49
30
29
29
90
14
15
1
33
39
37
191
41
35
146
333
60
51
48
44
12
80
53
29
50
71
23
733
390
487
30
379
188
58
49
281
271
47
313
109
409
116
18
77
214
76
33
56
27
77
48
48
64
62
20
20
31
58
560
171
112
44
26
41
60
57
84
26
93
29
181
42
135
130
46
56
38
29
36
31
60
30
48
27
25
26
125
314
393
76
160
186
205
13
280
27
46
37
28
88
38
33
52
23
28
59
63
30
1
1653
491
287
118
249
70
55
25
29
50
34
20
24
20
24
53
26
29
121
455
39
76
179
39
351
104
29
42
38
221
39
47
26
30
177
67
31
44
38
38
32
1
77
85
111
128
36
54
69
147
35
106
30
30
22
25
36
22
40
47
25
9
116
331
94
31
129
1073
185
49
45
35
126
61
33
20
45
101
48
35
47
51
30
26
11
2
49
63
80
84
47
345
37
538
42
38
221
71
27
33
42
37
35
18
40
26
56
65
1
27
1
523
16
451
80
25
104
560
31
698
36
33
68
27
25
43
119
48
22
47
1
38
33
21
1
224
217
83
109
279
151
32
63
24
29
84
27
112
38
45
25
22
20
24
27
32
2
189
114
311
24
72
35
58
111
53
61
59
256
272
32
49
136
44
37
25
52
35
11
129
27
22
42
134
31
25
95
32
119
108
37
49
48
27
90
34
22
19
49
37
25
17
34
200
118
144
79
96
338
24
220
251
30
25
65
52
42
62
50
26
18
40
31
28
23
3
29
20
2
39
68
355
87
114
1076
152
300
47
186
297
56
71
49
65
32
52
87
40
38
108
39
31
48
25
24
15
13
28
21
1
1
514
51
1017
371
250
25
53
38
28
38
28
34
48
31
31
189
24
28
62
27
71
19
38
23
25
16
31
23
33
19
39
41
31
76
640
160
273
619
27
39
81
24
105
220
68
42
37
15
31
69
101
65
45
44
47
53
60
29
37
27
27
98
446
20
130
227
50
38
35
163
62
28
12
53
31
39
70
101
77
38
33
25
21
1
1502
497
41
55
43
891
109
41
36
64
43
22
144
63
137
212
34
151
24
75
36
148
23
48
80
39
57
41
59
22
29
22
511
34
20
116
28
35
1025
245
128
23
590
20
164
38
67
106
156
300
63
42
22
47
35
68
35
140
29
39
73
30
33
55
56
49
49
25
33
81
39
20
30
16
31
38
14
3
3
1188
65
92
104
421
128
618
160
29
25
101
39
326
45
81
42
98
101
7
25
29
23
28
19
1
506
157
32
39
25
51
26
31
48
48
69
39
47
72
87
39
43
58
64
100
37
54
24
19
118
35
149
41
183
212
43
34
51
196
42
39
39
74
20
68
17
45
35
49
1
24
31
35
178
139
35
39
95
128
217
72
40
21
35
34
52
75
41
25
46
23
24
29
1
862
174
569
93
402
97
83
50
38
44
106
33
159
37
95
40
35
28
28
106
29
51
30
25
12
25
1
1
288
867
1513
403
68
22
190
21
56
46
41
147
53
109
34
34
40
139
39
60
44
22
36
28
51
27
23
26
1
323
169
280
643
153
500
289
423
132
373
263
43
141
25
15
61
174
72
51
69
147
81
216
76
146
69
97
28
22
30
21
31
39
36
36
194
538
30
67
215
75
18
596
90
36
185
56
35
41
36
30
77
32
43
214
94
32
18
24
29
25
12
1520
404
167
431
351
136
54
260
48
32
24
93
40
70
95
61
34
40
26
48
28
31
27
71
36
27
26
36
27
32
1141
41
162
34
219
9
139
747
127
40
366
50
44
78
52
45
160
30
37
129
36
116
58
35
43
46
131
17
34
82
25
30
53
23
1
4
1
95
1922
57
63
53
216
27
40
190
80
32
137
93
59
28
22
109
44
31
18
35
22
19
91
151
2052
33
47
43
31
111
60
125
158
68
32
47
59
54
19
68
26
37
30
24
45
22
269
508
663
72
339
35
116
33
37
207
59
30
78
79
124
42
82
23
29
39
105
36
42
82
89
38
40
23
93
26
43
58
37
52
72
20
24
1707
42
16
108
35
69
47
199
400
44
238
424
90
82
90
47
23
44
26
4
66
30
63
32
29
29
34
44
22
30
21
1
232
47
66
1175
22
176
65
122
70
40
186
28
27
24
114
26
55
39
39
21
29
19
19
3
139
252
143
153
55
29
18
163
31
80
22
37
38
767
60
245
77
35
212
34
28
56
97
61
115
13
26
40
27
19
62
75
32
34
51
18
9
32
69
19
276
964
147
84
369
318
58
103
76
41
107
87
47
33
26
92
37
37
38
52
23
623
28
35
100
162
53
38
29
167
27
52
34
27
60
32
29
3
487
338
31
179
68
47
29
490
95
43
15
38
37
148
104
42
50
25
31
41
25
39
15
53
34
25
34
28
19
1801
33
562
84
138
41
42
68
34
29
53
46
78
34
21
73
134
55
17
94
94
29
31
56
254
28
53
160
52
31
40
26
13
310
50
140
30
74
51
38
93
153
30
127
58
47
42
33
27
24
36
38
55
35
24
103
589
223
268
458
37
119
1020
142
58
49
62
36
28
27
34
63
42
45
53
24
174
13
42
87
92
48
35
27
83
72
86
59
31
21
1227
85
900
34
521
283
145
16
70
95
91
15
65
74
23
237
42
39
51
26
111
41
20
27
28
62
26
35
29
24
110
25
23
26
21
2
231
165
325
439
133
44
74
74
44
188
77
77
34
49
269
91
34
27
59
50
36
18
92
33
31
25
38
36
28
100
40
32
20
31
891
174
92
273
30
143
41
131
31
92
71
47
40
24
40
14
34
36
29
28
30
38
59
24
24
37
25
210
101
232
75
42
102
35
143
31
73
89
72
27
42
49
47
25
15
29
24
54
41
38
18
48
1
175
574
47
61
379
38
308
115
70
19
31
74
84
11
20
34
112
38
27
32
37
48
33
28
1
215
49
137
455
114
493
934
395
94
301
32
128
53
268
32
59
27
63
237
27
35
28
49
91
50
50
42
31
1
1001
128
280
41
178
387
68
682
56
42
28
20
68
148
100
331
34
48
28
77
35
30
43
13
31
50
25
15
1
25
1862
313
160
173
361
61
35
36
271
114
41
188
46
144
100
63
37
59
31
38
24
65
21
124
36
81
66
20
30
28
19
38
893
62
158
118
52
112
67
157
33
39
70
57
24
62
57
35
48
27
46
22
29
21
49
20
37
25
19
26
31
361
78
407
507
60
41
91
68
129
172
64
37
29
23
34
96
26
41
13
26
41
47
21
40
25
18
189
673
1288
549
966
57
60
100
117
29
40
83
63
22
134
38
125
28
43
174
32
29
76
44
38
60
17
19
13
30
19
1277
26
71
908
81
118
85
27
119
36
30
41
42
107
33
99
32
49
28
67
31
103
36
91
46
23
45
14
13
23
14
386
395
50
31
93
183
54
187
42
77
30
115
18
25
31
39
62
32
124
42
37
23
22
23
30
34
34
42
63
24
25
37
36
32
15
24
26
128
359
56
66
67
104
75
45
29
26
31
35
102
64
41
55
40
376
23
38
55
26
50
52
47
55
26
24
73
74
222
51
858
1856
32
69
38
220
33
41
38
76
19
27
27
55
31
15
27
34
19
2
1
1
124
42
1025
568
1578
65
47
108
251
21
43
33
79
57
18
46
22
65
76
32
52
12
59
18
20
26
672
317
55
59
48
151
1037
52
62
88
199
47
49
72
38
27
64
69
53
47
47
29
34
17
46
19
1
522
61
266
33
105
383
103
33
55
77
74
44
56
33
42
53
46
105
19
95
35
30
27
27
34
30
45
8
32
40
18
57
30
45
24
30
92
107
1983
52
99
121
96
244
24
25
39
236
36
44
42
77
207
72
106
58
35
24
40
29
31
14
99
538
284
119
26
77
123
27
28
203
95
35
232
72
30
55
22
63
25
26
41
19
25
29
42
51
42
21
24
47
23
106
26
61
507
1166
395
27
39
23
61
62
31
25
35
117
52
112
31
39
149
41
48
42
48
56
6
2562
27
39
42
63
315
31
181
183
22
37
67
30
52
53
15
44
40
35
23
3
31
1180
197
138
26
148
160
80
144
83
73
92
543
41
59
273
42
30
82
66
81
53
21
21
35
43
1
25
59
32
17
31
24
9
18
1
1572
31
223
398
71
57
70
832
54
33
35
32
99
49
39
174
39
22
27
39
23
24
29
23
26
20
17
20
1
2
1
24
82
139
46
35
531
154
14
41
44
22
24
76
26
36
37
31
34
1157
533
91
89
364
1067
38
171
541
59
103
21
46
72
54
31
40
67
78
43
43
24
31
113
63
23
25
27
46
41
20
85
86
24
22
33
15
32
24
522
34
530
23
47
25
33
119
686
56
134
1147
54
92
193
215
173
26
20
44
105
80
33
36
71
49
38
51
43
30
29
30
54
57
28
44
9
29
1566
29
797
238
434
190
100
193
51
70
46
295
115
47
75
32
47
27
42
42
27
24
33
23
78
566
60
1162
96
849
145
138
67
20
142
38
34
90
155
30
76
145
195
58
58
34
6
34
77
38
27
25
16
84
39
45
35
19
16
27
40
22
1
14
205
279
459
101
44
325
91
31
25
131
292
105
238
218
16
58
21
181
169
63
61
120
91
162
37
29
52
34
63
35
15
33
40
24
23
30
32
33
26
39
1
1
188
51
31
81
28
735
35
28
49
58
54
144
28
215
28
92
18
34
73
39
51
88
224
20
45
50
29
7
28
48
29
14
13
40
28
18
38
874
188
1128
753
77
148
112
52
39
133
304
56
39
44
401
31
43
92
42
32
18
34
27
26
1
911
1195
189
66
510
711
491
35
363
42
25
62
33
22
60
43
63
69
40
48
38
50
37
23
19
24
40
22
235
36
1690
598
47
17
106
104
445
365
37
57
84
175
39
41
39
65
65
35
23
36
53
33
24
37
37
28
19
4
3
158
1810
73
96
178
449
19
192
139
237
28
13
34
35
31
53
44
23
36
15
14
423
106
122
937
1083
134
172
20
33
289
32
45
93
31
28
117
52
176
19
28
28
84
28
113
19
43
45
43
19
34
26
7
27
25
59
1
2
1
58
40
39
48
52
393
201
18
42
170
37
46
56
151
24
79
34
34
44
19
58
32
35
27
26
294
44
43
47
30
42
144
68
5
18
81
35
20
13
45
26
99
16
38
31
37
27
104
23
40
29
35
27
25
91
339
22
1037
125
72
133
335
88
40
45
308
36
21
36
29
110
34
73
63
22
27
56
40
48
21
17
52
26
30
29
42
63
52
34
10
34
22
332
76
1357
54
69
430
131
92
43
78
156
153
104
19
85
41
204
27
42
28
30
130
37
89
25
53
26
25
14
29
17
21
21
34
75
90
19
222
370
284
431
82
66
85
26
28
72
30
121
47
31
83
35
83
50
37
39
41
23
1
236
444
624
968
84
250
224
34
369
91
284
65
69
186
50
27
207
57
32
60
33
56
47
29
281
74
76
101
30
29
25
31
22
32
23
26
29
10
25
1
421
46
523
24
143
134
68
48
79
22
47
115
23
26
34
40
98
40
22
94
43
79
30
31
28
27
13
28
116
2055
155
177
110
32
52
111
71
185
20
221
37
89
27
37
12
49
29
38
29
30
34
30
46
31
69
72
110
30
27
14
15
1
36
33
56
54
206
70
16
163
144
34
202
64
42
43
23
78
30
25
19
53
25
36
25
23
25
40
620
86
1083
90
254
1222
82
38
172
135
34
46
35
270
133
107
16
54
32
99
27
31
17
50
65
28
32
42
71
42
42
20
43
40
37
39
1
1
148
47
691
270
136
40
150
51
63
41
42
228
27
97
276
62
29
32
209
67
50
38
66
28
35
13
28
19
21
32
76
23
26
949
41
19
206
552
205
234
233
18
109
49
228
38
112
20
122
88
50
49
31
20
54
1051
427
669
479
270
35
44
94
279
35
30
62
143
43
61
18
34
64
146
51
89
41
37
40
32
22
48
32
2
1195
1277
177
104
66
114
27
119
29
33
83
42
150
96
115
41
90
40
198
45
10
78
148
61
18
35
38
22
30
18
58
35
30
46
30
18
1
707
120
53
113
41
31
170
150
166
140
124
58
91
26
32
48
44
120
29
38
18
23
35
2
163
75
75
23
308
77
54
449
104
43
85
35
304
55
29
301
45
93
55
377
72
81
213
116
71
51
46
27
32
67
35
40
31
50
38
23
35
23
51
33
18
30
10
45
53
31
27
465
125
725
48
638
307
177
25
51
165
38
83
80
42
59
197
22
27
26
92
24
28
23
69
30
26
32
23
25
23
1
2
51
41
17
33
385
188
77
45
67
80
260
38
140
57
53
112
29
76
17
19
49
24
47
120
34
29
67
25
12
27
24
30
1
26
123
189
172
113
552
704
61
40
217
93
201
36
98
17
44
46
42
179
35
38
103
58
97
30
42
35
49
29
55
83
38
30
37
44
4
2
31
237
131
372
219
65
258
60
228
105
24
219
31
170
28
79
40
35
19
31
44
30
18
90
80
33
38
39
31
1370
480
1206
78
67
106
57
85
41
30
399
61
45
126
169
335
81
47
130
84
30
19
30
46
19
27
81
64
163
81
90
47
14
27
82
64
104
31
36
31
52
60
38
32
24
31
21
33
37
46
16
15
22
48
65
33
38
2
945
1323
815
36
21
21
95
305
61
113
68
54
50
27
262
75
49
44
58
26
55
145
20
26
34
26
27
36
12
2
36
559
32
464
155
353
153
225
119
820
155
81
40
152
41
116
250
188
141
44
82
42
77
53
81
24
33
31
47
84
26
30
27
207
202
76
357
61
73
29
287
33
103
48
43
53
54
37
27
55
153
72
33
30
15
23
38
21
19
33
29
22
20
297
23
129
52
53
57
111
95
23
36
70
82
39
30
65
47
25
25
27
16
432
139
290
81
805
105
34
51
23
92
195
45
26
24
39
32
97
29
10
1
124
251
27
42
210
670
56
48
342
19
80
24
154
34
38
65
39
79
152
52
69
64
40
32
45
41
21
31
44
32
26
32
3
934
113
769
1296
118
467
222
32
108
16
22
326
39
64
31
112
58
31
43
18
36
1
114
1523
38
212
75
55
106
39
98
128
52
51
95
38
78
63
32
95
115
29
26
93
105
52
23
21
49
30
28
13
567
430
214
1023
44
96
30
720
96
128
42
108
48
54
76
69
34
62
45
77
40
34
32
80
30
70
29
30
66
26
57
55
20
33
34
1
114
997
109
189
87
103
81
41
157
109
38
34
172
87
37
87
32
29
48
33
28
305
320
42
727
321
198
826
519
105
71
215
43
72
41
40
30
27
110
21
43
39
57
19
55
24
94
55
75
52
33
119
44
26
73
24
35
120
42
60
24
290
17
758
76
190
56
50
28
97
93
36
22
32
36
89
41
62
32
105
73
27
28
104
35
24
36
1
50
16
14
17
432
158
42
25
54
65
96
132
42
145
101
30
47
33
28
31
18
40
43
30
104
22
31
34
23
22
26
34
26
47
36
763
37
123
51
45
225
123
60
96
77
34
71
27
128
36
54
43
48
43
136
59
22
29
14
27
50
19
24
217
24
531
787
41
87
778
209
48
41
66
93
78
190
255
107
41
168
47
47
43
19
51
27
92
28
55
34
40
23
29
30
17
3
649
1331
124
1410
33
320
100
92
161
111
23
26
166
30
29
48
38
23
45
54
47
17
28
38
81
34
34
2148
214
19
40
89
1083
26
64
37
29
31
18
10
87
24
107
34
90
52
18
10
24
63
18
53
13
20
36
27
1
2
501
320
32
162
26
171
29
315
212
534
67
88
48
3
34
65
187
37
101
150
20
152
40
91
39
26
42
35
39
43
27
26
2
927
45
147
94
57
342
302
54
53
65
43
61
31
33
28
17
28
29
32
117
47
1028
40
31
135
49
69
66
180
80
159
46
49
39
29
45
30
165
33
47
76
39
27
13
29
25
28
15
38
39
2
1808
40
100
25
43
103
27
25
120
121
35
38
26
30
79
83
29
44
17
36
31
52
24
49
39
39
51
18
32
27
22
2
896
393
45
535
102
50
74
53
143
444
122
73
45
57
44
87
107
26
1
23
37
13
20
49
36
26
16
156
392
259
392
282
79
28
401
102
293
55
30
26
52
254
45
67
20
63
30
74
82
29
22
23
1442
282
631
651
113
59
21
93
177
77
135
169
57
19
203
32
60
45
32
28
48
41
66
42
88
23
28
25
21
6
28
1
1
1123
35
114
123
108
40
25
183
113
57
35
32
13
23
26
21
28
39
23
23
22
108
592
260
30
36
38
263
29
139
90
61
161
34
19
259
45
55
156
31
51
45
149
39
34
44
34
22
17
27
2
315
569
102
65
59
1265
469
567
81
166
217
24
139
98
127
38
60
47
288
88
43
115
38
109
33
18
53
49
28
30
16
34
182
48
49
991
201
89
330
65
658
81
42
26
71
24
92
22
168
51
39
43
50
30
37
24
21
20
13
13
20
19
19
114
465
63
208
692
46
40
32
25
67
76
134
97
126
48
69
42
52
49
22
27
67
63
48
39
53
127
21
25
9
24
12
385
88
366
1513
881
50
463
48
73
11
1
49
39
437
45
21
46
66
58
142
18
51
49
33
46
19
368
122
204
31
6
755
248
45
147
184
303
49
176
169
27
57
37
106
289
52
88
28
64
29
116
87
48
23
26
22
25
54
37
26
45
23
29
155
33
38
447
43
46
24
34
27
32
31
1
1277
1750
144
78
33
32
266
26
213
39
58
16
35
50
33
33
62
43
87
32
88
39
35
36
67
32
7
89
162
271
542
1488
54
146
55
73
34
43
56
49
71
30
91
51
32
67
14
29
73
30
31
22
31
30
25
36
17
14
1
572
111
123
374
33
138
63
111
45
83
63
51
75
20
68
36
15
75
67
34
45
8
208
570
229
26
749
463
338
684
159
61
119
37
72
65
348
98
163
51
62
55
31
35
35
74
39
35
25
4
25
67
197
218
74
704
49
84
145
30
554
23
89
21
22
148
104
211
94
49
25
78
21
58
31
49
58
61
26
37
48
30
1
260
290
128
67
70
37
155
35
20
28
53
17
32
35
27
30
17
27
20
24
20
1
612
104
104
254
33
504
389
59
115
32
58
76
65
26
15
36
33
92
35
59
13
27
15
38
60
1
220
311
309
61
607
123
91
77
566
1121
87
325
138
22
50
118
33
23
39
20
38
37
50
26
26
36
50
15
833
340
199
547
96
282
45
218
64
846
86
68
37
33
210
31
128
68
38
115
62
198
36
42
49
30
31
51
58
35
54
56
39
32
39
29
1
1
29
561
32
1174
91
75
87
179
84
453
188
60
70
26
84
35
55
44
28
40
65
66
44
25
93
45
28
36
31
40
148
65
21
35
27
88
42
40
37
29
23
30
1123
595
329
1155
67
557
155
30
79
154
153
86
72
70
46
35
44
40
42
28
31
116
39
89
26
13
31
45
23
25
23
33
30
27
28
1
30
258
283
292
74
22
37
36
47
36
53
26
50
27
31
28
34
37
26
27
117
1087
565
235
160
899
378
146
107
33
95
131
158
25
26
81
42
110
401
28
145
91
33
54
18
63
48
48
31
31
31
33
44
31
3
1245
358
607
656
237
47
548
149
51
39
207
37
65
32
23
89
24
149
62
34
14
22
27
31
44
1
488
68
624
35
176
154
35
161
72
80
55
21
51
40
23
34
47
98
40
19
39
50
34
45
24
49
37
24
34
170
245
250
31
134
455
109
61
77
62
30
32
37
18
228
242
28
71
24
74
20
37
118
31
95
31
94
48
32
19
14
19
46
58
111
91
34
1520
67
24
203
327
165
539
39
20
37
87
31
41
23
33
25
37
26
63
2
16
29
21
25
30
34
4
31
564
43
21
378
36
112
118
121
33
29
36
40
40
41
24
23
275
146
1560
462
93
21
34
55
19
98
85
98
30
49
36
52
46
25
23
45
40
87
29
30
15
23
48
24
1070
71
97
112
310
67
673
49
131
165
60
182
19
33
28
146
14
86
24
70
37
35
49
90
1203
189
171
260
53
54
42
24
436
26
262
19
35
46
274
186
53
44
205
32
27
37
20
37
51
47
17
38
18
22
1
1
165
293
15
134
72
35
67
132
70
19
132
28
23
40
17
40
26
31
39
35
1505
69
43
46
165
41
41
23
42
62
20
66
62
20
107
119
35
49
25
1
102
241
509
107
37
92
163
203
77
35
97
47
30
69
97
23
91
22
47
79
94
44
89
54
38
27
43
32
32
24
16
37
16
30
1
689
21
470
60
38
202
25
312
36
61
32
25
87
27
29
47
36
20
1
57
268
83
203
132
44
217
24
44
148
51
120
29
18
23
34
111
43
54
68
41
18
41
45
27
1302
80
350
110
53
155
40
38
33
42
67
29
45
24
35
38
17
24
24
26
17
492
474
125
236
182
97
399
387
281
444
485
23
44
50
37
32
27
72
62
63
77
52
27
51
67
45
29
33
75
31
39
29
36
31
24
21
16
46
123
1409
68
55
42
21
46
621
17
53
219
51
31
27
32
33
56
57
32
47
71
34
27
34
34
1090
89
527
138
108
24
40
93
41
31
148
37
38
57
34
62
28
32
36
53
27
34
26
31
23
252
117
1084
78
241
35
553
56
33
448
67
101
87
365
82
35
55
32
58
40
113
40
70
23
28
32
27
41
30
23
30
28
19
50
31
1
1
3
602
65
38
151
41
299
31
56
101
178
41
66
39
63
54
32
31
34
32
65
116
41
41
28
89
33
22
37
38
1
462
116
441
158
1231
83
159
581
117
218
41
73
102
37
21
242
29
41
39
46
93
102
45
75
48
37
24
16
1
60
185
33
83
39
302
390
36
84
62
79
66
17
37
81
31
36
23
39
67
22
47
20
27
1713
1588
37
316
578
21
118
90
42
93
49
40
33
24
71
26
46
1262
399
413
379
101
48
26
477
856
70
37
54
36
36
46
25
70
26
33
30
16
23
63
30
31
12
38
1
114
851
559
186
115
376
28
658
59
52
26
224
222
43
51
28
25
50
74
38
25
19
87
40
76
32
42
36
432
591
1389
56
92
605
330
288
54
140
80
96
34
110
27
38
26
95
19
33
25
25
107
48
28
20
32
32
19
1
1428
808
24
113
84
167
29
300
254
26
54
114
323
53
91
38
25
49
45
35
30
67
22
25
81
3
24
121
29
51
20
719
1339
170
140
57
52
142
111
81
31
152
122
405
216
35
20
34
58
223
39
66
137
120
31
32
25
53
24
18
33
31
19
1
2
1
17
265
218
481
90
23
874
78
1
28
62
306
66
122
58
18
17
180
44
25
214
35
23
44
24
23
43
21
206
943
443
100
94
235
371
464
206
132
37
45
23
34
41
26
48
33
32
21
37
23
75
57
134
204
57
62
54
59
79
27
96
408
113
29
124
43
236
24
33
33
29
24
26
21
26
29
17
1
845
79
173
45
128
85
23
145
50
275
95
133
14
39
37
29
39
92
27
57
47
24
32
33
70
40
22
47
26
30
26
42
11
25
14
962
543
110
115
770
82
246
52
30
356
45
128
35
110
64
158
100
38
86
86
57
40
11
16
69
41
134
28
98
39
27
57
35
42
28
29
36
1
8
160
62
14
95
178
110
41
38
59
39
22
54
19
1
179
98
87
41
142
280
101
161
117
23
49
26
35
32
112
21
19
28
27
24
42
53
22
30
24
448
1344
76
231
97
107
252
481
82
582
45
34
32
130
36
28
46
31
39
35
42
90
26
29
2
64
592
239
67
33
47
109
109
207
136
51
51
44
423
84
44
19
27
22
126
113
30
38
89
52
72
53
26
60
32
20
44
25
21
35
38
44
390
679
359
183
345
764
74
22
14
40
111
187
520
385
105
9
88
13
30
60
32
49
52
95
45
145
101
86
32
195
55
28
28
58
20
24
27
24
2
681
61
1839
60
377
36
39
69
35
337
31
43
51
54
34
38
33
37
34
17
35
14
471
397
316
122
295
39
303
112
37
31
42
24
44
28
26
113
29
42
25
23
25
55
18
35
18
17
581
409
184
237
154
493
426
32
28
25
217
152
110
59
51
92
40
46
34
13
28
62
36
19
43
22
398
23
59
24
47
269
108
55
97
36
43
46
76
52
57
25
43
59
55
20
38
20
28
25
1
41
741
69
39
477
205
163
33
61
831
20
56
85
36
40
36
30
94
148
27
73
212
29
151
45
35
67
21
27
36
39
42
21
257
1904
210
91
36
155
95
88
25
26
190
34
15
42
304
49
19
299
67
35
44
38
45
42
57
20
63
35
30
35
36
35
14
24
2
1377
67
86
13
83
56
47
96
53
25
27
26
20
59
85
203
125
31
66
16
35
8
30
23
32
1
1787
480
114
477
238
42
101
56
172
33
50
93
114
20
64
42
46
76
80
30
42
29
1
51
41
2085
208
45
449
33
14
36
25
76
42
43
30
40
34
29
26
39
39
23
189
44
130
80
37
31
54
46
174
95
210
181
39
65
49
35
39
73
105
28
32
157
34
35
11
23
22
103
33
18
35
27
31
23
1327
849
255
260
129
67
39
26
55
239
87
44
49
26
47
55
62
53
32
65
142
37
133
19
26
35
22
33
55
32
27
941
34
362
289
42
30
637
701
285
28
26
35
36
79
63
34
34
146
33
33
69
41
36
51
58
77
24
22
33
42
54
15
1
332
446
301
29
147
31
140
231
36
64
68
48
48
20
52
27
25
11
15
22
30
42
24
13
1
57
470
104
111
63
43
150
9
33
26
44
98
53
23
39
23
39
28
25
17
11
21
38
66
18
36
366
117
108
74
79
71
82
135
168
36
78
35
30
37
15
121
43
20
29
18
23
24
15
412
57
852
70
35
23
34
22
32
115
51
47
29
64
147
33
67
28
29
25
34
29
23
16
28
381
546
86
27
107
563
49
31
31
47
86
71
21
30
33
52
22
45
45
61
163
46
37
52
37
33
36
34
58
44
713
1316
252
236
244
36
73
9
174
76
103
91
30
357
317
61
71
31
26
70
41
45
47
33
21
48
32
22
49
37
30
74
46
111
394
217
122
136
356
27
458
85
343
27
86
91
39
25
176
97
50
63
158
34
133
78
66
34
171
60
57
23
21
28
50
34
40
28
577
34
1588
416
92
31
69
30
138
39
34
220
74
18
64
37
30
39
33
6
22
21
20
32
16
88
1059
103
129
176
65
64
73
40
28
54
26
41
32
64
43
60
164
65
43
81
42
21
42
25
38
20
36
35
12
1
1112
1337
615
29
25
26
104
42
29
30
30
44
43
78
27
72
28
25
242
24
26
59
82
46
130
29
17
21
19
46
4
501
1851
194
59
63
149
61
250
40
54
170
186
49
109
146
83
39
72
30
28
69
72
61
280
592
46
688
17
39
156
39
287
94
54
33
127
45
141
33
44
31
78
29
45
32
29
24
95
119
56
321
64
842
196
18
24
116
57
42
54
26
35
37
36
192
73
103
29
37
87
29
33
31
21
40
23
27
11
1
2462
39
57
29
34
118
48
49
27
38
31
33
26
31
26
19
25
41
209
531
460
515
71
57
38
38
41
223
37
123
94
72
343
35
72
212
42
38
29
69
238
33
49
26
37
25
98
94
39
26
33
102
77
25
25
1508
137
240
219
463
183
73
28
18
204
36
59
130
136
80
50
31
27
19
15
33
55
62
26
28
127
47
46
39
33
40
42
38
1
22
11
70
205
73
111
87
43
77
42
38
34
33
41
41
21
57
54
30
32
51
51
30
37
35
13
24
27
11
25
75
68
101
442
76
159
33
162
33
136
36
74
72
47
26
23
57
32
45
28
20
21
1
110
28
1693
96
145
37
49
118
31
9
30
53
28
35
23
32
16
38
1308
69
47
41
424
172
78
16
342
62
184
42
102
158
69
235
38
81
36
34
28
105
33
32
41
27
35
23
14
14
100
55
35
95
141
26
204
270
31
146
55
37
17
135
42
95
15
74
153
60
78
34
73
23
39
53
100
58
31
38
36
22
34
106
726
328
990
89
164
25
274
33
138
392
28
46
22
24
32
35
96
29
35
22
59
32
53
36
35
30
37
25
36
22
38
25
1
1
1
47
47
60
1
26
62
51
26
22
280
33
75
24
18
33
23
35
18
20
43
335
109
106
26
88
173
76
36
43
97
37
35
102
12
66
177
88
24
41
63
27
39
27
21
158
737
504
31
115
48
34
435
65
66
49
105
171
29
21
24
71
41
47
86
31
38
47
128
49
30
30
25
24
28
53
23
42
44
9
22
979
232
218
26
158
48
29
56
38
95
62
37
30
26
45
64
29
49
55
63
43
32
29
35
694
42
1222
38
194
103
19
33
97
159
64
83
64
96
44
22
34
29
48
30
47
28
41
12
27
621
64
618
16
36
241
45
34
23
105
55
184
29
50
23
27
19
45
36
43
17
35
33
23
26
22
43
106
78
198
187
364
632
132
45
53
89
35
40
103
33
25
18
35
50
44
1
47
24
61
245
211
41
34
133
22
35
68
170
33
84
40
21
87
49
28
64
17
28
29
191
350
469
46
37
30
23
34
51
429
44
117
213
32
49
32
197
43
31
65
29
47
53
54
19
18
44
30
39
67
17
29
39
17
32
35
22
28
350
44
21
25
251
47
31
21
40
17
60
5
22
412
2067
245
268
57
398
112
27
55
46
35
34
48
29
19
92
30
95
30
29
511
256
165
289
47
85
276
190
43
24
88
32
44
31
39
21
85
73
31
14
41
20
28
66
38
157
1969
175
54
109
334
71
133
221
34
90
21
37
92
34
54
118
112
61
21
32
39
22
30
15
164
32
246
54
370
87
553
23
20
82
48
126
22
15
21
105
69
51
33
27
36
44
59
43
53
28
44
66
44
23
34
15
1
170
445
436
277
526
31
119
48
463
27
28
60
210
94
662
31
16
66
169
49
20
62
43
96
12
44
21
49
66
27
28
7
48
22
1052
1581
34
118
307
121
552
88
181
99
17
25
52
22
14
50
29
23
32
39
135
171
31
1181
37
394
131
272
48
48
33
87
145
50
35
27
45
68
105
120
46
52
67
31
19
47
23
37
37
24
38
427
497
483
68
591
382
900
259
249
278
32
132
256
29
41
46
79
40
39
142
72
54
30
64
84
30
15
18
29
46
37
44
42
28
54
12
2
324
31
433
49
60
34
61
78
62
57
61
484
24
26
45
50
98
82
37
36
99
21
121
63
54
27
55
37
15
65
88
27
44
22
31
56
25
57
29
33
28
29
19
27
92
286
410
58
116
672
97
144
70
636
104
67
81
45
26
61
56
151
79
52
72
19
56
278
139
150
39
35
111
32
49
69
51
54
151
44
29
40
26
51
28
19
665
369
24
45
53
37
139
39
49
97
23
72
53
36
10
38
22
29
57
30
24
19
1
1048
114
505
424
58
56
44
278
161
42
193
26
99
119
25
18
151
256
118
52
74
284
111
26
31
31
135
82
38
23
18
47
24
68
58
36
45
31
18
41
27
70
28
26
48
29
1
3
52
678
30
1392
68
87
40
70
53
57
29
125
132
24
26
132
49
44
40
15
18
30
1200
58
117
93
66
139
211
139
65
13
217
112
240
68
151
136
44
41
36
50
25
80
21
45
50
35
35
27
1884
19
61
487
122
25
53
42
311
72
24
215
25
30
194
48
26
21
43
28
36
58
31
36
25
35
21
28
49
42
57
67
34
43
20
53
31
26
24
25
28
28
470
803
289
375
86
173
153
591
31
51
116
51
75
113
37
30
37
26
19
34
24
32
83
109
191
323
146
428
140
145
271
26
72
149
98
66
34
48
18
38
61
31
20
16
26
15
3
3
398
107
335
532
192
24
113
725
24
60
40
205
55
31
67
31
49
30
48
90
17
31
22
30
84
27
11
1
1572
305
288
382
145
23
34
28
29
41
92
47
59
112
38
189
53
51
33
33
28
90
29
46
19
28
35
58
21
44
17
18
47
32
22
19
40
24
10
36
171
33
240
960
181
36
54
619
69
65
40
13
49
73
35
36
32
36
60
125
109
103
19
34
14
22
34
18
19
22
3
17
52
534
85
12
35
22
51
44
126
29
66
43
28
39
38
32
44
13
22
26
1
758
27
230
23
127
56
169
162
55
67
66
62
43
26
80
43
24
23
39
35
48
17
277
310
25
286
65
37
264
51
156
224
81
42
33
28
49
79
153
36
19
29
70
32
10
24
19
25
318
301
265
52
41
295
137
112
61
58
40
83
140
37
30
27
50
28
27
28
22
24
25
32
43
9
383
1364
286
171
296
38
180
37
31
28
42
35
78
43
30
23
42
42
25
33
27
24
28
881
61
246
301
96
470
64
37
552
256
27
102
181
411
46
81
54
41
30
68
153
88
73
40
45
26
41
204
28
67
20
79
33
58
42
20
15
51
398
32
677
158
189
31
218
36
28
32
115
29
23
131
52
85
36
22
32
31
90
44
34
33
26
51
34
37
25
33
82
19
45
33
15
6
1
759
310
124
32
288
142
172
49
62
16
326
50
199
60
54
77
54
35
41
36
34
38
41
60
42
22
45
27
1511
614
223
162
475
317
45
206
500
39
59
35
50
40
27
69
71
18
17
38
1
2104
604
106
59
38
50
305
57
19
54
90
60
48
100
65
128
123
24
66
118
19
50
26
38
24
1
19
23
27
11
261
66
88
47
561
157
36
25
153
50
202
26
137
322
31
37
76
24
67
104
34
36
44
105
44
38
72
24
50
17
20
25
35
746
334
170
125
412
41
47
546
86
75
73
58
114
52
662
111
59
189
139
24
31
35
47
61
62
31
103
23
32
37
45
10
56
22
51
71
251
127
228
169
131
66
147
24
75
29
55
142
182
41
127
77
21
11
33
96
31
29
17
47
359
79
79
264
1067
243
179
537
100
46
155
34
28
98
89
53
37
27
52
39
23
35
18
45
26
30
24
26
93
1121
61
29
42
46
44
154
864
20
12
34
38
76
67
100
32
32
60
28
46
28
44
29
19
32
26
10
20
1
60
121
238
102
35
43
219
182
221
42
105
75
41
19
31
119
81
37
27
33
39
73
34
29
30
17
8
23
432
168
23
284
280
340
48
45
43
28
78
207
77
800
56
190
35
81
30
35
25
34
21
32
22
181
34
37
40
48
35
33
35
51
33
67
33
27
22
13
408
142
111
130
106
309
93
320
471
332
103
205
137
40
138
80
115
34
50
51
45
444
87
87
44
81
23
131
49
39
45
40
16
34
33
26
45
38
29
53
30
644
1062
620
23
127
42
76
41
29
42
35
59
70
38
38
45
78
40
32
31
39
29
10
21
22
262
1180
32
31
135
20
81
26
25
25
22
18
141
41
407
44
77
28
32
45
58
80
47
35
20
44
44
25
82
1470
48
63
94
143
397
769
45
47
80
147
36
40
61
348
29
192
107
267
64
34
55
29
57
66
78
42
60
25
1
719
45
26
135
41
291
76
212
164
35
72
111
370
82
290
79
25
72
38
36
16
33
23
26
60
41
26
22
1
129
1411
50
1241
19
18
300
115
328
122
78
98
33
118
59
14
44
32
15
25
26
26
22
44
69
15
1478
607
231
39
41
44
36
157
247
88
34
66
35
58
38
101
90
41
76
46
37
5
43
19
296
709
959
56
149
124
681
241
66
121
113
28
33
122
293
114
23
34
155
36
124
56
50
64
21
39
12
46
19
1
531
443
50
251
57
45
196
44
433
161
88
63
71
33
27
34
30
49
102
24
35
64
22
31
8
86
40
91
153
240
374
344
67
59
68
164
90
39
12
29
160
148
66
34
27
21
12
20
38
26
5
207
126
81
60
85
165
89
27
21
19
59
27
22
4
19
39
34
22
42
39
819
374
90
172
203
82
43
492
105
86
146
75
74
78
126
36
134
28
22
36
21
30
30
25
128
169
34
167
34
22
14
63
38
46
376
771
18
194
140
408
212
118
186
26
35
342
36
291
28
304
105
90
44
54
98
121
30
77
35
33
25
33
35
27
31
23
29
45
9
2
22
27
67
55
51
234
265
137
123
102
139
59
52
48
43
47
32
29
25
40
33
52
16
147
436
86
23
573
283
21
54
20
26
152
33
40
138
36
42
36
28
213
29
29
34
35
51
18
30
13
2092
91
45
130
55
23
112
118
125
62
54
36
16
52
65
98
54
49
27
96
42
52
24
11
97
66
35
17
71
74
56
26
49
44
26
59
1
23
2
23
2
328
465
48
102
68
112
59
89
257
61
38
42
62
290
24
123
162
32
29
52
29
43
18
71
22
51
114
60
26
34
35
16
25
1
829
718
99
113
30
23
186
79
288
19
53
39
202
66
20
31
41
19
79
30
52
39
52
30
28
27
1
1069
578
276
45
119
151
62
42
118
36
30
26
68
9
12
378
140
822
70
675
240
38
29
54
82
184
50
32
50
34
35
60
38
31
32
106
176
47
42
34
28
39
1067
620
517
44
1066
336
74
27
71
43
186
32
33
65
32
63
87
103
51
35
66
24
24
31
29
518
1990
51
80
35
48
167
19
218
257
40
38
112
34
108
38
49
84
28
45
40
14
26
43
18
27
29
25
2
75
144
429
439
667
30
298
127
80
64
65
228
36
97
173
108
45
18
29
35
37
27
51
24
21
29
20
43
18
30
2
1
72
942
598
277
73
29
151
22
210
269
39
46
37
738
206
27
80
92
26
31
68
28
47
113
39
55
36
80
38
25
63
12
57
1
23
1
226
37
34
148
1096
400
78
197
215
70
75
53
207
46
42
46
43
87
30
21
102
21
104
34
35
32
26
64
72
18
30
46
65
931
38
52
23
83
60
343
21
18
128
30
42
50
50
71
54
31
30
35
63
70
56
248
30
58
19
35
34
40
31
28
53
17
35
77
1336
369
379
45
811
45
276
107
60
25
41
116
142
231
32
43
89
21
97
75
62
56
75
1
21
19
23
35
29
44
39
37
29
2399
581
50
87
90
22
105
135
26
60
37
47
28
48
44
46
32
66
67
41
15
154
701
57
315
365
820
396
38
75
74
25
28
113
98
34
64
89
12
62
42
24
44
26
24
38
26
26
46
1074
353
1009
94
318
41
25
87
154
28
110
58
44
98
30
21
47
105
93
26
29
35
79
27
31
36
17
6
1
34
1449
556
1089
84
245
48
130
25
30
127
98
45
130
56
125
39
52
56
30
31
30
59
13
40
17
47
15
110
27
8
5
422
209
23
114
122
27
129
18
18
41
118
179
47
217
44
20
52
22
26
23
56
46
21
30
32
580
181
70
48
54
51
46
106
57
34
30
43
27
12
22
28
26
29
26
2
1000
39
135
490
1015
83
91
184
53
259
467
44
51
42
107
21
28
37
64
55
125
54
141
33
40
33
62
21
31
76
101
35
31
29
23
29
83
73
867
53
603
72
626
864
34
88
59
40
44
67
36
61
51
40
47
109
27
56
55
51
28
1028
423
1071
66
153
48
88
489
74
125
23
231
29
33
74
226
83
107
19
33
112
35
28
27
60
47
33
39
51
17
25
101
108
96
24
18
87
78
30
27
32
13
441
27
253
114
573
922
1393
90
27
48
28
14
105
99
35
45
29
51
14
44
37
31
26
27
77
25
41
20
56
59
60
445
55
281
218
60
193
21
60
69
86
50
221
52
47
32
38
31
33
21
69
25
33
17
1497
327
651
149
396
102
31
78
21
44
75
30
40
50
62
43
34
62
21
41
80
80
19
10
28
67
40
47
41
44
13
19
29
30
26
22
39
1
679
186
59
35
20
61
159
33
52
32
88
25
211
33
37
31
70
29
31
29
9
1
2
1
27
111
744
582
30
397
418
377
195
60
140
83
374
120
221
248
53
16
73
25
88
195
62
67
48
84
117
51
35
59
66
86
52
32
70
74
29
19
31
14
38
1349
110
612
370
360
297
171
552
345
381
25
33
39
24
69
26
90
23
31
30
52
26
32
26
39
28
1
2
465
97
43
118
115
43
26
42
41
19
115
32
39
45
70
39
22
37
27
34
13
32
8
415
61
85
49
61
185
79
338
42
39
19
80
61
63
50
20
43
84
21
31
30
58
43
21
53
16
114
19
10
13
1
49
1700
50
80
74
52
107
57
67
27
372
26
111
113
360
60
18
93
54
63
113
55
35
36
40
51
23
33
45
41
126
911
679
702
856
229
30
71
52
33
60
37
47
110
63
56
23
55
56
35
94
34
25
19
15
33
608
137
405
40
30
39
203
73
62
37
151
40
32
291
91
211
53
32
29
38
35
73
18
42
10
57
1594
61
158
164
367
75
100
46
109
70
112
131
255
292
233
54
124
64
68
34
99
25
107
24
23
34
26
45
32
23
39
23
30
2
6
49
44
67
340
251
113
1152
468
253
153
108
44
248
48
18
108
101
54
121
229
54
45
28
57
27
132
58
46
23
213
49
22
21
23
31
46
19
21
26
1
381
49
686
36
25
90
366
1340
20
197
46
34
66
49
51
48
48
69
26
23
31
12
71
998
1375
181
656
120
109
42
33
209
40
140
42
20
235
24
32
30
44
44
5
98
56
20
2
440
71
360
741
53
170
37
145
404
472
409
41
71
79
321
138
30
26
28
11
42
79
19
49
331
20
41
36
45
24
30
28
56
45
59
19
31
24
21
1020
43
519
1278
34
938
64
208
35
24
32
69
111
100
37
38
45
60
42
40
33
74
26
23
27
1850
44
69
218
82
534
100
344
27
85
87
23
77
41
28
93
118
44
43
30
32
38
68
24
26
35
20
32
35
21
16
35
243
80
102
36
38
87
83
77
194
50
175
96
24
16
166
127
60
32
67
38
20
11
44
15
65
51
27
18
39
12
31
1
61
231
171
27
123
47
79
599
39
86
288
95
34
21
327
25
272
14
23
34
73
40
64
35
235
174
60
53
33
37
22
33
34
38
34
3
1
32
45
393
1793
152
44
229
23
47
43
152
89
18
100
125
171
40
76
55
31
61
183
147
38
23
29
71
91
17
30
27
2
41
19
21
31
33
574
173
1082
22
61
264
37
249
122
48
59
54
44
151
83
46
41
40
31
46
15
26
87
20
24
31
40
31
55
19
32
2
53
628
61
167
400
417
24
86
31
66
24
61
27
42
84
39
35
37
27
23
21
30
39
36
38
25
25
19
10
363
1586
56
35
422
79
50
227
31
68
27
123
32
115
33
118
45
36
198
129
26
24
39
39
36
23
15
1
1399
126
386
132
530
722
434
153
270
83
181
78
63
40
18
83
57
125
40
48
64
26
23
60
26
28
47
59
314
1002
150
31
151
188
25
369
99
245
32
69
112
124
237
33
60
36
29
47
39
41
31
7
24
20
32
63
38
271
772
562
221
33
204
650
108
67
106
168
60
172
130
28
29
276
51
38
89
27
23
12
34
31
41
36
34
21
178
1067
1155
298
47
210
55
64
55
37
90
79
31
30
81
57
29
29
25
16
20
27
34
54
34
6
602
438
43
623
335
105
363
194
37
19
29
74
53
23
101
54
28
35
32
28
33
21
890
45
92
163
61
32
43
56
45
24
26
55
27
28
74
44
32
30
19
1268
758
54
129
68
38
784
81
357
119
145
33
93
35
348
54
31
102
23
34
19
97
189
49
80
46
35
33
38
18
37
21
43
51
27
170
42
53
427
1042
133
917
64
49
302
133
43
339
36
64
21
90
47
24
105
93
35
31
58
24
57
20
44
45
48
33
97
61
27
24
31
56
26
18
137
18
141
226
285
441
102
464
361
137
58
237
585
213
109
27
50
20
30
20
18
28
31
47
30
25
28
26
32
26
746
198
986
286
46
184
305
35
28
38
78
631
49
35
94
46
58
36
46
40
31
43
54
24
267
34
43
20
123
35
30
37
29
18
784
531
715
256
160
160
31
44
61
29
49
238
25
52
41
21
107
141
36
27
29
49
50
18
38
28
28
27
27
37
21
10
30
20
14
26
24
31
174
719
210
159
64
348
544
40
30
187
69
214
110
116
49
102
31
22
116
30
62
31
27
26
36
39
36
32
15
38
26
33
1
171
1136
47
119
320
41
223
228
41
41
240
64
76
24
85
68
176
34
51
25
108
42
37
70
139
121
25
23
41
30
53
29
22
22
27
27
23
24
15
30
1
502
101
48
26
38
23
33
46
51
60
53
402
48
26
35
31
36
22
27
52
1
23
30
24
331
652
316
31
916
389
29
484
116
72
262
259
29
45
39
45
25
25
32
55
58
25
35
103
35
21
1
390
508
948
330
334
557
611
76
226
69
45
51
233
34
33
50
37
98
146
45
221
35
30
37
84
24
61
29
44
29
42
4
333
502
200
71
28
26
682
117
122
58
25
45
162
24
33
73
37
66
30
56
42
67
31
71
44
25
12
17
19
40
58
1
17
42
24
480
768
93
650
741
23
5
193
375
500
223
27
56
111
80
54
74
200
44
35
53
93
96
31
49
62
28
101
25
31
81
40
35
50
75
46
30
44
20
27
33
33
88
49
60
44
847
45
28
684
31
154
47
35
72
37
38
118
36
59
24
31
29
29
35
31
39
48
32
22
450
81
597
142
310
293
37
293
43
337
32
45
37
97
46
147
39
104
37
53
41
159
33
47
42
23
51
48
50
50
27
32
16
64
525
615
393
220
221
48
123
86
159
35
504
297
312
39
42
46
161
33
34
40
96
43
20
17
84
28
34
21
24
1
25
37
32
260
116
48
24
600
24
49
61
28
36
30
28
44
31
82
78
65
43
54
77
33
19
30
32
34
1
544
31
39
29
284
52
37
76
519
42
131
654
175
38
326
156
35
153
109
33
184
306
219
84
41
165
54
69
92
33
17
79
41
38
18
22
69
61
43
47
59
37
23
21
29
917
792
204
34
40
105
449
81
176
53
34
26
145
13
141
37
79
44
47
157
31
97
32
27
25
15
48
17
26
25
15
254
412
84
387
442
147
284
380
130
36
32
62
24
37
53
58
75
35
21
33
22
146
30
41
13
17
3
55
1170
24
255
220
49
1146
27
31
61
85
112
178
40
36
38
34
28
48
17
22
48
23
45
22
4
70
408
265
707
123
51
73
47
415
240
426
108
152
37
29
24
43
58
19
51
110
30
22
37
29
162
967
867
146
91
669
39
35
642
61
201
54
27
24
31
59
301
31
43
217
49
28
110
74
27
77
28
103
41
37
47
30
20
23
289
1343
224
85
196
26
364
66
621
164
101
22
19
27
128
28
31
37
20
44
67
30
29
18
41
28
18
33
14
23
42
13
13
27
167
481
44
29
35
58
28
34
74
39
25
27
32
27
27
26
31
17
8
1
1210
1435
62
27
145
55
878
77
92
78
153
40
27
14
29
29
58
43
30
67
27
35
45
34
31
22
22
40
17
17
24
22
29
35
106
115
2079
39
214
21
21
98
72
143
68
66
101
188
41
70
96
46
33
88
50
78
71
74
24
53
25
24
26
26
27
3
930
447
254
645
90
70
32
24
29
38
28
52
154
30
54
37
53
32
36
56
16
63
27
44
34
28
24
21
1
1
137
1397
145
66
84
524
43
142
70
75
78
64
29
49
106
30
24
35
33
45
33
29
39
26
41
67
126
13
21
34
32
32
27
27
32
36
20
18
103
76
39
287
131
33
36
95
42
33
72
114
32
77
22
31
22
67
44
24
14
79
33
26
28
23
12
25
19
18
1
1
44
291
151
941
1318
91
121
158
208
264
39
29
31
35
28
33
32
27
44
23
30
21
418
255
161
102
34
15
839
127
96
111
540
63
44
181
44
48
40
124
44
43
32
120
102
176
48
33
51
27
47
48
106
36
19
17
13
1
1514
63
128
141
128
51
52
33
56
85
18
24
25
221
941
81
57
263
106
24
108
126
230
101
22
35
43
29
31
31
82
50
47
20
37
54
43
28
21
21
40
30
26
21
19
19
25
28
64
47
83
43
47
59
29
41
64
62
28
34
47
36
17
33
19
16
41
1
343
312
36
29
102
22
117
194
34
35
80
144
27
38
49
62
25
38
31
47
22
38
67
30
45
25
31
108
106
122
27
103
72
44
46
35
68
22
35
20
20
32
12
7
14
1380
1180
46
40
593
213
175
261
50
43
98
35
19
90
249
54
62
15
23
37
27
37
39
37
24
26
161
117
25
1017
75
33
1670
63
28
26
51
51
36
136
45
80
38
188
107
39
176
67
86
25
44
33
30
56
26
27
52
68
35
34
41
25
379
54
1042
72
32
425
258
60
156
41
52
26
52
44
85
16
16
83
495
142
138
270
91
19
71
28
95
29
31
44
45
32
105
114
54
96
39
26
38
40
39
25
28
22
23
30
1
1
80
59
33
147
109
182
299
94
143
216
40
103
90
40
726
41
54
140
59
119
38
86
106
66
62
154
32
209
29
40
27
22
80
131
76
55
45
48
91
37
53
58
63
34
20
48
24
34
20
38
22
1
39
74
101
278
64
33
218
41
104
82
591
40
558
127
56
63
104
69
104
217
74
26
46
145
186
26
54
94
53
49
51
24
40
48
44
29
29
63
24
26
43
18
85
63
196
59
92
64
36
51
112
72
27
49
33
34
100
33
24
31
25
36
2045
135
44
100
112
45
39
25
36
60
28
214
463
141
40
1521
50
99
133
71
49
92
121
56
23
38
27
38
31
75
19
136
45
24
37
79
53
37
23
34
38
28
16
223
52
28
160
57
41
44
37
86
32
93
37
35
42
21
45
20
27
24
35
56
232
50
25
139
359
109
33
66
29
24
25
49
40
47
24
35
41
27
11
26
18
2
1
668
1234
1086
31
61
121
54
37
258
159
114
34
99
36
37
22
23
142
42
23
49
35
73
54
85
40
27
21
28
42
35
22
20
2
1
87
299
88
97
109
29
34
30
43
43
35
63
61
86
43
88
29
62
50
48
82
72
41
101
39
64
51
44
38
47
28
21
18
15
22
28
16
15
1587
380
388
185
164
679
485
101
95
41
52
169
258
174
41
32
36
26
47
28
58
1903
40
924
428
32
56
74
554
48
46
89
29
32
37
37
38
28
18
25
23
28
26
15
1
668
1205
142
592
138
62
116
75
62
47
46
88
412
33
29
63
71
76
124
43
82
54
31
33
32
29
41
40
35
35
19
22
131
116
227
280
178
210
422
145
783
40
207
30
111
56
38
51
37
58
61
44
118
28
228
37
30
33
19
22
70
95
165
48
30
43
23
50
47
45
36
40
34
36
27
24
30
30
3
480
1061
65
20
97
889
272
33
112
96
26
30
107
22
153
43
19
80
39
28
772
19
229
39
57
501
815
481
30
38
102
24
120
33
123
139
57
32
43
37
52
27
62
22
515
212
1135
53
170
318
71
40
64
166
57
157
68
55
22
39
106
34
68
128
58
32
16
37
32
132
35
22
34
88
32
35
35
24
23
1
225
122
1451
47
156
52
90
94
215
121
184
25
408
101
73
112
68
71
36
58
57
21
37
93
47
32
64
48
20
31
26
36
54
23
1
147
1169
33
244
582
25
297
141
74
38
74
279
58
37
32
171
31
104
122
77
42
36
52
44
29
71
49
40
29
19
22
271
183
23
145
43
41
102
154
136
43
152
36
52
89
18
84
72
34
48
49
25
18
19
27
11
1
79
70
2239
82
125
32
35
51
34
37
28
54
12
49
75
41
33
43
48
23
23
3
2
864
171
29
26
451
1025
137
944
48
258
191
288
51
23
147
141
66
40
52
20
23
28
21
53
22
31
24
69
61
37
34
35
24
8
1
884
307
337
57
163
106
387
802
74
311
520
71
103
300
118
66
108
156
85
74
31
101
107
87
21
39
28
45
58
45
17
39
27
23
20
17
1296
36
823
648
65
775
45
540
18
164
82
369
69
52
59
22
18
32
44
40
23
38
24
230
888
265
38
321
303
855
52
670
50
61
441
38
37
73
21
112
34
24
20
55
69
48
19
40
26
35
18
27
31
311
1205
364
81
83
851
45
316
289
30
31
321
35
30
53
29
50
10
90
151
26
42
93
37
34
30
51
16
23
31
32
32
18
25
20
17
22
366
40
1301
115
192
157
55
447
484
34
17
521
54
77
80
46
168
11
60
34
35
203
44
37
29
41
16
27
47
37
52
26
27
1
1
1764
42
54
44
71
68
129
188
210
90
178
35
59
34
210
51
37
20
37
68
49
20
44
29
44
2
866
72
539
77
668
78
105
41
52
87
80
147
32
31
156
27
30
14
28
29
17
521
267
91
631
27
1044
557
138
62
29
140
22
31
31
36
48
71
40
50
32
37
17
11
30
49
34
19
15
34
36
1
960
46
1264
40
92
80
20
99
31
20
183
26
59
114
83
48
91
22
59
135
32
21
49
37
27
32
23
44
6
2
551
31
70
573
653
215
154
280
281
37
60
127
28
35
49
184
33
92
182
21
13
129
123
77
47
32
93
43
102
44
69
28
23
36
48
1
59
38
85
412
97
104
31
37
58
91
24
132
66
36
42
73
44
61
99
30
37
51
30
26
26
45
19
19
21
46
403
125
1263
43
30
152
594
96
94
94
46
125
28
94
84
97
47
12
87
49
53
32
27
102
111
212
52
60
43
66
12
328
245
662
63
173
519
617
72
28
105
18
84
58
37
70
33
23
13
46
27
22
38
58
63
16
26
43
14
5
21
3
245
1042
90
105
645
666
22
22
122
23
76
32
28
69
30
21
73
64
40
39
39
21
49
35
62
122
70
51
26
33
33
13
13
27
24
22
744
236
197
350
74
161
366
109
32
339
49
116
65
36
31
27
67
36
40
98
34
20
152
32
26
43
42
26
66
49
25
36
35
30
231
60
33
24
34
55
19
74
30
30
142
45
74
60
34
21
84
40
82
41
31
269
89
544
62
284
279
233
25
27
59
43
30
92
36
39
46
56
25
47
42
43
4
45
21
19
34
843
577
173
80
118
30
92
132
62
100
29
24
51
61
41
53
36
29
27
1
1225
73
491
138
99
52
16
215
43
158
38
72
86
52
58
129
27
41
69
13
44
19
41
35
35
802
422
1093
43
66
48
82
195
52
30
62
152
40
135
35
43
33
52
29
35
64
41
72
23
26
31
27
15
35
15
32
52
678
51
53
15
133
514
42
33
36
29
26
172
96
67
41
51
44
63
15
47
23
31
28
40
27
3
121
319
582
58
27
252
33
351
35
38
40
74
35
70
38
47
33
32
54
30
48
22
365
219
39
249
63
116
105
74
24
49
32
43
31
32
20
25
21
14
364
221
44
243
295
551
30
345
281
751
24
466
48
229
148
45
104
122
54
39
66
32
38
26
28
43
26
25
22
35
288
73
893
105
92
271
87
269
81
114
83
46
37
73
36
46
18
28
55
38
23
19
53
29
1
1
166
18
41
33
43
49
39
40
150
98
55
88
32
47
118
90
23
49
26
30
43
105
192
51
285
415
51
66
56
54
55
48
79
32
90
39
39
36
73
205
97
56
43
43
97
52
24
31
28
117
28
20
24
27
22
4
1
23
412
71
100
82
90
970
33
107
55
53
250
378
52
42
63
14
151
30
51
30
28
18
20
51
145
17
34
23
37
730
430
499
135
32
702
35
40
357
74
107
95
27
28
54
141
112
92
86
26
17
36
57
31
66
45
35
32
4
48
21
38
12
1393
802
20
676
46
464
67
64
84
28
29
43
62
43
55
80
35
41
34
33
33
28
34
55
44
31
73
453
370
51
161
34
34
86
78
33
129
30
284
239
25
23
152
146
46
33
57
23
161
917
34
29
383
83
186
94
87
20
32
311
66
18
72
67
28
170
228
51
47
64
30
39
60
30
41
15
26
24
35
30
23
27
20
26
1
630
287
1290
123
349
980
102
148
62
29
275
143
174
147
41
39
21
50
22
72
47
16
24
68
35
18
20
20
19
24
72
76
1445
188
199
72
808
128
405
155
22
161
36
532
58
104
39
32
30
85
178
24
61
28
55
22
25
84
34
55
300
160
205
37
24
41
361
29
46
42
48
24
26
20
28
27
23
53
32
656
196
703
34
267
79
31
19
230
39
24
29
20
15
30
33
27
31
91
36
89
95
41
31
26
33
34
84
45
36
54
57
13
19
19
48
45
44
22
34
15
34
20
18
74
76
112
323
832
70
472
43
78
71
25
64
39
147
59
235
92
20
32
137
53
51
45
29
27
28
64
38
140
75
41
39
27
19
55
45
1661
182
40
122
672
239
31
32
52
27
52
43
288
59
58
249
52
30
44
34
87
69
40
222
43
106
34
52
35
46
51
37
27
14
26
25
16
31
609
93
486
325
585
32
156
287
174
143
22
48
22
209
49
53
165
43
203
68
61
27
55
36
53
47
34
28
9
27
28
30
51
2053
57
25
240
42
89
41
99
73
44
56
250
56
246
148
70
248
36
73
35
27
40
51
57
33
33
17
32
20
133
101
98
723
222
136
48
257
78
35
37
89
139
43
103
24
38
30
29
171
22
151
33
64
20
19
29
39
27
942
203
93
1136
208
77
195
42
88
22
29
170
42
34
77
24
19
17
40
33
42
62
13
49
1394
626
481
145
58
544
438
119
36
47
29
70
109
55
79
46
28
38
97
45
30
53
35
48
26
31
33
33
13
25
43
21
33
29
24
57
208
46
113
50
114
135
27
110
23
32
76
62
41
215
27
23
41
64
26
29
83
41
28
44
32
32
47
22
48
47
11
1
3
655
82
1644
587
261
164
101
40
162
131
138
149
29
55
107
150
39
32
15
64
132
22
21
9
37
1
557
206
148
257
32
201
40
200
25
1136
59
29
25
228
78
408
132
49
117
42
28
43
26
23
14
26
21
19
56
4
44
26
13
1
361
273
42
34
213
1148
110
412
67
69
37
39
44
60
169
35
26
84
41
43
39
112
146
24
66
79
35
29
29
35
27
18
12
591
111
980
75
67
267
551
164
55
40
156
51
258
199
325
90
52
281
50
104
100
31
46
45
38
32
123
51
48
59
63
70
19
26
16
32
38
1
504
381
41
443
1034
274
16
144
39
28
19
50
40
48
34
21
48
54
28
25
10
594
117
725
1050
258
54
699
358
60
33
55
135
272
46
101
99
41
97
57
99
57
52
43
48
15
33
15
47
31
15
22
52
540
70
165
529
241
26
370
41
22
60
109
39
30
43
49
29
38
22
27
20
46
44
69
32
36
43
33
15
338
442
17
34
65
39
35
31
29
43
43
18
48
38
67
16
31
33
41
18
1
236
305
120
106
185
163
119
490
35
310
42
195
22
83
146
31
58
26
369
35
30
79
15
219
15
127
67
31
30
27
23
17
186
210
1265
47
117
46
52
181
463
99
64
34
261
52
32
105
173
27
45
60
78
42
65
38
47
48
60
54
30
31
44
62
63
35
23
25
50
310
1434
1611
42
18
460
28
32
60
30
86
27
128
22
33
44
58
49
634
33
84
484
75
259
243
83
122
97
40
32
91
17
120
38
28
80
19
45
40
55
51
22
32
19
203
269
216
37
493
371
272
61
530
356
32
36
61
48
172
656
74
34
42
281
27
46
47
73
63
58
58
45
28
17
30
25
11
659
1135
52
29
43
25
494
109
150
25
70
36
27
34
36
20
40
20
45
18
46
524
744
1191
87
186
96
95
103
59
564
32
35
116
46
21
68
146
26
29
45
24
23
25
40
50
29
16
203
213
125
76
38
238
131
178
271
62
23
88
50
71
64
289
38
88
31
21
76
68
18
17
28
32
20
27
26
11
283
44
477
277
262
404
147
310
283
44
296
68
53
410
96
463
88
615
34
28
21
173
133
79
31
26
50
66
109
89
30
31
32
32
22
39
45
44
28
26
19
10
409
111
59
54
94
93
25
26
206
134
35
49
20
46
41
23
23
42
13
12
23
46
925
54
1564
53
60
119
38
498
42
30
70
145
41
33
53
42
26
34
65
22
26
15
34
741
46
26
21
121
140
40
43
51
58
70
76
49
67
30
34
32
44
100
82
73
28
36
18
13
10
17
1
26
801
71
141
240
95
72
41
39
38
110
32
38
59
97
52
28
81
25
315
36
77
113
27
44
80
81
78
46
41
75
30
20
32
18
34
39
914
55
43
476
121
14
67
284
255
89
98
205
66
45
270
344
30
103
86
42
48
37
522
34
52
75
43
20
26
15
25
25
15
30
31
26
24
71
92
160
1873
23
73
34
66
96
28
36
38
26
27
299
1982
435
281
611
28
57
43
144
95
35
44
44
41
46
50
32
25
38
43
26
89
38
37
22
16
701
109
225
115
649
411
445
80
51
35
34
38
84
61
75
98
85
26
98
61
22
31
66
38
37
27
36
54
19
23
39
1
196
1001
160
389
502
158
707
436
83
169
38
35
169
36
121
75
26
93
98
26
46
46
41
54
70
77
42
49
74
52
36
18
19
25
19
80
58
81
67
52
92
118
37
30
66
31
109
35
175
63
82
105
21
73
45
28
28
35
34
16
22
28
21
125
31
113
159
43
30
57
50
74
25
31
42
39
18
27
3
24
21
89
87
189
953
721
769
83
115
736
67
135
38
50
208
138
32
35
46
33
21
46
42
60
203
102
116
83
26
33
15
99
56
24
31
31
10
35
90
475
49
43
225
846
105
174
69
27
67
24
23
38
53
62
22
34
44
123
34
37
18
1
28
31
20
29
40
720
64
73
335
173
28
583
77
590
70
62
278
84
44
84
42
53
45
74
53
67
170
108
42
30
28
52
71
31
46
26
26
87
20
42
1
29
19
22
8
220
229
431
173
24
645
636
156
109
97
137
149
388
74
49
75
63
35
556
132
161
36
193
41
160
492
25
138
120
54
50
235
39
126
72
70
92
32
77
29
27
52
29
44
15
29
30
24
1
421
960
770
82
40
73
182
134
115
24
37
45
98
31
101
83
45
16
45
132
26
34
35
126
139
120
31
41
48
29
25
60
30
20
55
32
37
42
6
1
465
114
330
559
46
18
445
63
117
80
47
55
16
36
100
40
33
85
30
25
23
43
28
31
34
41
21
31
122
83
245
277
506
63
56
116
542
338
50
57
91
131
252
30
512
236
409
35
59
22
116
37
33
193
322
20
89
95
121
167
38
97
35
39
31
25
28
3
34
1
19
263
40
222
37
236
62
67
33
29
37
34
95
23
25
34
40
24
14
159
1277
69
318
135
145
301
323
114
49
69
60
34
26
26
18
15
151
27
47
53
35
34
31
26
32
50
14
1
1
411
319
60
62
208
781
37
37
429
68
59
104
42
57
50
85
72
77
28
118
145
34
286
48
60
56
24
56
38
20
15
34
37
32
26
37
49
61
19
42
22
1
51
175
32
28
106
16
433
251
23
65
82
81
62
32
61
103
54
29
49
33
40
32
20
37
17
1
932
840
350
129
238
32
62
202
31
60
204
31
89
76
29
71
54
97
26
35
282
31
31
85
43
29
21
18
106
87
30
78
37
25
1930
46
54
25
59
117
62
186
32
115
59
72
46
141
52
18
19
24
57
41
40
25
142
14
37
33
42
130
845
45
43
120
69
32
71
78
177
118
166
93
41
39
32
22
62
28
62
65
37
287
146
282
1218
149
45
97
24
48
116
176
57
61
100
26
89
31
59
29
30
65
41
28
151
28
27
29
1
28
365
238
131
345
38
373
622
761
63
971
134
41
95
88
54
66
18
27
240
48
49
45
125
109
17
88
31
43
25
21
36
28
19
34
58
47
32
61
52
128
146
31
30
89
53
72
33
34
58
10
49
32
97
24
30
37
67
36
36
128
21
17
24
1
109
419
22
302
76
116
126
58
41
290
262
461
20
1063
124
45
101
44
51
335
39
21
72
31
38
37
17
55
27
24
27
41
544
172
366
841
95
190
138
372
268
93
58
146
107
37
149
95
521
47
27
133
48
75
47
66
57
25
37
101
33
21
38
85
62
28
44
31
21
40
17
27
30
28
46
26
29
43
24
229
828
36
582
116
99
85
65
42
87
44
339
23
34
254
22
42
28
33
35
35
45
28
39
48
14
42
30
18
1
1
454
591
21
22
125
84
73
64
32
34
99
43
43
46
30
17
107
22
64
42
94
96
65
44
168
356
102
16
617
310
465
161
178
19
225
51
80
43
35
66
93
90
71
40
48
27
81
136
31
126
41
31
85
34
33
33
77
44
42
14
27
30
35
26
37
18
26
28
22
37
27
3
948
153
1269
269
171
575
301
47
134
20
165
53
24
77
34
79
30
63
60
45
35
32
22
25
21
725
877
49
84
102
31
108
122
45
238
25
194
28
60
31
72
32
112
31
25
57
58
33
65
30
36
69
29
34
71
29
30
22
2001
23
165
53
280
163
125
230
273
170
156
145
19
52
40
58
45
28
49
37
33
26
38
40
36
23
24
20
6
1957
835
219
25
419
163
38
86
42
28
37
46
58
53
27
32
80
66
36
19
32
12
30
38
29
30
30
18
1
114
28
34
580
237
7
53
43
158
369
138
30
35
41
52
42
27
44
26
130
18
35
21
26
33
21
92
21
31
18
39
1
367
309
153
173
169
430
137
24
31
263
66
62
40
162
155
36
49
203
22
33
33
70
43
15
18
24
1
108
197
255
228
102
37
544
32
374
56
91
31
49
35
33
43
131
32
32
39
298
208
33
244
320
114
74
210
137
50
35
78
60
33
51
12
61
58
105
26
29
34
72
34
38
46
20
68
35
20
31
815
593
1347
46
225
182
63
30
36
35
76
21
73
23
39
41
34
40
282
64
84
129
960
178
75
53
354
180
36
504
72
55
107
163
34
50
104
50
131
51
55
34
123
41
61
39
41
42
18
38
59
22
18
19
21
36
32
41
27
1
47
38
70
70
175
212
64
43
50
78
322
157
57
41
75
84
108
28
94
32
30
17
18
19
26
2
139
49
317
53
64
61
44
18
39
33
20
38
31
16
18
2
51
444
218
86
41
107
55
32
74
41
47
116
37
41
78
48
42
90
30
36
31
40
20
57
124
21
40
64
57
27
1
1632
55
217
607
535
7
168
82
33
392
19
195
51
34
38
190
32
124
46
57
41
25
45
35
9
37
37
41
27
16
38
34
42
26
30
954
1108
51
967
310
399
91
189
285
62
48
75
26
169
84
72
31
110
220
33
23
54
28
23
22
6
928
694
51
23
36
65
68
32
111
71
24
38
28
34
90
34
45
11
35
71
9
34
30
31
30
26
927
285
446
353
76
130
17
178
73
59
104
287
365
30
30
40
115
60
33
47
31
36
44
22
51
25
28
38
13
102
217
327
1412
57
366
368
54
186
128
115
92
19
34
99
144
162
25
36
35
27
87
50
90
32
82
49
28
26
36
40
14
37
24
27
35
56
29
28
23
565
417
44
573
406
47
38
135
176
59
161
76
29
15
39
124
205
43
183
60
31
36
43
123
60
92
31
42
22
18
16
1313
838
132
34
178
514
509
48
234
106
221
37
54
218
36
56
78
33
34
35
64
30
25
32
85
17
45
36
45
18
40
19
53
36
470
104
95
46
81
59
51
262
31
32
20
35
45
24
47
2
1
68
23
1281
104
282
216
12
763
61
42
126
43
51
30
27
38
27
16
40
35
17
22
2
59
313
170
484
519
47
398
140
53
155
151
150
59
50
31
42
47
42
23
57
90
50
69
27
30
29
20
20
91
69
809
45
100
107
1415
169
34
42
55
73
54
117
32
157
124
60
24
38
76
129
116
36
242
29
57
52
33
68
23
35
36
26
34
23
16
22
13
32
194
319
1272
36
173
68
40
20
39
685
38
126
85
42
67
68
44
64
37
111
26
46
32
33
42
31
32
88
61
27
29
17
105
22
13
27
26
37
35
53
21
1
40
46
47
30
154
671
227
44
439
81
28
27
33
67
27
92
76
63
46
25
39
28
18
18
1
71
346
53
537
26
44
112
106
14
453
50
17
285
58
19
57
74
204
48
36
26
105
37
35
35
33
28
91
30
23
32
17
82
25
41
30
40
24
18
22
22
31
1
247
55
81
44
112
86
26
48
47
264
138
36
112
46
31
117
77
19
21
22
35
41
32
27
24
38
4
26
1
44
406
367
105
20
466
77
28
783
29
165
35
15
26
80
115
57
43
31
35
50
52
34
31
199
27
42
34
21
1
210
1135
162
119
44
50
78
37
31
89
32
320
23
82
33
37
58
31
30
31
43
29
29
35
57
32
23
103
41
93
125
624
89
41
46
431
43
29
112
75
13
34
23
18
36
26
60
23
46
29
142
628
44
429
1034
73
434
393
27
66
47
32
38
79
33
36
66
32
38
103
34
68
56
119
35
55
43
58
21
1
1
56
1204
1204
118
110
159
146
32
49
31
39
37
31
45
60
23
32
103
115
61
28
85
241
33
53
28
55
10
35
52
2
37
1
97
1142
281
1500
33
589
56
34
38
25
127
232
204
44
111
68
45
43
24
29
127
58
57
47
12
23
41
9
1
156
57
132
91
1956
315
56
28
324
257
31
178
35
64
36
26
44
66
140
40
90
27
79
41
46
41
26
34
25
25
59
30
1
265
768
546
580
217
215
382
23
686
131
180
104
32
42
84
273
56
150
23
110
70
58
45
32
29
42
55
33
102
67
51
36
42
36
15
38
196
332
192
273
13
32
29
49
81
23
111
54
89
216
137
42
47
42
20
19
48
34
46
50
60
27
17
11
8
19
67
95
44
314
240
274
317
142
93
16
35
27
32
20
30
40
38
33
18
72
996
329
37
105
335
180
24
27
140
45
95
118
63
124
80
71
72
31
34
27
36
20
33
791
82
16
406
28
147
142
73
241
108
134
28
22
44
1
41
18
34
41
36
39
51
1531
64
1246
29
38
51
140
43
71
50
71
25
75
19
29
71
135
31
29
21
65
29
2190
44
124
331
64
23
67
17
22
43
87
26
66
26
32
34
98
41
50
16
48
52
53
32
64
42
5
301
50
154
191
81
92
28
128
27
55
64
121
54
40
94
14
60
29
18
21
30
20
251
508
157
1251
159
243
150
131
179
28
98
45
43
75
18
101
127
23
178
297
69
172
60
46
76
16
61
34
80
32
33
28
41
33
28
25
30
22
1
36
150
248
273
78
244
92
21
83
30
30
217
48
84
23
30
84
44
47
160
30
28
31
44
75
22
82
33
40
18
528
128
660
41
169
31
149
25
202
162
130
20
35
62
21
42
85
40
37
1
25
41
30
28
34
19
45
24
114
1562
27
118
255
88
166
460
198
159
290
38
142
28
195
92
40
73
191
52
36
45
76
89
92
37
25
22
29
38
32
49
29
27
22
22
1364
335
1125
37
36
48
51
222
314
191
38
50
32
23
97
34
151
28
18
85
34
24
51
25
132
48
35
26
17
100
1793
97
120
30
39
38
43
302
40
46
37
36
49
38
25
14
129
58
40
22
31
15
19
53
34
42
29
33
51
24
19
4
1
1005
108
145
68
225
378
121
37
106
69
20
395
101
114
55
78
51
77
34
32
39
24
37
53
42
36
44
25
34
29
35
97
109
255
485
146
206
117
20
83
32
154
62
48
60
41
32
33
12
27
34
34
47
26
23
63
69
366
2563
41
33
35
31
56
36
43
37
43
21
10
22
55
10
38
30
22
229
519
709
210
195
29
749
494
51
100
28
22
35
38
48
27
43
236
53
67
39
26
25
42
50
20
22
59
378
697
46
105
42
42
34
157
71
25
48
38
24
26
221
135
25
79
142
53
28
45
18
29
29
27
38
21
23
27
2174
92
28
189
74
48
20
48
32
200
64
33
45
40
83
34
39
92
30
27
23
19
16
26
23
19
18
1795
60
39
24
175
40
200
227
18
18
227
32
51
34
49
22
19
45
72
24
26
18
35
56
27
39
23
40
9
23
1
78
17
1175
466
94
417
42
170
149
37
224
176
46
45
30
120
37
44
37
36
73
144
44
44
51
44
63
33
28
39
91
35
20
36
44
45
40
28
28
19
29
19
675
689
438
451
188
281
1416
29
34
37
42
54
67
18
18
110
23
123
74
41
89
42
40
42
87
40
37
1
279
379
70
90
85
1409
248
33
306
64
124
118
114
53
35
86
162
20
23
31
18
33
38
33
12
27
148
149
50
34
90
26
30
73
40
21
69
67
554
37
1208
59
262
67
124
508
24
100
48
43
35
19
38
74
21
43
40
56
30
145
18
51
60
35
20
630
294
218
36
362
43
531
223
28
287
32
250
27
276
385
110
228
467
208
27
69
54
140
51
118
42
169
21
27
66
57
37
34
11
23
35
45
1325
336
162
184
70
27
86
305
47
41
45
22
38
25
37
40
32
35
27
36
42
72
356
713
1500
145
156
62
65
40
27
104
32
80
61
32
107
597
169
44
26
30
47
81
30
24
32
60
41
17
46
29
59
41
37
26
18
35
30
57
264
89
125
101
124
99
52
40
106
33
107
29
105
75
54
35
48
46
47
34
28
37
25
22
19
35
48
320
20
41
18
110
33
30
32
76
171
44
74
21
40
41
30
32
42
21
10
34
129
30
424
49
72
22
55
108
92
88
44
110
68
135
85
24
45
27
28
40
71
30
24
74
49
48
15
193
90
133
1243
167
165
567
36
98
30
115
97
163
186
22
53
147
26
187
22
229
118
74
99
33
88
48
28
33
45
98
46
29
32
18
4
313
848
168
744
176
120
53
117
200
402
40
20
23
11
24
31
84
26
111
30
58
49
41
64
41
34
49
21
16
22
49
25
32
1
644
704
302
223
69
773
58
52
92
22
104
193
57
12
43
85
21
74
32
38
30
33
31
2
537
128
28
780
64
889
636
135
312
74
33
35
94
186
20
280
31
57
37
197
37
80
53
67
52
30
10
54
23
46
25
27
34
33
31
29
33
32
156
840
1808
132
93
362
62
39
119
124
166
22
160
35
62
46
36
63
50
31
41
63
60
48
35
48
24
24
1
74
347
301
51
81
178
40
51
73
467
284
68
27
266
215
28
329
90
31
293
38
93
34
58
34
46
66
88
33
34
92
45
43
24
31
20
61
55
25
13
1708
71
62
533
24
227
47
25
35
224
31
64
161
35
44
33
31
40
47
23
12
27
65
25
34
27
27
24
82
45
29
25
50
177
115
90
44
135
109
84
92
47
23
163
58
19
39
45
39
34
33
34
4
44
32
35
25
31
26
115
950
19
172
101
225
380
285
45
139
58
148
107
611
593
318
62
128
54
44
116
187
29
28
40
65
77
44
59
42
46
30
45
41
44
40
24
50
33
25
520
88
58
543
517
31
73
72
689
32
85
56
25
119
83
35
25
195
24
22
53
73
71
81
61
73
32
25
31
73
59
27
90
28
36
73
15
27
25
33
17
31
18
2
1
88
139
93
42
157
124
362
328
196
66
51
51
148
168
28
25
21
42
42
32
40
35
17
2
1
702
649
95
779
472
212
159
29
38
134
44
187
18
271
55
127
50
22
83
101
190
119
185
84
26
58
32
82
25
19
19
15
42
21
713
129
80
50
80
51
139
71
83
70
62
23
123
46
54
21
44
45
83
1445
108
89
349
55
116
146
91
107
49
42
70
82
31
39
25
111
27
26
27
15
17
20
63
48
1046
22
20
33
47
72
37
38
38
18
44
34
26
21
18
57
51
23
16
1218
88
87
350
26
267
24
646
60
122
39
30
95
70
53
56
32
26
24
24
35
14
24
24
32
298
295
887
1281
34
26
70
29
34
48
36
148
138
176
34
40
32
35
105
150
27
36
35
34
40
38
32
48
55
24
42
26
24
27
14
48
333
27
337
704
81
29
222
265
38
25
63
90
15
63
40
22
23
21
9
22
41
18
1
1124
142
241
98
65
258
831
51
211
1200
35
229
106
29
93
31
73
58
15
40
30
107
28
65
38
24
1230
1183
250
36
268
124
38
78
524
20
232
78
183
39
87
49
24
57
173
151
24
87
38
31
49
80
39
71
81
15
18
13
68
21
93
213
36
1630
93
92
352
256
43
22
32
83
121
36
24
58
97
34
29
39
41
25
38
54
34
37
40
1
141
1118
135
524
1200
79
482
303
49
71
63
27
29
32
61
21
63
27
29
29
24
22
35
11
4
772
80
132
57
211
88
134
203
66
103
168
25
47
30
14
49
34
61
118
57
28
28
36
34
32
43
267
280
89
66
98
114
73
46
91
118
94
24
151
55
33
100
34
37
12
27
31
23
43
17
17
1050
440
915
404
383
27
52
40
64
1139
57
115
39
45
131
55
34
60
28
77
81
27
34
14
23
32
1
184
775
237
79
337
37
72
90
120
30
40
402
40
20
21
58
50
91
30
22
34
37
31
37
51
52
34
28
30
18
541
134
39
309
53
65
30
47
89
52
52
82
45
100
200
36
25
105
35
4
30
10
31
33
61
142
133
88
162
102
268
117
62
149
26
126
194
27
29
51
23
27
24
57
44
30
17
26
25
386
41
135
97
64
295
662
218
275
115
183
42
138
29
25
57
27
71
26
32
73
49
28
26
37
19
125
1197
138
194
85
32
75
81
183
122
35
59
35
42
62
32
42
23
37
29
29
34
23
40
43
28
38
26
263
496
91
598
38
53
678
239
54
261
82
89
184
186
62
91
41
56
19
65
78
39
57
38
25
57
45
43
17
37
36
20
21
31
20
16
1057
222
84
1931
105
42
30
50
27
154
28
102
41
46
117
173
96
21
20
30
44
38
73
28
633
520
110
85
96
70
101
33
35
28
33
19
25
35
35
735
39
297
597
103
467
593
876
280
206
88
38
42
64
47
23
36
40
62
40
28
71
28
25
30
45
43
40
22
28
37
20
23
237
91
228
29
324
30
33
33
66
52
16
67
34
60
29
33
23
40
33
38
25
36
21
33
56
352
405
411
397
33
308
223
386
184
145
45
36
116
97
42
31
77
35
78
43
46
54
39
43
21
44
31
16
27
27
35
17
2
1
919
115
752
53
86
39
838
212
89
24
26
153
165
95
450
36
416
45
35
24
83
26
33
33
67
23
36
39
38
24
51
47
31
29
22
1228
160
241
98
103
187
48
106
67
86
48
232
32
262
22
36
47
36
42
42
26
35
1
27
3
290
500
1198
370
57
51
384
35
150
203
41
416
79
198
46
85
34
45
54
37
41
29
27
27
249
127
194
611
96
41
61
82
72
139
91
25
110
171
68
44
28
13
59
37
47
40
56
24
24
28
47
30
37
32
20
11
22
60
20
43
35
19
23
19
1
436
34
314
225
71
739
383
87
42
199
437
37
159
187
537
351
403
48
61
153
44
28
45
267
27
37
78
30
74
39
16
62
29
23
25
35
55
26
1
1
532
821
266
126
94
73
57
40
805
91
26
187
30
339
256
144
75
368
114
31
98
63
178
33
53
24
21
100
200
118
33
45
19
51
43
53
33
31
1
1
121
174
110
26
25
29
43
19
232
47
89
20
91
24
186
83
21
79
29
77
86
107
38
161
49
31
31
71
18
70
104
18
33
77
52
41
22
62
19
44
39
35
40
746
938
233
51
27
102
44
55
91
130
16
20
37
21
75
87
66
166
16
92
18
84
23
32
4
27
1
1726
802
154
76
39
49
198
107
32
160
270
96
62
113
123
97
99
33
70
32
15
51
33
41
51
20
1
70
35
23
31
189
105
1688
88
52
25
157
140
128
50
236
128
71
29
22
44
2
24
17
1
1
515
589
425
176
84
42
495
274
483
74
212
421
30
23
27
31
67
44
54
21
33
29
42
30
455
641
1245
47
597
355
519
70
35
246
26
39
187
59
131
74
38
93
22
33
39
86
28
58
64
40
41
81
158
52
34
28
268
256
268
253
208
46
195
94
124
45
115
41
69
73
196
73
237
31
45
66
115
51
28
17
26
37
41
28
319
729
629
61
362
448
245
791
325
387
268
86
101
84
64
192
25
40
39
66
26
25
33
29
75
27
26
109
27
68
1022
168
249
390
125
131
23
168
140
74
58
34
53
88
95
70
104
21
31
28
16
5
72
138
63
50
32
77
30
45
222
77
233
30
55
27
104
43
27
36
41
30
22
36
39
69
19
18
32
20
122
22
117
454
70
24
114
883
207
125
39
106
165
51
134
127
258
364
52
36
24
24
250
35
162
37
171
33
37
29
31
47
114
44
103
47
16
19
27
35
26
33
36
31
53
34
17
3
16
25
21
733
407
70
128
30
21
40
24
1
40
142
45
17
27
12
23
59
63
32
35
80
27
49
52
29
25
31
18
1
1
981
859
37
253
331
214
298
116
147
118
21
302
127
74
56
214
38
52
28
99
99
58
130
34
73
66
56
49
30
77
33
47
35
21
34
26
57
44
41
60
6
222
38
52
189
310
306
36
60
35
43
26
31
60
33
19
101
52
46
30
37
15
20
19
192
76
431
35
137
42
55
98
66
62
85
36
56
48
19
19
1
80
327
1410
16
519
142
266
509
140
193
27
61
39
24
46
55
31
54
114
43
40
2
1
541
57
45
1027
189
421
70
161
67
87
261
49
47
33
70
80
31
37
34
33
1
99
64
42
223
67
149
43
85
32
105
106
52
61
67
29
36
36
48
24
45
50
18
51
81
31
75
103
58
1566
213
3
129
204
63
68
44
24
53
30
45
99
105
38
23
21
21
27
29
37
43
38
26
32
24
49
16
27
1
1160
38
106
323
413
162
509
84
122
36
31
516
47
162
88
35
61
203
17
35
20
57
28
26
28
54
56
35
73
25
43
82
41
44
54
12
22
46
17
21
20
23
1
211
33
107
51
151
52
104
77
38
94
88
19
39
25
24
171
46
40
35
47
33
40
25
39
30
19
20
31
23
24
24
35
53
311
102
225
15
118
42
44
36
42
26
148
28
100
30
72
29
34
37
62
39
24
36
44
25
1
28
273
544
911
39
102
87
226
792
266
26
47
60
82
30
43
39
71
61
34
41
32
27
36
28
23
51
32
41
15
56
314
312
49
291
103
258
420
36
24
45
67
41
50
32
40
63
30
101
16
50
30
45
16
64
46
13
27
35
28
2
23
238
107
78
195
77
136
1133
64
116
184
28
176
23
166
83
49
112
41
31
125
43
29
92
39
36
62
23
26
75
55
21
40
37
46
24
36
53
41
25
1859
40
59
147
244
199
41
32
139
56
17
41
24
241
205
59
27
43
42
90
43
74
32
65
51
14
40
27
30
53
44
36
56
38
39
51
90
37
118
74
214
43
441
797
133
17
75
26
57
35
268
19
309
13
23
112
38
49
36
22
77
37
40
43
19
41
45
34
1
308
1325
440
771
37
27
47
372
25
119
330
41
35
36
66
88
109
34
71
35
57
43
313
59
28
50
25
116
39
23
28
224
29
58
17
27
68
91
142
168
58
126
91
23
44
33
54
45
38
39
33
40
19
32
32
27
33
2
37
357
447
32
238
74
31
129
73
69
80
67
114
67
82
46
66
40
47
50
81
36
30
24
30
38
45
490
75
12
27
44
47
384
133
85
35
37
41
51
25
37
29
41
22
44
28
33
29
37
42
180
543
368
42
42
93
39
48
29
14
28
103
58
64
60
35
24
44
36
35
39
1
66
65
179
365
67
13
29
39
77
29
33
37
34
24
3
28
15
17
