68
5581
26
27
119
23
117
21
114
31
29
36
29
27
69
21
66
25
45
5
31
13
11
14
4
2
3285
1189
211
60
278
25
49
389
100
136
47
54
37
73
114
99
14
50
14
40
25
21
41
26
12
48
30
30
22
33
2
5612
41
34
36
55
36
35
192
15
75
194
91
55
15
25
22
14
7
103
8
4923
139
387
135
62
14
99
36
15
28
16
25
70
26
13
9
36
89
29
51
19
54
85
21
21
22
19
25
547
3888
125
63
128
195
743
69
47
247
32
15
22
93
25
21
16
66
37
26
26
29
53
16
267
35
3632
973
89
265
182
49
22
53
22
33
383
110
21
66
71
172
23
26
32
13
1
14
5408
28
71
221
106
126
66
90
68
19
177
15
18
24
12
51
30
18
2
4
314
4621
165
45
127
383
40
17
44
54
38
37
43
79
12
24
87
21
41
26
28
20
25
71
16
28
14
42
17
18
40
14
1
2
5605
29
300
62
103
61
103
92
7
26
31
33
72
11
16
1
2
153
5781
83
148
25
96
35
29
12
36
35
20
23
24
29
17
8
5709
131
185
25
38
25
31
68
40
44
17
16
33
50
39
44
27
31
1
5124
257
321
51
76
89
36
61
30
150
18
24
57
26
23
26
17
25
29
40
32
18
14
10
5930
108
60
21
54
26
46
23
17
32
25
31
26
38
24
23
25
16
28
1
18
5725
29
51
76
25
21
24
121
100
16
74
41
41
37
27
25
29
20
23
20
11
5823
256
23
20
41
25
209
24
34
29
40
22
6
2
47
5685
31
157
243
31
21
20
44
35
43
21
14
26
34
33
35
29
4
1
5252
186
86
104
53
34
54
58
32
215
45
96
78
59
19
25
17
30
53
9
28
21
2379
630
1186
42
1129
39
20
156
116
276
27
260
66
55
22
28
20
31
14
31
26
1
3776
326
83
83
658
59
370
55
22
56
80
48
34
30
52
229
93
39
62
48
26
42
40
19
59
31
38
52
20
24
6094
26
24
55
70
40
48
54
39
28
42
16
6
11
1
6256
26
28
36
61
25
26
35
23
16
21
1
5673
291
18
38
32
94
21
48
69
17
19
31
40
20
41
29
32
21
20
4200
19
995
34
162
343
213
38
81
26
128
112
23
27
36
13
15
29
18
21
15
4
2
5596
57
20
120
57
189
32
62
34
36
30
29
29
95
27
23
40
35
20
17
4
1
1
338
4899
59
235
35
23
31
68
89
31
156
34
14
139
30
84
61
23
23
35
50
30
26
18
16
7
491
437
1102
1982
213
1721
42
38
150
37
34
75
74
19
30
34
28
14
31
2
2908
2052
520
425
22
21
27
108
39
47
23
29
36
49
58
15
31
44
17
23
32
28
3688
1265
481
204
85
51
24
168
28
31
36
26
26
31
11
105
67
25
18
25
19
31
30
22
7
1
27
16
6
5590
28
32
29
77
160
50
79
96
26
62
17
29
68
82
15
27
29
10
22
13
13
5994
26
102
27
77
39
49
63
38
27
24
34
30
17
7
1055
3465
39
1126
15
118
104
35
21
38
157
62
91
29
50
35
26
14
23
33
18
25
5669
60
32
28
60
121
17
38
45
9
22
17
20
41
46
19
14
86
83
20
32
50
5962
36
14
51
20
85
24
35
41
25
26
97
25
22
55
33
3
4152
776
90
1096
105
42
69
44
101
17
13
21
28
5565
218
28
3
39
150
90
62
205
35
51
31
34
17
26
5368
94
31
100
127
63
34
319
156
20
45
21
24
26
5
38
20
21
14
12
15
1
5536
69
44
13
87
287
23
18
43
22
22
19
92
38
25
35
44
24
30
15
23
22
23
319
5836
89
30
28
21
37
43
14
66
27
30
13
1
380
4832
177
56
17
447
28
26
29
145
36
25
33
23
21
37
20
30
26
17
21
14
19
14
42
28
10
1
115
836
2421
2156
76
26
30
187
65
142
76
111
90
46
16
27
74
22
27
10
1
4276
41
1448
25
53
27
124
77
136
51
68
44
39
37
30
24
31
22
1
5671
68
28
145
37
63
24
40
27
55
34
28
24
57
31
74
22
74
28
13
11
5862
30
21
30
123
93
19
68
20
15
81
44
75
27
18
28
5297
96
171
33
160
51
20
77
32
46
92
44
90
69
20
39
21
19
15
28
26
15
36
19
19
19
4474
71
1020
127
33
41
35
34
171
37
78
43
44
88
23
10
31
34
15
30
24
29
8
19
15
11
8
1
5188
288
20
283
139
45
37
35
42
56
76
55
33
47
23
36
88
44
18
1
1670
1092
270
686
106
688
1180
74
79
150
66
33
131
52
54
30
61
27
20
8
19
35
23
4601
332
186
28
833
57
54
26
61
41
16
86
13
30
17
39
20
27
8
19
20
24
15
1
4499
113
27
339
95
64
89
46
42
35
25
153
73
261
175
39
48
33
68
56
27
41
18
34
24
29
16
41
19
25
4581
955
16
156
60
160
50
87
16
76
74
36
17
26
23
51
17
35
24
32
32
30
5577
213
48
573
25
22
71
23
1
1
5004
497
29
41
501
20
32
41
31
22
48
26
30
32
46
26
27
12
22
24
23
18
2
29
5532
13
73
148
96
137
103
47
45
35
53
62
19
25
23
81
33
288
5605
32
247
31
66
34
34
18
16
37
31
30
16
17
3
19
14
16
4788
24
83
336
518
206
102
16
43
10
102
31
36
36
27
28
58
62
24
23
1
1882
2119
268
176
121
88
15
1125
200
77
68
49
14
31
28
43
34
60
22
83
26
24
1
3072
423
1088
363
918
60
36
86
113
26
49
27
73
35
18
29
11
38
53
16
20
14
3412
1679
862
55
67
26
59
30
9
15
48
23
57
49
87
32
24
5
1
4852
756
66
117
19
23
21
158
37
34
30
16
95
55
20
71
47
35
47
15
40
5337
240
78
53
37
18
172
161
32
64
22
29
30
72
58
34
16
52
25
15
9
6164
18
29
28
24
30
28
36
17
44
28
37
25
26
19
1
4563
93
823
163
45
127
42
259
171
77
22
24
18
65
47
14
1
2425
2697
449
101
83
131
29
30
76
50
42
96
86
27
39
53
35
35
22
17
15
15
1
72
3610
1500
75
20
119
56
17
41
64
22
94
62
80
42
115
59
17
19
43
34
34
49
30
17
40
100
64
14
20
5
17
1
1
1
323
4973
61
353
116
31
67
43
32
29
52
31
24
39
25
22
53
12
59
26
20
17
61
23
26
35
1
5260
30
26
39
200
53
24
19
119
87
42
57
24
6
97
20
31
56
26
41
27
53
31
13
44
19
35
24
30
21
3487
1834
214
457
76
23
49
30
22
22
44
23
36
51
25
21
46
13
18
11
20
32
620
5151
27
18
54
138
171
131
25
30
45
28
43
34
15
19
5
5066
276
28
149
407
24
28
48
18
29
23
71
67
86
25
5
56
31
16
25
22
18
28
8
22
3783
604
469
378
333
98
80
34
125
32
21
33
23
80
77
58
114
33
27
57
20
29
24
253
5660
58
58
46
14
95
22
18
21
34
24
27
47
26
27
20
46
22
19
17
6062
43
30
39
29
62
21
34
48
29
41
30
17
45
24
18
175
4100
65
1576
55
33
32
24
25
15
56
42
26
80
54
35
37
18
16
20
31
20
1
2434
1444
1236
95
65
69
124
25
27
28
55
29
27
53
12
58
25
18
48
189
32
139
86
41
20
60
11
28
45
11
16
4
6326
24
35
55
29
21
36
2
11
1
4
3
1
6
5022
264
301
188
82
105
116
98
35
23
54
38
20
27
56
26
25
21
15
20
14
4
143
4233
201
1148
105
103
67
50
18
79
31
37
45
53
26
32
37
34
23
26
20
26
16
1
4725
775
48
20
46
86
30
38
37
39
95
34
33
61
21
17
30
43
31
24
34
28
15
29
72
42
16
35
34
16
3968
785
470
288
233
234
20
29
6
17
54
59
16
27
41
26
64
26
50
53
24
18
18
28
4918
64
980
73
18
23
14
43
28
122
27
70
31
19
31
26
22
26
19
5865
16
306
23
30
64
65
29
20
44
32
19
28
13
4665
637
28
594
45
78
109
25
64
38
61
38
45
29
39
19
28
12
5165
48
95
886
60
21
104
38
41
20
58
12
6
706
3948
23
818
203
60
82
67
53
50
62
35
74
29
46
25
46
162
26
13
16
10
3432
639
34
292
124
69
21
73
166
1122
48
118
58
34
24
33
23
17
54
72
33
28
20
18
1
1
5245
69
183
143
65
35
43
26
63
179
22
63
23
41
61
20
23
30
21
27
19
30
25
30
17
16
18
17
25
3689
21
15
2075
219
25
49
25
28
102
1
34
13
74
60
39
14
27
18
1
133
592
4947
117
27
151
38
298
33
23
28
16
29
39
32
12
13
25
1
5599
134
133
58
86
23
94
36
160
44
24
26
12
42
27
14
21
21
2667
17
22
915
1754
145
30
28
40
38
88
46
55
41
16
16
31
49
52
22
16
38
62
56
26
24
34
58
4
25
44
23
25
14
31
2
3397
1616
68
210
50
37
90
61
90
140
18
24
154
24
26
1
180
18
32
25
28
52
54
24
38
42
14
23
14
1
2
1
5991
38
24
26
62
119
40
108
22
22
36
23
33
10
3455
1226
107
892
33
87
59
98
27
23
42
51
10
57
37
36
29
31
24
43
29
33
31
15
19
34
20
6
4158
1054
52
37
101
76
23
9
44
20
47
41
65
32
66
166
20
33
182
36
151
57
13
22
18
14
17
265
2090
108
1578
1748
35
71
37
59
23
27
76
113
33
25
53
11
33
10
90
21
29
3
16
6006
31
48
57
25
119
29
23
26
22
25
24
17
18
18
24
12
12
10
8
2037
2611
233
18
228
520
40
44
37
33
17
19
47
46
92
33
40
109
26
81
23
75
35
21
14
29
22
1
19
2
1
1
5328
114
31
20
331
46
144
83
88
51
28
60
41
24
32
21
23
49
21
18
1
3019
1498
942
229
203
69
112
37
48
41
78
42
21
45
3
30
32
26
25
36
11
7
4407
79
47
638
80
30
165
76
29
71
93
132
73
232
23
108
14
34
69
49
17
16
25
29
16
2
3814
514
69
779
53
305
166
30
72
176
24
56
89
36
25
34
35
44
24
29
32
20
20
24
25
15
24
18
1
1
2826
1009
41
58
138
493
59
653
88
105
35
106
91
56
35
20
66
23
48
19
75
95
81
35
67
27
30
17
20
20
30
32
54
1
1
4613
49
85
277
89
119
43
542
13
35
94
21
17
163
26
35
24
106
39
42
39
42
22
17
2
5053
635
180
215
24
62
96
52
11
15
32
41
23
33
28
26
28
5227
25
36
878
26
20
55
97
88
1
35
38
25
2
1
4988
247
34
287
41
103
100
95
11
30
129
28
97
46
103
25
21
18
28
14
21
20
23
18
25
2
5265
307
45
19
121
39
35
90
142
44
49
52
18
32
38
35
17
46
31
17
18
18
45
19
11
1
29
5746
74
68
48
87
36
20
124
43
120
29
26
24
17
44
19
5217
110
228
295
84
41
15
30
16
36
16
31
38
37
67
65
20
19
34
19
77
13
23
20
1
1
1
88
4418
294
90
128
935
55
24
38
57
27
43
35
19
57
38
64
34
29
31
49
1
5306
35
37
18
28
222
117
84
18
51
112
27
29
31
31
56
40
29
31
37
9
37
18
38
27
27
17
28
14
5162
33
19
183
159
36
24
90
34
11
15
231
22
111
133
70
23
55
36
20
37
23
27
4050
369
130
37
1321
32
15
39
16
65
27
71
39
15
63
29
40
24
46
62
19
29
16
79
5283
84
33
15
41
84
88
88
85
41
65
21
20
59
35
23
32
38
37
93
40
26
28
28
32
26
17
11
2
5775
180
114
23
20
128
15
94
16
25
35
30
45
54
4470
494
21
59
49
84
455
15
41
72
17
150
32
78
22
44
26
43
84
30
31
33
89
25
57
33
5331
14
95
133
161
83
33
35
44
35
63
57
55
125
19
35
23
38
37
30
17
22
25
21
23
5492
262
50
15
18
50
56
46
87
28
85
21
78
35
18
33
34
26
30
21
23
22
23
1
75
4371
214
94
27
137
99
115
38
566
149
68
93
39
26
50
38
21
24
15
20
112
18
19
35
34
19
35
1
2
4866
220
72
24
25
49
174
210
96
81
266
27
49
51
19
32
35
34
22
31
35
26
14
17
29
17
19
12
1
1
75
5714
104
38
89
70
35
48
63
100
32
83
34
20
24
25
5696
70
106
72
27
17
42
47
20
25
34
23
181
32
33
25
38
19
37
10
36
147
6016
53
32
34
74
42
19
82
18
1
5870
25
21
110
112
126
48
31
17
51
36
29
28
27
23
5410
75
54
32
79
29
23
158
18
224
85
34
85
25
63
10
13
27
23
11
11
18
12
15
20
1359
412
2525
30
33
266
426
382
32
224
103
41
40
25
54
32
132
83
33
17
28
10
44
55
24
24
33
21
26
24
16
187
5218
231
98
17
158
49
107
29
58
46
43
16
35
10
63
54
24
31
5
24
22
28
1
4581
821
39
29
65
62
94
160
29
59
232
50
40
20
19
17
31
33
53
21
26
22
24
26
1
3968
663
472
847
40
65
164
23
25
64
24
133
27
15
24
4707
24
235
44
210
53
24
109
210
45
39
105
43
107
39
43
26
232
109
34
23
13
12
22
21
7
18
4884
11
21
143
100
182
277
69
68
65
30
42
21
26
122
48
67
61
103
16
34
20
52
30
16
19
27
5052
91
26
35
103
380
34
25
162
26
20
56
103
21
30
26
14
130
20
115
6
24
10
23
22
5053
57
729
102
129
37
29
64
36
95
26
45
24
9
35
14
25
28
17
1666
3405
24
226
32
175
151
172
217
131
45
74
20
35
20
50
62
25
24
2161
2646
38
22
702
28
19
240
26
43
116
177
41
21
35
16
36
27
7
14
20
34
21
63
1
5166
622
164
154
112
72
45
18
11
19
54
32
29
33
23
1349
3487
467
494
34
38
43
34
26
34
45
31
16
19
40
23
26
20
109
23
64
32
28
18
23
30
1
54
5073
866
113
32
23
69
76
9
26
28
37
53
29
36
12
18
5292
174
138
34
65
54
132
34
64
19
62
21
32
28
24
27
25
49
25
47
32
26
15
29
33
24
18
16
15
26
5359
121
129
241
34
28
98
28
60
24
30
21
43
22
94
28
24
40
2
22
47
12
18
2
1
4270
251
538
78
457
38
100
29
21
194
103
57
35
9
27
21
24
122
31
25
27
32
18
23
24
5113
24
37
279
33
322
221
29
158
21
44
58
60
18
25
19
9
40
25
18
1
5869
36
64
34
22
31
54
146
16
105
14
15
53
36
24
21
10
4
4713
21
153
833
132
126
26
34
87
46
21
101
32
48
34
28
18
32
36
33
21
4276
91
938
23
174
32
196
161
142
30
30
54
89
35
26
22
32
29
30
26
47
38
12
5173
976
32
37
75
44
26
68
34
29
26
20
14
5950
25
91
86
45
33
93
37
70
25
31
24
26
18
68
5422
31
60
40
475
66
28
37
14
32
63
22
24
28
26
28
31
7
31
20
1
4698
1035
41
8
9
43
23
64
32
27
23
52
23
31
14
39
33
16
26
25
14
26
55
16
26
25
44
26
29
31
5579
188
302
70
48
28
80
33
34
26
38
39
24
28
20
15
1
1
3425
164
2078
40
58
204
15
43
27
60
37
34
31
32
35
54
28
25
22
47
22
18
19
10
23
3
6061
59
26
63
35
12
39
24
43
65
20
20
29
29
29
1441
697
209
610
2333
42
57
42
57
49
42
25
103
81
46
63
51
37
52
29
206
17
30
54
36
20
30
20
53
21
1
5984
41
18
56
72
46
14
63
10
28
74
54
8
25
31
1
29
4179
218
254
858
31
389
12
42
62
34
23
44
33
29
8
20
35
48
28
45
23
31
23
24
25
23
13
5820
18
51
65
353
92
38
25
17
27
37
11
5409
113
143
51
87
75
20
45
230
38
38
18
17
83
36
42
34
32
20
21
2
248
4917
457
334
52
60
144
20
26
37
62
29
14
46
33
27
48
5585
41
26
238
54
22
15
18
136
47
14
47
26
40
20
59
25
27
28
27
41
16
1
1
5546
44
82
409
183
31
49
40
27
34
22
20
41
26
4975
198
103
195
122
231
54
218
22
20
22
22
86
43
26
29
55
20
52
25
12
23
1
5635
306
15
117
36
24
61
21
20
31
39
28
15
87
45
24
11
22
17
4130
446
64
106
106
36
404
22
149
113
212
118
25
26
82
136
21
74
74
24
37
47
20
28
33
19
2
6099
28
68
46
122
18
18
37
33
38
25
22
5039
755
104
16
24
116
36
158
34
36
18
29
72
23
30
35
29
4802
77
31
610
83
19
114
107
27
61
144
25
19
24
30
29
83
35
29
53
55
27
26
24
16
1
3
5947
69
20
67
98
20
17
48
11
25
73
35
75
19
10
20
1924
34
902
2063
59
244
26
37
19
24
32
130
156
452
53
38
79
40
25
47
36
17
61
17
21
18
5190
121
39
116
48
84
38
21
98
260
85
55
20
26
12
28
46
20
21
24
40
42
17
30
28
33
12
395
353
518
2116
152
60
1352
52
74
180
29
10
23
69
92
285
23
24
148
147
34
82
19
20
95
38
21
22
23
30
20
17
31
172
5870
28
31
100
94
114
43
72
18
12
5749
25
18
28
83
81
204
22
120
27
31
32
17
18
13
19
9
18
30
9
1
3727
504
300
134
508
189
265
94
76
84
68
29
69
30
25
22
40
19
41
62
42
58
18
31
45
30
24
20
455
5115
40
155
47
56
55
139
144
23
81
34
42
25
31
25
43
22
10
11
1
5405
196
247
63
22
62
43
25
39
30
66
27
28
77
19
21
19
23
55
25
46
16
5810
94
34
67
252
19
54
42
21
44
40
43
34
6070
75
19
27
126
21
14
32
14
27
20
40
62
7
4265
645
547
104
21
92
162
28
58
34
43
59
184
38
10
71
32
23
28
27
33
19
16
9
6
4642
437
59
165
40
98
129
699
69
25
20
27
13
37
24
29
19
21
1
5646
257
33
38
45
54
29
9
65
24
68
87
22
48
20
25
17
21
18
27
1
4465
432
378
66
423
130
104
18
43
140
40
31
27
26
34
22
65
27
16
26
33
8
4805
863
438
27
12
32
35
89
23
34
26
22
38
27
25
26
32
69
4746
759
43
33
43
102
28
14
408
104
52
26
20
29
35
16
27
5646
113
34
38
255
35
27
58
20
27
43
22
39
55
19
80
25
16
1
1
1501
212
3274
961
96
51
50
29
90
36
18
27
57
31
23
34
25
33
6
4446
127
95
61
37
179
236
343
155
58
23
32
160
18
56
22
57
33
135
40
46
21
25
33
20
55
29
12
22
49
4115
734
64
600
144
115
21
39
56
15
31
39
16
98
31
34
18
73
26
38
69
27
25
38
17
5488
14
110
295
39
52
48
33
22
93
37
55
29
26
19
18
34
30
27
15
13
30
19
8
4481
236
23
612
256
314
194
13
87
12
31
20
28
18
15
23
58
27
10
25
28
35
8
22
5374
110
156
39
60
52
169
47
90
26
85
18
66
114
32
33
28
25
8
5325
27
459
59
32
34
24
63
85
57
50
37
30
66
11
30
28
19
69
31
7
11
6189
38
56
69
46
26
27
27
25
20
19
11
1
5931
20
16
94
34
45
153
29
66
14
46
12
30
10
22
21
11
3289
925
694
186
64
75
18
48
415
46
109
38
40
26
23
25
28
48
62
25
33
25
21
60
55
66
35
26
22
17
10
5664
309
25
80
7
51
60
43
35
15
28
22
24
62
21
45
21
27
15
4464
154
263
138
32
538
52
286
25
26
27
49
13
25
36
20
37
41
27
20
90
36
39
31
30
17
17
21
4460
56
1215
23
55
251
26
32
59
44
53
10
34
47
29
18
24
52
25
17
22
2
5014
35
380
16
164
54
40
82
148
49
18
43
70
143
61
1
90
32
32
23
16
5
37
1
2041
3295
17
45
27
67
301
169
40
46
95
55
41
37
14
41
42
38
32
16
25
22
18
10
18
2
171
3
4488
24
94
99
272
238
49
32
42
274
36
29
93
113
39
68
16
50
38
68
86
29
30
27
31
5
10
3546
127
1475
80
167
278
55
289
147
22
28
25
15
28
82
50
21
22
38
38
21
4515
997
30
133
29
26
501
45
65
20
22
37
25
14
12
24
45
14
5104
70
567
34
79
234
58
32
42
20
26
21
74
39
43
22
35
13
22
18
1
1455
3844
20
36
345
121
32
292
31
30
19
32
47
18
23
29
25
2
33
31
18
32
7
13
19
5253
20
66
20
265
336
24
31
28
33
32
60
38
93
57
27
27
66
49
29
5820
32
175
27
36
83
28
30
29
14
21
13
28
32
26
14
32
20
37
24
12
21
5380
102
136
98
50
213
30
139
28
130
51
24
17
39
26
13
17
42
19
1389
2385
1339
93
56
66
132
93
27
256
27
127
18
18
106
20
28
20
80
20
91
38
40
22
42
17
3
1
232
5669
49
59
240
30
57
31
25
4
25
24
21
40
48
5509
25
47
122
101
102
57
97
32
16
93
80
68
29
66
15
31
28
25
11
5823
21
87
27
53
139
136
27
45
37
30
52
18
27
18
13
1
153
5392
29
99
35
124
21
20
42
123
118
25
25
18
47
114
27
33
18
38
20
18
15
102
855
3145
591
23
204
443
341
31
86
60
100
132
54
78
46
23
17
78
39
21
16
22
14
21
12
5588
62
93
437
89
98
43
13
48
23
26
23
7
4
5516
71
366
27
38
93
104
72
48
21
31
28
28
29
19
22
22
19
5408
107
73
20
83
68
25
76
89
17
37
39
63
43
212
34
29
30
42
25
19
12
1
2
1857
3244
374
169
201
41
126
33
263
29
24
25
21
17
20
27
42
19
22
139
4478
138
911
90
116
60
61
90
13
34
29
51
24
35
31
21
36
77
44
18
19
13
22
3
1
4716
110
323
328
92
84
127
64
72
132
19
37
95
23
138
18
37
16
21
35
25
19
22
1
5352
27
14
263
283
101
70
46
44
38
21
34
49
56
27
20
32
38
25
14
4682
26
30
339
242
52
117
438
30
120
109
30
23
21
35
48
20
18
45
14
40
32
20
13
10
288
2933
250
1652
198
369
28
87
132
57
57
48
87
30
25
21
35
115
35
65
22
2
17
1
5351
25
659
81
125
11
81
32
68
19
27
18
22
35
5548
255
252
35
74
100
39
12
22
32
33
17
17
51
19
16
19
13
3593
1852
211
40
94
161
55
63
38
21
56
11
38
86
24
49
30
25
64
15
19
6
1
2
5172
310
78
212
69
86
78
21
83
90
74
109
24
25
38
20
12
29
20
4
3935
51
507
1026
87
34
51
37
190
123
102
31
29
74
21
58
39
49
47
46
17
4268
884
29
46
96
335
45
120
85
24
99
145
28
26
38
37
33
30
25
53
14
21
53
20
4916
23
107
322
61
31
55
77
56
61
62
105
68
154
54
77
33
60
88
29
6
37
17
16
25
14
2126
2320
297
896
59
32
40
54
28
156
21
48
42
99
29
32
20
37
83
20
45
21
32
17
3018
2967
23
67
53
40
77
30
40
39
22
23
12
26
54
29
27
7
2505
1094
883
520
490
61
56
33
221
97
17
41
65
171
15
24
33
82
25
13
72
30
5
1
1508
2466
1239
65
59
75
267
37
24
204
108
80
58
28
29
115
51
39
20
31
29
21
1
415
5163
66
24
35
80
80
153
176
58
19
31
16
16
29
23
33
19
34
64
20
2539
769
645
67
28
113
272
149
132
194
32
33
15
793
176
58
18
98
31
47
105
29
90
11
18
24
30
23
12
3
3754
299
68
239
1213
19
74
50
120
34
30
30
83
70
33
66
29
25
69
53
23
79
19
37
20
18
5744
28
233
17
21
21
31
29
101
33
51
30
30
20
60
15
23
40
26
1
5792
218
41
31
24
29
46
34
20
27
23
22
50
44
32
19
36
16
32
11
4
3
5533
275
83
232
190
37
64
87
48
5
229
5292
188
29
39
35
125
32
29
22
29
142
23
104
62
13
32
19
20
25
16
25
23
1
5824
228
10
30
39
29
99
23
25
20
109
21
20
37
14
16
9
1
5598
83
436
25
48
55
31
52
30
20
81
10
31
20
34
5315
282
22
350
91
45
77
19
134
22
18
49
37
39
22
21
10
1
4662
592
102
14
104
689
27
28
16
44
95
22
24
22
46
25
23
19
69
5683
43
17
70
75
99
34
53
19
25
45
26
13
49
17
35
42
14
27
43
29
12
15
3195
295
767
121
127
1077
124
297
111
42
20
89
16
25
80
32
26
20
19
48
23
4286
354
995
46
79
81
25
107
22
73
15
64
28
25
24
24
10
24
48
18
14
26
17
29
18
36
39
21
6
5174
644
43
31
33
24
22
111
130
43
149
18
30
22
26
15
28
10
1
3490
359
1115
415
327
28
85
94
104
75
24
47
64
42
84
31
36
43
30
37
20
4
6003
26
34
58
31
43
64
41
2
21
19
21
38
27
37
41
17
17
14
1243
2003
1122
442
88
61
324
480
171
49
163
46
98
21
31
34
23
40
9
44
19
21
21
1
4743
194
203
199
26
215
113
110
11
100
33
28
36
54
41
30
60
49
67
25
26
27
30
28
37
15
30
24
4870
238
103
34
153
483
35
53
66
22
62
20
20
17
57
28
113
23
36
52
19
19
13
16
2
5100
423
137
122
141
48
99
72
20
137
23
31
9
10
33
22
31
27
23
30
14
2
5026
138
58
98
72
225
19
32
61
30
29
19
204
75
39
46
7
27
27
80
60
13
48
21
30
22
28
17
3
4584
1195
305
42
18
28
54
33
45
30
31
19
21
16
48
35
50
2154
1774
2022
48
100
35
23
26
21
53
38
65
28
17
48
35
28
24
15
3201
1473
268
336
412
31
264
36
28
191
107
31
26
12
33
33
11
16
32
13
5685
112
42
325
62
128
25
12
44
61
31
27
5792
34
26
155
27
42
59
29
54
28
27
42
87
17
35
24
39
13
24
5872
19
127
19
49
32
35
32
65
31
74
25
14
35
44
24
22
15
20
5194
19
141
58
29
569
157
105
88
59
29
6
7
23
7
19
18
26
5250
514
192
95
13
124
22
41
20
39
29
25
24
51
20
40
27
13
13
1
1
5267
33
91
31
49
232
72
116
20
41
88
51
54
112
23
26
19
42
56
112
19
5522
72
448
41
33
47
44
37
12
36
26
15
52
22
21
49
8
24
32
11
1
1
67
69
5934
37
35
57
58
140
27
19
24
35
16
14
11
10
1
52
6021
45
59
57
59
36
28
21
39
12
31
20
35
30
9
234
183
3841
1358
26
81
38
99
160
34
32
28
19
23
23
18
20
80
94
29
39
26
6
49
13
1
6039
15
133
113
91
21
34
18
10
21
18
3
37
1
5722
364
147
130
9
30
15
23
29
24
18
19
23
1
5724
259
83
33
36
52
69
53
75
29
24
84
10
23
13
693
2690
217
29
94
377
610
504
628
67
145
170
18
72
35
52
16
48
34
24
17
1
5778
123
25
19
60
21
10
26
65
25
21
45
16
37
23
77
25
30
4
18
26
35
8
25
11
1
4950
108
288
352
75
49
138
26
29
47
19
32
45
37
39
27
33
23
28
31
59
41
30
18
24
6
6001
59
57
24
83
67
71
36
31
12
53
26
18
16
4458
120
586
105
47
85
199
94
105
75
116
40
39
26
107
27
30
37
74
12
80
19
23
23
24
2
1
17
577
4288
148
23
122
187
131
64
199
40
75
89
233
38
49
46
47
14
26
12
21
8
12
23
23
33
9
3579
88
5
144
1696
232
224
63
1
158
61
54
30
19
35
50
26
29
13
34
11
2
315
5140
134
46
115
37
52
443
24
23
36
65
19
56
25
22
1
1
5697
252
174
31
44
14
29
47
22
23
46
29
39
29
21
27
15
13
2
205
5588
55
224
20
209
21
24
31
13
41
22
24
27
23
27
5795
311
49
38
32
27
49
34
41
19
42
46
19
21
31
6037
121
71
19
31
18
24
32
75
23
28
12
15
12
13
23
2613
831
28
130
323
1997
42
24
50
53
31
20
65
30
64
73
42
51
29
18
3
15
20
2
20
336
46
4315
17
124
27
111
27
617
212
54
66
22
31
25
52
32
18
42
30
30
23
15
24
39
30
32
33
13
26
17
27
21
3244
312
2121
44
66
71
48
14
134
24
24
15
15
31
19
12
48
93
20
35
26
30
31
1
22
17
28
9
5106
135
451
220
67
37
154
40
41
40
74
34
82
31
15
27
147
5824
68
308
46
44
12
39
20
7
19
18
2
3675
1327
615
28
61
22
224
19
34
24
76
35
17
21
117
108
41
35
28
22
25
4991
53
24
39
169
23
132
27
242
8
211
22
87
32
57
56
38
21
27
19
41
23
25
52
18
13
10
33
13
25
23
5869
189
39
29
21
150
47
99
16
22
25
22
26
5226
65
32
182
88
51
31
43
46
392
64
39
20
26
64
19
45
24
35
21
22
19
4058
34
99
221
936
520
49
107
68
214
42
39
21
22
43
35
22
22
2
1505
4613
66
41
37
21
130
17
34
23
25
28
14
5695
151
197
50
69
28
58
54
35
19
24
22
11
10
23
28
25
22
21
12
5744
22
36
152
24
21
56
33
41
67
28
64
41
1
11
17
36
24
27
51
26
27
5
1232
488
356
24
1717
917
296
92
421
25
15
174
23
132
65
36
54
160
88
25
21
31
39
36
24
11
40
12
3705
647
53
22
1038
64
73
47
38
38
88
31
34
93
51
75
28
93
74
72
18
34
42
42
22
22
8
1
1
4866
242
133
33
100
46
164
115
217
249
87
38
18
20
56
39
20
27
26
32
26
5667
37
9
126
87
36
35
33
26
61
91
61
22
31
39
17
51
17
23
33
1
21
11
19
5436
81
19
91
28
192
46
41
40
65
60
235
19
47
23
25
18
13
16
44
15
5172
91
161
33
426
19
58
95
11
26
95
32
32
90
20
15
30
70
38
21
19
1560
421
616
340
532
135
37
102
1660
299
64
29
59
39
155
36
81
54
35
21
23
16
36
50
20
47
17
24
30
16
2389
2512
746
268
68
20
15
45
28
123
24
19
25
38
44
30
11
24
30
21
22
20
31
1
5518
307
61
22
38
47
68
42
17
232
12
24
32
7
21
30
30
18
9
19
5679
25
328
36
178
27
18
31
18
44
62
19
14
17
11
28
19
602
4855
478
48
35
49
89
62
183
26
19
31
27
50
5200
19
43
118
52
20
160
100
74
47
67
32
56
66
26
57
10
26
143
50
37
38
23
22
30
17
20
1
6109
28
47
29
25
50
21
27
67
31
59
35
26
5429
30
219
133
162
16
35
15
113
58
36
32
86
30
25
81
41
13
3146
32
2211
187
55
86
42
138
26
21
20
40
32
37
48
248
45
14
29
37
12
23
25
4184
1049
360
30
93
331
37
114
131
18
39
14
36
31
38
15
34
5171
46
88
89
40
145
39
20
41
177
85
118
44
24
283
72
15
24
16
17
3139
350
1530
35
44
90
18
199
73
23
103
40
288
26
18
24
45
24
26
29
22
24
25
53
25
93
25
13
22
26
19
20
10
34
16
2
1
186
4049
221
1299
72
122
58
42
18
24
78
31
73
118
25
31
40
16
31
20
2242
2338
216
206
285
54
7
28
610
210
52
38
25
30
14
28
34
59
29
29
20
5920
100
33
31
74
50
41
29
22
21
98
20
21
16
28
24
18
8
5429
52
116
399
36
24
45
37
11
20
24
38
111
22
70
20
41
16
33
10
5681
108
11
127
31
58
102
13
29
50
27
26
34
19
38
39
13
54
20
33
23
18
290
5812
36
20
95
28
40
92
72
24
14
31
5271
29
116
10
67
89
93
181
20
175
48
18
70
35
117
34
63
35
22
35
19
7
5963
70
38
20
22
82
35
37
27
34
46
27
31
26
13
15
19
20
12
17
5472
59
185
28
72
173
59
165
46
35
26
25
44
20
26
39
11
39
12
17
1
4790
574
98
149
151
28
22
209
44
64
32
155
27
29
60
21
58
24
18
1
4336
244
1247
77
139
84
21
94
27
41
112
32
9
18
20
25
15
12
1
4459
442
253
488
23
40
151
17
25
30
18
36
117
41
32
133
30
23
22
22
24
25
37
14
23
25
3
1
5204
26
110
245
64
77
61
115
27
55
201
22
29
52
26
19
51
16
14
16
28
29
25
14
10
18
48
5607
117
21
32
147
31
99
31
24
89
19
61
32
12
18
52
26
19
33
19
2
15
4873
511
187
55
29
45
22
105
141
24
115
21
43
20
78
113
28
31
24
12
19
40
18
5551
351
55
27
65
47
49
44
37
22
51
37
33
24
49
18
17
34
17
26
51
4206
494
701
20
25
65
166
41
108
53
79
79
19
29
34
35
46
45
30
16
44
19
30
63
32
24
2637
182
1953
98
25
197
229
747
62
27
55
18
30
41
34
44
109
42
18
3
3
278
1342
3284
47
504
107
34
329
43
71
15
83
14
52
19
26
12
54
12
31
39
25
45
10
29
2
24
23
5023
26
293
196
27
37
35
35
332
31
106
36
59
23
63
45
26
35
29
47
18
16
16
5750
27
37
27
102
284
56
20
47
21
21
40
25
34
30
3
30
5416
26
28
256
54
47
41
25
79
93
45
54
65
81
37
25
23
30
31
24
26
29
5
13
1
4189
732
22
292
71
117
32
194
61
21
39
26
114
75
71
48
76
35
108
19
29
26
13
22
20
59
20
21
1
1
5542
25
139
48
388
46
19
49
40
24
22
45
24
52
20
19
37
15
253
3465
48
369
848
371
34
56
21
209
115
31
24
43
24
142
138
25
27
19
27
31
40
41
27
30
23
32
27
14
32
26
2857
1958
24
147
859
19
35
29
61
109
30
27
18
47
33
14
47
27
30
16
22
21
14
22
15
1
14
5775
29
57
30
311
75
19
31
42
16
27
48
52
40
2
4902
100
40
138
44
43
224
33
100
311
44
24
36
6
34
42
54
19
52
38
27
15
26
45
35
20
19
27
38
18
1918
1445
21
372
431
920
17
26
22
192
155
39
129
37
39
41
84
61
29
29
41
74
22
36
92
61
22
13
23
32
40
20
16
14
39
1
1
1915
101
789
1309
35
31
1877
39
52
77
14
34
21
68
26
30
9
28
14
14
17
38
16
4288
815
622
32
53
56
39
59
30
14
269
124
40
41
16
18
22
16
1810
2895
761
471
35
146
92
67
40
9
61
19
59
12
21
17
28
11
3560
35
36
924
132
82
126
610
221
151
84
77
38
41
120
63
62
61
20
29
28
19
28
3
3
1
5635
303
169
19
133
84
15
28
13
31
53
27
13
8
22
1
3284
32
793
55
472
552
183
102
43
62
31
142
29
110
16
70
27
46
29
31
14
20
54
82
22
25
30
15
44
19
43
25
24
7
19
1
1
5062
39
83
50
253
26
55
114
142
18
43
135
69
43
34
56
71
19
55
21
32
26
18
15
38
17
20
5455
163
67
105
19
112
35
32
26
98
28
50
37
25
7
13
27
24
28
23
42
28
33
25
27
25
4978
22
202
56
326
13
34
265
42
37
22
61
101
58
22
58
41
14
28
32
84
24
20
14
1478
726
2060
59
117
59
1330
77
25
41
42
103
40
32
42
30
37
37
86
24
50
24
16
17
1
1
5083
98
19
476
235
64
27
26
28
124
102
36
22
56
52
20
28
19
37
1
1
4058
396
281
54
45
28
60
74
851
169
65
56
14
148
56
141
30
27
1
2858
229
489
321
1993
131
30
25
78
33
35
17
42
155
31
31
28
13
15
117
4927
69
138
111
31
37
56
42
231
37
27
31
76
40
31
37
18
42
31
30
13
46
70
86
77
33
33
22
14
1
5477
142
33
28
53
123
33
38
200
60
40
23
39
21
23
19
54
22
44
25
37
1
19
39
22
3430
432
107
54
768
594
24
23
325
23
26
140
54
76
33
45
31
17
21
51
31
61
12
20
37
28
16
12
1
1
5492
31
146
449
54
26
65
142
1
19
10
21
26
26
32
14
5086
646
13
18
376
13
48
25
20
41
71
44
29
17
28
13
20
20
26
5257
343
431
29
67
26
56
80
61
33
51
16
80
22
1
1
4509
820
332
113
105
142
24
20
33
21
76
43
41
56
87
29
28
48
25
1
1
4808
926
39
424
35
67
38
56
29
52
18
20
7
35
3068
808
74
102
76
31
1178
131
151
86
119
143
45
14
63
21
51
38
50
36
47
23
33
23
39
5
43
28
10
11
6
1
227
27
4749
353
34
284
24
46
287
71
25
32
199
45
30
21
24
16
23
26
1
10
5851
17
26
28
97
57
13
32
98
40
29
52
12
30
32
32
12
16
40
40
26
3892
179
156
700
84
161
229
89
39
235
42
25
219
58
29
29
40
26
50
72
28
12
22
15
37
4
14
23
19
4207
32
307
367
212
86
401
35
45
29
62
218
36
43
69
19
91
26
27
28
32
16
31
9
38
31
19
26
12
5121
50
66
359
21
140
25
209
74
14
138
21
129
15
45
16
47
31
29
4
5244
479
43
36
76
26
63
26
85
102
35
17
53
32
30
33
28
46
19
16
23
25
15
1
1
2589
35
812
36
80
41
21
21
21
1781
57
153
109
131
28
27
51
70
42
62
26
23
10
74
69
46
26
36
14
21
17
16
9
34
323
2501
32
178
52
590
370
359
117
266
211
537
228
156
33
51
83
60
39
53
34
26
48
46
29
45
23
27
3
6260
44
25
41
14
28
80
26
16
20
4433
787
23
208
35
181
231
32
89
208
27
63
30
75
41
25
36
16
14
5187
295
53
102
69
487
80
44
26
21
27
31
42
35
23
31
1
3506
73
448
136
160
21
27
134
1309
54
19
58
35
30
153
52
49
25
95
18
16
25
22
42
26
21
5352
393
36
443
16
23
96
67
26
41
11
26
23
1
172
756
3391
15
851
138
18
272
203
78
17
74
99
30
34
65
30
69
18
51
20
21
31
30
29
29
13
708
4633
57
87
28
515
93
35
73
67
19
65
23
28
29
17
20
34
4
19
4964
78
35
34
501
68
19
36
199
94
30
67
32
23
27
65
38
54
19
25
42
24
13
17
23
12
14
1
587
1326
649
45
48
39
89
3029
44
33
28
155
38
33
24
30
26
49
21
72
27
90
31
13
26
2
5050
25
66
41
24
211
136
293
51
38
80
131
92
72
31
28
19
37
21
23
39
16
14
16
5582
23
81
110
100
107
140
50
29
36
32
17
40
30
28
30
9
18
3
22
26
15
26
5140
36
43
50
76
201
12
44
387
19
50
43
10
22
58
97
56
21
29
14
42
10
20
23
19
32
5001
57
40
21
66
232
261
40
65
70
23
62
150
35
19
27
26
65
59
31
89
29
24
27
17
18
4879
30
33
20
632
98
165
37
26
32
58
31
32
29
45
33
49
43
18
36
66
20
14
27
2
15
34
20
15
14
1
5569
50
50
98
48
36
26
135
26
86
77
31
14
32
62
19
37
20
36
27
55
17
1
2
2998
1990
414
32
24
29
38
221
293
51
21
79
17
26
88
9
22
22
38
42
35
49
16
5124
63
48
34
895
50
23
29
30
97
19
12
32
28
30
34
5
1
5904
276
48
78
48
22
27
13
21
19
24
33
27
14
5043
37
59
288
26
25
37
124
86
18
44
91
26
120
14
30
30
88
26
18
56
32
31
19
12
38
68
14
31
19
2
2
2716
104
176
1430
54
1166
259
48
85
42
15
57
20
25
25
26
41
18
21
23
21
43
36
7
23
34
24
15
3059
1292
657
31
21
193
927
73
41
37
81
31
23
10
22
16
17
23
5179
1022
21
32
57
32
15
23
44
49
18
25
21
16
4750
83
37
94
746
131
229
275
24
37
35
31
32
27
23
5927
31
57
47
32
35
142
75
55
51
22
19
23
17
20
1
5502
34
135
29
58
202
38
33
81
79
188
18
37
50
27
33
10
5790
48
47
142
14
86
22
72
37
33
75
27
21
23
50
13
23
12
19
80
5692
102
61
27
21
76
31
27
24
43
66
36
30
30
38
53
38
17
24
12
26
5227
10
114
20
69
137
12
85
139
42
90
21
47
163
20
27
76
32
34
17
63
28
19
16
27
19
2206
91
1139
1325
6
192
43
32
27
50
91
493
106
96
28
84
115
78
66
26
26
30
17
41
23
37
24
26
22
13
1
5556
167
209
256
33
38
86
27
24
80
21
19
16
16
5
1
5038
104
40
135
220
20
57
92
37
82
16
50
35
41
35
53
57
12
31
21
44
35
45
21
39
80
38
24
10
18
23
1
96
3637
1935
308
49
51
33
72
41
25
50
50
25
18
29
29
31
25
49
1
5906
16
23
58
78
104
83
28
35
20
67
11
23
22
55
11
12
2
4831
325
26
89
23
846
70
12
158
22
5
23
32
25
25
18
18
6
261
3818
800
87
51
338
118
34
65
29
300
21
48
24
56
34
12
30
48
27
59
65
83
18
46
30
17
35
4910
949
98
59
18
16
72
53
129
52
20
34
62
15
30
16
20
1
4797
116
33
300
466
242
21
32
96
58
43
5
15
137
35
13
15
38
34
35
22
1
4496
224
283
123
97
57
85
63
22
25
86
119
49
32
66
158
25
18
20
36
17
57
16
12
43
93
27
26
30
31
24
31
47
16
5563
198
162
70
64
20
66
103
33
49
31
30
35
28
35
29
20
17
1
4532
442
388
146
141
166
126
31
118
13
24
196
37
61
41
28
34
30
6098
32
103
43
32
41
14
21
16
44
23
33
26
27
1
6265
13
67
29
43
29
27
33
22
18
8
253
2646
1988
283
252
115
60
261
26
17
41
240
29
29
30
20
78
136
30
20
5753
47
102
51
50
9
30
37
77
32
23
83
58
57
22
37
22
13
21
21
7
2
94
3892
678
524
488
23
133
205
97
55
34
34
20
70
28
20
21
25
24
24
22
17
26
4515
108
304
36
161
247
59
199
342
51
32
28
19
40
81
21
37
32
23
40
21
33
19
35
23
22
26
5094
58
108
717
76
71
100
16
20
27
35
35
37
26
16
43
21
26
28
5994
100
150
21
43
41
65
34
16
12
5
34
38
1
5702
162
18
71
115
179
34
24
19
42
50
27
26
85
515
5243
25
130
24
49
36
47
28
26
14
16
52
86
24
16
68
29
52
37
18
19
5545
370
55
52
130
42
43
36
81
20
14
35
22
24
36
22
1
26
5619
15
23
24
67
452
69
88
17
40
53
14
24
28
21
5747
92
43
68
41
91
29
36
30
80
153
14
34
23
24
25
21
2
1
4589
50
363
601
37
103
13
47
95
57
24
200
24
27
56
32
12
30
36
27
38
26
16
37
14
57
4571
66
84
606
334
38
78
24
335
58
31
76
32
25
28
46
35
28
1
1
225
75
89
5569
30
127
29
55
44
70
82
17
16
25
40
44
16
1
5650
190
26
76
102
39
41
39
72
83
36
35
14
17
24
37
10
23
25
13
2
3652
477
1011
76
93
100
215
68
178
28
37
32
20
46
37
122
27
18
62
23
33
17
26
30
37
13
33
22
21
45
27
5714
31
112
44
95
17
54
40
49
29
24
32
21
42
35
47
17
23
15
9
32
6132
52
16
25
86
37
56
62
26
18
21
23
4949
37
77
213
212
500
20
108
20
53
24
28
44
37
32
6
101
30
44
19
4147
1176
50
342
35
16
30
241
264
45
19
32
17
24
32
22
38
24
3952
69
161
238
1542
37
21
48
21
45
26
46
73
19
74
34
27
20
28
22
17
18
15
1
26
5834
98
32
38
108
46
31
28
17
71
27
28
42
38
21
22
24
23
4313
1274
21
277
116
35
71
26
44
121
24
29
66
17
27
20
40
23
10
5522
26
14
331
51
70
39
34
25
36
25
54
70
28
29
18
21
56
9
12
26
12
13
15
16
1
1
234
5140
19
277
28
128
61
58
135
39
15
36
49
22
15
32
25
23
77
27
24
35
13
14
12
16
208
74
4928
101
23
19
47
173
24
67
95
26
237
235
95
29
21
30
32
26
26
19
19
3746
705
22
1139
28
285
145
42
36
78
65
24
27
80
3
30
29
36
21
13
5089
29
139
128
567
144
91
34
37
25
15
58
58
36
15
45
21
16
6
1
5503
450
22
131
1
53
24
115
32
19
81
46
27
24
26
482
2817
62
23
1574
104
202
76
430
82
110
180
91
23
26
53
34
21
115
38
11
5453
44
159
311
26
30
42
34
28
66
44
53
24
52
17
42
25
22
28
10
18
17
8
1
5550
71
23
65
47
142
15
14
9
87
27
24
24
63
80
15
30
33
41
77
58
30
26
3
3275
608
1164
91
190
166
71
30
45
64
38
96
172
28
141
18
89
64
46
11
14
29
17
25
32
15
13
1
1
6055
158
60
61
93
42
22
19
26
17
1
5726
102
74
38
203
73
26
14
27
29
20
37
58
17
20
21
15
33
21
5954
113
58
77
101
15
13
35
90
12
51
33
2
5556
173
65
24
179
47
28
50
32
30
19
67
35
31
72
44
21
35
20
26
4694
734
17
14
100
19
77
32
83
59
60
40
46
230
54
17
38
28
27
16
23
24
8
23
31
13
26
21
3919
1202
90
60
647
36
32
174
63
17
30
78
38
28
33
36
17
23
16
15
3016
14
2683
158
134
39
38
43
24
32
27
70
19
124
60
25
34
14
4939
704
30
118
31
117
28
82
198
69
89
25
19
52
11
19
23
3050
2354
30
379
18
96
58
31
26
74
42
13
31
51
25
23
25
21
15
2
32
28
55
23
26
25
1
681
4062
345
78
33
20
25
430
28
151
249
116
28
20
44
18
32
39
52
39
43
21
1035
4992
31
25
35
25
26
25
15
38
49
23
40
30
15
25
31
35
29
13
15
2
3333
1080
59
196
1147
81
31
91
40
37
26
20
32
38
19
29
8
17
68
47
25
9
13
29
32
20
26
1
5499
101
38
58
23
45
28
78
243
21
76
39
22
34
85
26
16
21
32
26
14
29
48
5977
62
61
14
24
25
39
75
43
41
26
38
18
13
10
29
10
1
4829
392
122
15
95
342
48
176
47
41
55
32
31
31
34
34
48
60
40
22
18
7
28
7
4161
25
747
45
95
280
11
151
116
43
40
92
119
83
62
64
24
24
23
34
80
21
33
37
28
27
17
30
29
13
5685
82
92
235
25
36
24
16
82
51
23
35
22
30
50
15
16
24
11
4358
52
715
216
100
35
177
19
154
50
332
63
22
37
23
120
10
11
29
31
6033
21
20
35
113
47
26
24
80
33
25
23
30
19
25
5321
48
110
109
177
29
70
83
37
36
45
40
63
24
22
26
41
118
44
29
18
23
9
15
2
15
2923
307
1685
177
44
495
30
64
23
27
50
49
19
24
28
29
79
22
22
20
89
33
34
38
143
37
6
29
28
5759
165
72
36
56
53
99
62
68
34
40
58
16
14
15
7
5081
717
392
31
37
146
24
26
23
21
30
26
5988
94
24
94
52
52
36
60
21
28
27
25
20
17
16
5206
88
25
88
43
194
15
22
32
31
268
57
20
49
30
22
33
36
99
21
38
33
6
22
12
21
16
16
10
1
73
5926
131
28
57
26
16
59
40
47
63
11
24
15
12
26
5902
17
86
35
27
24
68
79
38
86
25
32
27
17
25
20
45
1
2554
2617
152
287
335
170
20
31
28
46
15
32
88
32
20
12
28
25
45
17
5759
43
147
17
68
22
22
52
33
17
59
96
75
20
27
39
29
13
16
4690
477
147
72
518
19
70
41
18
21
51
49
55
25
29
32
32
20
24
11
78
24
19
32
212
5600
172
81
340
45
42
62
66
211
5546
37
38
101
29
26
40
87
32
22
38
43
44
20
22
26
31
22
26
30
17
5036
759
276
37
18
98
46
15
24
35
91
33
17
19
29
20
1
4288
37
1145
11
71
201
64
162
53
32
125
24
50
41
103
30
37
29
24
11
16
27
4900
439
81
142
103
51
121
36
132
74
36
72
17
26
23
54
52
42
67
8
25
26
5622
28
484
69
26
100
95
16
28
24
23
16
23
2523
619
1072
82
216
779
196
105
147
84
23
10
96
24
37
79
130
53
26
53
32
56
62
13
23
14
380
4872
40
36
26
408
22
17
35
88
42
18
15
22
22
31
27
38
16
16
57
29
31
79
42
81
40
13
11
5250
68
159
276
25
124
31
28
23
26
39
88
22
59
32
53
19
17
36
31
19
33
11
16
22
22
24
1
5545
213
86
23
1
15
113
124
127
104
18
33
23
30
43
19
8
29
188
42
5822
30
42
49
19
34
60
15
190
20
23
19
1
4886
14
171
18
20
425
64
137
19
21
21
21
25
51
10
305
36
85
22
29
39
23
23
33
15
32
9
435
4720
227
130
26
41
30
52
105
36
56
95
33
21
116
53
185
17
26
24
37
24
15
31
19
5746
37
41
27
62
24
26
63
116
18
18
51
39
79
23
28
29
35
23
29
28
12
5593
394
74
16
36
37
51
90
31
21
36
43
21
17
17
43
34
107
5361
39
62
160
61
36
146
43
17
31
32
59
28
36
171
33
18
1
28
18
22
20
24
1
5514
213
53
242
35
23
35
82
29
26
156
10
48
18
15
26
29
5120
104
33
38
134
39
206
31
31
239
26
61
33
57
17
53
19
18
32
40
39
35
34
21
22
26
19
15
12
1498
4070
30
21
17
431
233
53
15
29
24
18
36
17
24
34
4
5096
382
57
83
27
448
46
33
47
42
39
29
72
24
84
27
5
12
1
5396
15
659
44
40
109
31
21
45
47
39
38
20
18
15
17
5620
23
32
56
52
25
25
21
84
129
89
71
33
18
43
85
17
22
7
24
32
23
22
1
664
791
4409
59
82
87
91
33
27
33
75
38
28
39
31
23
28
15
1
5006
26
113
177
71
45
16
16
29
24
55
588
65
14
167
49
7
35
18
21
12
5970
119
253
27
19
15
22
21
14
26
29
24
15
5347
28
100
219
91
52
22
27
93
22
133
31
103
46
12
36
35
43
24
23
48
18
1
442
1025
3651
235
25
125
160
114
164
44
100
21
30
83
30
21
60
32
21
21
18
43
21
17
26
12
8
5
658
4739
29
73
490
18
32
50
26
22
60
36
38
22
16
21
22
31
31
32
29
29
19
27
4
27
5450
49
277
45
26
22
21
20
92
121
85
48
78
21
25
24
16
35
29
18
25
65
5586
120
73
157
23
29
141
42
58
18
17
56
14
73
19
9
22
19
12
1
783
76
1773
291
1194
56
204
157
78
57
782
26
98
177
21
201
74
41
26
29
31
23
106
17
26
19
27
31
54
14
12
5
16
29
6210
29
28
19
32
24
25
18
36
25
28
8
21
25
26
2698
565
2247
64
22
125
115
13
185
63
26
118
19
53
5
18
30
108
25
26
15
14
4894
19
176
156
38
25
135
133
21
40
40
32
88
34
59
15
72
26
96
167
29
25
23
63
26
23
25
25
28
18
2
1
5921
28
215
35
39
56
27
16
30
32
33
12
29
28
21
32
270
5397
25
53
81
98
94
120
21
46
18
38
65
30
26
20
16
90
14
14
15
3
646
4876
24
27
212
88
79
58
38
69
42
49
48
74
94
26
32
28
29
14
1
5445
46
262
41
76
62
19
41
38
45
48
60
27
36
38
46
29
28
41
20
12
23
17
26
10
18
5177
235
27
39
63
363
29
34
76
35
32
37
21
126
57
23
22
24
22
34
18
12
22
5
3
18
276
4294
201
538
22
365
12
70
26
45
42
78
28
125
92
86
31
23
27
40
39
19
37
13
25
75
4843
480
11
93
162
9
54
35
14
33
369
130
30
40
24
34
28
7
16
27
15
25
6038
23
76
98
24
35
14
71
16
27
27
32
27
30
15
1
1592
2799
1159
118
107
92
40
32
60
99
140
41
37
57
79
27
30
20
24
1
4432
415
88
594
200
54
347
20
37
31
23
17
58
19
36
25
28
28
38
18
28
16
2
4569
295
82
740
27
40
382
85
52
34
23
40
51
38
16
13
29
23
15
51
4692
42
31
444
36
185
351
12
32
23
253
82
20
22
14
31
31
66
60
21
19
36
6013
83
23
59
16
15
43
76
62
77
34
21
4
26
2
2687
1094
18
232
1422
104
44
478
39
59
25
27
24
146
17
19
61
36
21
1
850
2948
911
33
361
324
125
162
401
19
31
29
15
19
18
108
38
16
40
27
29
31
1
18
4787
16
113
590
216
48
20
35
246
23
24
34
135
79
33
29
39
50
17
20
5124
143
41
47
68
463
100
56
34
148
59
38
35
31
26
58
37
16
15
15
290
5415
226
22
100
22
56
28
140
24
11
35
75
20
20
24
28
17
1
4764
297
30
82
92
130
502
57
68
98
52
42
28
52
34
38
32
18
46
16
20
26
14
15
1
343
4444
973
47
14
23
102
24
18
72
17
57
22
73
64
36
24
41
45
16
18
27
22
20
9
1
1
1
123
4090
200
62
220
844
328
75
57
111
22
59
27
13
33
19
20
30
62
29
31
21
21
23
26
8
5313
19
132
39
252
90
128
90
78
34
62
30
23
40
56
19
24
32
20
17
31
24
1
4153
97
550
360
35
249
270
20
66
67
37
28
148
33
23
27
13
75
27
34
41
39
16
17
18
26
19
32
17
16
1
5640
39
23
109
23
63
30
41
10
20
82
57
38
18
40
49
34
25
33
35
36
30
35
5
39
144
2189
3375
311
26
24
85
58
86
47
27
126
43
12
1
2622
119
949
1188
177
126
37
85
79
475
40
15
263
30
18
97
30
24
83
46
28
2
20
1
185
4739
381
26
40
58
27
191
295
75
25
49
78
50
83
16
30
23
32
26
29
25
44
26
1
5225
135
44
34
18
258
67
80
69
101
149
32
116
14
25
25
46
34
26
19
15
22
5908
155
23
20
27
64
106
21
19
64
42
13
27
30
19
16
2465
3536
27
31
165
14
19
40
119
44
22
27
19
26
4512
831
142
70
132
39
65
209
102
127
33
28
56
23
18
37
24
40
24
34
8
1447
983
2779
44
88
381
72
167
100
49
72
22
16
28
126
92
68
12
8
46
5459
47
132
28
33
166
57
67
21
21
61
82
18
27
24
4
19
33
40
30
20
47
34
16
22
1524
2295
1805
20
347
50
87
27
58
46
63
24
52
17
27
22
10
21
15
18
26
5639
43
447
46
34
35
33
27
19
18
48
33
16
22
14
17
26
37
4519
398
583
214
155
35
28
95
18
34
55
37
76
30
32
25
32
27
30
23
29
9
2
15
17
14
22
1644
3186
943
27
55
215
39
31
26
90
66
30
23
39
20
46
33
23
16
2
5223
11
458
82
34
29
22
87
83
80
24
39
163
49
26
31
32
1
27
13
19
21
5493
64
44
149
68
53
35
16
23
27
39
24
77
29
67
46
27
25
26
48
10
44
10
16
22
1
23
24
24
4932
435
504
32
48
34
53
209
21
27
71
17
26
20
15
28
26
21
35
5693
344
75
32
23
39
45
19
51
34
15
55
45
30
27
27
821
4869
258
48
167
42
60
28
25
21
70
10
17
26
30
23
27
12
6141
21
86
55
38
39
57
19
22
30
28
18
5089
42
354
23
348
20
42
135
62
22
29
122
21
23
56
63
15
45
23
20
4845
70
176
39
40
60
278
370
152
23
13
32
137
27
28
43
49
14
20
40
24
18
29
25
2
5872
77
38
34
151
73
19
10
35
37
50
77
24
21
18
18
186
3787
19
88
1251
14
245
22
22
59
80
53
26
29
66
331
35
11
51
15
34
40
25
12
25
1
12
15
4222
627
387
160
155
36
160
41
40
61
45
47
29
131
128
21
32
37
60
22
18
41
19
23
9
3
5700
126
27
21
18
231
67
6
49
95
16
19
34
41
28
40
36
4623
1320
25
26
31
13
61
53
42
25
64
23
20
63
20
31
29
12
26
46
1
5431
221
268
59
128
104
88
24
22
49
47
44
32
25
12
5443
35
300
29
50
112
55
32
44
24
21
26
58
34
20
41
20
42
21
24
26
8
84
5
1635
25
2459
943
46
92
19
42
28
408
27
172
79
28
100
35
29
26
28
45
35
17
27
60
31
42
14
36
19
6
1
5443
643
24
34
72
38
23
65
11
32
17
13
2
15
21
19
9
21
40
7
5
5012
1052
23
62
37
53
26
36
52
50
38
32
19
29
32
1
6008
35
19
68
20
118
46
24
53
28
42
43
29
21
4872
259
61
380
265
23
113
79
21
114
50
32
44
71
22
31
19
26
29
23
19
1
2557
76
839
22
1711
133
33
31
90
42
219
77
24
64
159
50
48
81
27
56
31
46
27
18
29
26
38
3139
1803
153
48
476
73
26
23
31
99
19
31
204
36
115
28
27
41
17
18
19
43
30
18
21
15
1
5074
394
30
245
27
75
20
43
43
35
48
116
14
57
26
24
40
21
80
25
17
47
19
12
22
6291
86
33
15
33
23
14
17
25
17
4985
910
31
19
21
26
30
61
51
62
42
21
40
19
10
26
28
79
13
23
22
21
12
2
1902
3472
223
28
56
27
47
35
25
56
52
25
188
31
24
42
31
55
14
37
31
27
19
29
14
21
24
19
118
115
2158
1305
53
348
771
659
58
44
69
68
67
82
35
27
35
48
52
26
37
13
30
32
33
29
63
18
13
43
14
83
8
5494
73
87
147
71
68
24
158
26
34
37
52
14
86
35
52
67
17
11
1
5330
78
227
45
116
42
72
26
83
110
32
236
20
34
22
25
14
10
32
5357
85
19
56
61
78
434
22
55
113
49
22
31
19
26
16
24
19
44
10
14
48
6041
76
69
27
45
18
20
62
24
28
26
13
29
28
5412
20
125
280
92
55
64
99
46
30
23
56
42
24
17
84
39
21
23
2
538
2197
655
656
381
855
38
33
260
47
50
50
67
108
214
111
48
45
18
26
45
35
24
51
1
1
4356
580
328
18
102
36
186
182
36
44
42
143
52
34
13
24
27
38
15
77
26
27
24
34
15
33
39
21
2
50
4455
403
19
19
75
43
358
15
29
78
101
98
29
71
18
117
22
86
18
98
36
20
31
22
74
21
18
36
34
23
19
16
1
1
5572
25
60
97
20
253
28
28
47
225
21
30
18
19
22
26
32
12
19
46
134
5654
76
79
33
27
89
24
22
68
46
22
22
17
30
42
15
20
53
20
13
2
1014
69
3522
284
53
142
168
241
40
72
385
137
27
39
15
56
30
20
58
52
28
32
26
21
23
3589
41
1358
82
578
29
37
22
183
172
47
29
30
41
37
38
103
33
16
38
16
33
2
4456
64
112
36
37
161
81
17
185
450
84
24
88
24
42
37
92
49
42
54
30
38
33
38
56
10
24
29
23
56
18
48
16
5240
292
37
382
92
58
37
43
20
54
19
60
67
11
30
12
42
21
36
1
69
42
4564
138
97
223
76
45
260
325
14
76
19
131
33
24
79
143
18
22
35
23
32
13
8
29
16
5129
357
87
163
31
23
22
49
43
81
19
205
90
17
30
44
15
19
31
31
28
31
9
5358
21
59
40
96
33
48
52
11
81
35
31
45
15
196
27
202
20
15
30
39
26
14
19
41
4893
213
48
415
254
45
24
39
149
118
21
33
25
46
33
27
17
21
49
34
37
13
5552
75
504
53
31
31
60
25
49
26
52
39
33
23
1
14
5828
26
37
143
63
75
40
28
18
23
25
113
40
22
38
21
696
1489
59
1662
572
66
322
139
252
202
499
56
33
25
28
19
46
41
31
7
3
16
13
55
71
30
31
36
25
30
971
4321
637
66
28
30
46
24
37
33
63
22
27
31
17
41
30
19
39
29
42
1
3058
205
307
183
623
466
216
510
139
351
41
31
13
74
29
32
57
56
25
16
50
24
18
30
4939
909
67
239
26
19
23
69
52
23
29
39
32
29
19
18
22
5244
19
687
25
36
33
17
22
40
37
24
26
34
43
30
23
20
44
31
41
35
19
19
5
80
3902
919
697
37
299
51
24
57
23
53
59
54
20
14
23
7
42
12
28
33
23
49
16
23
9
5383
24
453
36
29
131
36
22
13
41
21
30
41
35
37
24
17
46
30
15
31
35
23
1
112
18
3518
348
303
1236
471
30
21
22
22
24
30
29
105
20
89
22
17
48
22
35
11
1
4929
284
15
249
26
353
35
13
110
92
67
48
20
54
26
24
33
18
13
20
22
46
25
11
21
5181
348
22
31
104
142
104
75
21
42
21
10
36
47
28
34
64
38
30
15
30
27
35
20
9
14
24
2
1251
4306
449
100
23
53
77
36
50
49
17
87
18
25
2
11
233
1480
88
97
116
2317
79
459
318
40
63
94
32
17
48
67
29
317
30
35
140
67
21
63
26
33
21
21
45
23
24
38
31
26
15
1
5945
99
23
31
53
51
41
57
21
43
45
53
19
18
30
25
5224
29
54
461
49
29
72
103
22
207
21
25
45
80
25
17
64
9
18
217
5274
31
71
459
30
50
81
25
29
28
51
24
64
30
18
40
21
10
1
5179
95
63
500
208
56
19
121
35
36
41
42
23
25
19
31
12
9
19
1
17
1
1
1
4790
724
50
70
124
67
52
23
92
92
82
31
66
60
27
83
49
8
30
22
12
4382
49
26
257
549
161
275
38
66
184
107
42
43
217
28
31
39
36
22
2
5174
32
80
99
220
221
78
58
41
37
58
33
20
15
123
6
23
50
50
28
25
16
22
14
18
2
10
1
66
5552
23
48
129
153
23
76
34
123
55
21
27
24
24
30
45
21
34
21
25
5703
32
81
39
25
46
21
68
86
44
79
25
18
47
15
28
25
19
17
18
26
19
25
34
14
3542
31
70
22
341
67
322
27
233
57
182
289
444
230
137
36
25
62
45
17
103
22
22
53
10
26
19
24
23
31
42
3039
312
293
1257
39
579
61
233
288
14
13
40
36
13
43
32
21
29
41
45
15
24
15
17
12
26
17
2914
1118
392
196
458
75
81
137
22
478
87
27
30
74
21
62
25
34
16
72
59
23
37
23
56
18
19
3840
108
214
33
177
16
1462
15
35
18
49
88
29
66
21
30
80
53
22
37
47
23
19
45
23
4
5125
39
51
374
402
52
257
64
24
37
19
19
21
14
28
27
1
978
3183
94
681
97
382
29
27
42
30
114
159
59
37
63
119
29
76
29
28
20
37
26
31
62
55
18
20
23
4
1
1
5449
301
26
61
183
22
65
95
81
43
31
85
18
59
18
17
5925
303
13
20
22
17
25
22
27
29
23
27
26
31
20
23
1
4393
353
124
25
490
53
153
24
21
240
69
26
44
48
209
10
21
45
21
5
33
24
22
38
17
25
21
1884
43
45
29
86
1480
1490
23
19
63
815
60
15
23
46
62
66
71
15
24
31
45
22
22
33
7
15
19
1
5494
95
157
289
19
106
53
28
74
42
23
16
34
20
50
17
24
12
1
25
5174
68
119
114
17
115
120
143
48
71
77
25
29
66
40
31
27
29
28
33
26
27
35
22
27
18
2871
2775
35
170
76
74
16
27
70
79
73
29
41
39
43
26
28
15
21
25
20
1
43
1731
3428
20
114
191
274
29
130
36
29
339
35
45
42
23
22
1
21
1
4404
14
136
13
32
88
674
151
201
266
44
42
74
39
131
54
44
16
17
9
9
19
15
22
17
23
5804
157
59
58
49
77
37
34
13
26
126
13
18
16
12
20
26
6
3
1831
3512
40
33
257
37
30
70
19
218
124
18
53
20
53
36
21
59
41
38
23
21
197
5317
25
130
302
61
90
58
47
56
19
35
18
63
28
31
5
17
22
25
8
214
1483
1474
21
1187
339
75
69
939
24
151
24
47
16
27
75
20
35
47
25
23
26
26
27
37
18
53
26
11
14
1
4108
1918
123
90
14
35
19
67
44
22
20
35
21
19
12
7
2834
2763
20
101
241
50
44
145
30
82
63
70
37
17
16
19
16
6
2000
1728
67
1259
266
26
53
135
101
24
59
58
105
41
121
51
121
68
24
27
31
17
26
34
22
52
24
14
4225
1431
53
208
100
272
38
15
39
55
32
18
18
16
19
14
1
4635
1045
43
88
19
45
27
26
31
27
28
43
88
54
53
38
38
38
40
51
18
25
30
23
1
4257
59
539
38
217
34
287
38
231
11
105
95
140
25
22
37
54
47
76
90
48
39
18
23
23
1
39
2991
2325
34
82
191
38
190
88
190
89
25
33
49
24
45
10
12
20
18
22
18
21
5933
92
208
41
14
17
15
28
28
46
33
21
31
2
18
27
6246
130
18
19
47
30
23
19
14
8
5147
42
40
321
438
48
70
37
15
43
26
19
25
24
18
37
48
23
45
34
38
16
5794
128
105
58
54
37
37
36
105
32
37
19
41
21
17
10
23
1490
3973
314
25
97
25
20
35
99
29
37
21
129
28
35
47
15
22
21
33
18
14
12
14
1
1161
1731
2299
124
55
108
281
93
20
38
87
93
6
50
52
23
51
97
20
31
41
59
20
14
132
5660
56
35
27
90
87
82
12
44
27
56
83
4
28
19
22
18
16
15
10
12
18
1
3003
701
1122
50
236
27
372
28
46
311
45
73
85
25
36
35
50
25
132
22
39
28
31
32
5468
25
724
63
49
29
19
19
31
20
41
26
20
19
1
4206
983
209
134
106
28
114
46
29
20
191
37
25
112
61
44
32
28
94
32
23
246
276
3763
68
83
167
78
136
122
620
50
27
41
180
70
44
22
32
18
33
26
30
24
19
34
43
22
11
92
79
49
19
30
1278
520
83
3978
23
196
172
30
17
37
22
28
26
17
25
23
16
22
17
20
3
1
6235
39
49
13
26
60
54
23
39
15
1
81
4243
121
961
63
36
204
118
67
25
20
24
42
22
90
72
32
25
16
22
31
34
86
26
55
12
8
15
1
1
1
1447
4365
65
17
14
29
36
21
15
210
26
33
31
48
25
35
15
20
48
28
7
19
31
5757
299
29
100
19
42
40
30
29
35
17
27
26
12
20
18
23
4298
1422
88
11
27
41
33
39
235
36
18
69
16
116
25
19
19
18
23
1
170
5741
105
57
33
75
48
29
45
49
27
18
30
18
30
28
3
20
28
6073
28
95
33
87
42
19
21
22
17
37
21
34
24
1
5377
297
34
67
22
45
82
99
20
127
26
84
35
34
27
35
27
23
37
13
23
20
2117
59
3195
256
323
52
51
43
31
17
58
113
17
49
22
18
47
38
25
22
1
4470
789
691
51
15
25
23
26
239
66
32
29
26
26
27
19
4690
24
887
375
30
26
64
31
149
27
18
15
59
19
53
23
19
19
6
18
2
4061
994
458
239
183
52
117
39
34
17
40
85
12
69
11
18
27
16
47
18
17
5141
244
49
83
177
46
330
18
19
29
48
28
30
51
36
13
52
51
11
60
21
8
9
4254
1038
145
181
154
40
16
139
54
33
98
1
45
27
45
31
62
18
22
81
19
21
25
5
4904
668
70
19
118
25
146
22
43
31
36
113
71
26
31
11
34
36
72
17
28
18
14
1
6057
87
78
46
39
20
49
22
17
15
21
49
35
10
5
4
2636
88
2398
1057
37
50
179
6
17
25
28
14
11
8
5593
193
166
29
53
24
24
18
153
43
28
33
30
49
23
31
26
20
8
10
4664
92
80
21
274
188
323
25
123
50
19
97
25
257
85
21
32
16
18
67
23
32
10
12
4947
462
355
110
28
86
24
18
53
28
50
44
46
19
38
20
20
19
20
24
21
64
16
42
5254
466
104
16
31
37
28
85
211
30
29
75
12
33
45
33
27
19
19
4143
140
22
1056
23
118
29
116
108
21
218
64
46
27
145
54
33
38
21
37
23
25
19
21
7
5490
35
54
179
19
23
15
33
180
37
47
32
30
110
46
25
11
5
12
21
23
41
32
23
31
5880
63
102
23
26
33
34
91
37
40
98
31
36
32
28
5523
252
264
58
118
13
74
39
29
24
36
21
33
48
22
5968
37
136
16
21
20
43
70
30
19
29
20
23
16
29
12
22
22
21
4838
343
17
42
45
79
190
58
96
49
33
33
16
227
145
49
70
14
31
20
24
88
26
16
4
1
5689
55
133
93
15
27
14
22
46
66
64
45
34
32
15
27
29
24
17
27
20
10
20
22
3
5
5855
76
61
209
19
19
133
53
33
42
53
1
1487
2969
372
191
57
385
44
249
288
134
19
19
10
20
32
38
37
37
16
33
32
23
12
36
14
398
751
3690
133
233
34
23
566
51
108
24
12
120
13
77
40
34
125
28
37
18
27
2
9
1
342
4086
146
116
92
881
29
344
123
129
20
37
37
17
26
5
18
16
2
28
33
26
1
6201
27
18
39
52
28
47
19
19
23
58
23
3023
2682
129
56
33
84
81
44
35
16
33
21
56
41
29
29
51
24
21
15
48
3
23
4662
146
82
365
31
440
71
47
52
48
42
59
14
29
38
22
31
52
22
19
18
21
67
14
23
28
31
36
20
1
5190
596
102
21
105
66
29
56
39
54
39
33
38
35
25
32
16
38
28
12
5471
18
659
21
26
59
27
60
50
25
22
43
36
27
10
72
5410
22
29
111
98
104
340
16
25
40
23
53
33
30
36
20
24
24
13
20
11
780
1601
1299
1025
108
109
421
20
449
33
69
32
143
40
200
27
15
77
30
26
27
23
5176
302
20
133
117
129
61
18
73
53
22
37
53
69
71
16
20
16
21
35
73
21
18
23
24
5934
66
106
66
22
121
36
25
23
61
21
26
6105
25
65
28
33
82
29
17
22
18
29
19
23
15
20
23
1
5613
341
56
72
19
85
69
27
27
20
23
20
20
30
33
27
22
19
31
5143
138
97
222
23
234
62
27
46
88
34
49
52
21
24
23
37
17
49
38
42
22
19
14
16
17
5965
69
27
11
151
43
74
40
77
28
20
11
38
2970
434
2268
54
31
34
105
34
370
18
44
53
35
24
14
25
15
26
31
5212
383
439
51
27
85
24
22
12
43
28
22
23
33
9
19
15
29
37
9
1
5225
87
57
329
25
26
41
54
54
29
56
133
59
36
15
28
123
51
33
23
31
17
22
103
5502
21
37
88
35
23
35
83
154
42
31
30
134
40
17
73
19
12
37
38
5396
17
749
50
21
24
19
52
33
20
16
11
40
30
26
36
13
1
2161
3036
25
8
111
98
176
62
64
19
157
79
31
22
28
35
36
24
72
33
17
25
31
30
20
13
16
44
15
18
33
12
2
1
5309
34
163
49
131
51
98
63
46
23
102
83
84
64
26
52
22
16
45
24
16
22
16
11
1
3
4883
48
363
541
134
121
71
32
35
28
21
117
26
21
22
47
9
35
5486
31
200
170
59
27
31
39
113
9
71
22
28
42
32
21
26
25
14
27
19
57
4
1
23
5140
174
40
37
128
53
19
71
72
95
41
81
145
43
25
19
13
90
25
77
28
19
25
17
18
24
12
971
205
4101
73
40
53
16
64
450
51
99
46
28
38
11
44
39
61
93
19
21
7
21
1
1
1
4128
238
1365
295
15
27
19
48
53
31
25
36
26
62
13
13
34
25
21
23
28
19
10
5753
94
117
346
49
35
29
40
12
16
17
19
25
2
4936
506
472
124
123
16
96
30
37
27
18
21
26
26
32
38
15
3
8
5432
277
16
21
28
27
41
18
98
49
46
183
35
21
36
51
36
16
31
24
21
12
14
16
4
1
1135
1316
2543
78
1105
39
35
27
87
15
68
37
15
31
23
5378
345
26
49
58
48
34
107
33
21
20
42
67
38
60
23
30
62
36
23
26
28
6182
41
18
28
61
21
42
29
21
35
30
28
1
17
2353
69
481
46
2575
291
238
79
74
40
131
18
42
43
44
30
88
5521
36
299
32
54
38
117
25
29
26
32
81
25
11
28
29
35
12
25
11
5416
177
29
284
27
83
169
29
27
70
88
20
34
20
25
39
11
6
46
5702
54
260
183
32
22
21
17
27
23
23
40
13
61
10
20
5624
168
117
40
29
319
28
21
17
17
23
28
18
18
20
26
26
11
4
427
2698
25
874
589
108
27
332
246
87
32
279
27
25
23
21
52
77
27
46
82
108
76
26
22
80
53
13
40
12
14
6
5578
20
66
86
257
47
54
58
87
34
20
23
36
64
21
30
13
15
45
4379
1373
71
31
39
44
106
61
112
13
33
31
23
79
25
18
26
25
26
39
5665
27
25
117
117
73
80
87
35
44
46
29
16
33
19
18
10
36
15
25
37
26
4988
68
19
222
186
281
39
46
45
44
30
37
37
159
26
31
80
26
45
44
25
34
16
5366
19
40
32
47
252
235
28
101
54
74
53
51
32
70
36
16
30
17
1
4376
438
42
98
77
220
251
69
30
57
190
22
123
25
31
35
62
30
32
157
40
15
24
25
16
30
23
16
66
65
832
1336
3030
28
23
335
61
34
89
22
39
217
64
18
120
24
42
28
27
27
27
1019
117
381
3425
873
126
119
89
122
72
35
5
25
23
62
39
22
4742
100
160
175
78
225
146
50
34
354
65
109
29
9
50
24
19
23
37
24
22
36
14
29
153
3551
241
1618
206
83
43
163
36
54
31
118
25
51
43
29
37
16
26
30
5099
45
125
201
29
80
12
42
142
29
22
66
22
35
42
33
26
92
82
73
73
59
41
39
14
16
13
2
126
5601
42
67
56
19
179
27
31
64
21
19
35
25
32
26
39
18
27
22
3
19
14
21
21
123
58
253
1428
1890
441
218
354
281
18
99
261
192
22
48
119
27
21
40
90
62
26
85
93
40
12
112
29
14
57
24
12
5
3206
612
23
1612
238
91
64
21
229
52
54
37
94
51
45
18
21
17
20
26
23
5470
30
151
21
62
113
38
82
29
44
54
25
94
34
34
31
27
20
35
20
43
42
28
1
26
4857
157
78
182
273
167
106
69
74
206
121
38
73
59
63
20
11
4447
101
171
279
591
87
29
66
174
33
66
126
22
32
13
23
64
29
41
31
17
29
29
19
31
4
5422
61
118
195
37
30
52
154
36
27
34
53
33
37
36
38
38
14
20
33
14
26
40
6
4400
257
127
359
45
18
814
46
86
87
38
33
14
45
27
15
57
31
37
18
42
3157
440
467
610
59
79
353
550
78
33
24
163
142
88
19
33
17
27
29
32
24
9
15
33
30
1
1400
4874
67
15
29
92
18
30
15
14
2307
2570
390
20
115
77
101
36
102
149
132
84
45
60
26
18
15
31
51
16
33
57
14
34
16
32
19
3
1
5629
54
113
40
57
90
18
19
52
56
143
81
20
19
34
38
49
20
22
5216
430
30
28
16
47
17
227
23
168
18
138
23
33
37
60
26
17
1539
175
2498
1287
42
55
45
48
32
31
136
102
17
35
28
26
35
24
57
27
35
31
62
20
62
14
37
26
27
1
5703
54
130
160
67
60
32
40
19
22
29
24
21
41
13
24
13
25
37
16
24
5414
128
41
71
67
78
315
68
63
88
38
69
19
38
45
12
5523
281
20
87
28
26
51
58
27
58
29
80
37
27
28
28
27
30
78
29
1
1
27
5548
500
63
53
65
20
11
18
22
31
63
20
30
25
19
19
18
1
1
5177
30
44
143
577
18
33
86
117
24
115
37
22
19
63
9
16
22
1
1
44
1444
505
956
579
75
1037
16
109
46
12
17
775
100
67
62
143
39
20
41
61
23
46
20
37
66
17
18
38
24
26
28
33
27
3
3763
411
1248
168
41
76
80
64
76
92
36
70
29
48
15
21
38
95
27
10
38
20
29
14
28
16
1
5273
98
451
181
29
38
53
65
38
16
14
15
18
33
28
12
39
21
30
15
19
17
51
3824
392
89
1006
132
446
26
32
79
46
28
17
21
123
28
17
24
23
50
23
66
45
16
1
3118
103
16
2504
19
14
197
19
151
21
20
32
38
25
96
17
62
16
19
21
22
24
5642
13
113
134
20
229
29
24
28
60
110
24
47
23
16
21
21
6057
43
28
55
21
54
31
49
29
33
33
34
22
16
31
18
208
824
3760
227
85
16
146
229
165
19
180
32
111
69
27
57
42
37
25
18
94
34
26
41
36
22
24
577
3970
960
158
29
114
46
99
38
114
29
40
24
18
19
32
35
12
31
65
38
19
30
11
26
18
1
1
5307
30
29
48
432
43
37
43
35
24
24
54
131
70
18
81
26
21
21
23
18
39
3353
1019
395
53
585
27
566
30
141
130
54
41
29
13
31
17
15
21
18
16
5716
75
225
37
76
37
148
55
15
47
20
13
52
18
18
2
4143
763
142
54
309
96
34
481
11
87
59
67
11
12
61
23
31
13
21
87
34
15
31
6098
26
61
61
43
20
72
27
37
35
26
14
1
2
3755
727
81
102
220
21
103
30
336
403
105
30
50
35
33
39
118
40
28
20
37
39
24
18
19
33
35
33
28
12
5282
70
77
226
37
328
102
42
193
51
27
26
25
24
15
29
6151
34
67
48
90
32
9
18
31
16
38
18
2
5448
21
178
197
22
103
74
40
16
114
36
28
54
40
54
44
64
7
14
6012
111
34
43
36
25
44
35
33
17
16
16
34
39
32
18
9
6147
38
53
40
25
41
22
53
25
20
23
38
22
6
1
3198
2382
50
142
229
47
58
57
65
39
41
84
23
9
42
7
34
26
21
4823
59
73
353
76
18
128
423
28
22
26
50
24
40
40
28
34
35
15
22
13
21
47
24
57
12
25
9
29
1494
1584
404
1205
137
56
26
87
151
486
32
66
64
22
38
31
24
43
17
90
35
31
40
15
42
29
26
14
62
24
35
40
15
27
20
14
23
5
2853
1056
1722
46
22
94
19
111
101
29
108
34
23
18
30
37
32
21
29
74
26
42
9
18
3698
2335
91
57
16
56
36
16
36
38
16
40
24
23
20
19
17
16
5376
54
220
82
69
93
297
78
29
52
44
14
34
25
44
19
22
2
5782
67
60
108
12
190
31
42
32
32
24
27
16
21
17
27
26
22
18
304
3304
1218
148
340
48
676
34
54
27
32
34
40
52
42
20
115
14
4
31
12
5
4736
312
728
18
235
69
31
35
13
34
29
57
64
68
23
25
23
13
14
27
3021
32
2126
35
172
19
78
38
33
240
24
152
231
20
17
104
14
31
44
13
39
32
17
21
1
225
45
3691
30
2076
84
38
27
59
22
42
33
37
28
19
29
19
47
2
1
4874
20
52
26
209
46
17
80
156
19
396
26
36
229
26
30
23
32
17
64
25
18
30
24
19
23
20
16
1
5649
372
92
32
96
76
35
54
37
21
22
44
9
14
1
128
3275
22
421
148
624
17
500
89
78
31
27
429
28
31
41
80
93
97
44
66
27
74
17
79
28
32
27
1
5477
427
105
98
36
45
63
67
31
29
28
16
66
22
44
95
5036
20
110
498
42
70
95
138
13
124
34
21
108
22
23
40
21
29
12
3
342
5368
72
260
40
40
110
46
22
32
74
27
35
57
26
1
2
6048
26
112
42
37
84
15
24
16
36
10
41
24
16
23
5886
44
146
162
67
67
30
21
33
42
12
22
21
1
3371
153
24
76
1264
60
289
293
533
34
57
41
26
73
40
9
14
90
27
49
24
7
3923
1593
43
107
23
97
22
64
41
78
116
26
24
52
68
20
50
26
17
19
20
13
25
45
29
13
5521
29
32
189
28
23
171
26
116
66
16
25
19
34
27
30
50
59
18
36
11
8
20
67
2492
1202
1317
23
51
255
297
160
297
55
37
54
29
27
32
20
21
40
37
17
24
26
3636
1403
127
109
32
143
299
66
27
509
24
28
26
32
20
31
16
6184
135
19
21
50
33
22
27
1
35
8
19
5548
51
25
46
50
37
31
194
52
12
92
70
49
18
32
22
19
23
29
43
27
29
22
33
5454
127
61
103
136
26
22
24
62
33
17
36
43
66
60
79
14
34
23
18
15
28
16
20
37
5053
836
74
51
76
42
27
264
18
19
22
26
20
26
2787
2108
694
35
71
109
58
27
39
78
69
173
20
51
16
30
24
23
17
38
8
25
24
16
13
1
4798
29
23
24
363
59
383
30
58
23
44
55
173
22
28
19
44
70
27
74
25
15
101
45
15
7
4178
231
740
194
31
405
84
88
172
77
20
16
45
1
25
17
26
88
34
24
19
14
24
1
3201
707
86
88
1149
326
308
24
16
32
163
70
36
70
30
27
22
27
32
23
39
21
20
35
1
1
5217
602
50
86
120
35
96
18
63
77
24
25
25
15
41
39
17
4
5714
397
25
44
33
20
24
27
34
20
14
22
29
49
16
21
16
30
19
75
5269
246
191
63
36
114
54
108
175
30
10
24
37
41
28
11
25
12
2
3
574
5225
29
27
35
194
41
44
90
60
14
29
47
27
33
27
7
21
7
23
6064
26
39
43
19
17
33
19
17
59
29
16
31
52
10
31
19
19
11
4561
72
68
314
21
701
129
74
170
34
27
22
43
148
21
23
58
18
25
15
10
5287
326
235
28
91
33
24
167
25
139
53
18
13
37
18
14
14
23
9
5607
387
12
20
18
16
59
21
54
1
96
58
38
30
19
16
15
22
15
31
19
4330
704
245
211
58
103
114
33
66
33
35
18
21
33
12
69
23
32
36
42
53
22
16
27
18
21
60
23
26
26
12
31
1
111
2366
593
1975
248
68
181
75
195
44
336
49
34
51
33
25
23
13
30
29
25
26
24
5581
242
49
29
59
84
8
16
18
38
173
41
27
21
39
24
36
16
21
18
14
3796
1203
321
24
38
40
167
7
103
52
37
29
16
20
18
34
29
92
132
30
74
110
21
27
68
36
17
13
152
4971
45
505
29
216
70
29
75
27
21
59
35
25
22
46
35
30
24
18
22
23
35
13
17
9
1
3379
648
36
250
162
1030
32
30
51
50
102
129
22
368
24
37
122
12
27
21
22
4786
665
314
75
27
42
109
19
40
49
16
43
145
25
30
15
53
15
35
28
23
4208
1195
25
45
37
37
65
27
46
27
100
80
33
32
160
57
25
38
30
22
102
26
26
31
17
29
33
1
479
3917
31
656
397
54
222
126
26
60
18
47
24
156
35
28
47
29
18
45
22
39
34
27
17
118
5507
36
80
107
117
116
22
34
31
37
25
27
21
23
34
30
50
27
50
33
29
5272
233
131
65
79
108
49
25
58
68
124
24
43
31
29
61
17
37
24
72
4
4563
171
37
70
431
235
349
82
153
127
26
125
33
27
50
23
16
18
13
1
4
2477
1980
131
710
38
134
53
113
120
110
24
24
25
46
26
33
110
44
30
58
62
17
32
75
34
22
25
1
4995
1111
257
22
36
12
30
31
43
14
1
2
1849
640
410
703
694
1701
100
24
65
26
57
42
51
35
29
18
36
22
11
27
14
5597
137
166
90
22
94
33
60
27
63
92
63
41
18
35
13
1
2
193
259
444
51
717
2293
793
50
65
27
147
335
6
45
54
233
27
78
101
59
20
18
59
38
97
34
15
66
25
26
33
70
20
24
32
5627
115
84
25
89
31
171
38
20
42
14
47
39
23
85
25
29
50
2378
2654
107
53
48
21
100
402
90
23
48
118
97
29
102
53
20
60
59
32
15
25
20
170
5375
20
132
43
29
28
208
24
51
21
31
59
92
27
35
47
50
29
44
26
13
508
4257
875
17
21
8
25
47
23
102
69
51
17
63
36
25
31
21
77
27
56
22
60
25
22
27
17
18
5
2
4862
513
276
340
44
264
25
27
22
54
45
26
21
32
2
1
1064
689
805
2008
25
44
221
157
109
31
28
89
58
134
18
54
219
22
144
37
186
29
25
37
53
16
15
22
23
15
21
38
29
28
16
15
15
14
1
5512
109
42
393
37
37
69
28
58
114
21
20
34
38
21
21
5383
67
300
201
115
57
21
59
24
95
19
35
43
14
10
27
26
18
15
17
8
20
5410
19
18
696
19
97
24
50
24
18
40
17
15
17
19
14
20
16
1
4980
146
125
59
63
251
25
417
23
43
17
39
30
52
28
21
26
26
24
22
17
29
27
13
14
18
18
1
5851
25
24
26
34
75
25
13
34
41
18
39
77
26
28
24
16
41
28
15
24
33
24
13
5524
82
67
119
80
57
15
133
17
96
38
15
60
62
30
32
25
23
17
16
18
22
6
6174
77
53
102
24
41
44
17
17
3
2
5842
59
20
106
28
89
28
140
22
40
33
31
24
35
15
29
13
5616
15
211
36
66
94
26
73
81
28
29
25
37
15
52
34
41
42
33
140
3959
198
31
291
369
906
242
176
59
26
29
17
29
24
22
25
11
364
4111
556
232
50
444
23
80
16
25
29
44
159
29
21
56
58
80
33
31
28
18
32
35
5867
25
155
45
49
11
28
254
31
16
30
14
12
17
5905
99
22
25
11
113
102
34
26
43
14
12
26
21
24
20
19
16
20
1
1
169
2505
1823
189
625
277
47
80
23
25
124
30
64
95
20
53
35
16
30
35
47
20
56
43
35
34
35
18
1
5184
315
41
22
245
18
422
45
54
42
25
36
25
40
10
4
26
4528
25
58
333
280
341
46
40
284
34
51
54
64
106
36
24
22
28
105
14
31
25
25
5144
79
50
199
458
133
128
39
13
26
43
31
38
12
49
25
51
36
100
95
4108
148
157
109
249
1049
34
127
35
28
115
30
42
30
33
28
14
23
236
41
5009
46
52
30
155
62
160
45
102
154
91
32
55
38
44
42
17
29
21
37
20
18
18
277
3637
276
1045
317
20
69
104
259
37
101
27
125
30
59
21
15
20
32
35
30
18
77
1919
805
1191
22
1905
140
39
23
40
33
61
19
26
54
63
33
31
22
24
27
49
1872
2221
663
124
224
221
85
38
40
417
263
19
22
40
42
28
39
28
53
21
22
23
5219
138
144
311
156
65
31
9
24
36
60
121
23
44
33
25
21
23
17
54
4591
320
428
36
218
79
53
180
35
28
150
15
21
86
17
112
13
20
44
37
21
16
17
17
4610
1090
39
155
16
25
114
31
128
23
69
22
29
24
26
20
11
29
21
14
32
26
5237
307
65
35
48
164
110
34
31
47
16
131
71
31
31
29
37
40
7
32
19
29
3
5778
31
231
33
30
104
112
34
64
43
14
16
14
27
11
12
4089
839
18
190
25
81
87
30
124
223
149
45
18
13
93
83
42
24
30
74
53
30
20
49
24
1
23
23
23
11
19
1
5105
91
71
845
122
33
37
20
16
40
20
15
13
25
28
16
56
1
2636
47
182
31
1426
60
652
38
26
658
54
51
196
31
29
20
29
51
68
65
28
44
45
19
28
20
18
1
1
55
4108
25
80
19
425
27
187
52
148
102
82
188
61
186
83
38
80
171
51
32
26
118
18
31
25
23
28
55
11
19
5284
40
356
32
152
27
32
90
338
21
25
19
38
16
57
18
9
5517
158
152
61
26
30
35
95
46
72
58
69
59
20
60
26
18
25
27
5712
28
60
52
106
41
28
69
17
28
22
25
42
41
85
18
20
51
24
14
21
17
26
6
1
512
5436
29
34
50
70
28
182
20
27
21
22
41
29
40
13
4131
714
1090
70
28
23
89
129
36
33
16
55
20
28
38
32
22
3208
24
750
304
114
26
61
111
55
50
832
16
22
174
57
107
152
50
25
144
28
25
47
26
54
20
24
25
23
5889
14
53
104
79
44
23
185
40
37
26
21
27
11
1
5602
345
23
49
50
34
113
36
23
103
27
22
29
27
37
14
20
5055
159
117
39
105
32
312
209
44
23
31
29
53
59
35
16
49
31
22
17
38
18
19
19
22
1
128
41
3500
25
1368
184
107
221
49
39
104
36
112
25
19
56
55
28
31
79
28
16
68
20
29
24
36
31
20
21
17
15
21
1
5655
131
21
184
240
66
1
12
70
19
27
29
30
15
4
26
11
13
1488
3981
28
163
60
55
148
21
46
86
95
73
66
47
60
29
15
26
24
12
24
6
1
283
5230
317
72
35
23
83
54
28
16
30
29
26
59
65
39
30
20
101
14
2556
1586
1516
57
45
18
20
29
44
78
175
48
34
23
33
33
86
51
62
26
19
15
5256
120
191
43
28
38
210
39
94
205
33
12
34
31
33
31
39
17
22
41
23
13
1
5745
31
87
156
134
9
129
22
18
93
16
22
36
13
19
24
5898
66
28
96
95
54
14
62
23
55
24
46
30
35
28
5453
74
57
52
58
201
21
28
85
26
53
29
45
54
41
23
21
21
20
37
52
16
38
13
16
20
115
64
3878
1186
36
191
261
72
32
47
29
198
109
50
48
19
76
35
15
25
25
22
21
1692
191
41
3215
112
22
40
78
46
46
59
67
190
25
54
15
27
403
17
44
32
38
15
30
31
24
6050
15
30
38
102
33
2
1
14
21
34
37
25
36
63
25
28
37
143
5721
82
25
71
21
67
16
80
110
45
16
27
25
22
18
10
18
5004
148
87
130
175
62
33
209
42
19
72
14
45
19
53
171
18
75
23
31
53
39
25
5
2
3967
159
102
82
22
944
201
28
209
23
73
24
41
31
93
75
23
27
35
26
55
19
22
13
19
30
80
13
22
35
6
25
30
73
75
69
3925
108
186
571
59
70
24
21
271
356
22
23
167
21
27
60
34
73
21
35
35
54
42
19
27
15
71
4429
139
211
17
1234
24
36
70
23
23
32
35
98
35
17
22
23
19
11
31
13
3
1
8
5955
119
110
18
53
53
19
88
21
48
14
21
23
12
5087
437
73
17
28
75
81
316
67
107
45
69
39
27
17
29
17
23
5313
414
133
66
35
22
26
52
85
179
78
62
41
23
25
5906
12
66
62
39
35
24
31
47
13
93
52
24
50
46
54
5222
28
409
136
108
22
21
19
66
104
54
14
40
18
29
45
59
35
33
16
59
17
5353
35
67
685
12
27
26
54
60
34
32
28
37
35
13
28
15
10
1
2
1473
3804
824
26
21
32
31
108
20
58
101
25
2
16
13
4848
1234
29
126
28
30
57
24
24
22
22
18
37
25
15
10
5
4745
130
53
33
146
377
384
167
190
32
31
28
36
62
35
35
26
17
15
12
5602
47
67
181
70
17
193
41
24
25
77
25
43
25
43
17
21
19
17
5996
16
79
23
81
24
169
30
39
6
27
19
25
20
5244
194
23
67
129
20
137
55
105
49
47
137
59
55
59
27
35
13
31
17
21
13
15
2
1352
91
2473
35
616
193
112
341
147
48
50
30
34
23
54
193
24
26
38
31
162
23
58
23
16
22
39
39
29
36
20
27
58
37
54
5850
108
207
22
31
39
31
45
41
49
2
21
33
2
32
13
28
5140
158
24
404
112
92
30
51
30
41
66
23
22
59
41
27
18
28
57
23
10
18
13
45
22
114
5602
107
19
62
57
28
95
95
23
28
62
31
42
25
24
41
21
24
15
17
22
2095
1480
2202
78
97
36
26
43
53
36
34
47
95
9
18
27
78
79
18
2
1
5279
227
276
191
41
53
80
99
39
60
38
25
32
20
21
18
41
14
5759
129
31
73
363
33
27
22
11
41
21
27
17
4295
164
33
50
478
27
117
770
54
55
145
101
13
24
24
38
55
35
13
43
20
590
3527
621
283
155
542
72
104
37
87
44
15
78
34
29
56
36
29
30
29
22
31
13
33
55
1
1
116
4192
197
51
182
569
375
181
25
207
75
111
45
44
58
29
10
35
25
20
7
5944
42
52
13
29
40
24
24
62
16
123
25
8
33
13
8
19
26
23
12
16
2
5125
834
166
21
26
10
111
20
59
21
26
64
17
25
21
8
5405
43
332
32
123
494
19
37
21
29
17
1
1
5051
378
496
208
15
35
66
62
30
11
78
36
12
34
18
11
13
4750
985
19
45
25
187
58
61
17
16
38
34
54
106
26
17
28
18
22
30
18
295
3863
94
76
72
154
178
97
453
89
208
58
47
112
96
135
116
23
17
23
24
62
65
52
47
41
40
17
5474
112
677
74
82
34
31
37
33
4488
1547
272
16
38
27
22
23
20
16
32
18
34
1
5676
347
29
25
41
27
28
27
40
34
96
34
39
101
10
4625
948
146
71
17
27
57
37
233
20
93
41
41
26
37
39
28
17
19
15
17
1119
3567
460
103
198
29
183
35
66
85
26
22
27
19
23
234
18
42
29
36
26
27
54
18
51
18
13
26
2922
800
1537
38
80
25
419
42
29
82
25
35
54
79
34
11
27
43
8
59
22
9
97
18
14
17
9
19
1892
250
2936
29
239
327
158
30
119
28
14
95
57
40
89
9
64
22
32
30
23
36
26
8
1
5583
220
26
101
49
150
26
179
15
14
35
39
23
17
17
33
27
5566
16
59
118
27
114
69
192
66
28
16
68
15
27
27
40
27
14
26
25
14
37
135
4543
286
144
292
89
24
111
54
243
40
29
100
30
56
43
24
20
39
37
18
42
23
14
16
21
16
14
13
1
5649
29
126
205
19
20
31
101
37
58
32
21
25
56
28
23
22
30
12
13
17
2752
199
2652
95
25
37
33
29
97
218
21
146
62
28
40
28
16
18
20
14
1
19
4
5408
22
34
27
72
45
90
79
24
38
29
22
127
15
43
77
15
53
44
104
26
28
3
24
47
58
867
3778
417
217
212
102
109
53
50
118
56
28
13
103
30
44
47
33
19
37
85
11
34
28
18
34
11
2599
2138
312
190
82
23
391
53
164
43
29
24
66
44
30
18
59
43
49
23
49
28
19
23
36
19
3858
1364
43
839
39
70
34
28
20
43
28
25
57
23
18
21
25
19
5212
251
410
27
55
21
267
22
30
24
26
41
24
37
30
29
21
16
11
606
5116
44
133
69
21
41
134
31
55
146
36
26
31
29
35
1
5857
22
86
75
27
28
32
60
106
16
19
34
16
46
21
37
17
33
22
4314
18
1121
62
217
16
105
129
102
67
24
12
19
40
59
92
12
41
22
30
21
17
13
1
3978
519
362
149
121
282
343
48
17
204
38
44
64
20
36
69
27
35
21
41
53
42
18
23
4950
13
47
155
142
22
204
50
130
273
30
26
125
27
21
50
28
24
50
30
63
18
15
3
26
17
15
6030
81
70
23
85
16
34
40
57
34
30
29
23
2
6097
36
20
46
31
43
34
16
30
35
46
36
16
21
16
31
5182
326
60
311
56
92
80
54
31
54
68
51
32
27
17
29
24
22
21
17
155
3321
237
414
152
106
68
33
1455
23
77
40
37
59
20
28
36
83
36
35
18
33
19
23
21
20
4
1
5162
159
82
40
95
24
43
40
260
20
48
11
63
40
30
30
79
80
99
23
32
9
21
28
26
10
4765
154
331
37
25
34
68
154
155
31
21
31
217
56
44
24
15
120
15
45
50
21
68
10
15
13
14
20
1
61
34
5282
260
40
23
292
18
57
51
59
38
24
29
23
23
22
36
44
76
35
27
5689
103
66
39
73
95
30
19
29
30
22
24
46
56
34
92
30
20
15
26
16
5287
123
52
24
215
45
24
132
35
190
73
73
19
33
61
45
26
1
18
28
32
18
5962
25
271
30
31
44
67
29
27
24
22
22
6040
59
19
164
28
28
68
16
36
23
23
20
13
15
2
2117
99
1373
466
691
234
46
221
84
14
275
14
75
119
44
35
50
46
36
31
20
32
22
59
28
38
28
48
18
26
29
24
40
60
12
168
5253
185
32
176
251
90
23
29
90
24
69
49
30
28
33
24
6098
44
27
21
14
48
41
26
18
38
25
28
37
2
16
17
19
11
3
20
1
6027
31
20
20
13
104
103
67
31
8
30
33
53
13
1
5737
463
16
59
23
78
27
25
44
15
38
29
1742
112
1883
1529
29
73
104
200
152
203
215
47
40
22
73
33
25
20
18
34
6031
16
28
157
34
16
28
37
16
34
52
19
25
20
11
30
58
5606
205
23
21
68
104
72
14
47
39
104
31
24
20
55
20
14
29
70
4692
19
253
299
36
271
63
19
44
17
79
4
38
44
29
100
22
40
33
22
49
27
41
54
23
27
43
21
29
43
3
765
4684
565
117
57
43
33
66
75
22
27
27
29
16
18
10
4112
176
54
62
398
82
190
243
81
45
9
120
28
24
160
13
24
11
12
37
98
15
34
27
18
88
34
31
30
44
23
16
43
25
37
11
39
13
22
25
5581
177
13
34
37
22
54
45
102
79
187
46
29
37
76
13
21
1
534
3252
1866
85
13
75
88
43
24
42
137
36
33
17
31
74
29
12
15
73
25
22
27
1
5989
22
46
93
92
26
121
11
22
48
28
18
18
13
7
535
3463
71
741
379
71
293
287
78
94
31
38
10
18
41
30
31
79
33
41
38
56
21
22
24
29
5382
440
142
36
291
36
33
32
42
45
27
17
31
2047
879
12
52
1510
608
285
166
20
168
39
40
65
33
77
46
51
55
32
26
57
79
48
13
36
29
33
18
30
105
21
236
5513
251
93
113
54
22
28
76
14
9
18
1
5543
79
18
207
102
24
63
23
27
81
113
23
36
56
13
16
32
52
17
29
5499
502
72
47
60
28
32
52
20
69
30
23
21
23
22
34
20
3387
57
2030
47
38
19
111
33
33
29
97
26
106
71
223
23
88
33
22
42
17
5
17
273
21
21
3812
223
49
185
63
83
370
57
28
42
47
82
45
27
27
54
34
122
62
18
314
32
156
38
24
38
38
30
16
35
41
36
11
5367
95
431
226
14
74
23
17
24
24
47
43
44
16
19
22
36
30
2
1048
4189
140
92
19
203
61
97
61
64
118
28
55
56
63
29
18
72
29
19
25
34
34
119
4601
470
57
32
150
73
62
96
52
153
191
22
105
26
10
32
76
38
27
27
25
22
21
31
6
2
11
16
1
6046
33
78
33
27
54
35
21
27
17
127
39
8
3
1
5
5588
106
165
178
29
22
57
39
43
21
26
36
28
53
31
32
21
19
18
23
19
5669
169
46
31
83
76
76
23
24
17
22
37
29
97
17
65
23
15
21
14
5843
41
34
25
30
137
14
32
52
68
29
51
34
28
31
22
12
27
23
17
4
5737
211
188
20
113
22
18
31
32
26
38
47
13
42
14
1
1
245
4315
180
148
363
70
38
363
155
44
33
119
50
14
21
64
24
188
41
28
17
34
227
5499
99
94
40
102
48
48
25
26
33
50
18
78
98
52
11
6
5193
87
31
173
66
29
62
28
41
23
36
12
45
193
208
65
40
23
41
17
26
33
17
14
25
11
15
16
1976
36
524
2585
486
31
23
160
40
17
23
200
30
46
53
30
21
29
17
28
33
23
52
24
26
24
1
5476
34
356
20
39
24
32
30
39
165
87
137
32
26
21
21
15
4958
777
301
18
50
57
39
29
26
27
66
17
15
14
51
28
25
24
21
9
2
62
5735
362
27
102
15
66
19
20
22
31
21
26
25
21
5975
23
17
65
83
85
16
86
25
22
41
28
18
16
22
18
14
5149
480
23
255
32
124
35
92
20
85
66
47
24
60
21
21
20
2996
492
146
33
44
34
1436
32
182
53
37
29
26
164
30
207
72
37
44
19
18
45
53
89
21
18
95
24
25
52
1
4433
699
29
95
55
44
73
55
391
53
215
68
16
47
26
32
28
27
47
50
26
28
17
154
5419
562
117
20
201
23
15
26
2
14
1
5841
100
18
97
19
36
36
23
40
34
18
36
36
29
108
15
35
21
12
125
5307
592
96
15
79
38
67
39
11
27
35
22
23
31
47
5187
557
311
24
33
74
22
62
39
28
112
19
45
19
22
