4597
3309
3140
4766
1979
1938
3989
1739
2284
2100
1783
3056
3260
1590
5201
2704
1
4944
2962
3884
2169
1853
3130
1914
2862
4333
3573
1474
3478
2954
1752
3047
3107
4257
1889
1760
3536
2581
1789
3003
2024
2879
5770
2136
2764
3608
1534
2013
3213
2680
2267
3412
2227
5028
2878
1868
2654
3384
3124
2229
2553
2656
3554
1696
4722
3184
1703
2633
2095
1475
4070
2320
1516
3456
4450
3840
2059
2007
1988
2592
1719
1607
2650
3183
2073
4329
3577
2457
2915
2534
3271
1852
2783
2189
3384
2333
4914
2992
2510
3902
1494
2896
3338
1672
3865
1766
2275
4885
3021
3626
4280
4739
3167
2930
3341
1635
5251
2655
3990
1493
2423
4842
3064
2241
3056
980
1629
2067
3278
2561
3480
2573
1853
3951
3955
3064
4842
1537
3191
3178
2477
3482
1947
4574
3332
1681
2234
1973
2018
2446
3725
1735
2390
3156
2360
4728
3178
2143
3419
2343
1
3840
2330
1736
4199
3707
2008
3037
2861
1806
4037
2063
2231
3213
2462
3421
2342
2143
2137
2728
3041
3440
1183
3283
3974
3932
7906
2559
1389
3958
4789
3117
4224
3682
4079
2959
868
1582
2844
2051
1429
5580
2326
4719
3187
4479
3427
3317
3066
1523
4758
3148
2573
3341
1992
2948
3038
1920
2297
2842
1490
1277
1814
1885
2109
2098
4875
3031
3940
3966
4038
3868
3692
1873
2341
2281
3452
2173
7906
3511
2381
2014
3450
3360
1096
3304
2346
2256
3769
4137
3499
2519
1888
2468
1970
2248
1220
3867
2282
1757
2175
2181
3550
1398
1713
2465
2330
2154
1523
1565
2663
1
3050
3259
1597
2954
3075
1877
2695
3793
1418
4223
3683
3837
4069
3094
4812
1835
3792
2279
5580
2326
1935
4030
1941
3451
4455
2187
3636
2083
2030
3617
2259
2004
2037
2442
1423
4865
3041
2199
3028
2679
3183
2031
2692
1686
2528
3692
2863
2833
2210
3754
1798
2354
4178
2128
1600
5017
2889
3590
2734
1582
3763
2113
2030
3753
4153
3653
2329
1923
1
2396
5510
2614
5292
2112
2544
3250
5556
2350
1377
2371
4158
4835
3071
4705
3201
1809
2805
1805
1487
1848
3148
2910
4993
2913
3991
2109
1806
5117
2789
3248
3000
1658
4134
3772
3532
1539
2835
3484
3529
893
3709
2301
1896
2242
3698
1966
4249
2086
1571
2494
1656
3756
3935
2429
1542
2776
5130
4290
3616
3404
4502
3384
2020
2502
3308
2491
2107
4212
3694
3016
2411
2479
2157
2064
3685
1728
3591
2587
4308
3598
2494
2844
921
1647
3865
1868
2173
2781
5125
1927
3035
357
2587
3111
1899
2896
2083
2892
2931
1527
2280
2287
1812
2511
5395
2167
2362
1887
1490
4293
3613
3658
2435
1813
1766
3906
2234
4242
3664
3653
4253
1821
2698
3387
3346
2296
2264
3183
2994
1729
3534
3092
1280
2467
3413
2026
3062
2511
2333
2687
2292
2927
5018
2888
5117
2789
3684
4222
2768
1345
3793
2789
2802
2315
1646
2636
3624
3144
4762
1592
3672
2642
2660
2768
2478
3486
4420
3648
2604
1654
2300
3784
1822
1670
2081
4155
3941
1943
2022
3484
2466
1956
2379
3578
1948
1
3911
2488
1507
3207
4699
3247
4659
3584
2144
2178
3637
3183
1086
3422
2348
2136
2138
4049
1719
2897
1955
3054
1889
3965
2052
4668
3238
3842
2965
1099
3663
1767
2476
5441
2465
4220
2027
1659
4074
3831
1
3867
2049
1990
3295
4611
3521
3270
1115
3727
4179
3976
3930
2337
3298
2271
2877
3135
1894
2281
3169
2456
2106
3151
2649
2554
3535
1817
2014
2163
2233
1496
4074
3832
3552
2294
2060
4923
2983
2884
1921
3101
4524
3382
4482
3423
1
4429
3477
1862
2474
1963
1607
4324
3582
3806
2025
2075
3689
2117
2100
4320
3586
3726
4180
2582
1751
3573
3285
2275
2346
2105
1942
1440
2419
3395
1362
3149
2365
3363
2178
3247
4659
1805
2389
3712
2092
3960
1854
3633
4273
3880
4026
4082
3824
2934
2392
2579
1
1418
3679
2809
3687
4219
2805
3550
1551
4545
3361
3494
4412
2955
4951
3200
2802
1903
1
4100
1657
2149
3249
2369
2288
2227
2100
3579
2532
5374
3555
2639
1711
1
4017
3889
2348
3566
1992
7906
3090
4816
1793
3004
1385
1724
2205
1922
3779
2274
3745
1887
2824
3150
1931
1
3696
4210
1292
1730
2083
2801
2635
1811
3460
2445
3841
1620
3384
4522
1247
4000
2659
1578
2807
3521
4528
3378
1466
4019
2421
2173
3589
2144
2536
3011
2359
3512
4394
2477
3824
1605
3939
3967
3208
1781
2917
2960
2115
673
2158
4091
3815
3647
2965
1294
3437
2296
2173
1636
1856
2115
2299
2725
1935
3246
4551
3355
1388
3411
3107
4532
3374
7906
2408
1548
3950
3156
4750
4946
2960
7906
5540
2366
3326
4580
4145
1319
2442
4065
3841
4019
2722
1165
3584
4322
2776
5130
3402
4504
2666
1841
3399
3956
982
2968
1344
3804
2758
4652
3254
4773
3132
1
2140
2048
3718
4212
3694
2511
1600
3795
3368
4538
2194
3621
2091
2786
3023
2097
3907
3999
3806
4100
3689
4217
3196
2508
2202
3125
1345
2004
1432
1950
2884
3072
3335
2826
1745
2613
2565
2728
3964
3942
7906
3736
1620
2550
3642
2205
2059
1716
3011
3179
3679
2421
1806
2667
3313
1926
3717
4189
2627
2206
3073
7906
3677
1467
2762
3054
3245
1607
3132
4774
3081
2298
2527
5267
2639
3479
2346
2081
3430
2828
1647
1
2250
2829
2827
2888
2282
2736
3641
2960
1305
3105
2817
1984
2500
3076
2330
3862
2286
1758
1444
2741
3721
3017
2787
2102
2130
3817
1959
3306
2318
2282
4407
3499
2370
3046
2490
3475
2237
2194
4504
3402
5484
2422
1584
2728
2288
1306
2619
2939
2348
2232
2086
3588
3108
4798
2504
3116
2286
3844
4062
1890
3916
2100
2054
2842
3010
3565
4341
3535
2389
1982
2279
4014
1613
2382
2487
3037
4389
3516
1
3802
4104
2901
5005
3837
1773
2296
2127
2933
2846
1629
2268
4009
4772
3134
4433
3473
2391
3199
2316
2165
2204
3537
1506
2907
3493
2208
3956
1742
2787
2353
2766
3992
3914
2477
3722
1707
3387
2323
2195
1
1750
4095
2061
4029
3877
4715
1462
1729
4153
3753
3844
2008
2054
2627
2234
1807
1238
1805
3479
2622
1934
3730
2242
3329
2303
2274
3803
2241
1862
1617
3968
2321
4393
3513
4650
3256
3742
2057
2107
2934
3393
1579
2554
1482
1890
1980
5110
2796
4374
3532
3829
4077
2337
2814
2755
4396
1942
1568
5280
2626
3795
4111
4157
3749
1257
2131
2609
1908
1
3532
4374
1694
3257
2953
2
1725
1935
2885
1361
4008
2532
1366
3648
4258
1634
2428
3842
2
4121
3785
2875
2755
2276
1388
3078
3440
2043
3409
2454
2738
5168
2343
3716
1847
2440
3450
2016
3026
2120
2760
3277
2280
2349
2111
2338
3457
3492
1185
3229
3909
3997
2265
3502
2139
4583
3323
4096
3810
3423
2812
1671
3854
1705
2347
3759
4147
2988
2047
2871
4585
3321
1748
3840
2317
1
2249
1780
1554
2323
5390
2516
3042
3582
1282
3744
2351
1811
2117
2074
3715
4193
3713
2792
3822
1292
3134
4772
3963
3943
2741
1953
3212
4252
3654
3143
3272
1491
2779
2812
2315
1636
1941
1996
2333
4048
2047
1811
3577
2088
2241
3330
4576
1936
3188
2782
2899
1668
3339
1353
3423
3130
3932
3974
3188
2408
2310
3528
3012
1366
2328
2978
2598
2
3823
1387
2696
3738
2488
1679
1
2639
2897
2370
4248
3658
2938
3330
1638
2446
3599
1861
1960
3872
2074
2749
2665
2492
3439
2667
1800
4228
3678
2827
3582
1497
2917
3384
1605
4627
3279
2442
3406
2058
4756
3150
2658
3873
1375
3734
1980
2192
7906
2599
1779
1866
1662
4761
3145
3792
4114
2628
2379
2899
2415
2419
1261
1811
4918
2988
1862
2479
3565
4073
2149
1681
1
2
3514
2114
2278
1559
3890
2457
3778
2696
1432
1618
3169
3119
1959
3902
2045
2496
3977
1433
4341
3565
3717
4189
5061
2845
3110
2699
2097
2492
3620
1794
3418
4488
3702
1752
2452
1447
2586
3873
3909
3997
1627
2216
1981
2082
4516
3390
3157
2755
1994
2119
2287
1118
2382
1446
2521
2426
1513
1330
2264
2463
1849
2578
5328
5639
2267
4757
3149
5249
2657
1903
2925
3078
3583
4323
2215
1524
1430
2737
4530
3376
4171
3735
2894
2842
2170
2559
1554
2043
1750
2412
2431
3063
3387
4519
5384
2522
3004
3099
1802
1
3190
4716
3857
4049
2044
4193
1668
1
4301
3605
3313
2865
1728
3581
1964
2361
4341
3565
3611
2312
1981
2
3069
4837
4057
3849
5353
2553
2241
1528
2176
1961
2147
2748
3011
3283
1863
2760
4998
2908
2432
1562
2104
1808
2524
3087
2295
3170
3544
1192
4357
3549
3663
1783
2460
2093
3174
2639
4449
3457
3993
1766
2147
2128
3750
2028
1762
2576
3568
5028
2878
3493
4413
3318
4588
3277
4629
2099
2203
3604
2883
3614
1409
3279
4627
2911
1612
3383
3276
3171
1459
4512
3394
5034
2872
1752
2568
3586
4532
3374
1796
2718
1790
1601
1
3665
2265
1976
3737
1102
3067
3508
1701
2697
3785
4121
4892
3014
2978
2646
2282
3186
1539
3180
1
2135
2000
3771
2411
4031
1464
3327
1468
3111
2853
2135
2918
3241
4665
3515
4391
2404
1947
3555
2561
3018
2327
2067
1198
1899
2742
2671
2837
2398
2152
2255
3499
4366
3540
4305
3601
2750
3720
1436
3782
2416
1708
4610
3296
3338
3175
1393
3736
4170
3562
1942
2402
2181
3575
2150
4527
3378
1
5139
2767
2012
3737
2157
3652
2498
1756
3846
2617
1443
4512
3394
1445
3995
2466
3688
2200
2017
1
3960
3946
3880
4026
4184
3722
1807
3383
2716
2317
3556
2033
2737
2228
2941
2499
2740
1239
1428
2935
2549
2422
4956
2950
4656
3250
2007
3571
2328
2036
3434
2436
3871
1831
2203
1
3747
4159
4013
2061
1832
3549
2564
1793
5345
2561
2316
1901
2325
1364
2868
3583
1455
4263
3643
3616
1714
2576
3279
3062
1565
2515
3464
1927
3010
4896
4916
2990
3737
1927
2242
1829
2325
2292
1459
1
4411
3494
1
2333
1712
3861
2211
2291
3404
3501
947
3458
1367
2894
3645
2632
3415
1859
1624
3531
2751
1183
2663
4060
3767
2160
1979
3583
2280
2043
4300
3606
4843
3063
4142
1594
2167
3
3471
3523
912
2154
3167
2585
3375
2413
2118
3238
4668
4803
3103
2463
2281
3162
4054
2368
1484
5301
2605
1981
3572
2353
3551
2582
1773
3208
3538
1160
3279
2887
1740
3310
1746
2850
4644
3262
2474
3745
1686
1
3423
2372
2111
4584
3322
3697
2013
2196
2886
1861
3159
4087
1827
1992
3212
4694
2877
2088
2941
3769
2351
1786
4057
3849
2026
3957
1923
5639
2267
4932
2974
4212
3694
3629
4277
5252
2654
5236
2670
3119
1186
3601
2576
2216
3114
3495
2501
1910
3038
1938
2930
4111
2559
1236
3942
3964
2662
1659
3585
5191
2715
1340
3007
3559
5678
2228
3539
4367
3942
3964
3521
3526
859
3507
4398
1
5065
2841
3595
2160
2150
1
3851
4055
3398
2748
1760
3656
2022
2228
4200
3706
2763
3754
1389
3735
4171
3393
1863
2650
1843
1931
1941
2191
5325
2581
3247
4659
4734
3172
2899
5007
1805
3258
2842
1
3150
2088
2668
3243
4663
4842
3064
4696
3210
3862
2202
1841
1
3664
1982
2260
2665
3233
2008
3370
4536
3750
1976
2180
3244
4662
4498
3408
2697
1489
3720
2702
3672
1532
2520
3612
1774
3621
3081
1204
4279
3627
2011
2458
3437
2611
1901
3394
3907
3999
2331
2333
1552
1690
3761
1914
2230
1
1904
3829
2173
5594
2312
3644
4262
2851
3635
1420
3557
2085
2264
3044
2825
2037
2565
5341
1743
3773
2390
4564
1863
1479
4108
1684
2114
3786
1965
2155
1716
3544
2646
2236
4029
1641
3399
4507
4060
3846
5961
1945
2064
2268
3574
5210
2696
1887
4041
1978
2477
2156
2165
1108
5082
2824
3395
4511
4079
3827
2771
2122
3013
1767
3521
2618
3306
4600
4329
3577
2807
2337
2762
2927
2412
2567
3862
4044
3491
4415
4390
3516
1731
2915
3260
5506
2400
3105
2868
1933
2570
4488
848
3766
4140
2647
2363
1431
1465
3803
3420
683
2896
3165
1845
3254
4652
7906
2038
2786
3082
3479
1905
2522
3162
4744
2474
1840
2228
1364
2054
2676
866
2310
2366
3617
1922
1
4029
1947
1930
2617
3527
1762
5343
2563
962
3484
3460
2211
1949
2375
1371
3544
2359
2003
3828
4078
2492
1838
3576
4644
3262
3475
4431
2112
3538
2256
4919
2987
3673
1523
2710
1602
3682
2622
3801
1272
2833
2862
3192
1852
2140
2218
3548
3536
4370
3875
1827
2204
2947
4959
1333
4006
2567
3578
2748
1580
2065
1940
1253
2648
2681
1309
1847
2068
1
3675
2928
1303
2952
4954
2027
2257
3622
4118
3788
3809
1755
2342
3832
2367
1707
3053
4853
3634
2062
2210
2033
3624
2249
2090
3671
2145
4316
3590
4831
3075
1731
3487
2688
1414
3404
3088
2597
5309
2673
3530
1703
3710
2381
1815
5140
2766
3826
2475
1605
2333
3681
1892
1459
3892
2555
3131
2747
2028
4123
3783
5231
2673
1
1
3779
4127
3973
3933
4098
3808
3903
4003
2849
5057
1268
2316
2033
2289
2121
5784
1
5076
2830
3418
4485
3
3334
1842
2730
2032
3011
2863
2336
1414
2633
1523
2683
2438
2785
2816
2845
2245
3635
2125
2146
3957
2992
957
4040
2017
1849
3691
2968
1247
4538
3368
2236
3874
1796
1839
3366
2701
1910
2946
3050
2757
3048
2101
5232
2674
2397
1971
3538
4164
3742
2491
1884
3531
4832
3074
3049
1463
3394
5187
2719
3908
1981
2017
2279
3470
2157
3101
2191
2614
5802
2104
5196
2710
3374
4532
2476
2374
1550
1506
4242
1903
1752
9
2155
3269
2482
1923
3069
2914
4673
3233
3918
1680
2308
2688
3448
1770
2004
3032
2870
3800
2220
1886
2339
3787
1780
4053
3853
3047
4859
3737
1942
2227
4002
1675
2229
3714
1991
2201
7906
3495
1575
2836
4307
3599
4141
3765
3348
4558
3132
4774
1904
2093
1742
2167
2525
3831
1550
3175
2439
2292
3666
1643
2597
2508
4004
1394
1339
2650
3917
2648
1423
3835
3047
1574
1572
1713
2469
3745
1692
3117
2336
2453
3503
2661
1742
5386
2520
4608
3298
3943
3963
4384
3522
3376
4530
3846
2077
1983
2248
2838
2820
2001
2502
3403
1605
2417
3884
2466
2516
2924
3737
2897
1272
3766
1785
2355
3905
4001
2267
3699
1939
1
3167
1077
3662
4360
3546
5683
2223
5529
2377
4240
3664
2
2269
4062
1575
3862
4044
3799
1646
2461
3665
4241
2437
3841
1628
2308
1963
2425
1210
3378
1682
2846
3443
3600
863
2164
1411
2296
2035
2633
2502
2771
3083
3020
1803
1545
3907
2454
3805
1580
2521
3176
4730
3963
1292
2651
3059
3130
1717
2151
3876
1879
4307
3599
4172
3734
2225
2342
3339
3153
4753
3585
2390
1931
3544
1551
2811
3433
4473
3152
4751
3
2706
3561
1639
2733
5173
3135
1346
3425
2798
1915
3193
3345
4561
3290
1934
2682
4749
3157
3923
3983
2695
5211
4184
3722
3285
3820
801
2268
1992
3646
1660
2913
3333
2649
5257
3986
1778
2142
3008
2530
2368
5152
2754
1277
2550
4079
4638
3268
4382
3524
921
3976
3009
3635
2820
1451
3311
2972
1623
3798
2507
1601
2600
1900
3406
3991
3915
2779
2021
3106
4531
3373
2
4352
3554
3256
2416
2234
1824
1406
3150
1526
3236
2766
1904
5004
2902
2869
3408
1629
1817
3756
2333
3091
4815
3323
4583
3461
4445
1929
3203
2774
2226
3723
1957
3611
4295
5017
2889
3984
2325
1597
1777
2697
2033
1398
1
2004
3417
2485
4171
2268
1467
3846
1882
2178
2406
2075
3425
3850
4056
4291
1698
1917
2983
4923
3088
2168
2650
2659
2827
2420
3850
2343
1713
1900
3427
2579
2066
3877
1963
3811
4095
2827
3701
1378
1897
2031
2113
1865
4471
3435
1810
3284
2812
2867
2701
2338
4696
3210
4102
1208
2596
2291
2513
3102
4623
3283
3996
3910
1898
3874
2134
3099
2732
2075
2413
1644
3849
4678
3228
7906
2729
3057
2120
3953
3365
588
5089
2817
1891
1924
2307
1783
1
2106
5800
2962
2971
1973
2579
2311
3016
3401
1982
2523
2090
3752
2064
2206
2215
1783
1702
2923
1795
3188
4260
3646
1982
2910
1574
1440
2956
4950
4994
2912
2458
2112
3336
3530
4376
3492
3006
1408
3922
1431
2553
1507
3644
2754
1
3372
2441
2093
3000
3591
1315
2030
2172
3704
3125
4077
704
2096
3971
1839
2465
3640
1801
2713
3680
1513
3985
2158
1763
1934
3787
2185
4548
3358
1863
4251
1792
3665
1327
2914
1199
3312
3395
2901
5005
4426
3480
3534
2195
2177
2568
2028
3310
2467
2412
3027
3443
2445
2018
3649
4257
2778
3011
2117
4140
3766
2992
2711
2203
4869
3037
2619
3088
2199
3618
1905
2383
2250
2417
1538
1701
2973
1938
2995
1537
2466
3903
2075
3749
2082
2928
3136
1842
3768
2503
1635
2348
3340
2218
3515
2303
2088
4841
3065
3155
2359
2392
3796
4110
2928
2883
2095
1981
3557
2368
2711
5194
1
3090
3229
1587
3041
2682
2183
2818
2932
2156
3253
4653
3918
1712
2276
3342
2205
2359
2616
3488
1802
2096
3772
2038
2823
1910
3173
2511
2257
3138
7906
2658
5248
3436
1292
3178
3225
3224
1457
5594
2312
3122
4784
3166
2989
1751
7906
3788
2668
1450
2647
2519
2740
4250
3656
2646
1585
2406
1269
4109
3797
4851
3055
2226
3760
1920
1606
3442
2858
3762
2418
1726
3891
1831
2184
2008
2474
3424
3278
1803
2825
1772
3117
3017
4886
3020
3812
3038
1056
4237
3669
3862
2380
1664
3986
3920
3751
1834
2321
3950
1898
2058
3712
2666
1528
2796
5110
2252
2990
2664
5028
2878
3006
3233
1667
4062
2378
1465
1
3788
4118
3699
4207
2563
3492
1851
3447
1511
2948
3878
4028
2976
3059
1871
4700
3206
2185
3660
2061
4131
3775
2219
3226
2461
3525
2415
1966
3196
3422
1288
2511
3800
1595
4169
3737
2462
3261
2183
2213
2956
2737
3729
1726
2450
1
1683
1954
2336
1933
2429
3451
2026
3240
2504
2162
1719
2210
3977
1512
3091
3303
4091
3815
3270
1751
2885
3467
2412
2027
5299
2607
2446
2175
3285
7906
1470
2745
3691
3471
2633
1802
3536
2730
1639
1
5083
2823
4410
3496
1093
3863
2950
2502
3861
1543
3252
3313
1340
1
1925
3258
2723
2325
3713
1868
5377
2529
2754
3872
1280
3881
1695
2330
2656
2365
2885
7906
1269
2865
3772
3701
1826
2379
3182
2853
1871
4590
3316
1962
3373
2571
3271
1923
2712
3185
4721
3772
2211
1922
1
3101
2925
1880
4432
3474
2651
3342
1912
1
3037
2634
2235
3587
4319
1732
1929
1987
2258
2387
2426
3093
3924
2020
1962
5195
2711
2709
5197
2013
2576
3317
3536
1477
2893
2150
3545
2211
2407
3724
1775
1792
3519
2595
4288
3618
1823
3561
2522
4757
3149
1615
2135
4156
3435
4471
3232
4674
4485
3421
3007
2621
2278
4393
3513
3734
4172
1856
3902
2148
3601
4304
1
1406
3897
2593
10
4425
3481
4905
3001
7906
1799
2879
3228
2245
1151
2698
1812
3786
2396
1724
4318
3588
1981
2934
2991
3696
4210
2499
2156
3251
3345
1449
3112
2836
3279
1791
2898
2698
2310
3667
4239
2310
3541
2055
2883
3896
1127
2135
1802
3969
5028
2878
2054
2344
3508
2754
5152
1939
1268
2444
2255
2439
2264
3203
1995
4079
1832
2533
1397
1847
2129
2515
3849
1542
3706
1367
2833
2098
2592
3216
4130
3776
2269
3024
2613
2531
5375
3525
1618
2763
2316
3466
2124
4105
1926
1875
3550
2666
1690
5492
2414
1798
3622
2486
1648
1922
1869
2466
1
3951
3955
3797
4109
2054
2067
1642
2143
4966
2940
1886
3802
2218
2589
3450
1867
4525
3381
3948
3958
3030
4876
4092
3814
2210
3329
2367
2281
4575
1050
3658
2209
2039
4001
1924
1981
2983
2433
2490
1482
3070
3354
3237
1785
2884
2806
2963
2137
3375
4531
3523
4383
2272
2478
2045
1111
2002
1529
2290
2085
4711
3195
4133
3773
3545
4361
2896
3474
1536
3768
4138
2020
2970
2916
4153
3753
2875
2236
2795
2721
2534
2651
3091
2216
2599
1732
3401
2773
4674
3232
1634
4076
2196
2268
1940
3698
1577
2473
3856
2003
4009
1893
1
3184
2143
2579
2957
2689
2260
3450
4456
2106
3531
2269
5112
2794
2523
2503
1342
1538
3934
3972
1967
2635
3304
3499
2535
1872
5049
2856
1
2561
3534
1811
3102
2839
1965
3515
4391
2105
2616
3185
2980
826
2332
1768
1613
2777
3516
3868
1943
2095
1349
2941
2258
1356
2
1874
2488
3544
2098
1854
3954
1500
3615
2791
3454
4452
3131
2332
2443
2449
2059
1252
2146
2800
3211
1895
1852
2805
3248
1
4020
2250
1636
3214
4692
3500
2210
2196
3280
3177
1449
5408
2498
3116
3738
1052
4148
3758
3244
2546
2114
2
2849
5057
4670
3236
2753
2859
2294
2402
3847
1657
6475
1431
3722
1712
2472
3516
2475
1914
1
4911
2995
2068
3224
2614
4058
3846
2
4164
3742
3737
4169
2873
3739
1294
1543
2126
1858
2379
3467
1410
3029
3813
4092
1
2237
3449
2220
4552
3354
4498
3408
4978
2928
2278
1628
4000
1788
3063
3055
3747
4158
1
2749
1788
3369
2352
1963
1768
1823
2219
3723
1964
3311
2522
2072
1
2976
1595
3335
5258
2648
2680
3305
1921
3418
2849
1639
4292
1787
1827
3492
1943
2471
4124
3782
3439
3352
1115
4177
3729
1835
3602
2469
2879
3218
1809
2065
3584
2257
4076
1818
2012
5011
2895
3781
4125
1944
3128
1679
1155
2342
2144
3420
3486
4420
3771
4135
3002
2563
2341
3365
2343
2198
1545
2971
1413
1977
4251
3655
1414
3201
3291
3635
4271
2405
5501
1826
2154
2795
1131
3884
1441
2581
2503
3866
1537
2527
1860
3518
1
2136
2628
1395
1747
3772
1461
2673
5022
2884
3906
3247
753
3159
1897
2850
2814
3281
1811
7906
3420
1840
2646
3782
4124
2948
4958
2763
2437
2706
1615
2909
3382
2042
1483
2297
2084
2810
2040
2091
965
2733
5173
3358
2333
2215
3615
2166
2125
2997
2909
2000
2319
2603
2984
3820
2517
1569
4847
3059
2284
2159
3463
2114
2881
2911
3245
2758
1903
1646
2710
3550
3186
2455
2265
3260
3033
1613
1548
3659
2699
4123
3783
2270
3523
2113
3937
1252
2717
2420
3684
1802
3390
3286
1227
3
2522
1177
1821
2386
3990
2788
1128
2627
1760
1320
2199
6082
1824
4203
3703
1452
2905
3549
2196
1999
3711
2735
1713
3458
3409
4497
3380
2123
2403
2944
2814
2148
2671
3216
2019
1872
3698
2336
1779
3108
3019
3602
4304
2148
1472
4285
1
3714
2262
1930
2331
3053
2522
2812
2997
2097
3778
1718
2410
2117
3527
2262
3773
1646
2487
3794
1246
2866
3813
2556
1537
3236
2645
2025
3615
2715
1576
3393
4513
2910
1880
3116
2427
2705
2774
3851
4055
2433
2641
2832
5296
2610
5213
2693
1131
3316
3459
2354
2134
3418
2015
1959
3932
3650
2155
2101
1455
4240
2211
3886
2685
1335
3895
2198
1813
2271
2147
3488
3213
2785
1908
4963
2943
2351
2891
2664
2621
3094
2191
4780
3126
2971
3216
1719
3489
1900
2517
1991
2532
1501
1882
1872
3368
2666
3663
1485
2758
2781
2353
2772
5265
2640
1
2115
3911
1880
4552
3354
7906
5011
2894
1
3689
4217
3220
2533
2153
4540
3366
3616
2456
1834
2389
2681
2371
465
3042
4864
5473
2433
4589
3317
3105
2478
2323
3822
4084
3243
4663
2422
2490
2994
3475
4431
3318
3224
1364
2142
2108
3656
3310
2322
2273
1
2710
2020
3176
4014
3892
2537
2806
2563
2252
3658
1996
3172
1851
2883
3836
1733
2337
2013
3084
2809
3477
4428
1
2811
1100
2330
1665
5232
2674
2368
3592
1946
4050
1831
2025
4092
3814
2113
2119
2384
1290
4761
3145
4475
3431
4467
3439
5083
2823
2572
2531
2803
2158
3139
2609
3796
1519
2591
1525
4041
2340
2714
1382
3810
5540
2366
3361
4545
2677
2016
3213
2796
5110
4457
3449
2887
5019
5475
2431
2544
3335
2027
3123
4783
2717
3674
1514
1
2032
2571
3303
2583
2028
3295
2300
1407
4199
3705
2143
2058
3852
4054
2877
5029
3261
2804
1841
1333
1712
2937
1924
1923
2987
2996
4052
3854
3342
2549
2015
2592
1757
3557
3733
4173
6098
1808
2758
3093
2055
2453
1892
2362
1199
4254
3652
3943
2090
1873
3251
2971
1684
3842
2082
1982
2022
3767
2117
2523
2695
2688
4072
2234
1600
4434
3472
2801
3496
1609
2545
2473
2888
3747
2818
1341
4782
3124
1914
3547
2445
2747
3380
1779
4954
2952
3480
4426
2499
1430
2212
1764
1
2952
3620
1334
2448
3542
1916
4396
3510
3480
2703
1723
2681
2141
3084
1965
3699
2242
2172
4171
1563
4054
3852
3273
4633
4863
3043
3999
3907
5640
2266
3032
4874
4506
3400
3606
2094
2206
3142
4764
3182
1918
2806
2173
3098
2635
1879
3309
2718
3265
1772
2869
2554
3356
1996
3747
1917
2242
4389
3517
4604
3302
1889
3220
2797
4145
3761
2216
3500
2190
3731
1445
2730
2465
2075
2579
787
2034
3097
2775
2567
1375
2928
1036
2618
2729
2559
3546
2027
2333
3990
3916
4783
3123
2251
2581
3074
2050
3931
1925
4986
2920
4127
3779
2886
3355
1665
2146
2030
3730
5257
2648
1
3625
3054
1227
3625
2215
2066
4021
2789
1096
2135
4146
1625
4823
3083
3509
2453
1944
2498
3182
2226
4394
3512
3091
1652
3163
3015
4891
2690
2357
2859
1735
3460
2711
3549
2365
1992
3858
2043
2005
3168
2444
1575
719
2287
3321
2298
3013
3958
935
1706
2457
3743
3403
4503
2342
1577
2110
1877
4780
1020
2106
3507
1073
3326
3705
2152
2049
2443
3592
1871
2995
2158
2753
2036
3788
2082
4479
3427
5183
2723
5648
2258
2116
3689
2101
3789
4117
3384
2463
2059
2477
3073
2355
1
2534
1973
3399
4026
3880
5003
2902
1
3360
4546
3503
4403
3687
4219
2874
2448
2584
3789
1624
2493
3399
4507
3386
2040
2480
5147
2759
2242
2442
1244
1978
3887
4019
2779
3561
1566
5568
2338
3092
4814
5451
2455
2220
1568
2272
1846
2738
3850
1318
3221
2021
2664
3525
2866
1515
3777
2409
1719
1
3057
3080
1769
3232
4674
3388
1288
3230
1688
1607
4611
2900
3277
1729
3589
4317
3434
3064
1408
2506
1933
3467
2272
1847
2110
1677
3250
2685
1971
4241
1896
1769
2755
3784
1367
2509
2360
2142
895
2161
2593
3152
888
4002
3016
2345
3480
2081
2237
2524
3145
3656
4250
3433
2643
1830
2103
5803
2797
2230
2879
5188
2718
1977
4036
1893
5010
2896
4982
2924
2375
2029
3502
1388
2466
4052
1870
4615
1421
1385
3446
3075
3529
4376
1
4681
3225
4797
3109
3103
2812
1991
2183
3546
2177
3369
4537
1696
1891
2310
2009
2559
1456
1847
2044
3379
4527
1844
2318
3744
3145
4761
2048
3994
1864
3391
3032
1483
2340
1867
3698
1
4017
3889
3729
4177
3408
929
3569
2342
2549
1353
1662
1920
2494
3492
3698
2038
2170
3779
2320
1807
1813
3609
2484
1989
2322
3595
3801
2423
1682
4711
3195
3742
2232
1931
1
4386
3520
1999
4048
1859
4039
1683
2184
3887
4019
3729
4177
3978
1648
2280
2805
5101
4022
3884
3790
1482
2634
2749
1624
2139
1394
3061
2310
2535
2650
2560
2696
3234
2258
2414
3656
2009
2241
2701
5205
3759
4147
4170
1714
2022
3105
3058
1743
3818
4088
4096
3810
2536
1369
2466
1535
2971
2183
2752
4412
3494
3592
2825
1489
3040
2168
2698
3842
1340
2724
1393
3376
2063
1074
2945
4961
2873
3489
1544
3892
4014
5029
2877
1409
3978
2519
2637
3407
1862
4382
3524
7906
1548
2698
3660
3451
4455
7903
3
3553
2200
2153
2286
2652
2968
3087
3315
1504
2793
3234
1879
3124
2786
1996
7906
1975
2188
3743
2706
3524
1676
3778
4128
2445
1928
1886
1647
2366
3224
2316
3082
1570
3254
3851
2452
1603
2052
1839
2692
1323
4027
1881
1998
4548
3358
3867
2162
1877
3154
1822
2082
848
2206
4335
1365
3623
1195
3088
2396
1877
1320
2313
2898
5008
2376
2647
1756
1127
3510
2658
1737
1
1172
2830
3904
2626
2714
2566
2563
2013
1413
1917
2526
2499
1288
1593
3496
1631
2779
3126
4780
3599
2598
1709
3342
2771
1793
1908
2633
3365
4624
3282
3494
4412
1286
3293
3327
3645
4261
1937
3805
2164
4588
3318
2599
3349
1958
1876
2381
3649
3655
4251
4306
3600
4124
3782
3701
2758
1447
1770
2624
1937
1575
3234
3653
1019
3827
4079
3297
2214
2395
3445
2486
1975
4584
3322
3276
2806
1824
2046
1846
4014
2359
3791
1756
2284
1925
1821
1876
2524
1861
3521
3634
1811
2461
3253
2416
2237
3902
2249
1755
1660
1810
2646
1790
4210
3696
2372
3190
2344
2781
3403
1722
3442
4464
3876
4030
2931
2007
2968
1659
2138
2431
1678
4051
3850
5
7906
2631
3411
1864
2193
3607
2106
2395
3505
2006
3943
2652
1311
5787
2119
1479
1849
1889
2689
4351
3555
2562
3490
1854
4628
3278
2713
3286
1907
3880
4026
3913
3993
1515
3732
2659
1752
2914
3240
830
2213
2340
2523
2634
2427
2845
4513
3393
2284
1836
3786
4533
3373
3998
2164
1744
4040
2162
1704
4004
2380
1522
4359
3547
1641
2104
2239
1922
3714
1500
2692
2489
3934
1483
4205
2461
1240
3689
2068
2149
6027
1879
1169
3288
3449
1951
2824
1766
1365
1844
3768
2294
3625
4281
3609
4297
3160
2484
2262
2126
2968
2812
1512
2507
3887
3402
2841
1663
3996
1670
2240
2679
3807
1420
5281
2625
2260
2257
3389
3170
2652
2084
4110
3796
2706
3588
1612
4395
3511
5255
2651
3798
1564
2544
2592
3425
1889
2497
3803
1606
3817
2423
1666
2378
2077
3451
1647
3415
2844
2514
2624
2768
2333
1394
1512
2667
2223
4113
1570
3789
1755
2362
3453
4453
2799
2527
2580
3217
2117
2572
2343
2388
1880
1295
3888
1376
2642
7906
3339
4567
2130
2224
1668
1884
3581
3125
1200
3900
4006
4396
3510
2790
2985
2131
2077
3817
2012
3017
4889
2297
3457
2152
3196
4710
3908
3998
2585
1730
3591
2461
3701
1744
2003
4015
1888
3349
4557
5026
2880
2276
3627
2003
3684
4222
3883
4023
3257
2173
2476
2765
3517
1624
3634
1598
2674
2740
2893
2273
2021
3250
2635
4663
3243
3734
4172
2186
3022
2698
5166
2740
3263
1750
2893
1730
2999
3177
3494
4412
3465
2653
1788
3299
1769
2838
1783
3877
2246
3581
4325
3146
3473
1287
3133
4773
3755
2452
1699
5049
2857
4150
3756
2165
3279
2462
3799
2348
1759
3088
4818
4243
3663
3279
2558
2069
1689
4151
2066
1408
2427
2208
1863
3316
2951
1639
2256
2150
1795
1705
3213
2351
2342
3169
4737
4034
2500
1372
1957
3070
2878
1
3378
4528
4832
3074
3756
2482
1668
3197
4709
2937
4969
2737
5169
2376
3587
1943
4518
3388
1895
4018
1993
5676
2230
2382
2328
3196
3645
3449
812
4102
2056
1748
2088
3501
2316
1
3143
2805
1958
4184
3722
4783
3123
2695
3184
2027
4000
2391
1515
2155
1267
2532
1952
4243
3663
2699
5207
3138
4768
3222
1554
3130
2373
3517
2016
3639
1897
2370
2275
3587
2044
3831
4075
3194
4712
4638
3268
2320
3393
2192
1
2469
3383
2054
2417
3499
1990
3963
1901
2042
2630
1724
2452
1100
3588
4318
3647
2476
1783
3703
2648
1555
2753
3492
1661
4223
3683
2765
2787
2354
2266
5640
2408
2174
3324
3587
2289
2030
3585
4321
2916
4990
2555
2293
3058
2744
1311
3850
1
5400
2506
2404
3346
2156
3580
1691
2635
2126
1794
3986
2568
1783
3555
2796
5110
3842
2515
1549
3778
3160
968
2236
3376
2294
3040
3659
1206
1
3231
1035
3640
3539
2413
1954
4046
3860
2100
2305
3501
2562
3010
2334
2865
2316
2725
6000
1906
2006
2499
3401
4106
3800
1978
2316
3612
2575
449
2649
2233
3852
4054
2620
1759
3527
4180
1736
1990
1722
2294
3890
4642
3264
1849
3591
2466
3864
4042
3804
4102
3222
2300
2384
2536
3533
1837
2671
3590
1645
1465
1810
2505
2126
3829
2523
1554
3543
2788
1575
4943
2963
3353
2193
2360
2467
3032
2407
4237
3669
2663
1347
1536
2360
4286
3620
4877
3029
4991
2914
1
2054
2596
2076
811
369
3685
1919
2302
3115
2706
2085
3967
3939
1715
1654
2260
2277
3302
2951
1653
3559
4347
3451
4455
4051
3855
5182
2724
2008
2013
3883
2
2495
3882
1529
3249
3970
687
3093
1654
3159
1170
2787
3949
3311
3214
1381
1655
2474
3777
3169
3152
1585
2283
2456
3167
3043
1530
3333
2741
1878
3287
3210
2232
2464
2555
2611
2740
2562
3122
2219
3
2019
4055
1832
2315
1750
3841
2759
2221
2926
3739
4167
2162
1836
3908
4003
3903
4234
3672
5472
2434
5091
2815
4384
3522
3143
2038
2725
3717
2007
2182
3220
2339
2347
2859
3921
1126
2760
3485
1661
3796
2399
1711
2931
1479
3496
2835
5071
3731
2686
1489
1604
3906
2396
2799
3302
1805
2851
2431
2624
4360
3546
3121
2121
2664
2101
3695
2108
2
3089
4816
1
2586
5320
2660
2253
2993
2723
5183
4156
3750
1815
4047
2044
3615
1845
2446
4545
3361
4269
1537
2100
3709
4197
4125
1331
2450
2220
3671
2015
4202
3704
2815
2348
1004
1739
2607
3255
2044
3398
2464
2044
1865
2743
1906
1392
4424
3482
3626
1677
2603
3688
2371
1847
3439
4467
3611
2192
2103
2580
1766
3560
2144
2371
2195
1196
2532
2036
3338
2424
3011
2471
1567
3477
2862
3665
2039
2202
3825
4081
2639
2150
3117
1356
3388
1141
2021
2561
2358
2987
2827
2723
2356
2933
2284
2689
2164
1777
1262
2703
1626
2650
3630
4981
2925
2763
2006
3137
2783
3491
1632
3522
2061
2323
2707
3437
1762
4737
3169
4403
3503
2431
2764
1917
794
3807
4099
3998
3908
2702
3806
1398
4379
1988
1539
3764
2346
1796
3385
1720
2801
1834
3368
2704
4831
3075
3881
1867
2158
3796
4110
2134
3574
2198
3612
2337
1957
4933
2973
3208
2116
2582
3363
1760
2783
4280
2200
1426
4068
2159
1679
2614
2225
1300
1767
2376
3823
1707
2047
1655
1784
2420
3961
3945
3196
2769
1941
3393
1999
2514
3831
4075
4024
2285
1597
2660
3001
2244
1
3078
1682
3146
3809
2474
1623
2013
2432
3460
1
3212
4694
4314
3592
1923
1678
2397
1908
2432
3766
1708
2803
2191
2912
3271
2264
2371
3493
1996
2417
3857
4049
4132
1808
1966
2149
2828
2928
1
1326
3786
2794
3027
2033
2846
2092
1946
2194
1674
3776
4130
2112
1847
1737
2210
5106
2800
5284
2622
3257
2118
2531
3790
2230
1886
4123
3783
2141
2485
3280
3260
1989
1276
1381
1815
2296
3795
1932
2530
3444
3241
3904
761
3614
4292
4219
3687
1727
2501
3678
3489
4417
4928
2978
4948
2958
3267
2376
2263
1834
2038
4034
2382
1915
3609
2467
1616
1947
1875
1
4395
3511
2808
2523
2575
2226
2297
3383
4692
3214
4975
2931
3828
2299
1779
1903
1581
2262
2160
5114
2792
2674
1282
1745
2204
1
1905
2450
3551
4797
3109
4941
2965
3026
4880
5013
2893
3192
2725
1988
1
3352
2481
2073
1426
2938
1829
1713
2501
1968
3437
3452
2555
1899
3740
4166
2151
3588
2167
1910
2380
1945
1671
3905
4001
2151
5755
3045
2998
1863
3284
2293
2329
5137
2769
2183
2673
3050
3589
2868
1449
3072
3013
1821
1971
4004
1931
3604
2061
2241
5341
2565
1867
3879
2160
3042
2820
2044
2381
2727
1206
1592
3717
2126
2063
3187
2218
2501
5466
2440
2044
2389
3473
2311
2247
1495
1853
3896
4010
2269
3211
2426
3987
1564
2355
3743
2364
1799
2239
2007
3660
2018
3883
2005
3452
4453
1
4477
3429
3486
1612
2808
4404
3502
3945
3961
1940
3762
2204
3432
2224
2250
2031
2988
2887
4993
2913
2347
3462
2097
2023
3840
2043
3299
2097
2510
3955
2022
1929
7906
4237
3669
3396
3105
1405
2475
3260
2171
3619
2090
2197
7906
2445
2492
2969
2992
2780
2134
5123
2783
2455
3344
2107
2337
1652
3917
3342
1795
2769
3076
3044
1785
1
2592
2640
2674
2912
2986
2008
1714
3584
2608
3183
2748
1975
2925
3309
1672
3456
4449
1
5306
2600
4058
3848
3012
1653
3241
3031
4875
2275
2990
2641
2219
3277
2410
3797
1807
2301
1
2208
2457
2117
1124
3666
4240
3375
3044
1487
4046
1418
2442
3893
4013
3542
2470
1893
1
3310
4596
4629
3277
5116
2790
2800
2070
3036
3054
2028
2823
1
4429
3477
3847
4059
2785
3568
1553
3670
1339
2897
3725
4181
4137
1677
2092
2589
1707
3610
3345
1968
2593
3197
2114
2595
2786
2730
2389
1
2596
1898
1899
1513
2253
3868
1785
2196
2264
1618
1828
2825
2574
2507
1603
2677
3625
1
3185
3655
1066
5049
2857
3627
2109
2170
3835
2148
1923
4701
3205
5684
2222
3535
2085
2286
3049
4857
3895
2006
2004
1
3084
4821
1
2308
3939
1659
3061
3246
1599
3427
1987
2492
3472
2847
1587
3268
2436
2201
1
3727
2079
2100
3959
3947
3828
1803
2275
3270
1602
3034
3088
2328
2490
2530
2420
2956
3171
3453
1282
2437
3061
2408
2466
1911
3529
5280
2626
2961
2342
2603
2212
2810
2884
3596
2303
2007
2348
3254
2304
2388
1839
1558
2121
2176
2272
3458
5336
2570
3015
2858
2033
3700
1722
2484
4000
1724
2182
3077
1043
3786
1401
4016
2489
4066
3840
2420
1516
2510
1460
2996
2482
2428
3383
2760
1763
4096
3810
1459
2730
3717
3283
1897
2726
2137
2158
1394
2217
1334
1984
2341
2247
3196
3197
1513
5204
2702
2751
1925
3229
1
2568
5338
7906
4750
3156
3067
2798
2041
2825
3302
1119
659
1
2927
2514
2465
2287
5619
4553
3353
4405
3501
2713
2123
3070
3079
2159
2668
5345
2561
3341
4565
4334
1674
1898
4169
3737
4239
3667
3263
1911
2732
3654
4252
4285
3621
1967
1896
4043
2860
2979
2067
4326
3580
927
4032
2947
2701
5203
2
3451
2767
1688
3969
3936
1
4674
3232
2288
1594
2263
1761
3706
2047
2153
3874
2063
1969
3280
3137
1489
4346
3560
2039
1804
2419
1644
3222
1655
3029
3999
3907
2326
3994
1586
2461
1849
3596
5651
2255
1227
3587
3092
4101
2503
1302
4903
3003
2371
3381
2154
2293
2132
3481
3665
2539
1702
4540
3364
2
1994
2795
3117
3806
4100
1904
2987
3015
3562
1757
2587
3579
4327
3700
1737
2469
3038
1047
3821
2784
3336
1786
4982
2924
3960
2568
1378
5249
2657
2342
3716
1847
1
3846
1515
2545
4095
3811
4599
3307
4021
2005
1880
3894
2489
1523
1494
1231
3114
2067
4251
3655
2055
3810
2041
2795
3346
1765
1288
2707
3911
1488
1888
2252
2278
3531
2828
1547
4003
3903
4915
2991
2006
3612
2288
4161
3745
2993
2707
2206
3619
2912
1375
2620
1930
1663
1693
1923
1441
1915
2627
3591
4314
1
2150
3684
2072
5014
2892
2172
3463
2271
3253
4653
1854
3643
2409
4223
1234
2449
3882
2277
1746
1
3720
2780
1406
3977
3929
3203
2459
2244
2784
5122
3777
2768
1361
2420
3424
2062
3979
3927
2447
1883
3576
3905
4001
3740
4166
3392
2659
1855
1803
2197
3906
2204
3437
2265
2876
1771
3259
4158
3748
2669
3374
1863
5345
2561
4065
1727
2114
2179
3578
2149
4121
3785
4465
3441
2462
2282
3162
2925
2418
2563
5350
2556
3167
2859
1880
3235
4671
1185
3127
3594
3606
2216
2084
2424
5482
2927
4979
4284
3622
2559
5347
7906
2255
3353
2298
4577
3329
4067
3839
2516
2246
3144
4013
1458
2435
4048
3858
5762
2144
3465
4441
3994
3912
3634
4272
1573
3690
2643
1926
3964
2016
1765
2673
3468
4083
3823
3889
1832
2185
3568
2413
1925
2985
3250
1670
1
3778
1823
2305
3028
2728
2150
7906
4052
3854
2365
3445
2096
1895
3034
2977
4191
3715
3524
2035
2347
2574
2177
3155
4051
3855
2571
1532
1698
2105
2168
2640
3098
1994
3076
2836
3179
2363
2364
3200
4706
2725
3464
1717
4149
3756
1
3256
2237
2413
3088
2198
2620
3868
2043
1995
3174
1910
2822
4036
2542
1328
3343
4563
4386
3520
3050
4856
2233
3633
2040
2071
2795
3040
3811
4095
4686
3220
3636
1913
2357
2808
2553
2545
3329
2664
1913
1866
3974
2066
3520
4386
5465
2441
2742
3313
1851
4187
1497
2222
2374
5532
4279
3627
2246
1176
2238
2246
1145
2044
2352
2365
2561
2103
3242
2181
1552
4173
2455
4597
854
3361
2324
2221
3616
1942
2348
2312
5594
2663
3583
1660
2552
577
2232
2545
1203
2795
2005
1903
3325
2315
2266
4639
3267
4544
3361
1
4974
2932
2429
3607
1870
2721
1371
3814
2778
2438
2690
3205
2646
2055
3766
1842
2298
3068
3666
1172
2048
3687
2171
4009
1512
2385
3115
4791
3829
3484
593
3624
4282
3678
1862
2366
4121
3785
3165
2743
1997
1
3812
2330
1764
2933
2818
2155
1526
3368
3012
1913
2756
3237
4857
3049
3529
2880
1497
1228
2786
2308
1584
4042
3864
3088
1189
3629
3218
3225
1463
3356
4550
2793
3433
1680
1519
3451
2936
3580
1726
2600
4991
2915
4043
3863
2264
3505
2137
2960
4946
4501
3405
4165
2410
1331
2493
2425
2988
3298
2911
1697
5063
2841
2
3760
4146
3921
2368
1617
4386
3520
2113
3078
2715
3448
2715
1743
3022
2834
2050
4027
2245
1634
4824
3082
2147
3967
1792
2969
2878
2059
2443
3190
2273
3917
3989
2002
3245
2659
3050
4854
2
3932
1955
2019
3534
2698
1674
3532
2339
2035
2134
3392
2380
3823
4083
3144
4762
4338
3566
2
4950
2956
2643
2559
2704
2449
3879
1578
2084
2116
1784
1922
3874
2670
1362
1722
2331
1413
2440
3493
2439
1974
4483
3423
2381
3457
2068
4154
2466
1286
3887
1920
2099
3477
1767
2662
2030
2782
3094
3212
2150
2544
3063
3338
1505
3311
4594
1
3522
4384
2234
3519
2153
2105
3368
2433
2908
3209
1789
3223
4683
2497
2424
2985
4054
3852
4496
3410
2594
3388
1923
1
2150
2740
3016
4409
3497
3647
2347
1912
4617
3289
4756
3150
2928
4978
3322
4584
1919
2808
3179
2948
3707
1251
2084
3564
2258
4713
3193
3660
1914
2332
2146
2455
3305
4224
3682
2149
3361
2396
2198
3467
2241
1941
4092
1873
2677
1396
2133
1700
3555
4351
3692
4214
2103
2233
2046
1524
4592
3313
1
3705
2990
1211
7906
1829
2646
3431
3673
2032
2201
2100
4202
1604
2959
2079
2868
2389
3851
1666
2838
2697
2371
2799
1402
3705
3933
3973
2308
4036
1562
1707
2376
3823
3435
4471
2220
2532
3154
2562
3959
1385
4120
2219
1567
1490
2196
4220
2531
1893
3482
3917
2470
1519
3025
3523
1358
2129
3321
2456
4027
3879
4213
3693
3945
2581
1380
3740
4166
3722
2514
1670
2408
3017
2481
3146
3711
1049
4195
3711
4287
3619
2022
3843
2040
1
2817
3101
1988
1769
3610
2527
3744
4162
2664
3212
2030
4599
3307
5737
2169
3510
4395
1
6222
1684
3960
3946
2958
4948
2275
1872
3759
4022
3884
3579
2865
1462
1982
3823
2101
1872
2100
1836
2098
4373
3533
4716
3190
2443
2893
2570
4386
3520
3736
4170
1981
4079
1846
2421
2933
2552
4123
3783
2511
1405
1838
2152
5154
2752
4633
3273
2876
1583
1669
1778
3784
2913
1209
3302
4604
3641
4265
5229
2677
3015
2216
2675
3564
1498
2843
1
3142
4764
2533
3726
1647
3747
4159
4934
2972
4711
3195
3195
1932
2779
2226
3876
1804
3532
4374
3922
3984
4412
3494
3898
4008
2796
2990
2120
4794
3112
3662
4244
2109
3935
1862
3995
3911
2386
3840
1680
1573
3081
3252
3780
4126
4359
1970
1577
4290
3616
4930
2976
1984
3429
2493
3048
1448
3410
2592
2504
2810
2744
2060
3102
5515
2391
2536
3733
1637
3711
2976
1219
3747
4159
4453
3453
3911
3995
3239
2120
2547
3530
4376
1738
2299
2024
1845
2507
5399
3469
4437
2166
3457
2283
3766
4140
3708
4198
1597
2554
2324
1431
2978
2114
2814
2435
1654
3817
5175
2731
5080
2823
3
2364
1850
3692
2531
2749
2626
3663
4243
2649
2786
2471
3005
4901
2336
3964
1606
3881
4025
5683
2223
2463
5443
2565
2957
2384
5467
2439
3135
2532
2239
3817
2437
1652
4224
2081
1601
3153
2214
2539
3922
3984
4686
3220
3588
4318
4798
3108
1696
3755
2455
5368
2538
3433
4473
2600
3437
1869
4278
3628
2478
2987
2441
1802
3344
2760
2600
2996
2310
3847
4059
3711
2096
2099
3702
1709
2495
2969
1853
3084
3609
2021
2276
2059
3089
2758
5254
2652
3059
2876
1971
1782
2401
1671
2052
4513
3393
3672
4234
3980
3926
2676
3498
1732
4915
2991
2444
3131
2330
1
3435
2860
1611
2445
3010
2451
2264
2281
3361
2751
3553
1602
3659
1808
2439
2584
1401
3921
2235
2618
3053
4053
2108
1745
3272
4634
2207
2994
2705
3025
2000
2881
1524
3241
3141
1823
3038
2045
1000
1808
1717
1928
2453
4440
3466
1747
3372
2787
2729
3609
1568
4542
1348
2016
4623
3283
3667
1769
2470
3546
2035
2325
1552
2791
3563
3796
4110
5517
2389
1933
3778
2195
1922
3679
2305
3682
1783
2441
2444
1929
1447
2086
4865
3041
3898
2175
1833
2156
3934
1816
2707
5199
5170
2736
2119
3850
1937
1860
2397
3649
3053
2950
1903
3272
2363
2271
2173
2788
2132
813
4219
3687
3567
2405
1934
4058
3848
4737
3169
3210
4696
1798
1999
1670
2439
4003
2040
1863
2697
2505
2704
2387
3410
2109
4463
3443
3044
4862
2965
2856
2085
2778
2059
3069
1873
2626
3407
2681
3270
1955
2123
4171
1612
4013
3893
2334
2138
3434
4070
3836
1626
2484
3796
1767
3854
2285
3508
4398
2414
2840
2652
3876
1628
2402
3276
4630
3528
2442
1936
2336
3485
2085
2951
2979
1976
7906
2759
3616
1531
3509
4396
1
2569
3523
1814
3393
2540
1973
4326
3580
1846
2305
3755
1635
2610
3661
3679
2881
1346
2477
1814
3615
3803
2660
1443
4165
2042
1699
3322
3892
692
3391
2522
1993
4657
3249
2599
2607
2700
2126
3837
1943
2587
3286
2032
1
3064
2410
2432
3614
1710
2582
3716
2635
1554
1
3513
2163
2230
1955
3530
2421
3578
4327
1
5330
2576
3609
2237
2060
2778
1826
3302
1825
2369
1449
2262
1
2952
2805
2149
4521
3383
2
5347
2559
1961
3708
2237
1817
4066
2023
3034
2230
2642
3070
2340
2496
3800
4106
3371
1348
3187
2933
2792
2181
2861
1312
3733
1843
4092
1971
2891
1255
3760
1877
2479
1867
1683
3913
3993
2144
3227
2535
7906
3950
3955
1
2458
1691
3757
3879
4027
2499
3457
1950
3122
4784
2935
4971
2818
3185
1903
2138
2222
1668
1878
2409
1394
2082
2020
1
2533
2047
3326
4155
3751
3818
1580
2508
2167
2958
2781
2241
3709
1956
1934
2496
2044
1432
3128
2767
2011
3012
1659
3235
3258
2361
2287
1995
2540
3371
3475
2903
1527
1
3533
2429
1943
1
3245
3518
1143
3908
2093
1905
5459
2447
3506
4400
3518
2187
2201
2467
3518
1921
5616
2290
2351
1428
2209
1918
3943
3963
3039
4867
4061
2638
1205
2
3599
4307
7906
3763
2297
1846
3748
4158
3359
2551
1996
5015
2891
4659
3247
3630
4276
3702
2158
2046
4585
3321
3858
1717
2331
2682
2229
2995
4640
3266
3712
4194
2277
3585
2044
2214
2794
2898
2789
2163
1319
1635
5150
2756
2264
3691
1951
2097
2562
3247
2118
1586
2097
2105
1533
2622
1433
2318
3478
4428
4347
3559
3644
2309
1953
5216
2690
2252
1590
4064
1936
3994
1976
2816
2323
2767
2548
2299
3059
5152
2754
2942
3008
1956
3030
4876
3555
4351
1378
2625
1662
2241
2090
3828
1988
3124
2887
1895
3312
4594
3140
2564
2202
3363
2131
2412
2151
1987
3768
2614
2976
2316
2351
3109
2446
2298
3804
1804
3199
4707
2569
5337
4620
3286
4183
3723
3289
3514
1103
3823
2204
1879
2428
2332
3146
3830
4076
4724
3182
2761
1898
3247
3600
2198
2108
3902
4004
2537
3243
2126
3533
1867
2506
1695
1643
2424
2144
3563
4343
2127
2023
1932
1824
3833
2467
1606
2353
2188
1891
1474
2064
3505
2337
3429
4477
2510
2139
3257
2889
1378
3639
3035
2729
2142
4270
3636
4059
3847
2138
3833
1935
1976
3508
2422
1840
2044
4021
1
2190
2061
3655
3223
1960
2723
3690
1748
2468
5378
2528
2656
2792
2458
2635
1923
3348
2843
1629
2440
994
1922
2165
2171
1648
1738
2752
3416
4490
3416
2000
2266
1627
2013
1630
2297
2352
1627
4350
3556
5156
2750
2648
3848
1410
2274
2894
2738
1715
3684
2507
2082
3807
2017
1529
2625
3752
2217
3736
1953
4806
3100
4603
3303
3811
1877
2218
4464
3442
3060
4846
1940
2448
1540
1978
1890
3024
1767
1225
5534
2372
4409
3497
3619
4287
2761
1797
3347
1
2139
3144
2623
2711
1269
3926
2914
2546
2446
3182
1682
1396
1646
4615
3291
4621
3285
7906
2159
3509
2238
1963
4123
1820
4728
3178
1640
3494
2772
3847
2192
1867
3941
3330
635
4938
2968
2617
3517
1772
3465
3212
1229
5351
2555
2754
1471
1608
2073
1899
4015
1992
3269
2716
1918
2
1
4761
3145
2904
2959
2043
2534
3571
1801
2490
3501
1915
3132
2470
2304
2205
4285
1416
2060
3667
2179
1496
2326
4084
4212
3694
2188
3144
2574
3448
2715
1743
2819
2534
2553
2915
4991
5112
2794
3272
2929
1705
3567
4339
3637
1957
2312
2650
1517
3739
4481
1948
1477
4003
3903
3713
4193
3266
2680
1960
3673
4233
1539
2797
3570
3407
4499
3851
1751
2304
2279
3034
2593
3729
1811
2366
4573
3333
2338
3595
1973
4449
3457
2816
1997
3093
1847
2499
3559
1
5132
2774
964
3884
3058
2292
1955
3659
4021
3885
1483
2753
2286
1384
3381
4525
2723
3268
1915
3189
1085
3632
4500
3406
3897
4009
2060
2016
3830
4063
2017
1826
2333
2959
2614
4792
3114
4841
3065
3417
3073
1416
3148
2812
1946
3796
2550
1560
2224
3461
2221
2160
2350
1247
2148
1
4201
3705
4568
3338
3221
2518
2167
1940
3889
2077
3093
1766
3047
4844
3062
3338
4568
1276
3276
3354
1273
4365
2268
2247
2988
2671
4185
3721
1711
3564
2631
3362
2172
2372
2328
3687
1891
4218
3688
4233
2375
1298
1982
4148
1776
3587
2108
2211
1861
3869
2176
2575
3497
1834
3100
2844
1962
1481
2062
2162
2201
3494
2769
1643
3911
553
3442
4425
3481
1587
3676
2643
3946
2312
1648
2853
3243
1810
2868
2999
2039
1603
2483
2340
1480
3547
1622
2737
4255
3651
3052
1806
3048
3712
2051
2143
3768
2031
2107
2958
4056
892
2422
3440
2044
4938
2968
1762
2536
1786
1822
2407
1564
3933
2
2208
2376
3322
4241
3665
3523
1982
2401
3023
3238
1645
3848
1726
2332
3017
1612
3277
3608
2276
2022
3659
4247
4495
3411
4140
2102
1664
3693
4213
3378
3149
1379
2106
2568
2544
688
5348
2558
4165
3741
1767
2273
3866
2340
3220
2346
7906
4367
3538
1
4310
3596
7906
3256
3169
1480
1
2027
2232
3646
1
2352
3366
2188
3618
2321
1967
4339
3567
3220
2685
2000
1
3853
2841
1212
2693
2142
3071
1469
2415
4022
3691
2025
2190
4628
3278
1485
3729
2692
3371
4535
3925
2042
1939
2206
2856
2844
5370
2536
4020
2239
1647
4276
3630
3956
3950
1463
3875
2568
1941
3705
2260
3669
1768
2469
3216
2363
2327
2227
2874
2805
3565
1627
2714
2604
4081
1221
4029
2050
1827
3816
2141
1949
2630
2555
2721
2627
1718
3561
3524
2874
1508
3656
2137
2113
3823
1811
2272
2341
1773
3792
2476
2476
2954
3342
4564
2759
3336
1811
4206
1898
1802
2731
3804
1371
3985
2518
1403
4903
3003
2800
3541
1565
2181
3333
2392
2401
2498
1549
1458
2873
5033
2509
2150
1806
1440
1
5296
2610
2684
5222
3716
4190
3470
2112
2324
4295
3611
1749
2598
3559
3077
1832
2996
1
3334
4571
1
2971
3685
1250
2308
1873
3725
4454
3452
3724
4182
5668
2238
3069
1894
2943
4527
3379
2089
2806
3011
2189
3420
2297
3708
4198
5781
2125
3101
2740
2065
3615
4291
3095
4811
4144
3762
2160
2242
3504
1509
2455
3942
5458
2448
1802
2175
3929
3555
2836
1515
3246
2171
2489
1190
3277
3439
3966
1387
2553
2441
3581
1884
2934
2643
2329
2255
2425
3226
4427
3479
7906
2715
3901
1290
5187
2719
5102
2804
1657
2292
3957
4397
2462
1047
4395
3511
4758
3148
2923
3372
1611
4596
3310
2707
3332
1867
3085
3372
1449
3190
2104
2612
3779
2113
2014
1920
3438
2548
2902
3604
1400
4561
3345
4050
2205
1651
2162
3559
2185
2170
3683
2053
3212
3137
1557
2861
2554
2491
2098
1695
2232
1881
4171
2050
1685
2909
2021
2976
2785
3816
1305
1848
1824
2176
2058
1579
2768
3559
3361
3107
1438
2095
3339
2472
1672
4079
2155
3777
2125
2004
2940
4966
5533
2373
5561
2345
3993
2069
1844
2104
2227
3575
5707
2199
3510
4396
3180
4726
1935
2071
1891
2009
3362
2509
2035
4232
3674
1717
2768
3421
3004
3327
1575
3115
4791
2246
3283
2377
3338
2154
2414
3784
4122
2222
1832
2020
1832
3814
1649
2443
2608
2164
3134
2912
2582
2412
3335
4571
1468
2820
3618
2698
3132
2076
7906
2298
1797
3811
3219
4687
3687
4219
3910
1397
2599
2965
2279
1702
960
3579
2278
2049
2195
3166
2545
2294
2014
3598
2392
2949
2565
5875
2031
2206
2730
2970
2999
2254
2653
3742
2365
1799
1855
1972
1960
2119
3571
2123
2212
2755
5151
2244
1688
2283
1691
3300
1893
2713
2038
3194
2674
3185
2416
2305
2299
2332
3275
2108
2113
3685
4091
3815
4207
1589
2110
1128
3781
2997
2496
2167
1875
1368
1827
1636
4443
2963
3048
1895
3542
2332
2032
5401
2505
2100
2561
3245
5088
2818
3935
2215
1756
5111
2795
3259
4647
1977
3184
2744
1
2804
2834
2268
2329
3998
1579
3627
2790
1489
4106
3800
4416
3490
3331
2139
2436
5099
2807
4151
3755
2081
2462
1943
1420
2396
2798
2712
4830
3076
5285
2621
2300
3837
1769
5820
2086
5707
2199
3940
1780
2186
5481
2425
2324
2663
2919
2929
4977
2209
2213
1931
1553
2488
2517
1817
1084
3166
4740
1896
2483
3527
4240
1874
1792
3762
4144
2577
3957
1372
1811
3765
2330
4122
3784
5407
2499
2124
2164
3618
3729
2769
1408
1945
1629
2106
2225
1
4177
3729
1366
2503
1514
2523
3123
4783
1859
2286
3761
3997
2103
1806
3261
4645
5397
2509
3863
1690
2353
3481
2732
1693
3123
4783
3585
1455
2866
2983
2956
1967
3617
1729
2560
1607
2862
3437
4787
3119
4920
2986
3333
2671
1902
2352
2427
3127
3506
1535
2865
2065
3868
1973
2888
2102
2916
2981
3448
1477
4082
3824
3550
2432
1924
2364
3745
1796
1
2241
1643
2435
1587
2667
2419
2820
5364
2542
2916
2793
2196
1
3819
4087
3201
2576
2129
7906
2966
3445
1495
4066
2110
1730
2123
2259
3524
2442
1475
3989
2703
3075
2126
2
3124
2480
1236
1066
3004
3320
1582
3444
2442
2020
2110
2833
2963
1576
2422
3908
3592
2651
1663
4867
3039
4966
2940
2232
819
2784
2071
3277
2294
2335
2139
2054
3713
3205
4701
4017
3889
2041
2108
2498
1259
5154
2752
4698
3208
2471
1970
3465
1720
3530
2656
1959
2210
1739
1998
3325
1642
2939
3156
2529
2221
3452
3319
1135
3941
2082
1883
2411
3755
1740
1877
2923
3106
2632
5274
2719
2488
2699
3132
4774
4556
3350
3227
4679
2936
3477
1493
3568
2206
2132
4534
3372
3824
4082
3494
2793
1619
2747
2924
2235
4431
3475
4239
3667
3693
4213
3596
1879
2431
3762
4143
1
2696
2141
3068
1
4501
3405
3877
4029
4072
1878
1956
2889
5017
5535
2371
3586
2153
2166
1
2010
3222
2674
1879
3501
2526
2371
1886
3649
3503
2246
2157
4716
3190
2644
3352
1910
3846
1562
2498
1692
3814
2400
4139
1988
1779
3990
2237
1679
4110
2245
1551
3021
2301
2579
5
2528
4103
1275
1456
3536
2914
2916
4990
3689
1141
3076
4211
3694
1
4583
3323
3477
1770
2659
3817
4089
2805
1559
3541
1
2860
1594
3452
3015
2314
2577
2969
1654
3283
2190
2140
1799
1777
3532
4374
3755
4151
3947
3959
3360
4546
3438
2499
1969
2138
3145
2623
2497
1582
3827
2834
5072
3468
2249
2189
1713
2750
3443
2535
5371
4342
3564
4263
3643
2205
2931
2769
1
2680
4031
1194
1
3936
3970
1983
5923
1931
2787
3188
5385
2521
2401
5505
2807
925
2364
1810
3638
4268
2280
2168
1634
1824
3263
2260
2383
4028
3878
2524
2235
3147
2808
2287
2811
2071
2038
3797
3489
2328
2089
5004
2902
7906
3648
1426
2832
4026
2474
1404
2
5466
2440
4839
3067
3162
1978
2766
4103
2221
1582
2280
1868
3758
4221
3685
5267
2639
2405
3455
2046
2150
1971
3785
4624
3282
4092
3814
3597
4309
2083
3473
2349
1
4169
2145
1592
2818
5088
2465
3201
2240
3826
1730
2350
3609
4297
4245
3661
7906
3791
2064
2051
3191
4715
3306
3262
1338
3585
1693
2628
3832
4074
3149
1971
2786
4267
3639
3040
2691
2174
1
3445
4461
3257
2284
2365
3118
3524
1263
1
3629
4277
2651
2912
2343
1591
1830
2152
2331
2
2678
3116
2110
2
6107
1799
2831
3529
1546
2201
1524
2343
1838
2464
5442
1828
2889
3189
1991
5915
4512
3394
4531
3375
3391
2384
2131
3348
2728
1830
4687
3219
2844
3235
1826
1
2914
3026
1966
2067
2300
3539
2266
3701
1939
3698
2807
1401
2785
1552
3569
4065
3841
2501
3289
2116
3829
4077
2781
1788
3337
2989
2190
2727
2239
2171
3496
5077
2829
3089
3131
1686
1847
3128
2931
1855
3959
2092
2537
2512
2857
3936
3183
787
1077
2910
3919
3141
1912
1244
1609
2195
2372
3339
4284
3622
3762
4144
2685
3351
1870
3581
4325
1289
3792
2825
1986
1749
1883
2288
3138
4768
1461
3771
2674
3065
2476
2365
3156
3211
1539
3673
2131
2102
3728
1997
2181
2986
4920
5513
2393
2690
5216
2066
2136
3704
2406
3000
2500
2937
3224
1745
3561
4345
4393
3513
2259
2158
3489
4036
1399
2471
4232
3674
2613
1814
3479
3981
1614
2311
2301
2406
1551
1648
2549
1427
3930
4478
3428
3875
2540
1491
7906
4005
2110
1791
2069
4001
1836
4007
2138
1761
4680
3226
4202
3704
3248
2451
2207
2904
3209
1793
2949
1940
1590
1427
4417
3489
1857
3384
2665
5132
2774
2799
2787
2320
2714
3497
1695
3547
4359
1855
2689
1841
1521
5439
2467
3451
4455
3235
2959
1712
2478
1441
1992
1995
2965
3069
1872
3885
2159
1862
3542
2133
2231
4014
1553
2339
2575
3443
1888
5125
2781
7906
2973
3259
1674
3302
2370
2233
1
2872
2421
2613
3135
4771
3868
4038
2262
3099
2544
1
4802
3104
2447
3701
1758
3790
4116
3714
2514
1678
2239
1816
1491
2360
2444
3826
1636
3857
4049
3696
4210
1765
2823
3318
4637
3269
3310
4596
2085
3669
2152
2893
5013
4249
3657
4171
2076
1659
2976
4930
5258
2648
3654
1718
2534
2809
2880
2217
3702
1473
2731
2905
2096
2905
2740
1966
3200
3428
4478
4897
3009
2271
1841
3794
3987
3919
3216
2112
2578
3790
4116
1777
2066
4063
2305
3427
2174
3603
1969
2334
2712
3221
1973
3900
4006
3999
2508
1399
2554
3300
2052
3188
2324
2394
4520
3386
4398
3508
1791
3404
2711
2421
1878
3607
2261
3731
1914
5041
2865
2887
3057
1962
1429
2207
2005
2265
4957
2949
3332
2670
1904
2316
3817
1773
1541
4254
2111
3124
2451
2331
4198
3708
4617
3289
3437
3436
1033
4052
3854
1695
1523
1954
2734
2656
2485
2765
3562
4344
3975
2249
1682
3740
2640
1526
2556
3465
1885
3556
2242
2108
2496
2186
3224
1643
3695
2568
2172
3725
2009
3863
1587
2456
1669
3291
2946
4286
3620
3706
2535
1665
3041
4057
808
4711
3195
3754
4152
2812
3349
1745
3188
2242
2476
3637
4269
3969
1905
2032
2098
2634
3174
3241
3046
1619
1254
2328
1964
2360
1345
2809
1607
2145
3892
1884
2130
3509
4397
2353
1388
4165
3784
2394
1728
3002
3012
1892
3434
2102
2370
2157
1732
1550
2467
4603
3303
2201
1892
2212
1601
2663
2455
2788
2096
3312
2498
3762
2418
1726
2571
3750
1585
3034
2697
2175
2903
3404
1599
4269
3637
1947
3773
2186
3073
4833
2104
3195
2607
3077
3252
1577
4125
3781
4832
3074
1875
3475
2556
2416
2336
1489
1665
3757
4149
5021
2885
1468
2860
3578
5041
2865
5255
2651
2216
3222
2468
3078
4828
2166
3719
2021
3138
2884
1884
3250
2699
1956
1
3624
2230
2052
1986
2315
3605
3163
1526
3217
1779
2030
1912
2185
2716
3413
1777
5805
2095
6
3780
4126
2423
2468
3015
2273
1240
1736
2657
3045
2888
1973
3665
2959
1282
4452
3454
1762
3166
2978
3489
4417
3872
2800
1234
3061
2461
2384
2819
3437
1650
3779
4127
2121
1998
2059
1728
2179
3175
2552
3465
4441
5025
2881
2293
2535
3078
3445
4460
1
1689
3457
2760
3580
2206
2120
1566
2898
1640
1802
3322
2151
2433
5486
2420
4050
1718
2138
2615
3277
2014
1503
2336
2233
1834
3489
4417
3172
4734
2450
2349
3107
4490
3416
3212
3011
1683
2245
2140
1666
1855
5646
2260
2713
1579
3614
4138
3767
1
3743
2337
1826
5505
2401
2404
2379
1477
1646
2794
2054
3058
3855
2475
1576
1676
3862
2368
1911
2749
2179
1067
3631
4275
3383
1880
2643
2117
2238
3551
4931
2975
1748
2597
2846
715
4200
2269
1437
3898
2056
1952
3331
1162
3413
1708
3777
2421
2593
3381
1932
5456
2450
4006
2504
1396
2268
2376
3262
5560
2346
1753
3376
2777
1646
3664
2596
1783
3613
2510
5165
2741
3658
2289
1959
2206
3509
2191
2434
3945
1527
3833
4073
2316
3035
2555
2099
2217
1977
1613
3134
2757
2015
1427
3808
2671
3621
4285
2073
3153
2679
1
2539
3091
2276
2851
2475
2580
3536
2448
1922
5804
2102
3350
4556
2237
1302
2435
1932
1321
2978
3607
5018
2887
1
4597
3307
2
3133
2858
1915
5361
2545
3454
2546
1906
3829
2635
1442
3369
4537
1852
2622
3432
2357
2351
3198
4069
1885
1952
3823
4083
3866
2329
1711
2344
1912
1717
1933
2060
2442
3404
3847
1892
2167
3306
2027
2573
3268
1245
3393
2983
1517
3406
5216
2686
4
3635
4271
2895
2362
2649
2105
3495
2306
3637
2096
2173
3476
4430
3689
2116
2101
1245
2962
3699
2826
3225
1855
3216
1635
3055
4723
3183
2059
4515
1332
4097
3809
4238
1967
1701
4758
3148
4122
938
2846
3031
4875
3912
3994
2047
3725
2134
3436
4470
2922
3424
1560
4398
2219
1289
1764
3766
2376
3660
4246
2630
5276
2178
3015
2713
3708
4198
2913
3802
1191
4171
3735
1943
2001
3962
4659
1742
1505
3220
2610
2076
3099
4807
3192
2735
1979
3544
4362
2265
1032
2484
2125
2849
3322
1735
3897
4009
4624
3282
5321
2585
3672
2209
2025
4383
3523
3716
1750
2440
4858
3048
4831
3075
2365
3112
2429
3380
4526
3869
1371
2666
1595
2669
1622
2020
4281
1768
1857
4409
3497
1971
4131
1804
2417
3931
1558
3345
2556
2005
3486
1693
2727
1920
3531
2455
2261
5645
3713
4193
2550
1926
3430
3117
2866
1923
3698
4208
5446
2460
1745
2184
2259
1718
2753
3780
1373
3073
3310
1523
3822
2049
2035
2988
2161
2757
4912
2994
1721
1459
2562
2164
2481
3407
2018
2900
5006
3420
3085
1401
3917
2154
1835
3717
4189
5707
2199
2444
2102
3360
3674
4232
5996
1910
2477
2636
2793
4258
3648
1827
2142
3937
1898
3147
2861
2443
3526
1937
2942
2832
2132
3271
3942
693
3871
2579
1456
2969
2842
2095
3870
4036
3797
2959
1150
3231
2309
2366
4129
3777
3139
2275
2492
2663
2968
2274
1
2706
2628
2572
3724
1946
2236
2310
2212
1681
1703
4567
3339
3835
4071
5466
2440
2503
1522
3881
4944
2962
4072
3834
5459
2447
2865
2752
2289
2346
2344
3214
1
1
4081
3825
3219
2992
1695
6146
1760
2084
2433
3389
4492
3414
4789
3117
2918
3185
1803
3470
2509
1927
3613
1884
2409
1598
1782
1898
2628
3207
2783
1916
2006
2078
2330
1492
2423
2277
3206
3291
2471
2144
3118
4788
2983
2941
1982
3066
1802
3038
2586
3039
2281
4387
3518
1
2217
3937
1752
2272
3476
2158
3632
4274
2526
2517
2026
837
3905
4001
2742
1973
3191
3998
3908
3795
1661
2450
1227
4007
2672
2104
2240
1622
1940
3871
3120
915
2870
5036
4190
3716
4234
3672
3593
1486
2827
4877
3029
5243
2663
1737
4114
2055
3264
4642
3883
1958
2064
1
3006
4900
3656
2982
1268
2700
2848
2358
3604
4302
3549
2653
1704
3626
4280
2301
2391
3214
2128
3788
1990
2631
2111
3164
1875
1711
2212
2108
4835
3071
3833
4073
3660
1949
2297
4849
3057
3760
1726
2420
4731
3175
3177
3120
1609
2052
3765
2089
2833
1428
3645
6173
1733
2027
3331
2548
2771
3685
1450
4803
3103
3546
2422
1938
2247
2320
2314
1025
1375
3944
2587
3793
4113
5368
2538
3716
4190
2600
2028
3278
2313
1692
3901
2903
1461
3542
3311
4595
2722
2842
2342
3279
4627
3204
1605
3097
3825
4081
6587
1319
2323
3601
1982
4171
3735
3745
4161
2539
1414
2076
1877
4268
2340
1298
4288
3618
2488
3388
2030
2340
3047
2519
5126
2780
2530
2981
2395
3387
2159
2360
3959
2472
1475
2428
2789
2689
2659
4054
1193
4021
1964
1921
3131
2195
2580
2526
2157
1044
2179
7906
1998
3282
2626
2925
4981
4079
3827
2053
3549
2304
2685
1460
3761
1776
3936
2194
7906
1715
2399
3792
3999
2299
1608
2020
3841
2045
2004
3798
2104
3018
3221
1667
2462
3534
1910
3408
4498
3856
4050
4175
1615
2116
7906
3468
2038
2400
2864
2062
2980
2200
3188
2518
3067
1618
3221
4896
2440
570
3500
1353
3053
3787
949
3170
4069
3837
2202
3624
2080
3743
1827
2336
2820
1700
3386
5479
2427
3494
2077
2335
2457
3203
2246
3449
2249
2208
3213
3174
1519
2386
2703
1470
1347
3696
2102
2108
4019
3136
751
5191
2715
3787
4119
5900
2006
3762
1874
2270
4151
3755
5181
2724
1
3038
3086
1782
2112
3623
2171
4057
3849
4483
3423
1648
2729
3529
4069
3837
3320
4586
2338
2442
3126
3731
2216
1959
4504
3402
2593
3364
1949
2421
2363
1444
1677
1
2451
3455
2000
3288
4618
2438
2298
3170
3154
3054
1698
3010
4114
782
2535
2011
2166
1194
1801
2097
1681
2327
2758
3005
2143
1488
2740
3678
3426
4480
2102
3687
2117
7906
3011
2503
2392
2772
5134
2373
2455
3078
4246
3660
3339
2427
2140
2645
3719
1542
3429
1952
2525
2759
5147
2994
2818
2094
2868
2469
2569
3632
1500
2774
2730
3000
2176
1968
1983
1587
2368
5319
2587
4904
3002
4713
3193
3072
1513
1076
2245
3947
1674
2285
3352
2694
1860
2494
2025
3387
4346
3559
1
1740
3733
2433
2706
2870
2329
1
1439
1962
2447
2058
4007
3899
1958
3675
2273
2083
3873
1950
2970
4936
4689
3216
1
1665
3899
2342
3953
3953
1310
2900
3696
2473
3324
2109
2982
4924
2935
3205
1766
3321
2620
1965
4403
1218
2285
3483
3029
1394
4098
3808
5434
2472
2148
2153
3058
547
1653
3715
2538
2240
4120
1546
4299
3607
3031
4875
4307
3599
3060
2140
2703
1
2
2808
5098
3299
2828
1779
2855
5051
2909
2110
2887
4517
3389
2678
3110
2117
1
3630
2067
2209
4666
3240
4358
3548
3185
4721
1937
1863
4106
4595
3311
4435
3471
2311
4230
1365
3405
2472
2029
5258
2648
2750
3100
2056
1190
2708
1102
2906
2436
1843
3627
4055
2197
1654
3521
1973
2412
3549
2508
1849
2614
5292
3582
2137
2187
4281
3625
2553
3557
1796
2153
2231
3522
3210
2672
2024
2653
3630
1623
3584
2622
1700
5489
2417
3626
1508
2772
3560
2580
1766
3750
4156
3996
3910
4149
3757
3371
4535
3381
3684
841
3955
3951
3883
4023
3286
4620
1916
2288
3702
2110
2804
2990
1
1
2309
2434
3163
2751
2070
3085
3025
2085
2796
4246
3660
1659
3865
2382
3235
3442
1228
1
3788
1554
2564
4405
3501
3181
4725
3328
2171
2407
3480
3279
1147
5652
2254
2307
3013
2586
4340
1705
1861
1934
2763
3209
2974
4932
2023
2059
2193
1631
3828
1755
2323
3144
4762
4800
3106
4513
3393
4297
3609
3270
4636
5088
2817
1
2057
3849
2000
5649
2257
2387
3001
1293
1225
2420
3403
2083
2314
3760
1832
2819
3436
1651
2584
1970
3352
2877
2197
2832
2763
5143
1716
2720
3470
1952
3867
2087
3828
1766
2312
2114
3544
2248
2897
2989
2020
3436
2166
2304
3870
4036
3091
1895
2920
3919
3987
2085
2792
1705
1324
4490
3416
2954
3339
1613
2177
3688
2041
2162
3289
2455
3632
4274
3079
3317
1510
2214
3260
2431
1
2909
2928
2069
3372
4533
1
1590
3783
2533
3256
1767
2883
2774
2069
2365
698
2307
3758
1840
1
2746
3408
1752
2705
3893
1308
2427
1774
3705
5335
2571
3865
4041
3132
3292
1482
4718
3187
1
3457
2900
1549
2192
1599
2527
1588
3017
2737
2152
2731
1341
3834
2113
3557
2236
3640
4266
3877
1969
2060
1305
2798
3803
2056
2974
2876
3982
3924
3936
3970
4627
3279
4601
3305
2905
2857
2144
5314
2592
3502
3018
1386
3267
2785
1854
1871
3993
2042
3568
2484
1854
3197
3310
1399
5878
2028
3376
4530
3015
2385
2506
1496
3746
2664
2392
1748
2241
1525
5013
2893
4602
3304
4285
3621
3107
2256
2543
3625
4281
1891
1678
2053
2284
1844
2137
2065
1859
1
3795
2524
1587
1979
3287
2640
3443
4463
2324
3189
2393
1659
3323
2924
2508
5398
3582
1729
2595
3562
4344
2638
2016
3252
2235
2772
1795
1104
2024
3721
2161
4233
3673
4255
1221
2430
3584
4322
4036
2967
903
3968
1134
2803
1
1884
2348
3674
1988
2719
3199
2728
2125
3053
3816
2282
1808
2376
3295
2235
2663
2861
2382
1855
2473
1642
1936
3155
3045
1706
1809
3435
2662
2489
2528
2889
2223
3747
1936
4180
3726
2109
4236
1561
4465
3441
4020
1872
2014
3762
2038
2106
4252
3654
2496
4231
1179
3762
1920
2224
2771
2266
2869
3346
1870
2690
3792
4114
4004
3902
2272
2137
3497
3621
3288
997
3173
2293
2440
2874
2219
2813
4213
3693
3690
1470
2746
2381
3629
1896
3340
1730
2836
3173
4733
3653
4253
2125
3463
2318
4577
2167
1162
2937
1999
2969
1
1965
3308
2633
2122
3056
2728
4530
3376
3329
1368
3209
1696
2209
1948
2053
2175
3384
2347
1546
3563
2797
3808
4098
3889
1925
2092
4456
3450
5087
2819
4432
3474
3496
2115
2295
2588
3285
2033
1955
3692
2259
3353
3291
1262
3266
4639
1
1699
2335
2244
1628
2676
1680
3550
4228
3678
3787
4119
4309
3596
1
3243
2776
1887
1974
1316
2372
2244
3898
4008
5226
2680
3768
1978
2160
3156
4750
2677
2073
3156
3829
2347
1730
4574
3332
3691
1655
2560
3084
1545
3277
3216
1966
2724
2203
2358
3345
3167
3161
1578
1930
3311
2665
2681
1387
3838
3718
2409
1779
4604
3302
3314
2700
1892
3913
3993
3773
4133
3078
3015
1813
3531
4375
3476
2344
2086
1749
3098
3059
1320
4031
2555
3809
4097
2752
3169
1985
2308
1750
2162
1686
3478
2311
2117
2045
2312
3549
3782
2820
1304
5006
2899
1
3710
4196
2772
1649
3485
2626
5280
1647
2019
2533
1707
1514
1998
2495
1899
3622
2248
2036
4899
3007
1881
2114
3911
4620
3286
2361
3666
1878
1
4715
3191
2774
3242
1890
2342
3455
2109
3358
4548
3472
3025
1409
3614
1807
2485
2180
1778
1614
2334
1654
2473
2045
1734
3958
2256
1692
1947
1988
3971
2735
5171
3631
1941
2334
3484
2670
1752
1987
2910
3009
5410
2496
3819
4087
3930
1995
1981
3778
1618
2510
4163
3743
5758
2148
3363
2756
1787
1689
3203
3014
1663
2280
3963
3970
3936
3698
4208
2813
3119
1974
2999
2761
2146
2986
3111
1809
3686
2623
1597
3587
1999
2320
2855
3256
1795
3244
2419
2243
3196
4710
3012
4894
3249
4657
2033
4175
1698
1994
2873
3039
4038
3868
4742
3164
671
2108
2291
2836
1976
3941
1988
1
1734
3605
2567
1916
2664
3326
2420
5485
1
3918
3988
2415
2032
3459
3607
4298
1
3535
2296
2075
3426
2037
2442
1
2318
3628
1960
1061
2828
2067
1950
3774
3308
824
2394
2594
2918
2162
4014
1730
3906
4000
2476
3800
1630
4008
2278
1620
1816
3567
2523
7906
2388
1478
4040
3122
4784
4092
3814
4436
3470
2080
2352
3474
2380
1894
2194
1438
2617
2082
1595
1612
1165
4158
2583
3059
2040
2807
3340
2503
2063
2085
2402
3419
3832
2405
1669
5367
2539
3517
1527
2862
1372
3722
2812
3874
4032
2877
2676
2353
3615
4291
4387
3519
2882
3076
1948
4978
2928
3378
3037
1491
3560
4346
5024
2882
2315
1712
1236
2643
5363
2543
3005
3528
1373
5119
2787
4158
3748
3363
1723
2820
1773
3566
2567
4804
3102
3652
1952
2302
2858
1814
3234
2526
3463
1917
2376
2819
2711
3839
4067
3386
1952
2567
1
3576
4330
3312
1721
2873
1478
1529
2222
2677
3904
2556
1446
2824
5082
4056
2124
1726
1928
3800
2178
4237
3669
2875
2577
2454
3360
2729
1817
2538
1619
2065
1684
2486
1778
3642
3615
2299
1992
1585
3642
2679
5169
2737
3975
1776
2155
3118
2946
1842
4508
3398
5588
2318
2878
2731
2297
2139
3826
1941
4409
3497
2414
3423
2069
3192
1664
3050
3664
1941
2301
3650
1898
2358
3597
1575
2734
2399
3494
2013
2261
2050
3595
2070
2612
1464
1760
2678
1927
3301
3332
4574
1974
2878
3054
3762
4144
3182
3957
767
3252
2758
1896
3447
1638
2821
3855
4051
2162
3228
2516
2053
3641
2212
3786
4120
1746
2245
2272
1643
3931
2025
1950
2787
3546
1573
5532
2374
2618
2462
2826
4026
2270
1610
2711
1807
3388
3140
1950
2816
4719
3187
5592
2313
1
4045
3861
3716
4190
1708
2535
2239
1424
5040
2866
3761
1926
2219
2327
1801
3778
1779
3546
2581
4677
3229
2207
4222
1477
2266
2445
3195
3142
2082
2682
2206
5700
1449
4119
2338
2999
4907
3196
3115
1595
4291
3615
1667
2999
3240
2840
3172
1894
4441
3465
4062
3844
2732
796
1072
3306
3790
4116
2687
5219
3839
4066
1
2020
4196
1690
2291
2173
1970
1472
2400
1652
3854
4187
2317
1402
3720
3353
833
3937
2749
1220
3827
4079
2465
3180
2261
3971
3935
2612
2559
2734
1
2393
1809
1966
1738
3839
2622
1445
2148
4133
1625
3904
4002
2461
2047
3398
3827
2782
1297
1971
911
2367
2657
2014
3180
2712
3185
2237
2484
4565
3341
3972
1328
2606
2155
2916
2835
3048
2447
2409
2
2916
3522
1468
4516
3389
1
1965
3432
2509
1910
2190
3806
2448
3120
2338
3344
4562
3095
3413
1398
3110
2692
2104
2512
3448
1946
3194
3199
1513
4044
3862
3814
2710
1382
3006
3178
1722
4512
3394
4204
3702
2499
3071
2336
1577
1954
2243
2132
3395
2859
1652
2064
2475
3367
4330
3576
2221
1957
3728
3179
2426
2301
2909
2037
2960
3119
4787
3015
2302
2589
2053
2619
3234
4117
3789
2036
4355
1515
2352
2449
3104
1
2901
2998
2007
2848
2243
2815
4714
3192
1784
2507
1842
1773
1971
3623
2312
3224
4682
1564
3512
2830
2498
3913
1495
3541
2123
2242
1809
2104
1935
2058
4688
3218
3049
4857
2692
2152
3062
3908
3998
2504
2135
3267
2380
3374
2152
3681
2266
1959
1953
2140
2724
1089
1741
3895
2270
1944
3913
2049
3555
4351
3634
2808
1464
1675
2499
1958
1774
2139
2777
2990
1621
1881
2477
1927
3105
3317
1484
4098
3808
994
3347
1957
1608
2939
3902
1065
1847
3357
2702
2354
2220
3332
3813
1882
2211
1484
1845
2228
2349
4015
3891
1583
3613
2710
4393
3513
4417
3489
3466
4440
4106
3800
1985
2990
2931
2217
3466
2223
1462
3283
3161
2142
2503
1847
1414
2660
3440
1806
3296
4610
1826
3843
2237
4043
1673
2190
1596
4036
2274
4213
3693
2701
3323
1882
1878
2358
3670
3210
1965
2731
4124
1877
1905
3918
3988
3679
1638
2589
7906
4084
1473
2349
4382
3524
3617
2850
1439
4902
3004
3924
2761
1221
5005
2901
3443
2295
2168
4704
3202
3728
2392
1786
4119
3787
5497
2409
2859
3867
1180
5045
2861
3498
4408
4195
3711
7906
3391
2520
1995
3572
2679
1655
4078
2320
1508
3361
3114
1431
2052
2219
3635
2114
3194
2598
4936
2970
2055
3531
2320
2756
2011
3139
3956
2222
1728
3436
2357
2113
3849
2348
1709
1870
3428
2608
7906
3276
2000
2630
5828
2078
4854
3052
1982
3843
2081
3399
2795
1711
1
4052
3854
2879
1461
3566
4122
3784
2175
2338
3393
1582
3861
2463
5064
2842
4124
3782
3911
2258
1736
1
2447
3333
2126
3775
2474
1657
2793
1863
1883
1367
3780
2281
1845
4644
3262
3850
4056
3081
2222
2603
3503
1856
2547
3021
3068
1817
3878
4028
3134
2509
2263
3393
2242
2271
2875
3323
1708
4192
3714
3942
1834
2130
3790
4115
1
1672
3822
2412
2668
3305
1933
2014
2481
1473
1935
3
3219
2675
2012
3158
1947
2801
2736
1649
2099
1422
1722
2311
3873
3749
4157
4143
3763
4475
3431
3708
4198
3340
2290
2276
2834
2803
2269
2407
2761
2738
4023
2073
1810
3894
4012
3311
3697
898
3579
2640
1687
4076
1572
2258
3316
2211
2379
3437
1763
2706
5175
2731
2690
3538
1678
3094
2585
2227
4630
3276
3578
3605
723
2551
2087
3268
5200
2706
1842
3399
2665
2288
1932
3686
2217
3503
2186
3473
1691
2742
1514
1636
3146
1610
5576
2330
3126
2742
2038
2639
2719
2548
1631
3434
2841
3191
2068
2647
2433
1792
3681
2173
3817
1916
2087
3543
2276
2019
3418
2469
4571
3335
4148
3758
2809
1856
3241
2382
3861
1663
2835
3474
1597
3901
1934
2071
2857
3655
1394
1836
3610
2460
4350
3556
2729
5177
4210
3696
2122
3772
2012
1919
2499
3488
2164
2121
3621
4194
3712
4634
3272
4125
3781
2721
3065
2120
3660
1931
2314
1
5151
2755
2074
3302
2530
3577
2002
2327
3438
1750
2718
1357
4274
2275
5223
2683
3508
4398
4198
3708
1711
4116
2079
2446
4011
1449
5115
2791
5159
2747
3572
2821
1513
4191
1470
2245
3574
4332
3873
4032
1
3243
3288
1375
3512
2205
2189
1822
3581
2503
1644
2207
1940
2115
3479
1725
2702
5056
2850
2736
3428
1742
3630
2454
1822
3659
3237
1010
2849
3496
1561
4061
3845
2097
3088
2721
2688
2150
3068
2695
3251
1960
3082
2257
2567
2219
2782
2905
3817
1989
2100
2450
2130
3326
2150
3770
1986
3112
4794
4510
3396
2043
2990
2873
2651
1784
3471
2079
2835
2992
1505
3373
3028
2513
2206
3187
3437
2209
2260
2295
4126
1485
1831
3536
2539
3280
1284
3342
1117
3052
3737
1452
3834
2620
2257
2149
3500
2382
3525
1999
3497
2073
2336
3807
2236
1863
2452
1462
3992
3844
4062
3325
1126
3455
3017
3091
1798
2403
3637
1866
2784
1750
3372
3935
1618
2353
4514
3392
5257
2649
2804
3118
1984
5363
2543
3226
3033
1647
4426
3480
1371
2543
3992
2357
1631
3918
4000
2101
1805
4311
3595
2028
5878
4278
2162
1466
2179
3470
2257
4224
2008
1674
2539
2435
2333
599
1191
2351
2393
1971
3844
4062
1884
2836
3186
3395
1671
2840
3138
3209
1559
1441
3368
3097
3229
2108
2569
1849
3737
2320
3282
2507
2117
3216
2292
2398
2029
3566
2311
3333
1994
2579
1952
2352
3602
2756
2401
2749
4488
3418
2429
3735
1742
5244
2662
3144
1514
3248
2148
1820
3938
3642
1509
2754
1
4224
3682
2801
2274
2831
3653
4253
4484
3422
2638
2965
2303
3550
1902
2454
5296
2610
3793
4113
4651
3255
4040
1516
2350
3789
4117
2848
1394
1645
2019
2557
3792
1557
4134
3771
1
3559
2686
1661
3876
4030
3421
4485
3583
1673
2650
3107
3141
1658
4408
3498
2215
3329
2362
2552
1697
2051
1606
3083
4823
3261
2904
1741
4113
3793
2501
5405
3544
1529
2833
2759
3109
2038
3497
2956
1453
4215
3691
3896
1875
2135
4806
3100
3712
2062
2132
3372
1841
2693
3898
2139
1869
2569
3434
1903
3769
4137
4248
3658
2054
2761
3091
3138
1433
3335
4218
3688
2071
4562
1273
2552
2920
2434
3280
4626
3155
3302
1449
3308
3032
1566
2324
1835
3747
4189
1756
1961
3366
2102
2438
4468
3438
1762
3410
2734
3594
2242
2070
4506
3400
4459
3447
3521
2846
1539
1744
2529
3633
2916
2632
2358
3504
2806
1596
