3963
3569
3284
3918
3667
3447
3408
3630
3889
3879
3764
2534
2783
3404
2904
3307
3974
3686
3453
3860
3099
2463
3464
2847
3188
3101
3814
3975
3725
3453
3534
3358
3733
3607
3780
3761
3262
3822
3684
3653
3487
3046
3235
3715
3789
3780
3664
1
2371
3343
3969
3787
3418
3721
3609
3783
3918
3057
3153
3885
3613
3933
3196
3434
3080
3833
2837
3666
3724
2492
3805
3973
3492
1
3915
3071
3988
3850
3682
3726
3177
2653
3570
3766
2890
2075
3720
3434
3399
3249
3987
2392
1
3859
3589
3149
1
3053
3963
3569
3380
3904
3041
3866
2804
3702
2173
3984
3355
3422
3797
3859
3931
3975
3848
1
3807
3675
3064
3221
3500
3085
3212
3370
2206
3730
3123
2081
3459
1
2843
2961
2817
3129
3842
3049
3653
3631
3125
3963
2846
3883
2961
3513
2771
1
3855
3873
3082
2622
3844
3991
3520
3797
3524
3779
3216
3692
3937
3880
2
2905
3766
3480
3308
2338
3526
3531
3442
3887
3024
1
3376
3045
3760
3231
3162
2823
3988
3903
3619
3143
3559
2993
2
3846
3759
2927
3344
3618
3916
2782
3620
3434
2618
1662
2667
3621
3884
1
2
3543
3910
3811
3970
3654
3743
3767
3544
3843
3002
2861
3832
2522
1
1
3610
2
3903
2553
3523
2760
2762
3951
2525
3684
3787
3598
3634
3610
3623
3702
3772
3525
3018
3180
3818
3341
2954
3076
3958
3820
3346
1
3672
3884
3588
2985
3786
3463
3943
3571
3736
3626
3635
3313
3493
3775
