3309
3140
1133
1979
1938
1739
2094
1783
3056
1590
2704
1
2962
2169
1853
1914
1637
1218
3573
1474
2954
1752
3045
1868
1888
1760
2581
1789
2024
2879
2387
2136
1528
1534
2068
2013
2680
2267
2227
2018
2877
1868
2654
1695
2229
1411
2160
1696
1387
3184
1703
2095
1475
2306
1516
1742
2460
1973
1550
2055
2006
1988
1719
1607
2650
2073
3577
2455
2530
1648
1852
1614
2189
2333
2773
2140
2510
1494
2891
1672
1766
2275
3021
3626
3167
824
2264
1635
1064
2655
1493
2423
3064
2241
980
1629
2067
2561
2573
1853
1870
2068
3064
1537
3171
2477
1947
1854
2706
1680
1971
2012
2446
1735
2390
2360
2383
2325
2143
1803
1595
1
2330
1736
2294
1891
2008
1822
1214
1806
2063
2231
2462
2143
1273
2135
2137
2715
1183
3264
1744
2215
2210
2559
1389
3117
3682
2959
868
1582
2051
1429
2326
1293
3175
1924
2538
3050
1523
1567
3141
2573
1992
2928
1920
2296
1490
1277
1814
1880
2092
2665
2195
2026
1930
2745
1111
1873
2341
2281
2173
3401
2381
2014
3350
1096
1737
2252
1555
3748
1964
1529
1888
1970
2248
1220
2282
1757
2168
2178
1350
1398
1713
2328
2154
1523
1565
1
3050
1597
2947
1877
2695
1418
2319
1900
2027
2031
2391
2411
1835
2279
2325
2189
1935
1941
2307
2136
2067
1552
2080
2030
2259
2003
2037
1423
3041
2198
1490
1527
2031
2690
1686
2528
2833
2210
1798
2354
2128
1600
2889
2734
1582
2113
2030
3753
2329
1923
1
2396
1
2614
2106
2112
2544
2672
2346
1377
2329
1813
2086
2729
1653
1539
1809
1805
1487
1848
2910
2913
2109
1806
2048
2783
3000
1658
3771
1539
2835
3463
893
2301
1896
2242
1966
2086
1571
2494
1656
2429
1542
2776
1458
2812
2559
1934
1977
1388
2020
2491
2107
2766
1428
2411
2479
2157
2064
1728
1439
2132
2785
1506
2491
921
1647
1868
2173
2774
1669
1927
357
2576
1375
1899
1727
2083
2881
1527
2273
1811
2511
1646
2166
1886
1490
2086
2206
2290
1813
1350
1766
2234
3664
2444
1807
1821
2685
2296
2264
2994
1729
1884
1631
1280
2467
2026
2511
2333
2680
2292
2888
2789
3684
1345
2555
1225
1004
1773
2315
1646
1499
2107
3089
1665
1592
2642
2659
2459
3486
2604
1654
2300
1822
1670
2081
1943
2022
2466
1956
2379
1948
1
2488
1507
2911
1780
3247
2144
2178
3183
1086
2348
2136
2138
1719
2896
1955
1889
2052
2916
1732
2965
1099
1767
2476
2306
2465
2027
1659
1320
3831
1
2049
1990
2785
1814
3261
1115
3715
1913
2003
2337
2271
2877
1894
2279
2454
2106
1070
2071
2554
1817
2012
2159
1496
3832
2294
2060
2101
2808
2874
1921
3149
1369
2863
1601
1
3477
1862
1963
1607
3573
2025
2075
1812
1864
2096
3102
1215
2033
2128
2582
1751
2275
2346
2105
1942
1440
1362
3149
1
2365
2178
2281
2366
1805
2389
2091
1491
1854
3633
1518
2346
3807
2392
2570
1
1418
2809
3686
2805
1551
2701
1837
3494
2955
1326
1337
1903
1453
1
1657
2149
2368
2288
2227
2100
2530
2507
2639
1711
1
3889
2348
1992
3222
3090
1793
1385
1724
2205
1922
2274
1887
2824
1931
1
2270
1928
1292
1730
2083
2635
1811
2445
1620
1582
2924
1247
2659
1578
2619
898
2008
2519
1466
1910
2096
2173
2144
1702
1301
2357
1
2753
1633
2473
1242
1605
1471
2489
1781
2917
2115
673
2158
3815
2121
1294
1520
2296
2173
1636
1856
2115
2725
1935
1949
2599
1388
3107
3374
2408
1548
1970
2769
2960
3743
2366
3326
1319
2442
1412
2529
1535
2060
1941
1165
2647
1663
2765
2338
3364
1125
2666
1841
2732
982
1212
1344
2174
1619
3254
3132
1
2140
2048
3694
2511
1600
3368
2191
1316
2087
1600
2097
1416
2658
1322
3806
3689
2508
2202
1345
2004
1432
1950
1275
1776
2808
1745
1833
2565
765
1923
2034
3786
1620
2550
2205
2059
1716
3011
2421
1806
1427
1926
1871
1925
2251
2608
2205
3820
1772
1896
1467
3054
1607
3132
1742
2288
1336
2298
2624
1851
2080
1614
2828
1647
1
2250
2806
2280
2717
2309
1325
1305
1757
1344
1984
1815
1251
2328
2286
1758
1444
2741
2786
2102
2130
1959
2318
2282
1916
2477
2370
2490
1700
1769
2186
1420
3077
2368
2422
1584
2286
1306
2619
2348
2086
2196
1385
2923
1870
2504
2286
2358
1701
1889
1629
2099
2054
2833
2899
1421
2389
1982
2279
1613
2376
2179
855
3516
1
1810
2274
2898
2002
2003
1826
1773
2127
2357
559
1629
2268
3134
3473
2391
2316
2165
2204
1506
2905
2208
1742
2349
2756
2125
1864
2477
1707
2323
2195
1
1750
2061
1638
1
2154
1869
1462
1729
3747
2008
2054
2232
1807
1238
1805
2622
1934
2242
2302
2274
2207
1581
1862
1617
2096
1865
2227
2161
1882
1371
2057
2107
2933
1579
1482
1890
1980
2796
2620
1735
3829
2337
2755
1942
1568
2037
2626
2919
1173
1758
2397
1257
2129
1908
1
2634
1725
1694
2949
2
1725
1935
1361
2026
1979
1366
3648
1634
2428
2
3785
1369
2276
1487
1388
3067
2043
2454
2737
1891
2343
1847
1304
2440
2016
2120
2758
2280
2349
2108
1952
1499
1901
1582
1185
3888
2265
2139
3323
1942
2141
2812
1671
1705
2347
3759
1304
1674
2047
2791
1775
1748
1541
2289
1
2239
1778
1554
2516
3039
1282
2351
1811
2117
2074
3713
2792
1292
2134
2628
3922
2741
1953
1676
2567
3127
1491
1341
2315
1434
1
1636
1939
1996
2047
1811
1421
2086
2139
1781
2788
1936
1506
1668
2883
1668
1353
3121
3911
2408
2310
3011
1366
2328
2598
2
1387
2696
2488
1679
1
2639
2370
3106
1129
2932
1638
2446
1861
1959
1555
2073
1444
2491
1288
2667
1800
2577
1643
2009
1570
1497
2916
1605
3279
1665
2058
1724
2151
2604
2658
1375
1980
2192
2888
1386
1779
1192
1662
2593
2154
2456
1322
1287
1329
2378
2399
1261
1811
2721
2176
1861
1638
1921
2149
1681
1
2
2114
2278
1559
2457
1885
1875
1432
1618
3119
1959
2045
2496
1433
2961
1360
3717
2845
2699
2097
2492
1794
3418
1752
2452
1447
2586
1668
2314
1627
1980
2067
2702
1813
1123
2020
1994
2115
2282
1118
1446
2423
1513
1330
2259
1849
2578
2623
2267
2565
2862
1888
2657
1903
2925
2504
1815
2215
1524
1430
1584
2940
1
2821
1347
2841
2170
1554
2043
1750
2404
2429
3386
2648
1175
1328
2987
1802
1
3188
1507
1955
1882
2044
1668
1
3605
2853
1728
1964
2361
2091
2241
2312
1981
2
3069
1614
2220
1665
2553
1528
2169
1961
2147
2729
2081
1184
1863
2908
1562
2104
1808
2521
2295
3170
1192
2841
1514
1783
2460
2093
2639
3457
1766
2147
2128
2028
1762
2576
2878
1868
3493
1702
2880
2301
2326
2099
2203
2305
1409
1291
3279
2911
1612
1400
1857
1459
2434
2059
1873
2872
1752
2568
2755
1760
1796
1790
1601
1
1558
2087
1976
1102
3066
2246
1701
1241
3785
2012
2860
1675
2282
1297
1539
3159
1
2135
2000
2411
1464
1468
1919
1181
2853
2135
2639
2021
2426
1963
1947
2298
1246
1333
1675
2326
2067
1198
1899
2668
2398
2152
2255
2047
2300
2300
2000
2750
1436
2416
1708
3296
3168
1393
2523
1629
2122
1941
1425
2181
2150
3119
1393
1
2260
2751
2012
2157
2498
1756
2617
1443
3394
1445
2466
1633
2037
2017
1
2154
1803
3880
890
3275
1807
2716
2317
2033
2228
1783
1149
2499
1239
1428
2547
2422
2950
2505
2137
2007
2328
2034
1562
1866
1831
2203
1
2935
1212
2055
1832
1873
2564
1793
2561
1901
2305
1364
2868
1455
2066
2185
1714
2576
3062
1565
2515
1927
3010
2837
2072
2043
1685
1925
