7967
3140
4827
3955
4012
3569
4398
4683
3284
7967
7967
3917
4050
5077
2890
7967
7967
7967
4318
1889
1760
3541
4426
3020
4947
7967
4332
3635
7967
4520
3447
7967
4559
3408
7967
4372
3595
7967
1703
2638
3626
4098
3869
7967
3879
4088
3763
2597
1607
4779
3188
7967
5433
2534
5184
2783
4563
3404
7967
4058
3909
2904
5063
3880
4087
7967
3656
4311
7967
4597
3370
7967
4013
3954
7967
5335
2632
4660
3307
7967
3961
4006
7967
7967
4476
3491
7967
3685
2258
2024
4201
3766
4782
3185
4789
3178
4516
3451
3857
4110
4250
3717
2008
3096
2863
7967
5504
2463
3464
4503
5233
2734
4676
3291
7967
7967
7967
7967
7967
4107
3860
5120
2847
7967
4779
3188
7967
4866
3101
4819
3148
4589
3378
7967
3801
4166
3975
3992
7967
7967
7967
3720
4247
4514
3453
7967
3532
4435
3463
4504
3358
4609
7967
3529
4438
3732
4235
3890
4077
4360
3607
3776
1713
2478
3760
4207
4708
3259
4890
3077
7967
4284
3683
3847
4120
7967
4150
3817
7967
7967
3454
4513
4284
3683
4314
3653
3484
2037
2446
7967
4921
3046
3235
4732
4254
3713
2869
5098
3777
4190
4199
3768
7967
3601
4366
7967
7967
4310
3656
1
7967
7967
4685
3282
7967
5596
2371
7967
7967
4624
3343
4790
3177
7967
4013
3954
7967
3264
4703
7967
3544
4423
3507
4460
3746
4221
4236
3731
7967
4181
3786
3964
4003
7967
7967
3404
4563
3418
4549
3322
4645
7967
5552
2415
4249
3718
4359
3608
7967
4200
2846
921
3917
4050
2781
5186
4910
3057
3153
4814
5067
2900
3831
4136
7967
4090
3877
4354
3613
3679
4288
4035
3932
7967
7967
5269
2698
3358
4609
3195
4772
3547
4420
4540
3427
3080
4887
7967
7967
7967
7967
4143
3824
2837
5130
4302
3665
3144
4823
4243
3724
5475
2492
7967
3659
4308
7967
3788
4179
3961
4006
3491
4476
6018
1948
1
7967
7967
7967
3591
4376
7967
3431
4536
3903
4064
4896
3071
3990
3977
7967
3849
4118
3678
4289
7967
4244
3723
4131
3836
3882
4085
7967
7967
7967
3994
3973
4667
3300
2877
5090
4790
3177
5314
2653
4397
3570
4201
3766
7967
3566
4401
7967
2890
5077
4581
3386
7967
7967
3510
4457
7967
5892
2075
3718
4249
4380
3587
7967
4370
3597
7967
2109
3420
2438
3433
4534
4568
3399
3249
4718
7967
3980
3987
7967
3923
4044
7967
5574
2392
1
4270
3697
7967
7967
4606
3361
7967
7967
5152
2815
4119
3848
5679
2288
4370
3597
7967
3580
4386
1
7967
4378
3589
7967
7967
4818
3149
4167
3800
4217
3750
4809
3157
1
3697
4270
3053
4914
4466
3501
4105
3862
3385
4582
3952
4015
4398
3569
4587
3380
1466
4080
2421
4352
3615
4926
3041
3512
4455
4101
3866
3951
4016
5049
2918
5163
2804
7967
3701
4266
5794
2173
3995
1856
2116
4721
3246
4612
3355
4545
3422
7967
7967
4001
3966
7967
7967
7967
7967
7967
4191
3776
4115
3852
4057
3910
3584
4383
7967
7967
4549
3418
4013
3954
4120
3847
7967
7966
1
7967
4256
3711
4160
3807
7967
4292
3675
4903
3064
7967
7967
7967
3221
4746
3134
1345
3488
4882
3085
5135
2832
2632
5335
7967
7967
3744
4223
3668
4299
4757
3210
7967
4597
3370
3720
4247
5761
2206
7967
3730
4237
4707
3260
7967
3123
4844
7967
5886
2081
3459
4507
1
5124
2843
7967
5006
2961
5150
2817
4838
3129
7967
4235
3732
7967
4131
3836
7967
7967
4918
3049
3519
4448
7967
7967
1584
2731
3652
5019
2948
4343
3624
3108
4859
4842
3125
3846
4121
4005
3962
5121
2846
7967
7967
3934
4033
4887
3080
7967
3814
4153
7967
3881
4086
5006
2961
3925
4042
7967
7967
2391
5576
7967
4454
3513
3988
3979
5196
2771
7967
4229
3738
3396
4570
1
3850
4117
7967
4749
3218
7967
3870
4097
4885
3082
5345
2622
4228
3739
5693
2274
3841
4126
3970
3997
4449
3518
7967
3797
4170
7967
2564
3513
1890
7967
7967
7967
7967
4422
3545
7967
7967
4197
3770
3216
4750
1
3538
4429
7965
2
3689
4278
4048
3919
7967
4087
3878
2
4168
3799
2905
5062
4853
3114
7967
7967
4201
3766
4490
3477
3035
4932
3308
4659
5629
2338
3526
4441
3938
4029
4436
3531
7967
7967
3442
4525
3872
4095
3778
4189
3024
4943
7967
4093
3873
1
4591
3376
7967
3045
4922
3760
4207
7967
7967
7967
3134
4833
7967
4736
3231
7967
3162
4805
2823
5144
1636
3993
2338
4076
3891
3619
4348
7967
4770
3197
2901
5066
4824
3143
7967
3195
4772
3556
4411
4973
2992
2
3846
4121
3757
4210
5040
2927
7967
4623
3344
4353
3614
4052
3915
2782
5185
3452
4515
7967
4347
3620
4565
3402
4688
3279
4538
3429
4817
3150
7967
3747
4220
7967
2618
3687
1662
7967
7967
2667
5300
4260
3707
7967
4346
3621
4091
3873
1
2
3540
4427
4063
3904
3808
4159
4779
3188
4018
3949
3952
4015
7967
7967
7967
3126
4841
4314
3653
7967
3743
4224
7967
3912
4055
3763
2220
1984
7967
3171
4796
4423
3544
5443
2524
3841
4126
2578
5389
7967
7967
7967
4874
3093
3586
4381
4965
3002
4587
3380
4225
3742
5106
2861
4135
3832
2415
5552
7967
5445
2522
7966
1
7967
7967
7966
1
7967
5098
2869
3610
4357
4401
3566
3615
4350
2
7967
4070
3897
5414
2553
4448
3519
5207
2760
5205
2762
5059
2908
4020
3947
2525
5442
3170
4797
4418
3549
3680
4287
4770
3197
7967
7967
4184
3783
4369
3598
5089
2878
7967
3321
4646
3277
4690
4331
3636
4334
3633
3279
4688
4562
3405
3300
4667
7967
5095
2872
4362
3605
7967
3623
4343
1
3702
4265
3772
4195
4446
3521
3796
4171
7967
3018
4949
4787
3180
3818
4149
7967
3341
4626
5013
2954
7967
3515
4452
3582
4385
4891
3076
4018
1198
2751
7967
4447
3520
7967
4366
3601
4235
3732
3820
4147
4670
3297
3346
4621
7967
3591
4376
4372
3595
7966
1
7967
7967
3672
4295
3881
4086
7967
7967
3703
4264
7967
7967
7967
4552
3415
4379
3588
4982
2985
3776
4191
2945
5022
7967
4716
3251
4394
3573
4507
3460
3895
4072
3755
4212
4038
3929
3571
4396
7967
4231
3736
4344
3623
7967
3634
4333
3313
4654
4474
3493
7967
4977
2990
3773
4194
1829
3842
2296
7966
1
4070
3897
4530
3437
7967
4318
3649
4527
3440
4429
3538
7967
7967
3599
4368
7967
7967
4164
3800
3
4427
3540
7967
3419
4548
7967
7967
7967
4072
3895
7967
4360
3607
3572
4395
4423
3544
5075
2892
3333
4634
7967
4209
3757
1
3433
4534
7967
3728
4239
4794
3173
4099
3868
7967
2900
5067
3823
4144
4064
3903
3972
3995
7967
7967
7967
3638
4329
5313
2654
7967
4354
3613
4825
3142
3531
4436
3085
4882
4139
3828
7967
7967
7967
4378
3589
7967
7967
3994
3973
4426
3541
7967
7967
3624
4342
1
7967
3437
4530
3677
4290
7967
4181
3786
7967
3424
4543
3784
4183
7967
7967
7967
7967
7967
7967
7967
7967
7967
3907
4059
1
3697
4270
4708
3259
7967
7967
3245
4722
7967
4218
3749
4258
3709
4345
3622
3672
4295
7967
4486
3481
4548
3419
7967
2336
2337
3294
3792
4174
1
4092
3875
7967
3649
4318
4329
3638
3606
4361
3044
4923
7967
4164
3803
4625
1863
1479
4126
3841
3824
4143
5321
2646
2236
4090
1641
3399
4568
4113
3854
7967
4380
3587
7967
3904
4063
2481
3320
2166
5143
2824
7967
7967
4928
3039
7967
7967
7967
5204
2763
5554
2413
7967
3500
4467
4451
3516
4688
3279
7967
7967
3447
4520
7967
4111
3856
7967
4771
3196
7967
7967
7967
5445
2522
7967
4726
3241
4750
3217
4313
3653
1
4060
3907
2617
3588
1762
5404
2563
7967
3628
4339
3553
4414
7967
4370
3597
7967
7967
4397
3570
7967
3713
4254
4257
3710
5132
2835
2885
5082
7967
3563
4404
3886
4081
7967
3928
4039
3598
4369
2070
3232
2665
4767
3200
3706
4261
7967
4336
3631
7967
7967
3839
4128
3053
4914
3657
4310
4329
3638
4275
3692
7967
4891
3076
4464
3503
7967
7967
4394
3573
3748
4219
7967
3871
4096
4270
3697
4047
3920
5215
2752
7967
5293
2673
1
7967
7967
7967
7967
7967
3613
4354
7967
5137
2830
7964
3
3346
4621
5096
2871
3771
4196
5149
2818
2824
5143
3677
4290
7967
7967
3704
4263
4599
3368
4071
3896
4568
3399
1910
6057
4902
3065
7967
4414
3553
7967
4408
3559
7967
4563
3404
5248
2719
3930
4037
2279
3531
2157
5352
2615
7967
7967
7967
2491
2383
3093
4262
3705
4693
3274
4862
3105
4734
3233
3946
4021
4516
3451
7967
3832
4135
4152
3815
4100
3867
7967
7967
4042
3925
3749
4218
7967
3525
4442
7967
7967
7967
7967
4100
3867
4113
3854
3200
4767
3717
4250
7967
4038
3929
4092
3875
4643
3324
4199
3768
5631
2336
3505
4462
7967
7967
7967
7967
7967
3879
4088
5125
2842
4538
3429
4037
3930
5449
2518
5069
2898
3795
4172
7967
4223
3744
4256
3711
7967
7967
5590
2377
4303
3664
3865
4102
7967
3842
4125
3673
4294
7967
4280
3687
3380
4587
3456
4511
2175
3482
2310
5161
2806
3087
4880
4028
3939
3845
4122
3176
4791
4003
3964
3082
4885
4071
3896
7967
7967
4591
3376
3153
4814
7967
3588
4379
7967
7967
2713
5254
2733
5234
4515
3452
2807
5160
7967
3310
4657
7967
3984
3983
7967
4230
3737
7967
4295
3672
4608
3359
7967
4033
3934
3041
4926
7967
5417
2550
7967
7967
3969
3998
3670
4297
3338
4629
3838
4129
4537
3430
7967
7967
7967
7967
3274
4693
3396
1406
3165
6063
1904
5065
2902
4546
3421
4193
3774
7967
7967
7967
4717
3250
4208
3759
7967
7967
4040
3927
5261
2705
1
4533
3434
4180
3787
3866
4101
7967
3862
4105
4310
3657
7967
3116
4851
5101
2866
7967
5388
2579
4038
3929
7967
7967
4030
3937
4532
3435
4673
3294
5625
2342
7967
4149
3818
5436
2531
4684
3283
7967
4038
3929
3107
4860
4099
3868
7967
7967
7967
4600
3367
7967
3727
1924
2315
1
7967
4968
2999
4949
3018
3445
4522
4182
3785
4031
2233
1703
7967
4321
3646
3611
4356
2956
5011
5055
2912
2458
5509
7967
7967
7967
7966
1
3380
4587
3002
4965
4239
3728
3859
4108
3964
4003
4299
3668
4262
3705
4029
3938
1934
6033
7967
3658
4309
7967
4557
3410
2901
5066
7967
7967
4601
3366
5550
2417
5522
2445
3649
4318
4947
3020
7967
5255
2712
7967
2624
5343
3646
4321
4676
3291
4941
3026
4024
3943
4198
3769
4821
3146
3787
4180
4601
3366
3537
4430
7967
7967
7967
5872
2095
4360
3607
7967
3090
4877
5285
2682
2846
5121
3253
4714
3937
4030
3373
4594
2616
5351
4177
3790
7967
4803
3164
7967
7967
3465
4502
3226
4741
5655
2312
3123
4844
3202
4765
7967
3829
4138
5431
2536
7967
2650
5317
4167
3800
7967
4172
3795
4515
3452
3762
4205
3902
4065
4520
3447
6164
1803
4947
3020
7967
4929
3038
4294
3673
3900
4067
7967
3772
4195
5909
2058
3744
4223
7967
7967
7967
4720
3247
7967
3833
4134
3748
4219
4452
3515
3490
4477
3922
4045
4887
3080
7967
4285
3682
7967
4693
3274
3528
4439
4543
3424
2511
5456
7967
4688
3279
5225
2742
3761
4205
1
4069
1959
1939
4481
3486
3263
4704
7967
4652
3315
4114
3853
3311
4656
7967
7967
4657
3310
7967
4247
3720
3506
4461
5236
2730
1
5144
2823
7967
4077
3890
4093
3874
4598
3368
1
4669
3298
4224
3743
7967
4054
3913
3903
4064
5602
2365
7967
4163
3804
3714
4253
5094
2873
7967
4544
3423
5244
2723
3185
4782
3804
4162
1
7967
7967
4614
3352
1
3065
4902
7967
3715
1988
2264
4846
3121
3945
4022
5256
2711
2709
5258
4630
3337
3592
4375
4411
3556
4226
3741
4440
3527
4342
3625
4356
3611
4818
3149
3797
4170
7967
7967
7967
7967
7967
7967
4039
3928
7966
1
4013
3954
7967
7967
7967
4697
3270
2245
3910
1812
3809
4158
7967
4962
3005
7967
4700
3267
3348
4619
2841
5126
2913
5054
7967
4382
3585
4052
3915
7967
5089
2878
4446
3521
7967
5708
2259
4752
3215
3871
4096
4416
3551
4090
3877
7967
4745
3222
7967
7967
7967
3561
4406
4472
3495
4144
3823
3596
4371
7967
5481
2486
3555
4411
1
4002
3965
7967
3730
4237
7967
7967
4490
3477
7967
7967
7967
7967
7967
7967
3666
4301
4032
3935
7967
4894
3073
7967
2814
5153
3375
4592
7967
4362
3605
2004
3664
2299
7967
7967
7967
4487
3480
7967
4987
2980
7967
7967
7967
5360
2607
4511
3456
7967
3867
4100
4258
3709
4075
3892
3920
4046
1
3196
4771
2977
4990
3454
4513
4430
3537
7967
2527
2516
2924
3980
3987
4661
3306
3519
4448
5110
2856
1
4400
3567
3128
4839
3515
4452
4746
3221
5347
2620
4446
3521
3889
4078
3657
4308
2
4388
3579
3994
3973
4326
3641
7967
7967
4530
3437
4731
3236
4706
3260
1
4047
3920
7967
7967
4774
3193
7967
4187
3780
7967
7967
7967
7967
5097
2870
4087
3880
7967
3728
4239
3523
4444
7967
4719
3248
4105
3860
2
7967
3750
4217
7967
5841
2126
3480
4487
3865
4101
1
4486
3481
7967
4559
3408
7967
3946
4021
4886
3081
3784
4182
1
4567
3400
4236
1963
1768
4218
3749
3335
4632
4581
3386
7967
4618
3349
3426
4541
4336
3631
3512
4455
4143
3824
7967
4238
3729
5498
2469
4729
3238
2065
5902
6149
1818
7967
7967
1944
3148
2875
7967
7967
7967
3014
4953
7967
3581
2973
1413
7967
4763
3204
3641
4326
7967
2988
4979
7967
4047
3920
7966
1
4775
3192
3808
4159
7967
3935
4032
3193
4774
4660
3307
7967
3429
4538
7967
7967
2763
5204
4565
3402
2049
3615
2303
2816
5151
2733
5234
5633
2334
3644
4323
5056
2911
2320
5647
3860
4107
4908
3059
4477
3490
5019
2948
3261
4706
4409
3558
7967
4928
3039
4294
3673
7967
7967
3956
4011
4253
3714
4671
3296
4355
3612
4016
3951
4008
1760
2199
6143
1824
4262
3705
5060
2907
4231
3736
2735
5232
7967
3411
4556
7967
4734
3233
4227
3740
4918
3049
3606
4361
3652
4314
1
3722
4245
5415
2552
2817
5150
5556
2411
4386
3581
3788
4179
3801
4166
3818
4149
3237
4730
3638
4329
7967
4841
3126
5254
2713
7967
5082
2885
7967
7967
4480
3487
4501
3466
3977
3990
7967
3701
4266
3903
4064
3903
4064
7967
3225
4742
7967
5069
2898
2633
5334
7967
4728
3239
3503
4464
1991
2534
3442
4589
3378
3677
4290
5193
2774
7966
1
4016
3951
4613
3354
7967
5072
2894
1
7967
5434
2533
4593
3374
3621
4346
2863
5104
7967
5534
2433
7967
5639
2328
7967
3243
4724
7967
7967
7967
4279
3688
7967
4778
3189
7967
2538
5429
4263
3704
3184
4783
3856
4111
7967
7967
3961
4006
7967
4350
3617
4080
3887
4106
3861
4264
3703
4822
3145
7967
4527
3440
7967
5436
2531
5355
2612
3809
4158
3894
4073
4126
3841
7967
7967
4726
3241
7967
7967
7967
5536
2431
4598
3369
7967
4283
3684
4648
3319
4661
3306
7967
3729
4238
7967
2877
5090
3270
4697
3289
4678
4965
3002
4074
3893
3367
4600
4350
3617
7967
7967
4841
3126
2476
3128
2363
4312
3655
3974
3993
4984
2983
3851
4116
4160
3807
2529
5438
4128
3839
7967
2802
5165
7967
7967
7967
3565
4402
7967
7967
7967
3986
3980
1
4321
3646
4407
3560
7967
3487
4480
4868
3099
4240
3727
3769
4198
4060
3907
7967
7967
7967
7967
7967
7967
7967
7967
3199
4768
7967
5245
2722
5095
2872
4571
3396
3797
4170
4450
3517
7967
5170
2797
7967
4433
3534
7967
2471
2075
3421
2034
5933
3660
1375
2932
5204
2763
3585
4382
4038
3929
7967
5386
2581
4010
3957
7967
4188
3779
4603
3364
4212
3755
5319
2648
7967
3662
4305
4061
3906
2135
5832
7967
3510
4457
4769
3198
4415
3552
3095
4872
7967
2690
5277
4498
3469
3590
4377
3873
4094
5647
2320
4641
3326
3990
3977
4206
3761
3403
4564
4469
3498
7967
4633
3334
3718
4249
4318
3649
5200
2767
4156
3811
7967
7967
7967
4266
3701
7967
7967
7966
1
4560
3407
7967
7966
1
7967
7967
7967
2879
5088
3803
4164
7967
3425
4542
7967
3541
4426
7967
4365
3602
7967
3094
4873
7967
3840
4127
7967
5946
2021
7967
3777
4189
1
7967
7967
4716
3251
1688
6279
4649
3318
3591
4376
3442
4525
4481
3486
3974
3993
3289
4678
4274
3693
4138
3829
4680
3287
7967
7967
5886
2081
4789
3178
7967
3456
4511
2103
5864
5737
2230
7967
3906
4061
7967
5043
2924
4450
3517
7967
3306
4661
4491
3476
7966
1
7967
4858
3109
5976
1991
2183
5784
7967
1696
4262
2009
4446
3521
3379
4588
7967
7967
3933
4034
3414
4553
4245
3722
4069
3898
7967
4383
3584
3740
4227
4458
3509
3718
4249
3794
4173
4346
3621
4327
3640
3826
4141
7967
3770
4196
1
4441
3526
3886
4081
4090
3877
3907
4060
7967
4039
1648
2280
7967
4034
3933
3851
1482
2634
2766
1624
3577
3068
4899
5259
2708
3274
4693
3666
4301
7967
7967
4206
3761
7967
3872
4095
4154
3813
3948
4019
2994
4973
4473
3494
3603
4364
5799
2168
5243
2724
4810
3157
7967
4430
3537
7967
7967
7967
4554
3413
7967
7967
4292
3675
7967
7964
3
3577
4390
5315
2652
7967
7967
7967
7967
4213
3754
2706
5261
7967
4349
3618
5651
2316
7967
7967
4751
3216
5969
1998
7967
7967
3194
1822
2951
3602
4365
3637
4330
4292
3675
7967
2377
3834
1756
3548
4418
1
4039
3928
5386
2581
4491
3476
2527
5440
3505
4462
7967
3632
4335
3357
4610
4567
3400
7967
7967
4637
3330
3646
4321
4130
3837
7967
4591
3376
4274
3693
7967
7967
7967
3735
4232
3395
4572
3247
4720
7967
3334
4633
3450
4517
7967
6143
1824
7967
7967
4234
3733
4413
3554
3687
4280
3257
4710
3934
4033
3494
4473
7967
4732
3235
4549
3418
7967
3927
4040
7967
3841
4126
7962
5
7967
4521
3446
7967
4458
3509
7967
7967
3379
1891
2697
7967
4454
3513
7967
2715
5252
3927
4040
7967
7967
4704
3263
3383
4584
5110
2857
4574
3393
4152
3815
4589
3378
4013
3954
4050
3917
4048
3919
4407
3560
3752
4215
3775
1500
2692
4024
3943
4237
3730
3695
4272
7967
7967
4808
3159
4142
3825
7967
7967
3192
4775
5135
2832
4058
3909
3459
4508
7967
4130
3837
7967
4562
3405
3202
4765
7967
2706
5261
7967
5316
2651
3812
4155
4521
3446
2498
3863
1606
3834
4133
4510
3457
5123
2844
7967
3782
4185
3844
4123
4145
3822
7967
5386
2581
3257
4710
4228
3739
3924
4043
7967
7967
2144
2226
3597
4840
3127
3914
4053
7967
4980
2987
4111
3856
7967
4486
3481
7967
7967
7967
4238
3729
7967
3349
4618
7967
7967
7967
7967
3265
4702
7967
3659
4308
5056
2911
4675
3292
4720
3247
3734
4233
4934
3033
7967
3308
1750
2909
4786
3181
7967
3495
4472
3354
1769
2844
4058
3909
7967
3147
4820
7967
7967
7967
4205
3762
4659
3308
3828
4139
7967
7967
3317
4650
3774
4193
3879
4088
3340
4627
2262
2152
3553
5625
2342
3169
4798
5467
2500
5053
2913
1
7967
4893
3074
3763
4204
7967
2937
5030
2737
5230
4330
3637
7967
3923
4044
7967
2382
2329
3256
7967
4120
3847
4430
3537
3171
4796
7967
7967
7967
4027
3940
4150
1267
2550
7967
7967
3138
4829
3263
4704
4446
3521
3652
4315
4342
3625
3858
4109
3194
4773
7967
4563
3404
5913
2054
4455
3512
7967
3785
4182
7967
3659
4308
7967
7967
7967
5613
2354
2266
5701
4617
3350
7967
7967
7967
7967
4089
3877
1
7967
4603
3364
3590
4377
2126
5841
4377
3590
7967
3879
4088
3808
4159
4577
3390
7966
1
3235
4732
3571
4396
7967
4426
3541
7967
5206
2761
6061
1906
4526
3441
7967
4341
3626
3038
4929
7967
2620
1759
3588
7967
4048
3919
7967
4359
3608
7967
3815
4152
3250
4717
4410
3557
4338
3629
4011
3956
3833
4134
3558
4409
7967
3392
4575
4909
3058
4275
3692
4034
3933
7967
7967
7967
5045
2922
3711
4256
3150
4817
7967
3428
2262
2277
3354
4613
7967
7967
4089
3878
7967
4053
3912
2
4080
3887
7967
4801
3166
5180
2787
3340
4627
4140
3827
3196
4771
4774
3193
4630
3337
4646
3321
7967
2578
5389
7967
2019
5948
4098
3869
5019
2948
7967
4010
3957
7967
7967
7967
7967
7967
3163
4804
3752
4215
3266
4701
2861
5106
4455
3512
3812
4155
4435
3532
2835
5132
3792
2686
1489
4044
3923
4630
3337
5323
2644
4413
3554
3122
4845
4258
3707
2
3089
4878
7967
5712
2255
7967
7967
3902
4065
7967
7967
4319
3648
3709
4258
4180
3787
4255
3712
4260
3707
4575
3392
7967
7967
1865
4196
1906
4482
3485
3644
4323
3707
4260
7967
3630
4337
4391
3576
4554
3413
4588
3379
5495
2472
5105
2862
3726
2039
2202
3825
4142
5816
2151
4771
3196
7967
5594
2373
2955
5012
3980
1262
2725
7967
7967
4810
3157
4462
3505
3539
4428
4492
3475
7967
4461
3506
5222
2745
7967
7967
4132
3835
4416
3551
3799
4168
5140
2827
4591
3376
7967
3907
4060
3807
4160
4345
3622
3643
4324
7967
7967
3401
4566
4308
3659
7967
4403
3564
4132
3835
2047
3494
2426
7967
3208
4759
3414
4553
7967
4064
3903
5722
2245
3108
4859
7967
4489
3478
3212
4755
7967
1923
3643
2401
4180
3787
5052
2915
3282
4685
7967
7967
4174
3793
2149
5817
1
7967
3049
4918
4298
3669
7967
5748
2219
7967
7967
3286
4681
7967
7967
4677
3290
3275
4692
1815
2296
3856
4503
3464
4021
3946
7967
7967
4275
3692
3489
4478
7967
7967
5591
2376
3907
4060
4352
3615
4434
3532
1
7967
2827
5140
7967
7967
7967
3836
4131
4226
1581
2160
7967
2683
3079
2204
1
4388
3579
7967
7967
7967
7967
3235
4731
1
3373
4594
3185
4782
4513
3454
3509
4458
7967
4348
3619
4347
3620
7967
7967
4965
3002
5638
2329
7967
2183
5784
7967
4953
3014
3934
4033
3624
4343
7967
4048
3919
7967
3628
4339
3725
4242
3196
4771
7967
7967
2311
3803
1853
7967
4723
3244
4019
3948
7967
4261
3706
4029
3938
7966
1
7967
3541
4426
7967
7967
4164
3803
3493
2224
2250
4962
3005
7967
4463
3504
4104
3863
3323
4644
3977
3990
7967
7967
4823
3144
7967
7967
7967
4977
2990
5169
2798
7967
4582
3385
3990
3977
3356
4611
7967
5275
2692
2925
5042
4348
3619
3229
4738
4640
3327
4510
3457
7967
7967
3014
4953
3031
4936
4936
3031
4664
3303
3823
4144
4688
3279
7967
7967
4075
3892
3904
4063
3553
4413
1
3310
4657
7967
5177
2790
7967
5939
2028
4489
3478
7967
4358
3609
3678
4289
7967
4163
3804
7967
5372
2595
5364
2603
7966
1
2613
3455
1899
4091
3876
2200
3939
1828
7967
4300
3666
1
4312
3655
7967
3637
4330
3867
4100
7967
5745
2222
3543
4424
3049
4918
3927
4039
1
3084
4882
1
7967
4691
3276
3433
4534
3487
4480
3292
4674
1
3746
4221
4002
3965
3846
4121
4932
3035
3129
4838
2531
5436
3174
4793
4898
3069
4399
3568
5341
2626
7967
5074
2893
5664
2303
4677
3290
3989
3978
4471
3496
7967
5077
2890
3721
4246
4031
3936
7967
3943
4024
7967
4938
3029
7967
7967
4126
3841
4220
3747
3328
4639
2137
3611
2219
3629
4338
3207
4760
5265
2702
4702
3265
7967
7967
7967
7967
3518
4448
1
2977
4990
2287
5680
7967
7967
7967
3098
4869
7967
7967
4384
3583
7967
4288
3679
3275
4692
7967
4346
3621
3901
4066
4962
3005
7967
5020
2947
2701
5266
3480
4487
7966
1
7967
2296
1594
4077
3718
4249
7967
3319
4648
7967
3892
4075
7967
4058
3909
3952
4015
4360
3607
7967
4868
3099
4138
3829
4964
3003
4570
3397
5835
2132
3692
4275
7967
4847
3120
3806
4161
7967
3586
4381
7967
3738
4229
3038
4929
7967
7967
7967
7967
4205
3761
1
3865
4102
7967
7967
4053
3914
3919
4048
4636
3331
4311
3656
4132
3835
7967
4045
3922
3822
1888
2257
5138
2829
7967
7967
4344
3623
7967
3020
4947
3649
4318
4326
3641
3418
4549
7967
4257
3710
7967
4463
3504
3274
4693
4306
3661
7967
3907
4060
3749
4218
7967
7967
7967
3814
4153
4510
3457
4034
3933
7967
7967
3757
4210
7967
4003
3964
4483
3484
4697
3270
4202
3765
7967
5406
2561
4093
3874
4378
3589
7967
7967
7967
5384
2583
7967
3188
4779
7967
4827
3140
3629
4338
7967
7967
7967
2559
5408
7967
7967
7967
7967
4819
3148
4034
3933
4089
3878
7967
3468
4499
4003
3964
7967
4263
3704
3991
3976
4474
3493
7967
3901
4066
5554
2413
7967
3791
4176
5219
2748
7967
7967
4516
3451
4972
2995
7967
7967
2583
5384
7967
2578
1532
3857
7967
4865
3102
3203
4764
7967
4474
3493
7966
1
3287
4680
3122
4845
3910
4057
3197
4770
7967
3345
4622
7967
7967
4293
3674
4879
3088
7967
4746
3221
3651
4316
2819
5148
3342
4625
3956
4011
3528
4439
7967
4633
3334
4203
3764
7967
7967
4525
3442
3545
2050
2372
4703
3264
3764
4203
3323
4644
3422
2324
2221
3625
4342
7967
4380
3587
5129
2838
3150
2812
2005
5652
2315
7967
7966
1
7967
4328
3639
2721
1371
3875
5271
2696
5912
2055
3792
4175
7967
4256
3711
7967
7967
3848
4119
3625
4342
3721
4246
4167
3800
3195
4772
3829
4138
7967
4569
3398
4694
3273
7967
3582
4385
2840
5127
4084
3883
4320
3647
4720
3247
7967
4517
3450
4489
3478
5367
2600
7967
7967
7967
7967
7967
4216
3751
4926
3041
3339
4628
7965
2
3771
4196
3977
3990
7967
2113
5854
3481
4486
3043
4924
4054
3913
7967
3979
3988
2978
4989
4770
3197
3936
4031
7967
7967
3956
4011
3568
4399
3571
4396
5587
2380
7967
7967
7967
7967
5238
2729
4058
3909
4058
3909
3900
4067
4072
3895
7967
7967
2381
5586
7967
3938
4029
3505
4462
5168
2799
3221
4746
7967
7967
3527
4440
2234
5733
7967
4728
3239
7967
4937
3030
7967
7967
4540
3426
1
4946
3021
4469
3498
3677
4290
7967
7967
7967
7967
4776
3191
2948
5019
4399
3568
7967
3690
4277
4651
3316
7967
4588
3379
4482
3485
3828
4139
2695
3572
1700
7967
7967
4164
3803
7966
1
7967
7967
4499
3468
3688
4279
3725
4242
5078
2889
4110
3857
2879
5088
4230
3737
7967
3908
4059
4108
3859
3437
4530
4801
3166
3983
3984
4122
3845
3725
4242
4481
3486
3937
4030
4419
3548
4643
3324
4038
3929
7967
4000
3967
3780
4187
3750
4217
7967
4221
3746
7967
7967
4100
3866
1
4833
3134
4334
3633
7967
2664
5303
7967
7967
7966
1
7967
7967
7967
4168
3799
7967
5100
2867
4129
3838
4016
3951
7967
7967
5040
2927
4440
3527
7967
3866
4101
7967
7967
2515
5452
7967
7967
2900
3289
1778
3803
4164
7967
3643
4324
7967
3018
4949
3585
4381
1
7967
4203
3764
7967
7967
7967
3210
4757
4040
3927
7967
7967
7967
3913
4054
2796
5171
7967
7967
7967
7967
4098
3869
4690
3277
7967
4386
3581
7967
7967
5474
2493
7967
7967
4859
3108
7967
7967
4988
2979
7967
7967
7967
3267
4700
7967
3633
2307
2027
7967
7967
4478
3489
3777
4190
7967
1597
4044
2326
2978
4989
4103
3864
7967
5144
2823
4254
3713
5213
2754
3670
4297
2674
5293
7967
7967
7967
7967
2463
5504
2577
5390
7967
3160
4807
3878
2437
1652
4258
3709
5428
2539
7967
4747
3220
3592
4375
4859
3108
4201
3766
7967
3439
4528
7967
4334
3633
2478
5489
4605
3362
4952
3015
3872
4095
3724
4243
3751
4216
4866
3101
3640
4327
7967
7967
5091
2876
1782
2421
3764
7967
7967
7967
4446
3521
4976
2991
4814
3152
1
7967
4946
3021
4573
3394
7967
7967
4018
3949
4882
3085
4083
3884
7967
5260
2707
5081
2886
7967
4921
3046
4280
3687
4499
3468
4575
3392
4347
3620
4574
3393
7967
3696
4271
3578
4389
4361
3606
7967
7967
4151
3816
4286
3681
3734
4233
3913
4054
7967
3937
4030
4015
3952
7967
7967
4089
3878
4302
3665
7967
3278
4689
2173
5794
7967
3614
4353
7967
7967
7967
3849
4118
4036
3931
5462
2505
2387
5580
7967
7967
5094
2873
2778
5189
4538
3429
7967
2123
5844
4070
3897
4518
3449
7967
4138
3829
7967
7967
5082
2885
7967
3277
4690
3549
4418
4448
3519
4983
2984
7967
2767
5200
7966
1
7967
3454
2540
1973
7967
4189
3778
7967
3712
4255
4344
3623
3839
4128
4193
3774
7967
3427
4540
4718
3249
2620
5347
4080
3887
4678
3288
1
3066
4901
3617
4350
3744
4222
1
3538
4429
4416
3551
3578
4389
7967
3663
4304
2788
5179
3317
4650
2953
5014
7965
2
7967
4251
3716
3857
4110
3039
4928
3099
4868
3806
4161
3414
4553
5155
2812
2861
5106
3856
4111
4167
3800
3785
4182
7967
7967
7967
7966
1
4168
3799
3890
4077
4479
3488
3122
4845
2935
5032
4775
3192
2152
2237
3578
4508
3459
4614
3353
4175
3792
3831
4136
4988
2979
4247
3720
1935
3987
2045
3173
4794
4717
3250
5600
2367
4581
3386
3500
4467
3553
4413
1
4429
3538
3951
4016
5520
2447
7967
7967
2467
3579
1921
5677
2290
3834
2213
1920
7967
7967
4070
3895
2
7967
7967
3790
4177
3761
4206
3366
4601
7967
7967
7967
3724
4243
4645
3322
3878
4089
2711
5256
7967
3720
4247
4359
3608
5173
2794
4450
3517
7967
4258
3709
5400
2567
2123
3746
2098
3903
4064
3478
4489
4404
3563
3663
4304
7967
2252
1590
4125
7967
5644
2323
4850
3117
7967
4942
3025
7967
7967
3078
4889
7967
3142
4825
7967
3158
4809
3367
4600
4180
3787
2614
5353
4824
3143
4134
3833
7967
2569
5398
7967
4237
3730
4450
3517
3846
4121
4801
3166
3871
4096
7967
4683
3284
3639
4328
7967
4701
3266
3550
4417
1695
4125
2147
3567
4400
4177
3790
3860
4107
3871
4096
4451
3516
7967
2511
5456
4324
3643
3055
4912
4331
3636
7967
4116
3851
4429
3538
3924
4043
4294
3673
3251
4716
3741
4226
7967
5489
2478
2636
5331
4499
3468
4112
3855
7967
7967
3680
4287
3291
2310
2366
4409
3558
7967
2648
5319
5047
2920
4268
3699
4107
3860
4165
3802
4199
3768
7967
7967
3827
4140
4525
3442
7967
3523
4444
3170
3030
1767
7967
7967
7967
4601
3365
1
4806
3161
7967
7967
3192
4775
7967
7967
7967
4437
3530
3802
4165
4789
3178
4459
3508
3869
4098
7967
7967
7967
7967
7967
2785
3107
2075
1899
4076
1992
7966
1
7967
5924
2043
2534
5433
2490
5477
3173
4794
2205
5762
7967
3837
4130
4269
3698
7967
3500
4467
5433
2534
7967
5173
2794
7967
7967
3666
4301
4195
3772
4521
3446
3697
4270
4512
3454
1
7967
7967
3742
4225
3281
4686
3697
4270
3848
4119
2888
5079
4359
3608
4349
3618
3408
4559
7967
4919
3048
3762
4205
7967
4362
3605
7967
4837
3130
4390
3576
1
7967
4908
3059
4272
3695
7967
4258
3709
7967
4690
3277
7967
7967
7967
4125
3842
4115
3852
5353
2614
7967
7967
3471
4496
5155
2812
7967
4475
3492
2165
2363
3439
4258
3709
7967
7967
4043
3924
7967
4905
3062
3338
4629
7967
5699
2268
4976
2991
7967
4366
3601
5795
2172
7967
4257
3710
4262
3705
3795
4172
3594
4373
4068
3899
4439
3528
3145
4822
3601
2163
2203
3536
4431
4525
3442
4486
3481
4280
3687
3983
3984
2855
5112
5928
2039
3129
4838
3548
4419
4316
3651
4913
3054
3719
4248
3795
4172
3880
4087
4513
3454
7967
3640
4327
4023
3942
2
2209
5758
4283
3684
3548
4419
3042
4925
3865
4102
6355
1612
7967
7967
7967
4201
2102
1664
7967
7967
2824
2590
2553
7967
4207
3760
4091
3876
4717
3250
7967
7967
7967
7967
7966
1
4298
3668
1
4560
3407
3647
4320
4388
3579
3234
4732
1
3862
4105
4860
3107
3896
4071
5777
2190
7967
4192
3775
3372
4595
7967
7967
7967
4045
3922
7967
7967
4075
3892
4234
3733
3682
4285
3243
4724
2227
5740
3584
4383
3854
4113
4072
3895
3825
4142
2639
5328
4386
3581
3549
4418
3717
2137
2113
3830
4137
4142
3825
5007
2960
7967
4624
3343
7967
7967
7967
7967
7967
4617
3350
3964
4003
7967
3982
3984
1
7967
7967
7967
3477
4490
7967
4377
3590
6135
1832
7967
4264
3703
4217
3750
7967
7967
7967
7967
4588
3379
4947
3020
4507
3460
7967
7967
3114
4853
3615
4352
7967
7967
7967
4013
3954
5519
2448
4011
3956
3583
4384
5478
2489
4524
3443
4000
3967
4366
3601
5294
2673
4710
3257
7967
7967
7967
7967
7967
3986
3981
7967
4449
3518
4819
3148
7967
4657
3310
4616
3351
4572
3395
3222
4745
3836
4131
4485
3482
7967
7967
4090
3877
4394
3573
4245
3722
3239
4728
5413
2554
2104
3621
2242
4190
3777
2931
5036
4127
3840
4046
3921
7967
3388
4579
4597
3370
3866
4101
7967
7967
7967
7967
4012
3955
4360
3607
5768
2199
7967
7967
4034
3933
3381
4586
7967
4504
3463
4603
3364
7967
4644
3323
3367
4600
3786
4181
4071
3896
3821
4146
2608
5359
2947
5020
7967
4343
3624
4804
3163
7967
4148
3819
7967
7967
3926
4041
2986
4981
3613
4354
4774
3193
4326
3641
4989
2978
7967
5235
2732
3010
4957
3771
4196
3860
4107
3614
4353
7967
3972
2301
1694
3304
4663
4760
3207
7967
4638
3329
4275
3692
4138
3829
4228
3739
4165
3802
4420
3547
3485
4482
7967
3576
4391
5462
2505
4663
3304
7967
3963
4004
7967
7967
4745
3221
1
5133
2834
3945
4022
3653
4314
7967
7967
3348
4619
5160
2807
7967
3531
4436
5155
2812
7967
7967
4097
3870
7967
5768
2199
3960
4007
7967
5024
2943
2929
5038
3812
4155
2488
5479
7967
4418
3549
7967
7967
3970
3997
4173
3794
7967
7967
2124
2164
3679
3740
4227
1945
3912
2109
1
4232
3735
1366
4078
2523
7967
4192
3775
4026
3941
7967
5458
2509
3893
4074
3490
4477
7967
5101
2866
5001
2966
3678
1729
2560
4494
3473
7967
7967
3375
4592
4840
3127
3561
4406
4080
3887
5865
2102
4482
3485
7967
3554
4413
4198
3769
4711
3256
2669
5298
7967
5153
2814
7967
5389
2578
7967
2966
5001
4100
3867
4442
3525
3962
4005
7967
4408
3559
4632
3335
5525
2442
5125
2842
4027
3940
3629
4338
4928
3039
7967
5057
2910
3315
4652
4214
3753
7967
7967
4203
3764
7967
7967
4476
3491
5309
2658
1960
2223
3784
3344
4623
3180
4787
7967
7967
4182
3785
5042
2925
7967
5268
2699
3135
4832
4617
3350
7967
4469
3498
3590
4377
7967
3835
4132
3504
4463
7967
4492
3475
7967
7967
3647
4320
3802
4164
1
7967
4561
3406
7967
4107
3860
7967
7967
3591
4375
1
5293
2674
5439
2528
4300
3667
3564
2246
2157
4776
3191
4600
3367
5469
2498
4138
3829
4162
3805
7967
4129
3838
5661
2301
5
3837
4130
5048
2919
7967
3711
4256
7967
7967
3522
4445
7967
4424
3543
2860
5107
3029
4938
2985
4982
4026
3941
3532
4435
7967
7967
3360
4607
3459
4508
4800
3167
7967
2834
5133
3478
4489
4477
3490
2535
5432
7967
4320
3647
5032
2935
2680
4093
1194
7967
1983
5984
4752
3215
7967
7967
3793
2364
1810
3642
4325
2301
3841
1825
3277
4690
7967
4792
3175
7967
4159
3808
3512
4455
7967
7967
3662
4305
4048
3919
5527
2440
7967
7967
7967
4194
3773
4281
3686
7967
2405
5562
4134
3833
7967
7967
7967
7966
1
7967
7967
4766
3201
3863
4104
7967
4301
3666
7967
3820
4147
3191
4776
4701
3266
3627
4340
7967
3152
4815
7967
3055
4911
1
3446
4521
3301
4666
7966
1
3629
4338
5054
2913
3776
4191
4826
3139
2
6168
1799
6421
1546
4568
3399
2464
5503
4755
3212
1991
5976
7967
4587
3380
3422
4545
3352
4615
7967
7966
1
4919
3048
4399
3568
4221
3746
3723
4244
4394
3573
4091
3876
4640
3327
3844
4123
7967
2994
4973
7967
7967
3097
4870
4813
3154
7967
2540
5427
3957
4010
7967
5074
2893
4598
3369
7967
7967
7967
7967
4143
3824
4303
3664
7967
4185
3782
3101
4866
3157
4810
7967
3744
4223
7967
5574
2393
2690
5277
4234
3733
2406
5561
7967
4403
3564
7967
4452
3515
4071
3896
7967
4458
3509
4010
3957
3980
3987
4000
3967
7967
7967
7967
7967
3936
4031
4044
3923
7967
7967
5760
2207
4754
3213
2949
3428
1590
7967
7967
7967
5169
2798
4436
3531
7967
3750
2696
1521
5500
2467
7967
5005
2962
2499
3473
1995
7967
3926
4041
7967
4040
3927
4502
3465
7967
7967
6293
1674
3351
4615
1
5544
2423
7967
7967
5422
2544
1
7967
4252
3715
3793
4174
3734
4233
4638
3329
4111
3856
3861
4106
7967
5138
2829
4698
3269
7967
4278
3689
2895
5072
7967
7967
7967
7967
3695
4272
5083
2884
3723
4244
5052
2915
4745
3222
7967
7967
7967
7967
3225
4742
7967
3881
4086
2305
5662
3629
4338
2712
5255
3908
4059
7967
4642
3325
3201
4766
7967
7967
4517
3450
4325
3642
4192
3775
5102
2865
2921
5046
3674
4293
7967
3348
4619
4138
3829
3667
4300
3165
4802
7967
7967
3462
4505
4086
3881
5229
2738
5192
2775
7967
4001
3966
5324
2643
2557
5410
3591
4376
7967
4255
3712
4195
3772
3911
4056
4668
3299
4347
3620
3732
4235
3891
4076
7967
7967
4569
3398
3205
4762
7967
4001
3966
5324
2643
4915
3052
3276
2329
2362
2990
4977
7967
7967
3765
4202
7967
7967
3482
4485
4641
3326
7967
2202
3550
2215
5161
2806
4631
3336
3792
4175
4166
3801
7967
4532
3435
7967
5781
2186
3073
4894
4751
3216
4696
3271
4175
3792
7967
4461
3506
5629
2338
7967
7967
4360
3607
7967
5316
2651
4695
3272
7967
4215
3752
5083
2884
3292
4674
1
3651
4316
4357
3610
3166
4801
3839
4128
7967
7967
3827
4140
4939
3028
2277
3954
1736
5077
2890
3702
4265
7967
4791
3176
7967
3881
4086
3073
4894
2819
5148
7967
2137
3761
2069
4785
3182
3469
4498
7967
4879
3088
7966
1
5182
2785
3608
4359
3236
2929
1802
3342
4625
7967
4073
3894
4652
3315
3793
2339
1835
7967
7967
7967
7967
3268
3016
1683
2250
3859
1858
5707
2260
2714
5253
4194
3772
1
3764
4203
7967
4068
3899
2808
5159
6391
1576
4076
3891
4679
3288
3640
4327
3394
4573
4410
3557
7967
4626
3341
4231
3736
3924
4043
4528
3439
4153
3814
4581
3386
7967
4043
3924
4698
3269
5621
2346
4563
3404
4281
3686
7967
7967
3666
4301
4416
3551
3989
3978
7967
4926
3041
3764
2225
1978
3195
2757
2015
7967
7967
4782
3184
1
4840
3127
5492
2475
3543
4424
7967
7967
3578
2456
1933
4988
2979
7967
7965
2
7967
7967
3479
4488
3842
4125
7967
7967
7967
4115
3852
3838
4129
3908
4059
2373
3658
1936
7967
3895
4072
5394
2573
4547
3420
7967
5281
2686
7967
7967
4460
3507
3650
4317
7967
3703
4264
4252
3715
2835
5132
4890
3077
7967
7967
7967
6266
1701
7967
4144
3823
7967
7967
4215
3752
7967
7967
4436
3531
4182
3785
7967
7967
4951
3016
3724
4243
4124
3843
7967
3960
4007
6225
1742
3276
4691
7967
5228
2739
7967
2270
3187
2510
7967
3918
4049
7967
5382
2585
7967
4439
3528
3771
4196
7967
7967
4831
3136
7967
3893
4074
3237
4730
4323
3644
4468
3499
3818
4149
4022
3945
3393
4574
7967
7967
7967
7967
4522
3445
5093
2874
7967
7967
3518
2186
2263
4173
3794
4656
3311
3839
4128
2994
4973
4973
2994
4301
3666
7967
7967
4870
3097
3947
4020
7967
7967
4590
3377
7967
7967
5160
2807
7967
4008
3959
5098
2869
4429
3538
7967
7967
3909
4058
2984
4983
7967
5004
2963
3245
4722
7967
3160
4807
2665
5302
2708
5259
3755
4212
4022
3945
7967
7967
7967
4058
3909
7967
4118
3849
5520
2447
5201
2766
4708
3257
1
1
7967
7967
6207
1760
4547
3420
7967
7967
2918
5049
3478
4489
7967
4272
3695
3233
4734
2006
5961
4734
3233
5823
2144
3118
4849
2993
4974
4902
3065
7967
7966
1
3988
3979
4441
3526
7967
2527
5440
7967
4754
3213
7967
7967
7967
2115
2250
3602
7967
7967
7967
7967
5140
2827
7967
7967
3807
4160
7967
3898
4068
1
7967
7967
2714
5253
3618
4349
3596
4371
7967
5576
2391
4164
3803
2646
5321
3591
4376
7967
7967
3702
4265
7967
3797
4170
4792
3175
3186
4781
4163
3804
2833
5134
7967
4606
3361
4271
3696
7967
3549
4418
4597
3370
5380
2587
3801
4166
7967
7967
4675
3292
2313
5654
2903
5064
3311
4656
2781
2844
2342
7967
4837
3130
7967
6648
1319
4352
3615
7967
7967
4430
3537
4310
3657
7967
4556
3411
4887
3080
7967
4955
3012
3435
4532
3990
3977
5134
2833
7967
4037
3930
3166
4801
3618
4349
7967
5338
2629
7967
7967
4382
3585
4190
3777
3994
3973
7967
4119
3848
4035
3932
4070
3897
4144
3823
3037
4930
7967
3410
4557
7967
7967
7967
3478
4489
3023
4944
4767
3200
3078
4889
7967
4914
3053
3793
4174
7967
4288
3679
3779
4188
2821
5146
7967
3546
4421
4753
3214
3478
4489
4780
3187
5101
2866
3708
4259
7967
7967
7967
7967
3767
4200
7967
7966
1
4874
3093
4320
3647
7967
7967
4424
3543
7967
7967
2338
5629
3743
4224
7967
4554
3413
4811
3156
4509
3458
7967
5669
2298
4888
3079
7967
4729
3238
4140
3827
2766
5201
4260
3707
3426
4541
5850
2117
7967
5463
2504
7967
4865
3102
7967
3365
4602
7967
7967
2759
5208
7967
5383
2584
7967
2733
5234
4001
3966
7967
4962
3005
4774
3193
3095
4872
3979
3988
7967
2494
5473
4396
3570
1
7967
5095
2872
3945
1962
2060
7967
4277
3690
7967
7967
4750
3216
1
4057
3910
7967
7967
4634
3333
7967
7967
3333
4634
4428
3539
3526
4441
7967
5495
2472
2719
5248
4226
3741
3838
4129
4355
3612
7967
7967
3098
4866
1
2
7967
3327
4640
7967
5025
2942
4577
3390
4845
3122
3675
4292
7967
4415
3552
7967
3832
4135
7967
7967
3716
4251
3418
4549
7967
4842
3125
4153
2712
1102
4314
3653
4082
3885
3542
4425
3584
4383
2614
5353
5830
2137
7967
4356
3611
4395
3572
3252
4715
4285
3682
3628
4339
7967
3640
4327
3582
4385
7967
7967
4198
3769
7967
7967
7967
7967
7967
5679
2288
4960
3006
1
4800
3167
7967
5151
2816
7967
4074
3893
4518
3448
1
5403
2564
4465
3502
7967
3359
4608
4687
3280
7967
4943
3024
4378
3589
7967
7967
3700
4267
3841
4126
7967
7967
7967
4357
3610
7967
5149
2817
1
4093
3874
7967
3647
4320
4517
3450
4197
3770
4506
3461
4598
3369
2911
5056
7967
4479
3488
4089
3878
3868
4099
2114
5853
2897
5070
3470
4497
7967
3118
4849
7967
3441
4526
7967
2956
5011
4250
3717
4674
3293
3640
4327
3079
4888
2214
5753
7967
3372
4595
4160
3807
3281
4686
3518
4449
4194
3772
1
4541
3426
4054
3913
4216
3751
7967
7967
4672
3295
7966
1
5060
2907
3828
4139
5229
2738
4107
3860
4390
3577
3655
4312
3888
4079
7967
7967
4030
3937
3982
3985
4688
3279
7967
5099
2868
7967
3548
4419
3284
4683
3946
4021
3607
4360
4655
3312
5939
2028
7967
3027
4940
4208
3759
3966
4001
5074
2893
7967
7967
3125
4842
7967
1892
3780
2295
3722
4244
1
7967
1979
3348
2640
7967
4755
3212
4635
3332
7967
3595
4372
3599
4368
7967
4047
3920
4239
3728
4277
3690
4282
3685
3608
4359
7967
5163
2803
1
4270
3697
4719
3248
2736
5231
3836
4131
4661
3306
5085
2882
3801
4166
4903
3064
5305
2662
5027
2940
7967
4224
3743
3700
4267
7967
4036
3931
3778
4189
7967
2496
5471
3820
4147
5698
2269
3398
4569
7967
4031
3936
4437
3530
4677
3290
3231
4736
2890
5077
7967
3744
4223
4303
3664
5130
2837
7967
3656
4311
4504
3463
4637
3330
7966
1
4650
3317
5229
2738
7967
7967
3705
2209
2053
4540
3427
3619
4348
7967
3936
4031
7967
7967
7967
5672
2295
4658
3309
4242
3725
7967
7966
1
3369
4598
2676
1680
3611
7967
3831
4136
4369
3598
3248
4719
3340
2381
2246
3910
4057
7967
3776
4191
3156
4811
5894
2073
3854
4113
4635
3332
3723
4244
3133
4834
7967
7967
7967
3353
4614
4111
3856
3759
4208
4665
3302
3345
4622
3967
4000
3773
4194
3091
4876
7967
3514
4453
4834
3133
3901
4066
7967
5982
1985
4007
3960
7967
4403
3564
3818
4149
5068
2899
3717
4250
4451
3516
7967
3409
2019
2539
3438
1998
2531
3622
4345
7967
4020
3947
7967
4298
3669
7967
2774
5193
2342
5625
7967
4941
3026
7967
3852
1778
2337
3739
2494
1734
3993
3974
7967
7967
3692
1941
2334
3509
4458
4955
3012
5471
2496
3839
4128
3968
3999
3804
4163
7967
5819
2148
3408
4559
4762
3205
3992
3975
7967
7967
4821
3146
3000
4967
4845
3122
3717
4250
3614
4353
2857
5110
3276
4691
3196
4771
3012
4955
3249
4718
3783
4184
4926
3041
7967
7967
2977
4990
3984
3982
1
7967
4593
3374
7966
1
3955
4012
4501
3466
7966
1
3551
4416
7967
7967
3051
4916
3799
4168
4998
2969
3938
4029
3920
4047
7967
4034
3933
4372
3595
7967
3900
4067
7967
4113
3854
7967
4491
3476
2398
1895
3674
2624
5343
3774
4193
3087
4880
3349
4618
4529
3438
3858
4109
7967
7967
5155
2812
3922
4045
5614
2353
7967
7967
7967
7967
3380
4587
7967
7967
4989
2978
7967
4388
3579
7967
7967
3409
4558
7967
7967
3696
4271
2871
5096
4491
3476
5253
2714
3848
4119
3391
4575
1
7967
5092
2875
1478
3808
2681
3931
4036
2824
5143
5843
2124
4157
3810
4295
3672
5390
2577
3367
4600
4243
3724
4316
3651
3631
4336
4317
3650
7967
4005
3962
4997
2970
7967
5649
2318
2895
5072
4117
3850
4470
3497
2414
5553
3231
4736
3697
4270
7967
7967
4436
3531
7967
3852
4115
6040
1927
7967
4890
3077
7967
3987
3980
3260
4707
5145
2822
3905
4062
4709
3258
4305
3662
3795
4172
3446
2245
2276
3970
3997
4406
3561
7967
5138
2829
4048
3919
4555
3412
3146
4821
7967
7967
7967
7967
4294
3673
7967
3822
1926
2219
4169
3798
4372
3595
7967
3712
4255
4751
3216
3155
4812
7967
7967
7967
3232
4735
4346
3621
4690
3277
7967
4500
3467
4101
3866
3835
4132
3794
4173
2687
5280
3847
4119
1
3741
4226
4495
3472
4056
3911
4224
3743
7967
3969
3998
7967
4782
3185
7967
2648
5318
1
2407
1809
3751
3861
4106
3779
4188
7967
4566
3401
3875
4092
5300
2667
4752
3215
3229
4738
4626
3341
4005
3962
5097
2870
3051
4916
4442
3525
7967
4524
3443
4119
3848
5629
2338
7967
3099
4868
5250
2717
7967
3202
4765
7967
3833
4134
4768
3199
7967
7967
4875
3092
3761
4206
3418
4549
4581
3386
7967
4232
3735
3182
4785
5000
2967
7967
5377
2590
5348
2619
7967
3587
4380
2353
2455
3158
1
7967
5724
2243
7967
3616
2509
1842
4308
3659
3224
4743
4442
3525
4044
3923
3602
2123
2242
3891
4076
7967
3049
4918
4879
3088
7967
2504
5463
4590
3377
3689
4278
1953
3272
2742
4062
3905
3997
3970
3561
4406
3656
4311
3503
2506
1958
4970
2997
1621
4419
1927
4619
3348
4112
3855
2978
3381
1608
4051
3916
5244
2723
2354
2220
3393
3828
4139
3379
4588
7967
4332
3635
4454
3513
7967
3466
4501
7967
4976
2991
4481
3486
7967
5463
2504
4492
3475
7967
4102
3865
4057
3910
3908
4059
7967
2719
5248
4274
3693
3254
4713
4142
3825
7967
3716
4251
7967
4123
3844
7967
3632
4335
7967
5205
2762
7967
3444
4523
7967
3743
4224
4166
3801
5558
2409
2859
5108
7967
7967
4244
3723
7967
3441
4526
7967
4112
3855
3382
4585
2052
5915
4761
3206
4997
2970
4400
3567
7967
4012
3955
3458
4509
5619
2348
4509
3458
7967
7967
5889
2078
4915
3052
7967
3445
4521
1
4093
3874
4368
3599
4171
3796
4566
3401
4087
3880
7967
7967
7967
4624
3343
3803
4164
2798
3802
1367
3812
4155
7967
3860
4107
7967
3542
4425
6150
1817
3923
4044
7967
3441
4526
4615
3352
7967
7967
7966
1
4122
3845
2671
5296
4558
1473
1936
3279
4688
6020
1947
2759
3108
2100
4065
3902
7967
7967
4535
3432
7967
3350
4617
5130
2837
5187
2780
5894
2073
3911
4056
7967
3622
4345
4129
3838
3336
4631
3484
4483
5236
2731
4414
3553
3113
4854
4691
3276
3617
4350
5880
2087
7967
4555
3412
4266
3701
4415
3552
3489
4478
4818
3149
7967
3129
4838
5417
2550
4481
3486
7967
2433
5534
4134
3833
4407
3560
4532
3435
7967
7967
7967
6304
1663
4449
3518
3910
4057
4264
3703
4349
3618
4409
3558
7967
7967
4157
3810
4447
3520
5846
2121
7967
7967
4185
3782
2721
5246
3691
4275
1
7967
5437
2530
3618
4349
3451
4516
3674
4293
7967
7967
4254
3713
3793
4174
3935
4032
5176
2791
5220
2747
3592
4375
4217
3750
7967
7966
1
4662
3305
5777
2190
4378
3589
1645
2226
4096
7967
7967
4483
3484
3652
4315
7967
4465
3502
4116
3851
4854
3113
2713
5254
4715
3252
7967
5057
2910
7967
4614
3353
4181
3786
7967
7967
4948
3019
4441
3526
5116
2851
4558
3409
4753
3214
3472
4495
7967
4406
3561
3280
4687
4202
3765
4125
3842
4439
3528
4394
3573
3519
4448
3824
4143
3948
4019
7967
3330
4637
4860
3107
7967
4587
3380
3987
3980
4571
3396
5318
2649
4822
3145
7967
7967
7967
3952
4015
4035
3932
4014
3953
4371
3596
7967
4299
3668
4482
3485
4252
3715
2541
5426
3628
4339
3848
4119
4761
3206
3406
4561
4738
3229
4564
3403
3249
4718
4191
3776
7967
3242
4725
4388
3579
7967
4361
3606
2788
5179
4545
3422
4224
3743
7967
3157
4810
4012
3955
7966
1
7967
5112
2855
7967
7967
7967
3566
4401
7967
3816
4151
7967
4058
3909
7967
4303
1645
2019
4128
3839
4181
3785
1
3583
4384
3924
4043
7967
3623
4344
4776
3191
4461
3506
4628
3339
2553
5414
7967
3269
4698
7967
7967
3549
4418
7967
5009
2958
7967
7967
7967
3743
4224
3398
4569
7967
4520
3447
3777
4190
7967
5177
2790
4620
3347
4274
3693
3373
4594
5020
2947
7967
4640
3327
3363
4604
4179
3788
4202
3765
3373
4594
4528
3439
4528
3439
3621
4346
4567
3400
7967
7967
5438
2529
5609
2358
3533
4434
7967
7967
5490
2477
7967
7967
2826
5141
7967
5432
2535
2911
5056
7967
7967
4373
3594
4294
3673
7967
2568
5399
3895
4072
3856
4111
7967
5636
2331
2758
5209
2892
5075
4157
3810
7967
3602
4365
4252
3715
4827
3140
4495
3472
4726
3241
7967
5257
2710
7967
7967
7967
4346
3621
7967
5011
2956
5039
2928
7967
4056
3911
7967
3973
3994
3434
4533
2127
5840
7967
2865
5102
7967
3664
4303
5778
2189
3123
4844
4886
3081
4559
3408
4102
3865
5030
2937
3245
4722
7966
1
3977
3990
4708
3259
3918
4049
2694
5273
7967
3071
4896
7967
4362
3605
4411
3556
3300
4667
7967
4124
3843
7966
1
3915
4052
7967
4546
3421
4187
3780
7967
1501
6466
7967
7967
7967
7967
3567
4399
1
4966
3001
5505
2462
7967
7967
4551
3416
4367
3600
7967
4544
3423
4068
3899
3670
4297
4514
3453
5652
2315
7967
4237
3730
4935
3032
4302
3665
7967
4657
3310
5262
2705
7967
7967
4395
3572
5144
2823
7965
2
2149
5818
2372
3803
1792
3912
4055
7966
1
7967
7967
3468
4499
3886
4081
7967
4401
3566
3690
4276
1
3979
3988
7967
7967
7967
7967
3785
4182
3052
4915
7967
4067
3900
5164
2803
7967
4185
3782
3458
4509
7967
4492
3475
7967
7967
4615
3352
7967
4653
3314
3473
4494
4594
3373
2912
5055
4479
3488
7967
3878
4089
3966
4001
4869
3098
7967
3924
4043
7967
3651
4316
4235
3732
4510
3457
4588
3379
3911
4056
5163
2804
3703
4264
2275
5692
4890
3077
3169
4798
3678
4289
5837
2130
7967
7967
4187
3779
1
4425
3542
7967
1841
4142
1984
7967
7967
4651
3316
2874
5093
4822
3145
7967
3834
4133
4990
2977
7967
7967
3965
4002
4419
3548
7967
7967
3447
4520
7967
4073
3894
2480
5487
4243
3724
3381
2603
1983
4360
3607
7967
4081
3886
7967
2238
5729
7967
7967
3686
4281
7967
3522
4445
5630
2337
7967
7967
3158
4809
4918
3049
7967
4362
3605
2313
5654
7967
7967
7967
4480
3487
5253
2714
7967
3277
4690
4339
3628
7967
7967
3637
4330
2800
5167
4069
3898
5586
2381
4949
3018
4198
3769
3682
4285
3852
4115
3560
4407
3544
4423
4517
3450
5467
2500
4824
3143
7967
2005
3879
2083
7967
7967
2768
5199
5351
2616
3628
4339
7967
4325
3641
1
7967
5072
2895
7967
7967
7967
3948
4019
7967
4438
3529
4203
3764
3583
4384
4357
3610
7967
3146
4821
3453
4514
4211
3756
3693
4274
3800
4167
4134
3833
4113
1671
2183
4466
3501
7967
4307
3660
7967
2536
3516
1915
7967
2003
5964
4161
3806
2960
5006
1
3677
4290
4482
3485
7967
5282
2685
7967
4072
3895
4588
3379
5104
2863
7967
3515
4452
7967
7967
3573
4394
4187
3780
7967
4387
3580
2841
5126
3669
4298
4271
3696
7967
4426
3540
1
7967
3773
4194
4252
3715
7967
3902
4065
5160
2807
7967
7967
7967
7967
4026
3941
4653
3314
7967
4252
3715
4392
3575
7967
7967
3256
4710
1
7967
7967
7967
3781
4186
3550
4417
7967
5759
2208
4564
3403
4141
3826
7967
2239
5728
7967
2399
4692
876
7967
7967
4337
3630
4599
3368
7967
3364
4603
7967
7967
4016
3951
3981
3986
7967
3948
4019
4487
3480
4298
3669
7967
7967
4202
3765
5650
2317
3269
4698
7967
7967
2603
5364
7967
3528
4439
3314
4653
7967
4254
3713
4320
3647
7967
7967
3198
4769
7967
7967
3489
4478
7967
7967
7967
5417
2550
7967
4349
3618
3824
4143
4110
3857
1981
5986
4144
3822
1
5037
2930
4342
3625
4045
3922
5018
2949
7967
7967
7967
4246
3721
4534
3433
5333
2634
7967
4507
3460
7966
1
4212
3755
7967
7967
7967
7967
1569
4004
2394
4160
3807
2805
5162
7967
4401
3566
7967
4819
3148
5053
2914
7967
7967
3744
4223
7966
1
3617
4350
3771
4196
4857
3110
3630
4337
7967
7967
3534
4433
3748
4219
3335
4632
7967
7967
4532
3435
4037
3930
7967
4201
3766
3556
4411
7967
4711
3256
4476
3491
4155
3812
3757
4210
4250
3717
4620
3347
3455
4512
7967
3628
4339
4476
3491
5064
2903
4574
3393
7967
4388
3579
4023
3944
4046
3921
5744
2223
7967
4734
3233
3651
4316
7967
4218
3749
3988
3979
5173
2794
7967
5141
2826
3865
4102
3765
4202
4706
3261
7967
4393
3574
3054
4913
3647
4320
3814
4153
5825
2142
7967
7967
4069
3898
4442
3525
2228
5739
4254
3713
7967
7967
4525
3442
7967
4535
3432
7967
3525
4442
5306
2661
5568
2399
4323
3644
3414
4553
2675
2725
2567
3302
4665
4649
3318
2513
5454
7967
7967
3870
4097
4043
3924
7967
4263
3704
4976
2991
4946
3021
4278
3689
2457
1713
3797
3396
4571
7967
5025
2942
4324
3643
7967
7967
4348
3619
2814
5153
2926
5041
4014
3953
7967
4123
3844
2781
5186
7967
4665
3302
7967
3345
4622
7967
2892
5075
3861
4106
7967
4693
3274
3984
3983
7967
3052
4915
3839
4128
7967
4344
3623
4387
3580
7967
7967
3496
4471
5609
2358
5058
2909
7967
3275
4692
3346
4621
7967
3004
4963
4069
3898
7967
4204
3763
7967
7967
4784
3183
4151
3816
7967
3644
4323
3738
1487
2742
4824
3143
3768
4199
7967
4354
3613
3000
4967
7967
7967
7967
4661
3306
4964
3003
7967
7967
4002
3965
4815
3152
2891
5076
7967
3317
4650
3575
4392
3818
4149
2997
4970
3811
4155
1
7967
3360
4607
4147
3820
3684
4283
7967
7967
4690
3277
4011
3956
4717
3250
4231
3736
3734
4233
7967
3410
4557
4357
3610
7967
4039
3928
3996
3971
5826
2141
7967
4330
3637
7967
4600
3367
7967
4413
3554
7967
2893
5074
5370
2597
3788
4179
7967
3393
4574
5422
2545
7967
4066
3901
5377
2590
2940
1682
3345
3947
4020
7967
7967
4834
3133
4853
3114
4150
3817
3905
4062
7967
5292
2675
4359
3608
7967
7967
7967
2460
3383
2124
2926
2923
2118
3039
4928
5102
2865
4177
3790
7967
4844
3123
4197
3770
7967
3725
4242
4872
3095
3510
4457
4492
3475
4104
3863
7967
7967
3925
4042
4301
3666
2513
5454
7967
4922
3045
4035
3930
1
1
3753
4214
7967
4327
3639
1
7967
4008
3959
2658
3485
1824
4626
3341
7967
5124
2843
3011
4956
2741
5226
1743
4029
2195
3923
4044
7967
4882
3085
4860
3107
3407
4560
4451
3516
5434
2533
4356
3611
7967
3469
4498
7967
4683
3284
3626
4341
4614
3353
7967
7967
4052
3915
3244
4723
7967
3549
4418
7967
3377
4590
4524
3441
2
7967
7967
7967
7967
4498
3469
3593
4374
4213
3754
2789
5178
7967
3289
1980
2698
5661
2306
2629
5338
7967
3849
4118
5613
2354
5177
2790
3678
4289
3043
4924
5315
2652
3804
4163
7967
2813
5154
7967
3815
2175
1977
2528
5439
7967
4604
3363
7967
4398
3569
3207
4760
7967
7967
7967
7967
3473
4494
4978
2989
7967
7967
7967
4211
3756
2819
5148
7967
7967
3531
4436
4794
3173
3109
4858
4129
3838
5475
2492
7967
7967
4402
3565
3917
4050
7967
4665
3302
3213
4754
3891
4076
7967
4331
3636
4786
3181
4020
3947
4961
3006
3279
4688
7966
1
4988
2979
7967
3589
4378
4893
3072
2
4089
3878
7967
7967
4173
3794
7967
4288
3679
4641
3326
7966
1
4088
3879
7967
3639
4328
4327
3640
7967
5663
2304
7967
7967
4002
3965
3626
4341
3469
4498
2924
5043
3061
4906
7967
3458
4509
3651
4316
4010
3957
3704
4261
2
7967
7967
7967
4539
3428
7967
7967
7967
3892
4075
7967
4328
3639
4151
3816
3293
4674
7967
3793
4174
3060
4907
3933
4034
3556
4411
3508
4459
3319
4648
4274
3693
3871
4096
3624
4343
3564
4403
3327
4640
3009
4958
7967
3763
4204
7967
3802
4165
3610
4357
3559
4408
7967
7967
7967
7967
3691
4276
5189
2778
4404
3563
5114
2853
4508
3459
7967
7967
4994
2973
7967
3405
4562
4095
3872
3242
4725
4150
3817
3931
4036
7967
4673
3294
7967
3825
4142
4835
3132
4354
3613
7967
3944
4023
4442
3525
7967
7967
7967
7967
7967
2958
5009
3999
3968
7967
7967
4341
3626
7967
7967
3823
4144
7967
3894
4073
3520
4447
4366
3601
4477
3490
7967
7966
1
3506
2491
1970
4447
3520
7967
3931
4036
3835
4132
3652
4315
4010
3957
3599
4368
4921
3046
7967
7967
4273
3694
7967
7967
3163
4804
7967
7966
1
4224
3743
5679
2288
4513
3454
3772
4195
4486
3481
5088
2879
3229
4738
7967
7967
3439
4528
4404
3563
5784
2183
7967
2788
5179
4076
3891
3794
4173
3042
4925
7967
3060
4907
4626
3341
4603
3364
4288
3679
3644
4323
4558
3409
3698
4269
5259
2708
3655
4312
2849
5118
3827
4140
7967
7967
3186
4781
7967
3594
4373
3673
4294
4569
3398
4614
3353
4441
3526
4201
3766
7967
3360
3131
1476
4929
3038
7967
7967
7967
7967
4792
3175
4781
3186
7967
7967
5381
2586
3259
4708
4487
3480
3753
4214
5450
2517
7967
7967
3590
4377
4490
3477
7967
3242
4725
7967
7967
4087
1775
2105
3346
4621
4165
3802
4190
3777
3860
4107
3893
4074
7966
1
5382
2585
4487
3480
4031
3936
5457
2510
3169
4798
4737
3230
3713
4254
4158
3809
4918
3049
7967
3212
4755
5425
2542
3844
4123
3386
4581
7967
7967
3543
4424
2290
1987
3690
3809
4158
7967
7967
5084
2883
4688
3279
3864
4103
7967
3657
4310
4412
3555
7967
7966
1
7967
3910
4057
7967
4019
3948
4317
3650
4065
1743
2159
7967
4430
3537
7967
4088
3879
7967
4235
3732
7967
4691
3276
7967
7967
3247
4720
4476
3490
1
7967
4310
3657
4083
3884
7967
4710
3257
4497
3470
7967
7967
7967
3070
4897
5431
2536
7967
7967
7967
3758
4209
5324
2643
7967
7967
3653
4314
7967
4787
3178
2
3239
4728
7967
5194
2773
7967
4151
3816
7967
4849
3118
7967
4116
3851
7967
5246
2721
7967
7967
5048
2919
4253
3714
3994
3973
4527
3440
7967
5232
2735
4954
3013
7967
3511
4456
5210
2757
3481
4486
3502
4465
4174
3793
7967
3934
4033
3885
4082
7967
4868
3099
4090
3877
2831
5136
7967
2691
5276
7967
2656
5311
2498
3144
2325
7967
7967
7967
7967
3660
4307
3422
4545
4238
3729
3267
4700
3746
4221
7967
4463
3504
4677
3290
3714
4253
7967
7967
2738
5229
7967
3605
4362
3310
4657
4295
3672
7967
5855
2112
4008
3959
5127
2840
4716
3251
5265
2702
7967
3979
3988
3456
4511
7967
4786
3181
4484
3483
4573
3394
4985
2982
3315
4652
7967
4285
3682
4452
3515
3723
4244
7967
7967
5312
2655
5395
2572
4132
3835
4046
3921
5023
2944
3245
4722
4953
3014
4990
2977
4595
3372
7967
7967
7967
7967
7967
3284
4683
7967
3564
4403
7967
4530
3437
4937
3030
7967
7967
4690
3277
5080
2887
7967
4135
3832
3379
4588
4260
3707
7967
7967
2710
5257
3350
4617
4312
3655
7967
3591
4376
3604
1687
2676
7967
3670
2001
2296
4726
3241
5290
2677
3203
4764
6023
1944
4843
3124
4245
3722
3783
4184
5482
2485
7967
4140
3827
2363
3595
2009
4190
3777
1985
5982
4382
3585
7967
5302
2665
3416
4551
4568
3399
7967
4601
3366
3237
4730
3305
2684
1978
4610
3357
7967
7967
7967
7967
4036
3931
7967
7967
3792
4175
7967
7967
7967
3026
1299
3642
7967
7967
4008
3959
4704
3263
3360
4607
7967
3211
4756
3765
4202
7967
4170
3797
5335
2632
3031
4936
2509
5458
7967
7967
2918
5049
5008
2959
3341
4626
3633
4334
3366
4601
4927
3040
4044
3923
4242
3725
4315
3649
3
3417
4550
7967
3453
4514
2487
5480
3264
4703
7967
2787
5180
3853
4114
3976
3991
7967
5050
2917
4567
3400
3674
4293
3317
4650
5027
2940
3577
4390
5738
2229
2621
5346
3799
4168
4433
3534
4670
3297
7967
3985
3982
5063
2904
7967
7967
7967
3969
3998
3938
4029
4301
3666
3817
2230
1919
1
3819
4148
7967
5389
2578
7967
5060
2907
3904
4063
7967
7967
4071
3896
5705
2262
3100
4867
2298
2676
2993
4986
2981
3298
4669
4790
3177
7967
3507
4458
2
4306
3661
7967
3889
4078
2223
5744
3850
4117
7967
7967
7967
7967
5140
2827
3649
4318
2168
5799
4343
3624
7967
3645
4322
3104
4863
3529
4438
7967
7967
4266
3701
7967
7967
7967
3966
4001
7967
3881
4086
5405
2562
2782
5185
4357
3610
7967
7967
3831
4136
3162
4805
3910
4057
4898
3069
3397
4570
7967
4268
3699
4698
3269
4185
3782
3596
2043
2328
7967
2965
2882
2120
5332
2635
5274
2693
4064
3903
4490
3476
1
4129
3838
3538
4429
4025
3942
4401
3566
7967
4933
3034
3856
4111
3319
4648
7967
4366
3601
7967
3845
4122
3551
4416
7967
3915
4052
2643
5324
5264
2703
7967
7967
7967
3697
4270
3542
4425
7967
4875
3092
3862
4105
3281
4686
4568
3399
7967
4305
3662
4528
3439
3480
4487
4837
3130
4777
3190
3381
4586
6033
1934
3345
2230
2392
3858
4109
7967
4129
3838
5235
2732
3415
4552
4173
3794
2342
5625
2113
3656
2198
4085
3882
4006
3961
2021
3834
2112
3781
4186
3961
4006
7967
2484
5483
4979
2988
4834
3133
7967
7966
1
5479
2488
4937
3030
7967
2931
5036
4894
3073
7967
7967
5068
2899
3826
4141
7967
7967
4143
3824
2669
5298
4518
3449
3445
4522
5132
2835
4825
3142
7967
7967
7967
3947
4020
4172
3795
7967
4165
3802
2384
5582
1
3492
4475
4206
3761
5380
2587
7967
3859
4108
3117
4850
7967
3729
4238
3295
2760
1912
4808
3159
7967
7967
4552
3415
6089
1878
7967
7967
2937
5030
3330
4637
3266
4701
7967
3119
4848
7967
3577
4390
2123
5844
5622
2345
7967
7967
7967
4529
3438
5461
2506
4458
3509
3854
4113
7967
4009
3958
4676
3291
3046
4921
2680
5287
4324
3643
4566
3401
2985
4982
7967
5189
2778
7967
3821
4146
7967
5472
2495
7967
4232
3735
3997
3969
1
7967
7967
7967
3698
4269
3958
4009
7967
4431
3536
4156
3811
3855
4112
7967
4077
3890
1995
3549
2423
4504
3463
3831
4136
3010
4957
7966
1
3398
4569
7967
7967
3881
4086
4292
3675
7967
4535
3432
7967
3887
4080
7967
4289
3678
5371
2596
5744
2223
3874
4093
7967
3766
4201
5076
2891
3873
4094
7967
7967
2132
2171
3664
4621
3346
3361
4606
4403
3564
7967
4618
3349
3008
4959
3977
3990
4735
3232
3805
4162
4432
3535
7967
3760
4207
3991
3976
3712
4255
4334
3633
6079
1888
7967
2653
5314
7967
4690
3277
4084
3883
1873
2424
3670
3732
4235
7967
5096
2871
3647
4320
3971
3996
1690
2393
3884
7967
5647
2320
5997
1970
7967
4864
3103
7967
4592
3375
7967
7967
4151
3816
7967
5269
2698
4283
3683
1
7967
4313
3654
4114
3853
7966
1
7967
4834
3133
3898
4069
4946
3021
3999
3968
5563
2404
3865
4102
4794
3173
5677
2290
3618
4349
7967
6017
1950
7967
7967
7967
7967
7967
4157
3810
3758
4209
5018
2949
3769
4198
3925
4042
5349
2617
1
6084
1883
2608
5359
7967
4543
3424
4560
3407
4215
3752
3554
4413
5255
2712
7967
3935
4032
4916
3051
7967
7967
7967
7965
2
5132
2835
4502
3465
7967
7967
5402
2564
1
7967
5170
2797
3127
4840
7967
4078
3889
4268
3699
4973
2994
7967
3184
4783
5593
2374
4241
3726
7967
2993
4974
7965
2
7967
4267
3700
3238
4729
7967
7967
7967
7967
3617
4350
4062
3905
4203
3764
3472
4495
3000
4967
7967
7967
4243
3724
7967
7967
7967
7967
4229
3738
7967
7967
4060
2277
1630
7967
7967
4093
3874
7967
7967
7967
4093
3874
4200
3767
7967
3796
4171
7967
4942
3025
3727
4240
1674
6293
4200
3767
3753
4214
7967
3743
4224
5267
2700
3505
4462
7967
4650
3317
7967
7967
1966
6001
4432
3535
3465
4502
3984
3983
4525
3442
4440
3527
4299
3668
7967
7967
3213
4754
4939
3028
3039
4928
7967
7967
3245
4722
2834
5133
4801
3166
2527
5440
4617
3350
3607
4360
4293
3674
4736
3231
4457
3510
1219
3848
2900
4517
3450
4119
3848
7967
2629
1526
3812
3298
4669
4839
3128
7967
3781
4186
3647
4320
3775
4191
1
3919
4048
3518
4449
3658
4309
2946
5021
7967
7965
2
7967
7967
7967
7966
1
3873
4094
3925
4042
7967
4555
3412
3787
4180
4352
3615
4047
3920
4047
3920
3690
4277
4065
3902
7967
3280
4687
5092
2875
4557
3410
4864
3103
7967
4443
3524
1896
2459
3612
4131
3836
7967
7967
3254
4713
7967
4482
3485
7967
7967
3562
4405
3927
4040
7967
5085
2882
4355
3612
3583
4384
3975
3992
7967
3988
3979
5761
2206
4813
3154
7967
4669
3298
7967
2203
2930
2834
7967
4582
3385
5617
2350
7967
7967
7967
7961
6
4002
3965
7967
7967
3772
4195
4762
3205
3551
4416
3866
4101
3866
4101
7967
7967
7967
7967
4314
3653
7967
3942
4025
2316
5651
2906
5061
4723
3244
2854
5113
3272
4695
7967
4276
3691
7967
5150
2817
7966
1
4428
3539
7967
3457
4510
3760
4207
3870
4097
4326
3641
2621
5346
7967
3864
4103
7967
7967
4033
3934
7967
7967
3999
3968
2196
3826
1945
4061
3906
4434
3533
3909
4058
3904
4063
3471
4496
4183
3784
3758
4209
4792
3174
1
7967
7967
7967
3684
4283
4623
3344
2223
3249
2494
1
4588
3379
7967
3285
4682
4159
3808
3246
4721
2413
3927
1627
4827
3140
4140
3827
4300
3667
4922
3045
7967
7967
3433
4534
4220
3747
3504
4463
4333
3634
5042
2925
7967
4183
3784
3948
4019
4531
3436
4592
3375
4840
3127
7967
3584
4383
4349
3618
4231
3736
4103
3864
4592
3375
3174
4793
3586
4381
7967
4008
3958
1
7967
7965
2
3381
4586
4112
3855
7967
3770
4197
3768
4199
4317
3650
3894
4073
7966
1
3778
4189
7967
7967
3758
4209
4035
3932
3650
4317
7967
4079
3887
1
3310
4657
5012
2955
7967
4524
3443
4802
3165
4801
3166
4125
3842
3776
4191
7967
1890
3760
2317
3377
4590
4591
3376
3798
4169
5303
2664
5734
2233
4064
3903
3955
4012
7967
3411
4556
7967
3041
4926
4119
3848
3566
4401
2631
3368
1968
7967
7967
4865
3102
3980
3987
3437
4530
7967
7967
3246
4721
4644
3323
4729
3238
7967
7967
3318
4649
7967
5570
2397
7967
7967
3058
4909
4170
3797
4054
3913
7967
7967
7967
5250
2714
3
7967
5275
2692
7967
4364
3603
4479
3488
4137
3830
4628
3339
4243
3723
1
3704
4263
7967
4754
3213
2531
3580
1856
5422
2545
3862
4105
7967
3786
4181
5438
2529
7967
7967
7967
4790
3177
2629
5338
3214
4753
3719
4248
7967
3557
2375
2035
4219
3748
7967
3092
4875
7967
3397
4570
4700
3267
7967
4065
3902
7967
2863
5104
3822
4145
3866
4101
3665
4302
3483
4484
3942
4025
4312
3655
7967
4005
3962
2519
5448
3980
3987
3593
4374
3539
4428
4164
3803
4728
3238
1
7967
7967
7967
3262
4705
3099
4868
7967
7967
4333
3634
5706
2261
3222
4745
7967
4533
3434
2517
5450
4555
3412
4571
3396
5218
2749
7967
4572
3395
4925
3042
7967
7966
1
3460
4507
7967
4197
3770
3003
4964
3615
4352
4822
3145
3088
4879
4710
3257
2962
5005
4774
3193
7967
3538
4429
4926
3041
4948
3019
4963
3004
4332
3635
7967
3551
2296
2120
7967
7967
7967
4724
3243
3611
4356
5018
2949
4001
3966
3717
4250
3320
3035
1612
7967
3953
4014
3586
4381
7967
4401
3566
7967
4469
3498
7967
7967
2128
3359
2480
3231
4736
2116
1424
4427
2128
5839
4271
3696
7967
3693
4274
7967
3606
4361
4717
3250
7967
4834
3133
3814
4153
7967
4720
3247
7967
7967
2895
5072
3438
4529
4383
3584
3864
4103
4061
3906
4084
3883
4844
3123
3767
4200
3907
4060
7967
7967
7966
1
5633
2334
7967
4126
3841
3906
4061
3551
4416
4366
3601
3199
4768
4665
3302
3825
1743
2398
1
4020
3947
4652
3315
3996
3971
4323
3644
7967
3402
4565
4850
3117
7967
4098
3869
4078
3889
7967
3286
4681
5110
2857
4727
3240
3177
4790
7967
3252
2842
1873
4292
3675
5059
2908
7967
3375
4592
3400
4567
7967
4408
3559
4720
3247
4180
3787
3484
4483
5036
2931
3603
4364
4302
3665
5455
2512
3406
4561
5118
2849
4841
3126
3658
4309
7967
5280
2687
4538
3429
3046
4921
4359
3608
3850
4117
4192
3775
7965
2
4379
3588
4988
2979
7967
4603
3364
2481
5486
3828
4139
4726
3241
4105
3862
7967
7967
3579
4388
7967
7967
4012
3955
7967
3619
4348
5405
2562
4767
3200
4016
3951
7967
7967
3795
4172
4350
3617
4405
3562
5099
2868
7967
3679
4288
5017
2950
5693
2274
7967
5487
2480
7966
1
7967
3356
4611
3931
4036
7967
4235
3732
3211
4756
7967
2897
5070
7967
3780
4187
3656
4311
7967
3395
4572
7967
3481
4486
7967
7967
7967
2720
5247
3934
4033
3207
4760
5485
2482
4015
2337
1615
7967
7967
3162
4805
4524
3443
7967
4795
3172
2283
1900
3784
5039
2928
7967
7967
3964
4003
4461
3505
1
3467
4500
3692
4275
3998
3969
7967
4924
3043
3583
4384
7967
4147
3820
4027
3940
2974
4993
3958
4009
4969
2998
3297
4670
3511
4456
2322
3463
2182
5107
2860
3901
4066
4496
3471
7967
3268
4699
7967
4964
3003
3980
3987
4780
3187
3484
4483
4374
3593
3347
4620
3985
3982
4549
3418
7967
7967
7966
1
3639
4328
4838
3129
7967
7967
3798
4169
4580
3387
3954
4013
3788
4179
7967
2323
5644
3730
4237
3635
4332
4050
3917
5339
2628
3768
4199
7967
7967
7967
3493
4474
7967
4596
3371
3530
4437
4839
3128
7967
7967
7967
4192
2088
1687
4257
3710
4587
3380
7967
7967
7967
4926
3041
7967
3898
4069
4675
3292
7967
7967
7967
5689
2278
3608
4359
3248
4719
4379
3588
3681
4286
3996
3971
4899
3068
3880
2791
1296
3507
2238
2222
4770
3197
4077
3890
4320
3647
2915
5052
7967
7967
3499
2730
1738
3063
4904
3334
4633
7967
3448
4519
7967
7967
7967
4866
3101
3343
4624
7967
3937
2317
1713
3014
4953
4757
3210
7967
4234
3733
3456
4511
7967
7967
5217
2750
1972
3513
2482
4831
3136
4341
3626
4607
3360
7967
5051
2915
1
3109
4858
3720
4247
7967
4855
3112
5015
2952
4822
3145
7967
3471
4496
7967
2857
5110
4522
3445
7967
4828
3138
1
7967
4297
1882
1788
4856
3111
7967
7967
3924
4043
3582
4385
5068
2899
3838
4129
4621
3346
7967
4423
3544
4565
3402
3389
4578
7967
2771
1549
3647
7967
2172
5795
4722
3245
7967
3013
4954
3611
4356
4485
3482
7967
7967
3256
2060
2651
7967
7967
7967
3991
3976
7967
3265
4702
3776
4191
2401
5566
5264
2703
3249
4718
4786
3181
4331
3636
7967
3444
4523
7967
3244
4723
5421
2546
7967
4599
3368
3895
4072
3420
4546
1
4727
3240
4350
3617
3982
3984
1
2279
5688
7967
4469
3497
1
4288
3679
3885
4082
4075
3891
1
3723
4244
7967
3258
4709
7967
4525
3442
4711
3256
4860
3107
4302
3665
7967
4110
2897
960
3873
4094
3549
4418
5319
2648
5191
2776
3784
4183
7967
7967
7967
4007
3960
6003
1964
7967
3467
4500
7967
4705
3262
3572
4395
7967
7967
3705
4262
4940
3027
4675
3292
3164
4803
3448
4518
1
3902
4065
7967
7967
4159
3808
4843
3124
4497
3470
4692
3275
7967
7967
4107
3860
4339
3628
7967
5291
2676
7967
7967
7967
2411
1837
3719
4983
2984
7967
4522
3445
7967
7967
3830
4137
7967
4650
3317
5047
2920
7967
7967
2771
5196
7967
7967
4465
3502
3988
2204
1775
7967
3683
4284
7967
3787
4180
3398
4569
7967
4467
3500
4181
3786
3363
4604
4070
2010
1887
3020
4947
2896
5071
5707
2260
4039
3928
4320
3647
7966
1
4141
3826
4670
3297
7967
7967
7967
7967
3075
4892
7967
3555
4412
4849
3118
4362
3605
2444
2135
3388
4779
3188
5221
2746
5189
2778
3897
4070
4521
3446
7967
4430
3537
7967
3063
4904
4716
3251
4454
3513
4747
3220
6033
1934
7967
7967
1700
3911
2356
7967
4546
3421
7967
7967
3913
4054
4345
3622
3318
4649
7967
4284
3683
7966
1
5293
2674
2444
5523
3670
4297
3300
4667
3623
4344
7967
3322
4645
4454
3513
7967
4223
3744
4092
3875
7967
3989
3978
4446
3521
4905
3062
4171
3796
3883
4084
4526
3441
4989
2978
7967
4018
3949
7967
4029
3938
3974
3993
3263
4704
7967
3717
4250
4017
3950
3993
3974
3911
4056
4660
3307
7967
3298
4669
5053
2914
7967
7967
4195
3772
2562
5405
3975
3992
5009
2958
3328
4639
5261
2706
4600
3367
3840
4127
6133
1834
1691
3846
2430
7967
4201
3766
3825
4142
7967
3866
4101
3324
4643
5360
2607
3862
4105
4508
3459
7967
5346
2621
3747
2426
1794
7967
4036
3931
3521
4446
4141
3826
4082
3885
4535
3432
3500
4467
4659
3308
3458
4509
4131
3836
5448
2519
5260
2707
7967
4814
3153
4143
2031
1793
5700
2267
2233
2026
3708
7967
3916
4051
2835
1430
3702
3775
4192
4107
3860
5431
2536
4824
3143
4194
3773
7967
2628
5339
3583
4384
4044
3923
7967
4178
3789
5319
2648
3949
4018
3563
4404
4486
1666
1815
7967
7967
7967
7967
7967
7967
3532
4435
4332
3635
7967
7967
4326
3641
4205
3762
7967
7967
4592
3375
2876
5091
4057
3910
7967
7967
7967
7967
4224
3743
7967
4751
3216
3815
4152
7967
4013
3954
2938
5029
3109
4858
7967
3846
4121
3736
4231
7967
3470
2064
2433
7967
4822
3145
4057
3910
4061
3906
3503
4464
4081
3886
2529
5438
7967
7967
7967
3764
4203
7967
4683
3284
7967
4338
3629
7967
3996
3971
4244
3723
7967
5238
2729
7967
7967
4157
3810
7967
3248
4719
3530
4437
3132
4835
4719
3248
7967
3760
4207
7967
3751
4216
4010
3957
4255
3712
7967
4884
3083
4116
3851
2954
5013
7967
7967
3792
4175
7967
7967
7967
3984
3983
7967
3704
4263
3846
4121
4402
3565
7967
2070
3535
2362
2502
5465
7967
3167
4800
4032
3935
3032
4935
7967
2402
5565
3837
4130
7967
4431
3536
3283
4684
7967
7967
7967
7967
7967
4578
3389
3882
4085
3849
4118
3989
3978
3596
4371
3617
4350
7967
4957
3010
7967
3821
4146
4103
3864
2937
5030
7967
4300
3667
7967
7967
2639
3908
1420
4443
3524
7967
7966
1
7967
7967
3447
4520
5479
2488
7967
4672
3295
4243
3724
7967
5196
2771
3887
4080
4540
3427
3811
4156
7967
3501
4466
2871
5094
2
2323
3889
1755
7967
7967
7967
4585
3382
3915
4052
7967
3045
3701
1221
3236
4731
4285
3682
7967
3959
4008
7967
3482
4485
7967
7967
7967
4380
3587
7967
4597
3370
4677
3290
7967
7967
3524
4443
4089
3878
3985
3982
5386
2581
5339
2628
7967
4164
3803
2775
5192
4533
3434
4398
3569
4303
3664
3484
4483
3582
4385
3520
4447
4529
3438
3791
4176
3182
4785
7967
7967
3178
4789
3673
4294
7967
4494
3471
2
3685
4282
7967
3601
4366
3193
4774
7967
3330
4637
3824
4143
5119
2848
4664
3303
5398
2569
3960
4007
3869
4098
7967
7967
2804
5163
7967
4791
3176
3136
4831
5379
2588
5473
2494
4790
3177
4934
3033
7967
4507
3460
4187
3780
7967
7967
7967
4722
3245
4048
3919
7967
7967
7967
7967
3743
4223
1
7967
7966
1
7967
4547
3420
7967
7967
3145
4822
7967
4851
3116
3986
3981
7967
4303
3664
3895
4072
4049
3918
4866
3101
4881
3086
7967
7967
7967
5372
2595
4746
3221
3994
2269
1704
4560
3407
4451
3516
4851
3116
4557
3410
3144
4823
7967
7967
7967
7967
3643
4324
7967
7967
3125
4842
4432
3535
7967
7967
7967
4465
3502
5476
2491
5101
2866
2945
1764
3258
5139
2827
1
4224
3743
7967
4284
3683
3942
4025
4147
3820
7967
4976
2991
3759
4208
4344
3623
4422
3545
5840
2127
7967
2313
5654
3322
4645
3889
4078
5203
2764
7967
3619
4348
7967
4485
3482
5831
2136
2527
5440
4820
3147
3774
4193
7967
5070
2897
7967
4507
3460
3914
4053
4114
3853
7967
4689
3278
7967
7967
1648
2576
3743
4866
3101
3740
4227
4102
3865
4030
3937
7967
5236
2731
7967
7967
5047
2920
3459
4508
7967
7967
7967
3792
4175
7967
3604
4363
6152
1815
7967
7967
4750
3217
2805
5162
4593
3374
3620
4347
4406
3561
7967
7967
3149
4818
4978
2989
3948
4019
7967
4609
3358
4467
3500
3625
4342
7967
3907
4060
3783
4184
2392
5575
7967
5468
2499
4065
1873
2029
3447
4520
7967
4431
3536
3420
4547
7967
7967
3976
3991
7967
7967
4246
3721
3714
4253
5263
2704
7967
3768
2171
2028
2688
2218
3061
3184
4783
3730
4236
1
7967
3927
4040
4586
3381
7967
3948
4019
5210
2757
5904
2063
2487
5480
7967
5109
2858
3790
4177
2919
5048
7967
3884
4083
7967
4671
3296
3219
2662
2086
3285
4682
3466
4501
7967
7967
4150
3817
3114
4853
4555
3412
3648
4319
3626
4341
5313
2654
5667
2300
5406
2561
3143
4824
7967
4739
3228
5068
2899
7967
1934
2345
3688
5124
2843
5041
2926
3315
4652
4717
3250
4557
3410
7967
4129
3837
1
7967
5170
2797
4989
2978
2218
5749
3947
4020
4954
3013
4848
3119
5452
2515
4044
3923
4493
3474
7967
7967
3389
4578
7967
7967
7967
2803
5164
7967
4377
3590
3995
3972
5448
2519
7967
7967
7967
4580
3387
3166
2953
1848
7967
7967
4565
3402
4128
3839
4133
3834
3933
4034
3881
4086
4610
3357
7967
7967
7967
4625
3342
7967
3694
4273
7967
4473
3494
5794
2173
3725
4242
3655
4312
4108
3859
7967
5022
2945
5434
2533
4624
3343
5612
2355
4656
3311
4822
3145
1913
6054
1726
6241
4279
3688
4707
3260
7967
7966
1
4238
3729
3905
4062
4703
3264
3459
4508
7967
7967
7967
3480
4487
3969
3998
4469
3498
7967
7967
4748
3219
7967
4456
3511
7967
5380
2587
4267
3700
7967
1719
3421
2827
5097
2869
1
5394
2573
7967
5400
2567
3633
4333
1
7967
7967
7967
7967
7967
7967
3546
2607
1814
6391
1576
4083
3884
7967
3250
4717
4907
3060
4133
3834
7967
3432
4535
2442
3779
1746
7967
5148
2819
7967
7967
5043
2924
4136
3831
7967
5425
2542
4151
3816
5027
2940
4083
3884
3442
4525
5719
2248
2533
5434
3674
4293
5094
2873
2756
3526
1685
3400
4567
2888
5079
5253
2714
3933
4034
5000
2967
4178
3789
7967
3613
4354
5107
2860
4059
3908
7967
7967
7967
7967
7967
7967
7967
7967
7967
7967
4340
3627
3342
4625
7967
3535
4432
3324
4643
7967
4790
3177
4736
3231
7967
3949
4018
4694
3273
3049
4918
4036
3931
7967
3558
4409
7967
2711
5256
4565
3402
3148
4819
3767
4200
4461
3505
1
3942
4025
3642
4325
7966
1
4681
3286
7967
4672
3295
7967
4873
3094
7967
3223
4743
1
3522
4445
7967
5034
2933
7967
7967
4586
3381
7967
2802
5165
5043
2924
3371
4596
7967
4068
3899
3652
4315
4028
3939
3581
4386
3796
4171
4355
3612
7967
2252
2820
2894
1
7967
4768
3199
4593
3374
4103
3864
7967
4013
3954
3955
4012
7967
4147
3820
3793
4174
7967
7967
3915
4052
3565
2213
2189
2580
3665
1722
2925
5042
4049
3918
7967
2148
2119
3699
1
3344
4623
4702
3265
4899
3068
2655
3615
1697
7967
4285
3682
3509
4458
7967
3870
4097
7967
2315
5652
7967
4634
3333
4395
3572
7967
4006
3961
4270
3697
7967
5136
2831
7967
7967
7967
7967
7967
2797
5170
4580
3387
3803
4164
4527
3440
4584
3383
3817
4150
7967
7967
4204
3763
5330
2637
7967
3683
4284
7967
4586
3381
7967
7967
3815
4152
3556
4411
4879
3088
3392
4575
7967
3902
4065
4713
3254
4906
3061
7967
3272
4695
3507
4459
1
7967
3997
3970
7967
3816
4151
3898
4069
4555
3412
4467
3500
7967
7967
5121
2846
3478
4489
5140
2827
7967
4410
3557
4240
3727
3697
4270
2384
3298
2285
4746
3221
4108
3859
7967
3276
4691
5903
2064
7967
3447
4520
7967
4887
3080
7967
3791
4176
3640
4327
7967
4222
3745
7967
4730
3237
2589
5378
4506
3461
7967
3978
3989
7967
7966
1
7967
3589
4378
3456
4511
3812
4155
2849
5118
4559
3408
7967
4839
3128
4979
2988
3333
4634
7967
3740
4227
7967
3384
3246
1337
4610
3357
7967
7967
7967
2618
5349
7967
3817
4150
4132
3835
4471
3496
7967
4885
3082
7967
7967
7967
7967
4835
3132
3782
4185
7967
7967
5491
2476
3809
4158
4313
3654
4169
3798
2355
5612
7967
7967
7967
7967
7967
7967
3415
4552
7967
7967
4031
3936
5658
2309
4968
2999
4353
3614
3578
4389
3811
4156
3456
4511
7967
3783
4184
2125
4073
1769
7967
3657
4310
5417
2550
3855
4112
7967
7967
3645
4322
5945
2022
7967
4652
3315
5514
2453
2980
4987
4817
3149
1
7967
7967
3703
4264
7967
7967
5722
2245
7967
7967
7967
7967
4859
3108
3293
4674
7967
3409
4558
7967
4341
3626
7967
1682
2313
3970
2
2969
4039
959
2842
5125
4423
3544
5392
2575
4755
3212
3867
4100
3746
4221
4172
3795
4168
3799
4651
3316
4976
2991
7967
7967
4006
3961
7967
5294
2673
4425
3542
4489
3478
4093
3874
7967
3112
4855
3938
4029
7967
3578
4389
3980
3987
4617
3350
4281
3686
5114
2853
7967
7967
7967
4269
3698
7967
3424
4543
7967
4299
3668
3991
3976
4120
3847
5329
2638
4718
3249
7967
4178
3789
4739
3228
3902
4065
4261
1357
2349
7967
3795
1631
2541
3524
4443
4431
3534
2
7967
5508
2459
3654
4313
2196
3848
1923
5110
2857
7967
4808
3159
4713
3254
3778
4189
7966
1
7966
1
2761
5206
7967
7967
3984
3983
4040
3927
4979
2988
5877
2090
7967
7967
2339
2890
2738
5785
2182
4642
3325
5197
2770
7967
7967
2993
4974
3721
4246
2965
5002
4909
3058
7967
7967
3565
2788
1614
7967
4713
3254
3929
4038
4471
3496
3880
4087
4232
3735
3526
4441
7967
3431
4536
4107
3860
5468
2499
7967
3903
4064
7967
4280
3687
7967
7967
7967
4127
3840
7967
5726
2241
5317
2650
4398
3569
3913
4054
7967
3810
4156
1
4809
3158
7967
7967
7967
6319
1648
5175
2792
4307
3660
4538
3429
3599
4368
4208
3759
7967
7967
3892
1895
2180
4479
3488
5135
2832
3778
4189
3590
4377
7967
4519
3448
7967
7965
2
7967
4910
3057
7967
7967
7967
4608
3359
3761
4206
4349
3618
7967
7967
4099
3868
7967
3462
4505
3897
4070
7967
4447
3520
4349
3618
3928
4039
3103
4864
4639
3328
3899
4068
7967
3067
3146
1754
7967
7967
4305
3662
2892
5075
4898
3068
1
7967
7967
3333
4634
7967
7967
2924
5043
4799
3168
5545
2422
7967
3732
4235
7967
2591
3232
2144
2948
5019
4712
3255
3584
4383
4041
3925
1
3297
4670
4000
3967
3375
1863
2729
3840
2071
2056
7967
7967
4109
3858
4959
3008
3191
4776
4503
3464
4445
3522
5028
2939
5247
2720
3956
4011
3463
4504
7967
4738
3229
3439
4528
7967
4415
3552
5123
2844
3226
4741
3519
4448
3748
4219
4296
3671
7967
7967
3535
4432
4290
3677
3803
4164
7967
4268
3699
5404
2563
3870
4097
5128
2839
7967
4834
3133
2705
5262
4685
3282
7967
3544
4423
3549
4418
3696
4271
4372
3595
7967
5120
2847
4457
3510
7967
7967
7967
4330
3637
5323
2644
2885
5082
7967
2276
5690
1
2568
5399
7967
7967
4702
3265
7967
7966
1
3779
2462
1726
7967
7967
4360
3607
5396
2571
7967
7967
7967
3744
4223
3442
4525
4404
3563
5243
2724
7967
7966
1
7967
7967
4084
3883
7967
4065
3902
3220
4747
4297
3670
3957
4010
3252
4715
7967
4067
3900
3365
4602
7967
7967
2315
5652
3928
4039
7967
3835
4132
7967
3997
3970
7967
3057
4910
2460
1575
3932
4347
3620
3159
4808
5567
2400
7967
4165
3802
3821
4146
3054
4913
5069
2898
4101
3866
3891
4076
7967
7967
4049
3918
7967
3683
4284
3186
4781
7967
3483
4484
5272
2695
7967
7967
4392
3575
7967
3995
3972
5276
2691
4385
3582
2834
5133
4002
3965
7967
3525
4442
7967
4403
3564
4273
3125
569
3376
2923
1668
3745
4222
7967
7967
3996
3971
4421
3546
4938
3029
3042
4925
4495
3472
7967
7967
7967
7967
3492
4475
4193
3774
7967
4283
3684
4069
3898
3035
4932
5308
2659
7967
7967
5132
2835
7967
3836
4131
4635
3332
4385
3582
4416
3551
7967
4775
3192
3546
4421
7967
7967
3433
4534
4003
3964
4083
3884
7967
3586
4381
3670
4297
3339
4628
4753
3214
4212
3755
4314
3653
3327
4640
7967
4649
3318
7967
4133
3834
7967
7967
7967
7967
4260
3706
1
3831
4136
3472
4495
7967
5391
2576
5439
2528
5373
2594
5211
2756
4617
3350
3870
4097
4054
3913
4871
3096
3817
4150
7967
7967
1834
3885
2248
5372
2595
4340
3627
7967
7967
3623
4344
7967
3932
4034
1
3616
4351
3952
4015
7967
7967
3556
4411
3373
4594
3904
4063
7965
2
3596
4371
4864
3103
4049
3918
4859
3108
7967
4419
3548
7967
3985
3982
1802
3793
2372
3052
4915
7967
4759
3208
4069
3898
3113
4854
3199
4768
5527
2440
4537
3430
4022
3944
1
4764
3200
3
2561
5406
7967
7967
5843
2124
4398
3569
2771
3741
1455
4726
3241
7967
7967
4303
3664
7967
4037
3930
2235
5732
2649
5318
7967
3663
4304
7967
7967
7967
4104
3863
3804
4163
4233
3734
7967
4287
3680
7967
1388
3358
3221
3305
4662
7967
7967
4511
3456
3765
4202
7966
1
7967
4839
3128
4008
3959
3996
3971
7967
3865
4102
7967
3899
4068
2836
5131
7967
5329
2638
7967
4573
3394
7967
4237
3730
7967
7967
3611
4356
4530
3437
7967
7967
3794
4173
7967
7967
4373
3594
7967
3173
4794
7967
4436
3531
4132
3835
7967
7967
4216
3751
7967
7967
7967
7967
4252
3715
4580
3387
3502
4465
2221
5746
4564
3403
7967
3871
4096
5155
2812
7967
7967
7967
7967
7967
3653
4314
7967
4622
3345
4345
3622
3141
4826
3775
4192
7967
7967
4385
3582
7967
3994
3973
3996
3971
7967
4572
3395
3625
4342
3640
4327
2932
5035
7967
4733
3234
7967
4112
3855
3979
3987
1
3753
4214
3466
4501
3400
4567
7967
3434
4533
3728
4239
4478
3489
7967
7967
7967
3811
4156
3183
4784
4289
3678
3752
4215
7967
4532
3435
7967
7967
5087
2880
2541
5426
7967
7967
3749
4218
7967
7967
3525
4442
3906
4061
7967
4728
3239
7967
7967
7967
3052
4915
3333
4634
7967
2920
5047
3758
4209
3173
4794
4363
3604
7967
4580
3387
2946
5021
2797
5170
7967
7967
4875
3092
7967
7967
3446
4521
7967
5907
2060
7967
7967
4081
1848
2038
3970
3997
7967
7967
3371
4596
7967
7967
7967
7967
4726
3241
7967
3525
4442
7967
5212
2755
4719
3248
5217
2750
7967
7967
7967
7967
4957
3010
3648
4319
4403
3564
3488
4479
4217
3750
7967
3496
4471
7967
3772
4195
7967
7967
7967
3759
4208
4605
3362
4748
3219
3333
4633
1
5524
2443
3212
4755
7967
7967
3656
4311
7967
3779
4188
4624
3342
1
7967
7967
2183
5784
2764
5203
3796
4171
4911
3056
5108
2859
4450
3517
2828
5139
3084
4883
7967
7967
5331
2636
3849
4118
3114
4853
7967
7967
7967
4059
3908
5340
2627
7967
7967
7967
7967
4128
3839
7967
4931
3036
7967
4515
3452
5191
2776
7967
3438
4529
3661
1966
2340
7967
7967
3583
4384
4627
3340
4828
3139
7967
3242
4725
7967
7967
7967
4589
3378
7967
7967
4779
3188
3157
4810
7967
4497
3470
7967
7967
7967
4720
3247
7967
5378
2589
7967
3674
4293
5684
2283
2534
3190
2243
1952
6015
4157
3810
7967
4160
3807
7967
2823
5143
1
7967
3812
4154
1
3281
4686
4167
3800
3725
1769
2473
3203
4764
5515
2452
7967
7967
7967
5331
2636
7967
4185
3782
4398
3569
4597
3370
5001
2966
3786
4181
3128
4839
5730
2237
3426
4541
7967
7967
4427
3540
4252
3715
7967
5323
2644
4802
3165
4527
3440
5135
2832
3317
4650
3834
4133
7967
4996
2971
5152
2815
3541
3037
1389
4065
3902
4361
3606
7967
4393
3574
7967
4665
3302
7967
4033
3934
3707
4260
3912
4055
4094
3873
3883
4084
4099
3868
7967
7967
4658
3309
3375
4592
2960
3594
1413
3832
4135
3788
4179
7967
4355
3612
7967
5036
2931
3305
4662
4386
3581
3034
4933
7967
7967
7967
4239
3728
3926
4041
7967
7967
7967
2988
4979
7967
7967
5061
2906
3720
4247
7967
7967
7967
3282
4685
3569
4398
7967
5516
2451
7967
4166
3801
7967
4152
3813
2
7967
7967
7967
7967
4676
3291
4001
3966
7967
7967
4034
3933
7967
7967
7967
7967
7967
4781
3186
4551
3416
4718
3249
3903
4064
4399
3568
4107
3860
4490
3477
4591
3376
4281
3686
7967
3488
4479
5699
2268
1823
2422
3722
1376
2905
3686
7967
4544
3423
7967
4479
3488
3772
4195
4263
3704
7967
4817
3150
2918
5049
4632
3335
4375
3592
3478
4489
3838
4129
4893
3074
7967
4267
3700
3928
4039
4049
3918
3378
4589
4552
3415
4486
3481
4488
3479
4333
3634
7967
7967
4818
3149
7967
4411
3556
4158
3809
3883
4084
4287
3680
3757
4210
3391
4576
7967
3795
4172
4067
3900
3370
4597
4492
3475
7967
2922
5045
7967
7967
4523
3444
4470
3497
4310
3657
7967
7967
4091
3876
4366
3601
3928
4039
7967
7967
4455
3512
4438
3529
2755
5212
7967
6095
1872
2755
5212
4518
3449
3802
4165
7967
4714
3253
2882
5085
3707
4260
7967
2942
5025
7967
7967
3287
4680
4550
3417
3383
4584
4897
3070
3843
4124
4781
3186
7967
7967
3639
4328
4529
3437
1
7967
4326
3641
3727
4240
3950
4017
3645
4322
4957
3010
3684
4283
3315
4652
4747
3220
4223
3744
3793
4174
3975
3992
7967
4288
3679
7967
3493
4474
4492
3475
3983
3984
4402
3565
3822
4145
4054
3913
3313
4654
7967
4071
3896
4548
3418
1
3307
4660
4854
3113
3638
4329
7967
7967
7967
4304
3663
3502
4465
4301
3666
3368
4599
5298
2669
3749
4218
7967
3800
4167
3063
4904
2240
3446
2281
7967
3567
4400
3479
2810
1678
4206
3761
4479
3488
4005
3962
7967
7967
4163
2068
1736
5745
2222
7967
7967
3897
4070
4062
3905
5350
2617
2974
2429
2564
1796
4013
2158
3110
4857
3766
4200
1
4029
3938
4365
3602
3534
4433
4429
3538
3797
4170
4005
3962
4539
3428
4013
3954
3646
4321
4000
3967
3445
4522
7967
3768
4199
4522
3445
4391
3576
3646
4321
5083
2884
7967
4908
3059
7967
7967
3730
4237
7967
2487
5480
3031
4936
3978
3989
7967
4228
3739
7967
5226
2741
3984
3983
3763
4204
3645
4322
3537
4430
7967
7967
4362
3605
4070
3897
3283
4684
7967
7967
7967
7967
4498
3469
4619
3348
7967
7967
3938
4029
2839
5128
4654
3313
4253
3714
4409
3558
3517
4450
5868
2099
5174
2793
4075
3892
3932
4035
7967
7967
3928
4039
7967
3728
4239
3725
4242
4258
3709
7967
5444
2523
4649
3318
7967
7967
7967
3828
4139
7967
4395
3572
4206
3761
7967
4090
3877
4419
3548
7967
7967
3267
4700
3686
4281
7967
2664
5303
3490
4477
7967
5344
2623
7967
3604
4363
2829
5138
7967
3764
4203
5151
2816
3602
4365
3144
4823
7967
4707
3260
4178
3789
3769
4197
1
7967
3960
4007
7967
3575
2762
1630
4263
3704
4510
3457
3949
4018
3293
4674
2957
5010
2866
5101
3321
4646
3474
2410
2083
3805
4162
4742
3225
3713
4254
7967
4192
3775
7967
7967
7967
7967
6081
1886
7967
7967
5134
2833
4170
3797
7967
4805
3162
7967
4546
3421
3962
4005
4458
3509
4434
3533
3450
4517
3909
4058
7967
4612
3355
7967
7967
7967
7967
3599
4368
4890
3077
7967
7967
7967
4100
3867
4024
3943
7967
7967
3470
4497
4353
3614
7967
4196
3771
7967
3793
4174
7967
7967
4573
3394
3418
2094
2455
4129
3838
7967
5507
2460
3339
4628
4098
3869
7967
5593
2374
4447
3520
3954
4013
7967
7967
7967
3378
4589
7967
5021
2946
4499
3468
4191
3776
3020
4947
3526
4441
7967
7967
3782
1670
2515
3316
3022
1629
7967
3565
4402
3666
4301
7967
1742
3455
2770
3472
4495
2112
3812
2043
7967
4055
3912
7967
3608
4359
7967
3721
4246
4557
3410
1527
1874
4566
7967
3985
3982
5402
2565
5393
2574
1854
2650
3463
7967
3983
3984
7967
7967
1947
3851
2169
3543
4424
7967
7967
5160
2807
7967
4120
3847
7967
7967
5407
2560
5163
2804
4056
3911
7967
7967
3525
4442
3172
4795
7967
3373
4594
3475
4492
4581
3386
7967
3188
4779
7967
7967
7967
4115
3852
3302
4665
4278
3689
7967
3946
4021
7967
4382
3585
3584
4383
4862
3105
3840
1643
2484
2884
5083
7967
3224
4743
3682
4285
3701
4266
3808
4159
3533
4434
2414
4071
1482
3522
4445
7967
4736
3231
5635
2332
2743
5224
3974
3993
3627
4340
7967
4089
3878
7967
7967
3816
4151
3960
4007
2783
5184
7967
3785
4182
7967
1836
3296
2835
3859
4108
4858
3109
4174
3793
7967
7967
3208
4759
3548
4419
7967
3731
4236
7967
7967
7967
5302
2665
7967
4773
3194
7967
7967
4551
3416
3813
4154
3696
4271
7967
4035
3932
7967
2942
5025
3685
4282
3717
4250
7967
4809
3158
5004
2963
7967
3095
4872
4751
3216
7967
4518
3449
5016
2951
3718
4249
7967
3329
4638
7967
3120
4847
1797
2424
3746
4872
3095
4354
3613
3687
4280
2941
5024
2
2736
5231
7967
5611
2356
7966
1
3882
4085
4689
3278
4303
3664
7967
4642
3325
3681
4286
4350
3617
3624
4343
3062
4905
4192
3775
7967
7967
3422
4543
2
3878
4089
4828
3139
3736
4231
3902
4065
7967
7967
3651
4316
3241
4726
4436
3531
4813
3154
5707
2260
5329
2638
7967
7967
7967
3740
4227
7967
3998
3969
7967
7967
4100
3867
7967
4342
3623
2
7967
5515
2452
7967
4840
3127
4197
3770
3919
4048
3283
4684
2044
2484
3439
4135
3832
7967
3780
4187
7967
4605
3362
4148
3819
7967
7967
3371
4596
7967
5301
2666
4073
3894
4351
3616
3242
4725
3880
4087
3440
4527
2972
4995
3915
4052
7967
7967
2882
5085
3721
4246
7967
7967
2738
5229
4422
3545
4572
3395
7967
4288
3679
2894
3085
1988
7967
4659
3308
4284
3683
4527
3440
2591
5376
4118
3849
3473
4493
1
3830
4137
4008
3959
7967
3875
4092
5616
2351
7967
4040
3927
4134
3833
4288
3679
3566
4401
4532
3435
3670
4297
5308
2659
7967
4116
3851
4059
3908
3767
4200
4578
3389
7967
3256
4711
4247
3720
7967
4078
3889
3836
4128
3
4557
3410
7967
4182
3785
7967
3724
4243
7967
7967
7967
4053
3914
4966
3001
3961
4006
4383
3584
7967
5500
2467
4968
2999
7967
2822
5145
7967
7967
5453
2514
3974
3993
4761
3206
3748
4219
7967
5002
2965
7967
7967
4814
3153
4118
3849
7967
7967
7967
5105
2862
3003
3538
1426
3692
4275
4147
3820
4245
3722
4665
3302
7967
4375
3592
7967
7967
7967
7967
4857
3110
4442
3525
4442
3525
4221
3746
7967
4053
3914
5034
2933
7967
7967
3495
4472
4757
3210
4178
3789
3989
3978
7967
4447
3520
4323
3644
3844
4123
7967
3498
4469
7967
7967
3492
4475
7967
3331
4636
5219
2748
7967
7967
7967
3487
4480
4028
3939
7967
7967
3782
2037
2148
7967
2973
4994
7967
7967
3377
4589
1
7967
5635
2332
7967
7967
3989
3978
3091
4876
3504
4463
4696
3271
4310
3657
3686
4281
7967
3417
2730
1820
7967
7967
3606
4361
4277
3690
7967
7967
4320
3647
4450
3517
7967
3659
4308
7967
1992
3894
2081
7967
4424
3543
5374
2593
4299
3668
7967
4617
3350
7967
7967
4315
3652
3361
4606
5589
2378
4190
3777
4532
3435
4957
3010
3527
4440
7967
4718
3249
5006
2961
7967
3347
4620
7967
7967
4052
3915
7967
7967
4611
3356
7967
3562
4404
1
3574
4393
3403
1895
2669
3991
3976
4948
3019
7967
7967
7966
1
3888
4079
5640
2327
2438
5529
4864
3103
7967
3256
4711
4596
3371
3218
4749
7967
7967
7966
1
4089
3878
5341
2626
7967
4512
3455
7967
3302
4665
4413
3554
7967
3169
4798
4658
3309
7967
3503
4464
7967
3470
4497
7967
4519
3448
7967
4192
3775
4727
3240
4593
3374
4772
3195
4174
770
3023
3420
4547
4094
3873
4599
3368
7967
4214
3753
2016
2716
3235
3854
4113
3486
4481
2954
5013
4616
3351
2903
5064
3479
4488
3559
2207
2201
4638
3329
3644
4323
4211
3756
7967
4481
3486
4449
3518
3369
4598
4643
3324
3410
4557
5177
2790
3643
4324
5525
2442
5700
2267
7967
4973
2994
3647
4320
4767
3200
4649
3318
7967
4735
3232
5175
2792
3196
2395
2376
4496
3471
2638
5329
5787
2180
4580
3387
3178
4789
7967
3656
4311
4773
3194
7967
4517
3450
7967
7967
4276
3691
4252
3715
3705
4261
1
7967
5254
2713
2830
5137
4251
3716
7967
3901
4066
7967
7967
5543
2424
3937
4030
2901
5066
4276
3691
3918
4049
5019
2948
7967
7967
7967
4345
3622
4257
3710
3289
4678
7967
4932
3035
4149
3818
4040
3927
7967
4887
3080
7967
3329
4638
2959
5008
7967
3293
3413
1261
7967
4724
3243
5184
2783
3404
4563
3892
4075
7967
7967
4421
3546
4617
3350
4529
3438
7967
4529
3438
7967
7967
5065
2902
4685
3282
7966
1
7967
4014
1593
2360
7967
7967
3684
4283
4986
2981
3809
4158
4347
3620
3834
4133
4880
3087
3116
4851
4280
3687
4034
3933
7967
7967
7967
4610
3357
7967
2744
5222
1
3749
4217
1
3720
2136
2111
7967
7967
4450
3517
4757
3210
3977
3990
7967
4025
3942
4715
3252
7967
4502
3465
7967
3886
4081
3304
2245
2418
4543
3424
7967
4562
3405
5740
2227
4681
3286
4199
3768
3144
4823
4089
3878
4029
3938
4945
3022
3681
4286
3915
4052
7967
2818
5149
7967
4120
3847
7967
7967
5101
2866
3707
4260
7967
3575
4392
7967
7967
7967
3531
4436
7967
4371
3596
7967
4244
3723
4534
3433
4766
3200
1
7967
3891
2230
1846
7967
4568
3399
4557
3409
1
7967
3700
4266
1
7967
5349
2618
4386
3581
2711
5256
4806
3161
7967
7967
3355
4612
4181
3786
7967
2984
4983
7967
4786
3181
4615
3352
4888
3079
3708
4259
3991
3976
7966
1
4721
3246
3556
4411
3115
4852
7967
2424
5543
3046
4921
2026
3394
2547
4077
3890
2510
5457
7967
3724
4243
3957
4010
3468
4499
3053
4914
4264
3703
4525
3442
3947
4020
4858
3109
5421
2546
5018
2949
3882
4085
5485
2482
6601
1366
3376
4591
7967
5859
2108
5928
2039
4034
3933
4515
3452
7967
3883
4083
1
4265
3702
7967
3722
4245
7967
7967
7967
3014
4953
4241
3726
1734
4095
2138
3503
4464
3909
4058
3876
4091
7967
5106
2861
4025
3942
4097
3870
3562
4405
3601
4366
4590
3377
2661
5306
4293
3674
3456
4511
3988
3979
4655
3312
3318
4649
4180
3787
3016
4951
2854
5113
3829
4138
7967
7967
