7988
7988
3963
4025
3569
4419
4704
3284
7988
7988
3918
4070
7988
7988
7988
7988
4321
3667
7988
7988
7988
7988
7988
4541
3447
7988
4580
3408
7988
7988
7988
4358
3630
4099
3889
7988
3879
4109
3764
4224
7988
7988
5454
2534
5205
2783
4584
3404
7988
7988
2904
5084
7988
7988
7988
7988
7988
7988
7988
7988
7988
4681
3307
7988
3974
4014
7988
7988
7988
7988
3686
4302
7988
7988
7988
4535
3453
3860
4128
7988
4889
3099
7988
5525
2463
3464
4524
7988
7988
7988
7988
7988
7988
7988
7988
5141
2847
7988
4800
3188
7988
4887
3101
7988
7988
7988
3814
4174
3975
4013
7988
7988
7988
3725
4263
4535
3453
7988
3534
4454
7988
3358
4630
7988
7988
3733
4255
7988
4381
3607
3780
4208
3761
4227
4726
3262
7988
7988
7988
7988
7988
4166
3822
7988
7988
7988
4304
3684
4335
3653
3487
4501
7988
4942
3046
3235
4753
4273
3715
7988
3789
4199
4208
3780
7988
7988
7988
7988
4323
3664
1
7988
7988
7988
7988
5617
2371
7988
7988
4645
3343
7988
7988
4019
3969
7988
7988
7988
7988
7988
7988
7988
7988
4201
3787
7988
7988
7988
7988
3418
4570
7988
7988
7988
4267
3721
4379
3609
7988
4205
3783
3918
4070
7988
4931
3057
3153
4835
7988
7988
7988
4103
3885
4375
3613
7988
4055
3933
7988
7988
7988
7988
3196
4792
7988
4554
3434
3080
4908
7988
7988
7988
7988
4155
3833
2837
5151
4322
3666
7988
4264
3724
5496
2492
7988
7988
7988
3805
4183
3973
4015
3492
4496
7987
1
7988
7988
7988
7988
7988
7988
3915
4073
4917
3071
4000
3988
7988
3850
4138
3682
4306
7988
4262
3726
7988
7988
7988
7988
7988
7988
7988
7988
4811
3177
5335
2653
4418
3570
4222
3766
7988
7988
7988
2890
5098
7988
7988
7988
7988
7988
5913
2075
3720
4268
7988
7988
7988
7988
4554
3434
7988
4589
3399
3249
4739
7988
4001
3987
7988
7988
7988
5595
2392
1
7988
7988
7988
7988
7988
7988
7988
4129
3859
7988
7988
7988
7988
7988
4399
3589
7988
7988
4839
3149
7988
7988
7987
1
7988
3053
4935
7988
7988
7988
3963
4025
4419
3569
4608
3380
3904
4084
7988
4947
3041
7988
4122
3866
7988
7988
5184
2804
7988
3702
4286
5815
2173
4004
3984
7988
4633
3355
4566
3422
7988
7988
7988
7988
7988
7988
7988
7988
4191
3797
4129
3859
4057
3931
7988
7988
7988
7988
4013
3975
4140
3848
7988
7987
1
7988
7988
4181
3807
7988
4313
3675
4924
3064
7988
7988
7988
3221
4767
4488
3500
4903
3085
7988
7988
7988
7988
7988
7988
4776
3212
7988
4618
3370
7988
5782
2206
7988
3730
4258
7988
7988
3123
4865
7988
5907
2081
3459
4528
1
5145
2843
7988
5027
2961
5171
2817
4859
3129
7988
7988
7988
4146
3842
7988
7988
4939
3049
7988
7988
7988
4335
3653
7988
4357
3631
7988
4863
3125
7988
4025
3963
5142
2846
7988
7988
7988
7988
7988
7988
7988
3883
4105
5027
2961
7988
7988
7988
7988
7988
4475
3513
7988
5217
2771
7988
7988
7987
1
3855
4133
7988
7988
7988
3873
4115
4906
3082
5366
2622
7988
7988
3844
4144
3991
3997
4468
3520
7988
3797
4191
7988
4464
3524
7988
7988
7988
7988
7988
7988
7988
4209
3779
3216
4772
7988
7988
3692
4296
4051
3937
7988
4106
3880
2
7988
2905
5083
7988
7988
7988
4222
3766
4508
3480
7988
3308
4680
5650
2338
3526
4462
7988
4457
3531
7988
7988
3442
4546
3887
4101
7988
3024
4964
7988
7987
1
4612
3376
7988
3045
4943
3760
4228
7988
7988
7988
7988
7988
4757
3231
7988
3162
4826
2823
5165
3988
4000
4085
3903
3619
4369
7988
7988
7988
4845
3143
7988
7988
3559
4429
4993
2993
2
3846
4142
3759
4229
5061
2927
7988
4644
3344
4370
3618
4072
3916
2782
5206
7988
7988
4368
3620
7988
7988
4554
3434
7988
7988
7988
7988
2618
3708
1662
7988
7988
2667
5321
7988
7988
4367
3621
4101
3884
1
2
3543
4445
4078
3910
3811
4177
7988
7988
3970
4018
7988
7988
7988
7988
4334
3654
7988
3743
4245
7988
7988
3767
4221
7988
7988
4444
3544
7988
3843
4145
7988
7988
7988
7988
7988
7988
4986
3002
7988
7988
5127
2861
4156
3832
7988
7988
5466
2522
7987
1
7988
7988
7987
1
7988
7988
3610
4378
7988
7986
2
7988
4085
3903
5435
2553
4465
3523
5228
2760
5226
2762
7988
4037
3951
2525
5463
7988
7988
3684
4304
7988
7988
7988
4201
3787
4390
3598
7988
7988
7988
7988
7988
4354
3634
7988
7988
7988
7988
7988
4378
3610
7988
3623
4365
3702
4286
4216
3772
4463
3525
7988
7988
3018
4970
4808
3180
3818
4170
7988
3341
4647
5034
2954
7988
7988
7988
4912
3076
4030
3958
7988
7988
7988
7988
7988
3820
4168
7988
3346
4642
7988
7988
7988
7987
1
7988
7988
3672
4316
3884
4104
7988
7988
7988
7988
7988
7988
7988
4400
3588
5003
2985
3786
4202
7988
7988
7988
7988
4525
3463
7988
7988
4045
3943
3571
4417
7988
4252
3736
4362
3626
7988
3635
4353
3313
4675
4495
3493
7988
7988
3775
4213
