98
1596
2197
81
87
29
495
14
45
1
4
55
85
10
12
2
1
3
2
1
2
1
1
1
927
941
1241
520
331
156
15
267
33
12
2
27
1
4
2
1
1
1
1
1
2486
1037
1
1
4
3
2
6
1
1
2
2
1
1
923
1011
8
28
44
4
20
2
2
7
4
2
1
1
1
1
1943
1583
1242
151
390
84
2
1
2
2
1
2
1
1
1
1
3036
316
21
60
1
3
8
2
1
1
1
1
2190
78
5
59
10
1
2
4
16
3
6
2
2
1
1
250
387
1303
216
100
5
2
8
1
2
2
2
1
1
1
1
2
1
1
569
1747
37
1230
1283
113
451
6
12
33
4
4
2
2
4
1
2
1
1951
540
1189
84
279
11
5
79
7
48
88
6
1
6
3
2
5
3
9
4
5
2
1
2
2
2
1
2
1638
451
226
4
15
13
1
2
23
11
2
23
1
4
4
1
2
1
1
481
1418
156
2
21
15
7
4
1
1
1
1843
15
126
59
25
31
20
13
3
18
1
7
1
1
1
1
1
4
1
1449
1634
555
9
16
10
5
1
2
1
2
4
1
3
2
1
1
1
1543
331
192
40
161
2
12
1
6
5
2
1
2
6
1
2
5
2
1
2209
1081
1147
53
46
3
27
3
1
1
1
2
2
1
2
1
1
1
1717
127
1539
87
11
3
3
2
1
1
1
1
1800
1850
181
10
8
9
2
1
1
1
1
1
1
1
1
1530
532
1701
412
4
9
4
1
7
1
1
7
1
2
1
1
955
1959
1767
125
50
88
50
18
5
9
5
1
3
1
1
2
1
2
1
2902
4
158
43
153
186
82
5
7
6
8
3
1
3
1
1
3429
195
13
7
1
5
1
1
2
1
1
1756
1989
1399
98
58
1
1
1
2
3
1
1
1
2
1
1
1097
710
10
673
26
9
10
15
5
1
1
1
3
2
1
1
1
1
1
1420
1824
6
191
38
11
12
91
6
7
2
1
1
1
566
108
881
1406
214
26
53
2
3
7
3
3
2
2
1
1
45
9
4
30
3
3
2
12
11
2
1
1
1
2
1
1
1
1
1
1
1
1668
1074
89
339
21
11
42
1
3
1
14
2
3
1
1
1
1
2
1251
53
3
4
12
14
133
2
2
4
1
2
1628
736
2172
64
50
1
5
55
9
6
2
1
1
2
1
2
2
1
1514
623
1091
1050
210
2
1
8
1
13
1
3
2584
661
359
30
1
27
8
4
22
1
7
6
10
2
4
2
1
1
1
1466
1532
424
1
41
7
17
2
17
7
1
6
5
1
1
1
1
37
1896
108
4
16
4
1
4
1
1
9
1
1
1
3
1
1
3
395
10
69
35
1
8
1
3
1
2
1
1
3
286
208
20
14
2
1
1
1
2
4
4
5
1
1
1
1
1651
11
62
121
171
1374
39
198
115
27
45
11
6
2
1
3
1
2
3
1
583
1144
1252
118
11
174
3
6
19
16
3
1
2
3
1
2
1918
45
231
954
127
52
5
3
1
22
1
1
1
1
1
1
1
2
1
2
964
172
737
1139
91
130
129
23
24
3
10
4
3
1
1
1434
350
2443
35
12
2
5
2
18
10
3
1
9
3
2
1
1
1
2
2
1
1916
2014
1064
48
6
21
37
12
4
1
3
1
1
1
1
1342
635
20
57
2
13
5
3
1
12
4
2
2
2
1086
278
158
186
25
2
1
1
22
2
3
2
2
1
3
1
1
1
1
1653
243
1401
286
1414
262
65
111
98
1
20
5
1
5
2
1
2
1
2
1
1
1
1
3399
384
1
3
2
1
2
1
1
2
1
2
5
1
1
3198
239
55
147
29
4
2
4
1
38
13
7
6
1
6
2
2
2
1
1634
1828
1577
100
109
26
57
1
1
5
2
1
6
4
1
4
4
1
2
1
1
1336
1583
60
182
155
69
40
49
92
2
2
4
1828
12
76
2
14
2
10
19
13
2
1
2
1
1
1
1203
2042
60
71
6
18
14
1
10
2
7
1
1
6
1
2
1
2
1
4
1
1
1882
384
961
3
211
1
52
2
33
9
2
2
1
1
1
1
3
2
1750
1744
1347
51
28
42
29
3
2
1
1
1
3
417
65
541
880
167
90
1056
1178
62
56
20
7
1
19
7
4
1
1
1
1
2
1
1
1
1
2
2001
1100
677
926
9
35
16
27
4
5
7
6
1
1
1
2
2
1
1
1
2
1534
455
1432
89
333
9
5
2
1
1
4
2
2
2
2
1
2
2
1
1
2
1903
1890
22
72
42
36
21
63
1
1
1
1384
1221
1293
430
743
2
3
5
10
8
5
9
1
1
1
1
1301
69
59
14
11
7
28
3
13
10
8
1
1
1
344
154
1285
973
180
431
34
14
22
14
7
2
1
1
1
1
6
10
1
1
2
350
1131
621
323
121
92
18
8
4
1
1
1
1
1
1713
1557
246
1411
58
34
17
61
10
15
4
1
7
9
6
1
1
3
6
3
1
1
2311
1294
182
87
8
3
3
2
2
34
10
1
2
3
1
2
1
1
1
602
1652
1811
389
779
133
18
2
7
1
14
12
15
3
2
1
1
1
1
3319
390
7
29
20
10
4
7
33
8
3
3
1
3
2
2
1
2
996
1897
14
639
47
186
20
103
85
2
10
1
3
9
10
1
1
2129
122
1303
82
1
36
12
117
44
12
7
37
3
4
12
71
2
3
1
6
8
2
1
1
1
1
1
35
1960
1276
19
217
675
367
356
222
12
52
9
73
10
4
7
8
3
6
2
1
1
2
1
1
1
1
1
1441
661
1527
1573
41
7
10
3
2
4
3
5
2
7
4
1
1
2
1
1
1
2288
1736
56
3
17
74
18
1
46
5
1
4
4
3
12
2
1
1
1
1
1
189
1356
465
36
291
115
116
16
3
8
7
3
3
4
1
2260
1183
167
11
82
185
7
6
1
5
1
1
5
2
2
1402
268
1740
545
279
28
1
20
2
41
4
15
6
13
3
14
1
1
1
1
2
1
1
2
1
1
191
1294
35
9
93
3
6
9
4
2
1
2
1
1
1
1
1
1297
329
1264
4
319
162
1
7
3
10
1
1
3
1
1
2
1
2
1
1
3
122
1865
1640
1206
164
31
26
76
2
15
5
2
2
2
15
3
4
1
1
1
1
1
1186
104
132
310
2
1
67
89
7
3
1
2
6
5
2
3
1
1539
1741
1811
216
10
12
62
3
33
1
3
2
1
1
3
5
3
4
1
1
2033
1476
67
11
3
8
1
2
1
2
1
1
1
2
16
2
9
22
7
2
1
1
1
2167
167
177
12
2
1
7
1
2
1
1
1422
671
1463
225
8
47
1
87
15
26
3
5
6
2
3
1
7
1
1
1
1
1
1
3274
75
1
59
11
3
2
1
2
7
1
1
4
1
1
2
1
1
1
1847
14
12
1
1
10
3
1
2
5
3
2
1
1
1
1
2337
1418
361
128
47
46
204
7
5
20
1
19
3
4
2
4
1
1
1
1
1
1919
2168
17
147
55
9
10
5
4
2
3
1
1
2
2
1
1054
1473
1914
230
3
45
51
40
58
88
46
3
31
16
2
1
9
1
2
4
2
2
1
1
1499
414
4
21
54
18
35
5
12
24
4
15
18
2
1
7
1
1
1
2
1
1
1
1367
2189
1350
77
30
15
2
13
4
2
3
9
1
1
5
1
1
1
1
2069
45
1434
72
35
5
12
7
11
1
6
5
2
1
4
3
1
1
2
1
2
1094
364
38
454
763
12
15
61
160
3
11
8
28
13
1
2
5
4
1
4
2
1
1
1
1
2
349
26
60
1
19
1
8
1
1
265
1661
1773
95
311
99
68
4
3
8
6
9
2
1
1
2
1
2
1
1
1
1
1
1
1361
1698
189
29
64
7
22
1
2
1
1
887
832
297
1360
1042
164
559
434
180
2
49
34
2
1
2
16
2
2
3
8
3
1
6
1
2
1
1
2002
2071
23
233
53
109
22
1
13
3
1
1
1
1
2
1
2007
1217
643
25
93
5
25
15
11
1
8
9
3
1
1
1
1
1
1
3337
5
98
5
37
132
2
8
15
5
1
1
2
8
67
1869
399
9
33
52
4
32
1
15
12
8
7
20
1
4
2
1
1
255
990
1435
364
145
41
387
34
4
36
8
9
1
4
3
7
2
3
2
4
4
1
1
1
303
122
36
62
3
44
44
80
4
29
4
1
1
3
1
2
1
1
1
2
2
1255
498
1324
760
520
243
258
65
13
1
2
2
3
4
1
4
1
3
1
2
1
1
3
1
1
1678
1468
440
48
11
19
12
2
1
7
2
5
1
1
1
1157
1112
1200
35
931
395
42
36
162
14
2
22
19
1
6
1
2
1
1
1
1993
316
1190
23
1244
263
90
19
2
1
2
4
1
2659
6
66
18
5
2
1
2
1
1
2
1
5
2
5
1
1
1
1
1
1
1729
293
11
138
10
1
46
4
2
2
1
4
1
2064
2076
68
338
55
3
36
3
4
7
1
2
12
1
2
1
1
1
1539
855
1264
1378
111
40
8
51
30
12
12
5
10
2
1
2
1
1
207
1504
1231
1001
853
233
143
139
36
90
16
32
3
86
4
7
4
6
4
1
1
1
1
1
2
1
1
1
190
4
24
10
1
1
1
4
8
1
1
1
1
1
1
1116
1752
32
261
265
72
89
15
24
11
3
6
4
1
1
3
1
3
1
5
1
576
1460
991
1485
359
11
17
26
4
15
7
6
1
1
1
1
1
1
18
9
11
6
2
1
1
1
2103
745
1310
47
24
8
10
4
7
1
1
2
1
1
1
1
1642
1558
339
5
1
1
1
1
1
1
3
2
1
2
1
1
1
1673
1190
171
108
27
2
14
1
7
2
1
9
4
12
3
1
2
1
2
2
1802
65
46
103
67
4
22
4
2
1
1
6
3
2
698
1255
237
13
14
3
3
1
1
1
1426
1211
1512
73
1
9
55
74
8
5
7
5
20
1
7
4
1
2
3
4
1
3
1
1
3115
418
2
23
21
56
2
1
3
9
5
1
4
1
1
8
1
4
1
1
1
3
1
1147
1595
1998
3
30
175
22
4
1
5
2
1
1
1
1
42
184
2033
846
296
22
1
59
4
1
2
14
1
1
8
2
1
1
1
1
37
6
20
2
33
9
3
4
2
22
1
2
1
463
898
81
191
76
72
23
201
6
51
6
17
2
3
15
2
2
1
1
2
3
5
1
1
1
1822
315
667
434
50
106
1
31
14
9
2
2
1
1
1
1
1
1
1
1
1611
72
44
1
3
1
8
14
10
4
1
2
2
1
968
164
238
16
44
117
8
19
17
8
35
10
24
7
5
1
1
1
2
1
2
1
1
2267
1175
418
195
38
4
25
2
20
1
1
157
1358
151
140
20
33
8
18
52
8
2
3
5
1
4
7
2
1
1
2283
1997
21
175
18
3
3
1
1
5
1
3
3
1
3
6
2
3002
133
46
19
1
2
2
1
7
26
1
2
1
1
1
1
1
1
1
540
1432
7
17
1
1
2
2
6
4
2
1
1
2068
1083
294
204
5
13
1
4
16
5
4
1
5
1
1
4
1
2
1
1558
1358
318
510
97
55
4
48
11
1
2
3
1
7
1
1
1
2
2
1618
63
46
16
15
8
1
22
1
1848
157
1238
932
823
55
28
49
4
42
30
2
2
6
1
1
1
2
1
1
1
1
1
1
865
68
312
883
8
2
5
1
5
8
1
3
1
2
1
1
1
2
1
1
82
221
33
41
1
2
5
3
20
2
1
2
2
1
1
1
442
1
31
16
14
3
1
4
2
2
3
2
2
2
1
1
1
1113
1846
409
19
3
45
18
26
12
15
9
1
5
1
2
1
4
1
2
1
1
1
2248
32
1036
1
2
105
35
258
108
14
17
12
3
1
3
1
1
1
1
2217
2048
77
11
79
19
5
21
1
3
1
3
3
6
1
12
1
1
1
2
2
1
1595
301
95
4
1
1
2
2
2
3
5
2
1
4
1
1
1
1
1
3627
34
7
3
24
2
1
2
4
3208
419
5
3
49
150
2
40
2
60
6
11
3
4
1
2
1
2
2
1
1
1
102
74
1070
1
237
25
70
90
15
1
4
2
4
1
2
2
3
1
1
1
1
123
33
65
94
7
1
2
9
29
4
2
1
1
3
3
4
1
2
1920
2038
78
101
22
3
16
18
34
11
3
10
5
2
3
2
4
2
2
1
1
1
1
100
565
2
31
17
1
3
10
3
2
1
2
1
1
2
2132
2426
128
33
4
22
4
47
6
9
7
2
1
3
2
3
1
2
1735
1644
1700
1
132
4
3
10
3
4
1
1
1
1
1
1821
1365
89
2
62
7
25
50
3
5
14
6
8
1
7
2
1
1
1
2
2347
49
720
396
12
82
93
1
3
1
8
7
1
2
1
1
1
1
1
1733
1766
795
782
53
14
26
73
21
12
13
4
3
4
1
1
1
1460
306
78
4
34
1
3
2
1
1
1192
2319
2
2
74
7
6
5
1
1
5
2
4
3
1
2
1
3
1
1
2
1
2548
304
6
63
24
79
48
13
49
5
1
3
1
1892
1292
564
3
30
93
61
17
25
32
104
11
7
11
2
2
6
1
2
1
1
1
1
1252
1819
1560
110
7
81
190
6
39
32
9
2
10
2
11
1
1952
96
48
31
67
38
94
8
32
21
8
10
2
4
1
5
2
3
1
1
1
1
1
103
54
1
79
3
14
8
4
8
1
1
1
2
8
35
39
10
1
25
13
2
1
2
1
2
2
4
1
3
1
2
1
1
1
70
68
17
17
47
3
2
1
11
5
1
21
1
1
2
21
2
1
1
1
1
1
1
1
1
1
1555
1920
106
79
78
16
12
8
4
11
5
1
1
2
1
3
3
1
15
28
9
6
3
2
2
5
2
2
1
1432
410
1086
150
38
66
10
3
3
6
4
8
3
26
5
3
1
2
1
3
2
2
1
858
1831
911
99
801
36
337
124
4
35
22
3
1
2
3
1
1
1782
1940
16
330
226
12
17
73
41
46
1
3
1
2
5
11
2
1
1
2
2034
157
473
17
51
28
1
29
15
2
1
2
1
1
1
1
1
1
1
1
600
1114
248
1562
1236
124
14
2
1
1
3
2
1
3
7
3
3
1
1
2
1
8
1
25
3
1
1
1
1
1198
2037
104
130
1247
234
25
196
1
55
5
7
4
5
2
3
2
1
1
3
1
1
1
1
1
912
1289
1443
654
46
41
58
15
1
3
18
4
12
4
2
8
3
7
5
1
1
768
914
1683
428
2
124
77
7
8
3
13
61
46
5
2
4
3
2
8
2
4
4
1
1
2068
1145
594
10
80
5
4
11
15
18
7
3
8
4
4
15
1
1
1
1
1395
1536
67
93
2
44
23
3
1
1
1
7
1
5
1
2
1
1665
12
1721
34
1708
160
16
30
29
6
1
7
1
4
15
2
4
1
2
1
3
1
2
1
1
1
1
1
1508
18
16
7
25
2
3
1
10
5
3
1
2
2
1
1
1
1
1
1
1560
621
139
4
88
13
33
1
30
12
27
9
3
1
5
1
3
3
1
1
169
1209
994
86
22
43
8
10
5
1
4
1
1
2
1
1
2
1
2183
1576
935
54
167
5
7
8
1
3
9
5
1
12
2
1
1
1
1
1381
1167
525
203
101
1
7
1
7
6
9
1
1
1
1
1
4
1
2
1
1
2
6
1
1
1781
1349
1152
833
30
78
163
4
6
2
1
1
1
1346
74
1
7
46
5
52
7
5
1
1
1
1
1
1
1
2046
1459
138
2
90
74
7
20
25
1
3
4
1
1
3
1
1
668
992
2142
32
30
53
78
78
82
3
18
10
10
4
1
4
2
6
1
1
1
2
1
1
1
1566
405
418
115
19
2
13
17
35
1
1
7
1
3
2
2
1
1
1
1
2
1
2537
1307
12
59
1
19
1
1
3
8
2
1
4
1
1
1925
1324
1333
123
183
1
184
50
7
12
3
1
2
2
1
1
1
1589
5
1117
1500
158
2
3
3
10
2
1
6
6
3
2
9
3
2
3
3
1
1
2
2
1
1
1594
1820
1246
516
87
22
6
3
1
4
1
6
1
1
1
1
1504
1291
553
302
7
6
110
37
111
36
6
2
29
2
1
3
1
8
3
1
1
2
1
1
78
13
16
3
2
4
4
1
1
1
62
1596
463
46
10
84
11
9
1
5
5
9
2
2
1
4
1
1
3
1
2
1293
1596
723
12
19
13
1
38
1
4
1
1
2
1
1761
230
2116
6
155
19
11
34
8
1
1
4
6
1
1
1
1
1373
1639
621
1288
241
33
2
12
6
33
2
10
11
2
1
1
3
1
1193
967
1526
1660
35
18
12
1
5
2
2
3
1
2
1
1
1
1
2
1
3
1
1
1
17
30
1
1
1
2
16
1
1
2
3
1
1
1
1
1
33
132
2
3
3
4
3
1
2
1
1
4
1
1180
1625
169
473
183
7
159
11
1
4
1
13
6
1
1784
622
1042
725
1070
23
151
7
4
3
1
10
3
1
1
1
1
1
1
1
153
18
12
5
20
2
5
6
1
5
2
1
1550
2130
118
24
10
188
5
17
5
3
4
4
1
2
4
2
2
1
1
1577
3
1244
531
234
196
4
30
25
5
24
17
7
6
3
1
1
3
2
3
2
1
1
1
1743
1699
1492
250
3
6
7
15
1
6
1
1
1
1
1
2
1
1
1
1
1
1493
1419
102
1345
997
142
137
2
5
4
4
1
1
2
1
1
1
2665
1264
345
17
5
6
1
1
1532
2190
227
25
50
13
10
2
3
4
1
3
2
2
1
1
1131
489
845
152
587
52
28
32
33
11
53
1
13
39
1
1
4
2
4
13
4
3
2
1
1
2
1
1
1
970
997
720
416
142
43
2
13
2
3
3
1
11
15
2
8
2
1
2
3
2
1
1
1
1
1
3189
256
414
5
59
65
8
1
3
2
3
2
1
1
1
1
1
1
1
1
1608
1768
42
3
17
35
8
2
3
1
7
3
1
2
1295
191
350
1387
1238
296
53
111
28
9
1
3
11
3
5
4
2
2
1
2
676
1843
138
841
7
14
3
2
22
4
2
2
1
1
2
1
1
1033
1432
335
11
1835
447
77
3
75
74
14
5
28
3
6
34
1
1
1
2
2
1
1
1
700
1177
2345
29
50
83
10
35
5
15
2
1
1
4
1
2
1
804
735
564
2239
34
78
33
7
3
3
1
1
1343
1116
139
778
215
1119
45
35
21
16
30
5
1
4
1
1
1
1
1
1
2
3
1
1109
1735
1607
171
23
5
9
15
7
1
1
6
1
1
2
3
1
1810
1847
1549
134
22
8
66
1
1
3
8
2
3
2
1
1
1130
934
698
670
212
227
182
334
450
101
6
3
1
4
4
1
1
1
1
1603
2071
1179
17
150
10
11
30
5
18
17
3
3
3
1
2
1
1
1
1
1
240
965
442
561
1459
152
22
18
5
3
2
1
1
2127
113
1596
47
261
77
107
44
14
4
24
1
3
4
6
4
1
2
1
2
1
2
1712
1468
479
1102
467
156
69
1
3
1
23
1
1
361
1637
211
129
247
38
16
9
6
28
5
1
1
1
2
12
1
1
78
3038
124
354
126
30
83
3
18
4
3
2
5
1
1
1
1
2910
256
32
35
55
224
8
13
1
4
7
5
15
4
4
1
1
1
6
1
1
1
1
1
1
1
53
4
26
26
16
8
1
1
1
1393
869
73
5
1
4
5
1
1
2
1
3
1864
1324
1696
71
286
6
3
5
6
44
3
9
7
2
4
1
1
2
1
1
1
1
64
3
47
70
2
53
4
7
1
3
6
2
3
2
1
1
1
1754
127
63
1184
411
86
7
10
1
1
1
1
2
450
1832
1477
1129
2
15
4
2
2
2
651
1284
2048
44
7
18
41
3
33
1
39
1
3
2
2
1
2
4
1
1333
2134
83
2
7
13
2
1
3
7
3
1
2
2
1
1
1
1
1316
1706
1277
160
86
334
17
44
1
2
6
9
16
3
1
1
3
2
1
3
2
1
1
60
276
16
1392
72
853
1892
514
105
185
10
59
2
1
2
1
1
5
2
2
1
1
1567
454
1509
11
1063
61
179
4
16
1
22
1
7
1
1
1
3
1
1
1853
390
74
15
15
3
6
2
7
3
1
1
1
5
6
1
1101
2055
513
51
1019
118
101
37
2
10
28
21
1
1
3314
218
93
27
15
9
8
31
18
8
1
9
1
1
1
1
2
1
1
1
1850
10
5
1
36
2
10
4
1
1
17
1
2
2165
790
1439
449
5
160
10
9
64
17
1
4
8
3
2
2
2
1
2
1
3359
117
66
25
47
7
1
1
1
2557
57
104
4
54
46
95
34
2
13
12
6
2
8
1
2
4
5
1
2
2
3
1
1
1981
1426
181
12
1
9
8
8
1
1
3
1
2
251
1794
2024
97
110
3
4
20
2
12
5
3
1
1776
1330
1863
216
4
42
5
4
1
2
11
1
1
1
2
1
6
3
1
2
1
1
1542
2039
110
119
190
2
1
1
2
5
5
1
1
1
7
1378
1205
1487
127
121
604
149
164
36
97
9
9
5
3
29
10
5
2
1
1
1717
142
1320
132
18
1
12
1
5
1
3
2
2
1
1
2
1
1567
1487
68
185
337
1384
56
22
34
9
4
15
2
3
6
10
2
1
2
1
298
53
9
21
1
7
7
3
2
2
1
1528
21
85
86
86
23
36
7
1
2
6
17
1
1
3
1
2
2
3
1
1
1
1149
294
2
17
9
32
2
3
9
3
1
2
1
2
5
438
1431
1363
907
4
522
96
42
1
1
1
8
7
3
8
2
2
1
1
1
1
1
2066
8
64
19
34
42
19
30
22
24
7
4
3
2
4
1
1681
1545
3
229
91
2
11
5
6
1
2
2
3
1
2
2
1
2182
153
1473
81
36
6
3
1
1
1
1
4
9
1
2
35
1
5
9
1
1
2
1
211
2065
1005
1584
1
105
3
21
5
1
11
1
7
1
11
1
2
3
1
1
301
426
35
6
2
3
1
6
1
2
4
1
1693
1
86
113
50
191
9
1
2
12
2
3
7
1
2
2
2
1
2
1
97
243
23
1
8
2
2
1
1
2
3
2
1
1162
831
439
355
43
1
3
1
12
19
1
5
1
9
12
3
2
1
2
1
4
1
1
1
1
1
1
1420
42
52
5
13
69
22
16
9
3
41
4
3
1
5
1
5
3
1
3
1
1829
932
601
81
1049
12
20
8
15
3
2
8
4
18
4
5
1
2
3
1
1
1
1
1
1
91
34
1
100
4
7
5
4
4
2
1
3
1
428
93
14
53
2
35
1
9
1
7
3
1
1
1
2
1
1
1
1
3565
58
4
3
3
30
2
1
1
1
1
1920
64
32
28
2
1
2
1
1
1
1
2
1
1
1
1
2055
2281
105
7
62
1
112
68
2
4
1
2
1
1
1247
66
437
228
2
3
11
3
2
2
2
2
8
3
2
1
2
1
2
1
1773
520
1610
61
181
184
13
6
1
1
1
2
2
1
2
2
3
1
1
3
2
1
1
1
1
1605
1243
642
1598
71
30
9
24
9
7
11
2
1
2
3
3
11
2
1
5
1
1
2092
1486
188
47
110
76
94
11
3
1
2
122
1808
1450
17
10
7
1
4
8
1
1
1
1
2
1
1
408
2197
14
49
59
48
17
12
1
4
13
2
2
4
1
1
241
3
414
7
35
10
2
4
1
2
4
2
6
5
3
3
1
247
1414
1455
48
259
287
86
336
3
40
43
3
11
2
5
8
4
5
9
1
2
4
1
1
1
3
1
1
1582
591
17
2
3
9
21
5
2
19
2
1
2
2
3
1
3
3
1
1246
579
1815
63
97
214
42
51
1
1
1
16
23
3
10
1
5
1
1
4
1
1
1
1
1311
48
173
1781
168
541
1089
45
36
77
38
10
26
60
4
1
1
1
1
5
1
3
1
1
1
1
1794
434
3
26
9
15
5
17
7
2
1
4
1
1
1
1
1
1559
2479
3
85
35
12
59
34
20
4
2
9
1
2
1
1
1
1
1
1
2
1
3240
323
269
22
14
3
2
1
3
6
6
4
1
1
1
1
79
10
59
7
59
2
2
17
6
3
1
3
1
2
1
3158
13
10
3
51
13
16
4
1
10
1
1
3
1
1
1
160
2205
1561
182
241
13
4
6
4
1
17
13
5
15
9
3
2
1
1
1
8
1
2
1
1
1
1
398
1267
1570
15
4
17
6
7
7
6
7
5
1
1
1
1
5
1
2
2
1
1733
1730
153
1
16
8
13
1
4
6
4
1
1
1
4
1
1
1
155
405
62
127
16
14
100
34
3
10
11
1
2
3
1
1
1
1
1454
1860
53
27
4
3
15
1
5
1
4
1
1
1
2
1
489
56
20
29
8
4
23
2
2
2
19
10
5
14
4
3
1
1
1
731
193
10
40
2
3
5
12
7
1
2
2
1
1
1
1
1
1715
25
7
5
1
1
1
1
1771
921
111
712
1021
139
31
19
10
1
4
7
2
1
2
1
1
1
1
2006
1614
1204
8
102
290
2
8
6
1
2
1
2
2
3
6
1
1
1
1
2
1
1
2
1
1
445
3247
198
3
32
1
2
2
3
3
5
1
2
1
1
1
1812
1340
1517
249
203
3
6
16
8
14
16
1
2
1
1
2
1
1264
1237
1122
1308
55
72
12
58
4
3
2
3
19
1
323
2262
787
125
144
41
52
7
22
2
6
9
5
3
1
2
1
1
11
1
2
1
1607
160
598
1209
407
5
87
137
3
1
6
6
2
1
1
2
3
5
1
3
1
1
1
2298
505
1565
185
3
9
3
4
2
1
1
1
2
1
1
1
1550
818
510
762
63
1
22
16
9
6
7
12
1
2
3
1
1
162
68
32
5
19
7
2
1
3
1
1
1
1
14
1
27
1
11
1
1
1
1
1
1
1
1409
1832
461
19
77
614
1
4
1
6
1
1
2
1
1
1
2
1
1
6
28
9
2
2
8
17
13
5
1
1
2
1945
1900
23
50
22
27
38
3
3
1
1
1
1
1
1
1
1825
366
1836
237
12
5
7
11
3
1
1
3
1
1
1
1
1
1548
1167
1903
169
171
7
2
37
6
4
5
15
1
7
3
2
12
2
1
2
1
2
1
1
1
1
1
1
1926
8
7
3
2
2
1
3
2
2
1
1
1975
316
498
32
81
9
15
1
11
4
4
2
2
2
1
2
1
3
1
2034
2294
225
26
90
43
63
9
2
6
11
29
6
1
1
1
3
74
1518
9
18
24
2
1
17
7
2
1
1
2
1
1
1
1635
717
5
25
15
1
6
14
1
3
1
4
1
2
1
1
1
1393
6
14
1
5
3
8
5
3
1
1
2
1621
817
1600
315
347
12
48
29
65
28
16
15
1
20
1
5
4
1
1
1
3
1
1432
1579
1734
531
9
69
60
22
9
5
7
4
4
2
5
1
2
3
1
2
8
1
1
1611
1445
221
5
50
46
6
1
12
10
2
1
1
1
1
5
1
1
2929
266
37
2
29
135
1
3
1
5
3
7
2
1
2
2
2
1
1
1
1
599
68
22
61
25
2
3
3
2
2
1
2
442
1817
111
1185
107
395
1144
169
38
9
26
5
1
11
2
1
2
1
2
1
149
1927
211
11
315
112
2
2
1
3
5
1
839
1808
819
1240
617
12
57
25
15
1
1
1
1939
45
2
1
5
17
22
1
2
4
2
1
3
3
1
1
1674
1267
186
419
135
132
33
37
15
1
1
1
4
4
1
1
9
2
6
4
1
1
1
1
1
1
1
2164
336
16
30
15
28
13
14
1
2
2
486
1
4
1
1
5
3
1
1
77
155
53
11
71
1
72
5
27
28
1
1
1
1
2
1
292
20
5
8
78
3
6
2
1
1
5
1
3
2
1
1
2488
915
166
3
58
2
2
5
2
5
3
2
1
1
2
1
1
1
1310
1510
990
89
497
62
1
19
8
37
1
10
1
1
1
1
3232
90
177
1
6
1
7
2
2
5
1
3
1
3
1
1
1
103
2063
102
1723
24
130
22
9
2
1
3
2
3
37
75
16
1
1
4
1
1
2
1617
1287
318
716
376
1053
9
4
27
7
1
32
11
1
1759
174
877
1290
38
89
75
47
217
4
6
5
16
2
2
1
2
1
1
1
166
1790
1
125
3
16
13
6
8
5
2
4
3
8
1
1
133
1064
1193
1262
1095
341
257
36
195
6
10
1
1
1
1
5
7
2
1
1
2
1
2
1
1
1
1970
729
8
211
280
63
67
641
495
52
3
18
67
1
1
1
3
2
1
2
2
1748
1527
1689
37
5
2
3
14
1
1
1
8
1
1
1
1
1
1
1735
1778
100
563
22
1
3
5
11
1
3
1
6
1
1
2
3
2078
1451
1
24
222
44
4
8
1
26
9
6
1
10
4
4
3
3
1
6
1
1
1
1
212
303
10
1
11
1
2
1
1
2301
1482
557
1
29
4
1
3
1
75
340
39
45
10
1
1
2
3
2
3
1
2255
29
29
7
56
1
2
7
3
1
1
1
1
353
427
15
182
69
6
82
27
20
9
8
4
2
2
4
14
2
23
2
5
1
5
7
2
2
1
1
3
1704
749
1215
1395
152
150
3
38
3
51
43
39
11
18
2
5
4
2
1
1961
297
16
4
14
44
8
1
2
2
2
4
1
1
357
378
2957
87
8
40
79
16
129
4
4
1
4
18
2
3
3
1
1
1
1
1736
635
1345
72
26
72
1
4
1
30
1
11
1
1
1
5
1
1
3
1
1
1
2
1306
246
135
155
104
157
3
3
12
13
1
9
1
1
1
1
1
1
47
38
3
1
27
6
2
2
1
2
1
1
1
1549
2000
111
58
54
5
3
1
1
1
1
1
1
1
1
1
1
70
129
7
2
3
2
3
1
1
1
1
1
1841
222
9
47
10
16
6
1
1
1
1
1255
305
1634
1126
109
183
4
90
33
27
1
2
1
2
3
1368
1325
2
3
839
458
136
47
3
7
5
35
7
3
11
7
2
3
1
1
1778
1271
381
1710
264
44
3
7
12
6
21
10
3
1
2
2
2
1
1
1
1
756
1477
1565
1014
272
96
28
6
3
4
2
1
2
1
1843
385
68
7
32
146
2
1
9
6
1
3
3
2
1
2
5
1
1
1
1572
2032
36
121
1
28
5
4
2
2
9
2
2
2
2
1
1
1
27
18
73
12
1
20
13
15
2
5
2
2
1
1
3
2
985
1560
1
94
64
2
2
163
6
106
1
12
27
13
6
43
1
27
2
1
1
2
3
3
1
1
1323
1673
332
232
2
1
3
17
1
2
2
1
1
1
1753
1544
18
55
8
56
18
5
2
1
2
1
4
2
2
5
3
3
1
2584
599
25
21
48
2
11
25
1
1
2
4
1
2
3031
118
252
19
13
5
44
3
1
5
1
3
2
1
2
1
1
1
1
3
2
22
3
1
1
5
1
1
1371
426
1974
207
13
1
1
4
16
1
4
11
3
2
1
1
1
1
1
1
1
2018
1482
940
452
6
1
72
7
1
3
3
2
1
1
2
1
1
1645
498
34
232
16
67
3
15
1
3
2
2
1
3
1
2365
33
1471
349
120
288
39
5
1
44
1
28
8
18
1
6
5
5
1
1
1
1
1810
67
1803
43
7
17
19
5
15
3
11
22
2
6
11
1
11
2
1
2
1
217
377
3
1426
50
1493
1181
225
38
27
137
2
53
43
71
1
1
55
12
1
4
1
1
1
1
2
2958
354
3
269
1
77
27
28
50
2
1
1
3
2
2
1
1
1163
7
16
2
9
5
1
3
1
2
2
1
1
1502
314
36
21
6
29
49
20
3
5
6
1
4
7
1
2
1
1
1642
299
1587
40
80
4
6
13
7
16
1
6
1
1
2
3
2
1
2
1
1
1
1770
366
1285
11
5
13
2
1
1
4
1
2
2
1
1
1
1
2
1
1
1
3474
38
126
7
7
2
9
1
2
1
1
1
588
1705
1800
98
97
4
1
7
1
3
1
1
1
3
1
2095
92
1
58
4
6
1
1
1
1
2
2
1
1
1
1344
496
934
203
204
109
27
18
154
34
4
9
3
1
2030
1333
64
30
160
1
3
4
11
1
1
1
3
1
2
1
1
1
1
1
2
1
1
40
174
259
98
24
2
5
9
1
6
2
1
1
1
1455
1960
628
43
67
6
25
7
11
1
1
17
1
2
2
1
2
2
3
1
2
1892
159
1840
44
159
3
5
1
18
17
10
2
6
3
1
1
1
873
129
642
1004
751
114
58
300
62
13
1
2
17
17
31
8
14
1
2
2
1
1
2
2633
81
71
419
11
6
16
1
7
2
49
11
22
1
20
12
2
3
1
1
1
1
1
1512
1435
131
900
1352
6
284
13
4
4
1
1
3
2
2
1
1
1517
1445
391
283
26
1
10
40
2
4
4
3
1
3
1
1
1629
1654
759
185
1
13
2
10
23
6
11
6
1
1
1
2
1
2436
1568
215
86
76
29
8
3
1
16
17
9
10
1
1
1
1
1
5
3099
837
104
4
26
2
9
4
5
3
1
1
1
1
1
2
1
1
138
10
2
8
54
12
3
2
2
3
3
1
1
1
3
2
1
1
1
95
1622
9
7
6
3
2
1
2
1
1
2
1
487
1551
146
76
27
3
21
19
7
2
2
2
1
1
1
2
1
4
1
1
1
1701
227
351
45
193
2
51
37
3
40
2
2
3
2
1
3159
29
5
3
2
1
1
1
1
129
10
27
2
32
25
4
5
3
2
3
337
6
903
306
1730
164
213
4
3
1
12
10
8
3
8
1
1
1
3
1
1
1690
1427
2
14
11
5
10
2
1
1
1
1
709
305
608
1923
1257
50
14
33
4
2
12
6
19
6
16
1
1
9
3
2
3
1
1
1
1
1967
3
24
1
1
2
4
1417
1482
1159
31
17
4
35
25
1
2
3
1
4
21
3
4
1
1
1
1
1
3
1578
2319
933
47
105
11
19
2
3
2
2
2
1
1
1
877
118
289
16
5
1
5
1
2
2
1
1
2
1
1
179
201
62
17
7
3
3
1
1
1
1
1
1640
282
3
1
8
3
1
9
4
3
2
1
4
1
1
128
1140
1667
14
1320
142
307
85
67
394
4
2
8
2
3
3
1
1828
1822
26
3
45
11
47
24
1
8
24
19
8
3
1
3
3
10
7
10
3
3
2
1
886
659
1692
1394
437
92
5
73
73
15
3
9
26
23
3
1
2
3
3
1
1
3
1
157
1570
61
6
1
1
2
1
2
1
2
6
1
2
654
773
802
1062
106
70
45
4
4
1
2
6
2
1
1
3
2
2
1
1
2
1
1
1
2841
608
515
117
4
17
1
1
1
5
1
1
1
1
6
2
6
5
2
1
1
1
1
3
1
2
1
1
1
1
288
36
1621
451
1224
111
34
10
29
20
16
14
29
7
3
1
2
1
1
1
68
2122
724
62
1
4
4
2
4
4
4
2
2
1
2
2
1
1
941
1002
428
18
114
66
10
3
4
3
1
2
1
1
2
1
1
1
1694
1688
139
1664
60
13
6
22
17
8
8
9
1
11
2
4
4
7
1
5
5
1
1738
88
694
59
1193
16
6
4
1
6
12
1
2
2
1
1
1
1
1402
1604
94
1097
260
207
382
11
11
51
18
2
2
11
1
1
1
2
1
1
1
1
22
82
1
56
9
1
2
3
1
2
1
1
1
1
1
14
86
18
75
88
8
11
2
20
2
5
1
1
1
2358
1962
65
25
10
3
3
2
1
1
2
2
1
1
1
2495
1777
237
23
4
7
1
16
1
5
1
2
1
3
667
1859
103
120
1
4
6
2
6
19
12
12
8
9
2
6
2
1
1
1
1
2
1
1
1
1339
1812
1203
289
220
6
268
126
38
44
2
1
2
1
10
2
1
2
9
1
2
1
1
1
1
1
1
1769
271
2
286
20
4
8
4
1
2
3
1
1
1
1
1
1
1
1658
1863
34
40
26
15
4
3
2
1
2
2
4
4
8
3
1
2
1
1
1434
83
1505
3
158
193
604
2
11
13
2
2
2
5
1
4
1
1
1
1
1360
1737
47
66
1
42
326
205
46
3
30
1
4
8
4
4
7
2
1
1
1762
1380
1536
246
297
82
23
15
16
9
4
3
2
1
5
1
2
1
1
1
78
22
132
21
10
48
8
2
6
1
1
4
4
1
1
1
1468
1675
978
15
5
8
4
2
2
3
2
1
1
1
1
242
2137
1617
36
2
5
1
3
1
1
1
2538
45
40
7
47
2
1
4
5
2
2
1
2054
1890
347
142
1
62
2
2
3
1
1
1
1
651
2184
861
346
232
17
334
13
93
89
62
2
4
1
1
1
3100
1
36
122
34
5
7
28
6
13
4
2
1
6
1
1
1
1
1
505
4
5
103
67
29
4
4
33
16
1
1
3
1
1
2181
59
13
2
11
1
1
1
1
1
2465
1384
3
1
29
3
2
1
13
2
4
1
2
537
68
2
104
12
3
6
3
7
3
5
5
1
3
3
4
1
1
2
1
1
1
2
1
1
185
14
2
5
1
7
1
1
1
370
6
1626
256
11
6
1
7
2
1
2
1
1
1
1
1
1447
1229
2047
128
8
18
10
2
8
2
2
1
2
1
1
1
3
2318
1883
5
72
44
266
14
30
2
1
3
1
706
1454
1361
422
1243
259
3
271
115
2
6
4
1
16
7
14
1
1
3
2
1
1
2
1
1
1
1040
847
944
557
543
925
18
1
68
48
44
39
4
2
2
1
1
1
1
1
1
1
1
1
1
1
1
1418
1421
43
62
41
27
2
32
38
10
2
12
4
1
1
7
2
2
5
2
1937
506
10
51
130
2
6
35
3
7
8
1
1
4
4
3
2
1
1
2033
71
66
41
31
6
4
3
2
18
2
1
1
1
1
1
1
1691
684
41
110
3
2
7
3
5
7
3
1
1
2
1
170
84
67
6
11
3
4
8
1
1
1
1
1
1
1
1
2
1
1
1779
26
7
49
9
4
2
3
1
1
2
1
1
1
1
1
1
1
343
1702
195
1487
54
253
15
10
26
17
2
4
11
3
2
1
3
1
1
1
1
1691
1288
26
1517
138
349
102
1
1
9
3
1
2
7
1
1
1
1
5
1
3
1
1491
2407
8
586
38
8
19
22
4
1
2
1
2
1
1417
1500
307
247
20
29
10
4
2
2
9
2
1
6
1
1
1
1
2
1
1
1
1
1362
63
6
80
6
1
1
11
2013
1987
3
31
10
2
4
2
1
2
1
1
1
1979
1301
24
17
83
676
20
8
2
1
6
2
1
3
1
1
1
3
1
1759
62
73
33
83
6
11
3
8
13
2
2
1
1
1
1
2385
1434
508
12
63
21
1
10
3
8
5
10
1
2
1
1
2188
5
1264
17
10
29
404
301
4
1
1
11
5
1
9
2
1
2
1
1
1
2
1
1
2
1
2
1
1
1185
976
18
102
369
87
9
9
3
1
11
7
1
6
4
2
1
4
1
3
1
2
1193
903
453
7
2
13
32
2
6
1
9
3
2
2
1
1
2
1
1829
1985
1353
5
16
28
30
53
1
1
4
1
1
2
1
1
813
443
165
2718
62
61
7
6
17
2
1
3
3
1
156
1545
314
3
25
99
5
4
1
6
8
2
3
1
3
1
1
1
123
135
10
1
7
15
21
12
11
2
10
2
1
1
3
1
1
1
1
1980
1439
490
229
21
54
46
2
17
3
7
1
1
1
1
1
1
1
1
1472
1838
168
21
101
7
13
5
15
1
3
1
1
1
2209
874
1014
195
37
3
20
3
1
3
1
2
3
1
4
1
1
1791
1156
611
1106
187
55
10
20
170
14
41
29
16
25
4
1
1
1
2
6
3
3
1
1
4
1
1
1
1
1
2139
1986
551
258
90
31
1
1
1
1
3
1
2
1
1
31
68
18
4
1
1
1
1681
542
1283
1283
10
17
11
185
4
15
3
1
1
1
1
2488
797
980
1
43
135
11
2
23
15
3
1
1
2
1
1
2
1
1
1
1
1768
1518
24
529
22
1
16
3
15
6
1
8
7
2
1
1
1
2317
476
570
8
1
9
1
1
1
499
2720
855
135
4
12
35
2
10
12
1
10
1
8
3
3
1
1
1
1
66
186
221
13
1
12
7
3
16
1
3
1
1
3
1
2
1322
63
1201
758
520
51
1
35
9
7
1
2
1
3
1
3
9
3
1
1
1
2
1
924
1973
1527
444
53
2
33
53
53
2
18
1
4
35
2
3
3
1
6
1
3
2
5
1307
1332
2041
157
30
1
4
3
13
2
1
1
5
1
2
1
2045
57
66
69
49
1
4
1
2
2
2
1
1
1
1
1
1
1374
2012
92
155
81
13
2
2
2
2
1
1
1
2
1
1209
398
121
1365
508
20
59
1
7
3
8
11
2
1
1
1
1
1
1
2
870
706
1426
687
950
440
74
9
199
258
49
2
7
7
5
5
3
1
1
1
1
1
1
1
1536
1483
17
16
111
1
102
10
31
2
6
6
1
5
1
1
1236
29
2
30
6
4
4
1
4
1
1
2
1
1
344
1443
1654
1215
662
5
316
3
6
5
2
1
1
2
1
1
1767
1435
290
1212
41
61
101
179
52
30
15
1
6
37
12
15
3
1
1
6
6
1
1
1
1
3
1799
1772
238
161
38
7
1
1
2
2
4
1
1
1
4
4
5
1
1
1
1
1
883
33
12
3
2
1
2
2
2
3
1
3
1
1
1360
45
104
1
34
1
2
1
1
1
1
1
1
1
1
1
1678
1479
283
336
58
41
13
52
5
5
1
6
2
1
1
1
3121
2
3
5
1
1
2
1
1
1
2284
240
2
1
26
14
5
4
2
1
6
1
1
1
2
3
1
1400
1525
348
519
38
235
3
9
173
12
4
5
4
15
1
1
1
1
1
2
1
1
3097
128
170
3
56
24
1
16
1
8
2
30
4
1
3
1
1
1
1765
6
87
278
5
2
9
69
4
5
2
7
9
2
4
3
1
3
1
1760
1657
28
80
1
5
6
7
11
8
1
1
3
1
1
2
1
1
2285
1382
393
69
64
6
3
149
9
13
17
3
1
1
1909
289
1284
227
45
6
12
8
4
8
6
2
5
1
2
2
2
2
2
1
1
1250
1729
92
111
28
4
15
1
2
1
1
3
2
1
1
1735
1959
8
23
13
3
13
2
12
1
1
1
1
1
1096
726
120
4
3
13
8
8
22
3
15
5
2
2
1
1
1
1
1531
252
1139
55
251
17
11
27
21
2
18
1
1
2
1
1803
1499
35
28
16
3
3
1
2
4
5
1
2
1
2
1
1
44
25
9
13
18
4
4
1
2
1
1
2
1
226
1190
8
3
8
1
5
2
2
6
3
1
1
1
1081
84
633
412
32
4
11
42
3
1
1
2
4
1
1
2
2
1
1
627
2182
122
996
193
22
22
3
2
5
2
2
1
2
1
2
1
15
1
1
7
3
1
1
1
2
1277
1754
1106
60
661
141
59
48
10
17
1
17
1
2
2
1
3
1
2
1
2
1
2
1838
47
421
77
76
61
1
2
6
7
8
1
3
9
1
3
2
1
1365
1527
10
139
36
24
58
4
1
5
1
7
3
5
4
3
1
1
2
1
1
1
3409
82
42
44
5
12
1
20
2
3
3
3
2
1
2
3
1
3
1
1
1
1679
1570
734
657
58
1
2
3
10
1
5
1
1
1
2144
229
124
21
64
14
4
1
1
1
2
1048
170
12
4
130
23
1
4
5
1
2
1
1
2
2
1
2
1
1
19
2
3
15
2
12
2
1
1
286
2040
963
1099
307
332
6
141
40
17
3
12
1
4
4
2
2
1
1
1
2219
1070
1720
17
5
23
43
9
2
4
1
1
3
1
2
1
1
3175
67
223
89
35
24
8
12
1
2
1
4
2
2
1
2
2
1
268
1191
1688
396
38
75
7
247
1
1
12
3
1
4
1
8
1
2
1
1
362
3240
15
31
330
59
2
17
3
3
1
1
829
28
38
105
3
1
1
1
1
1
1
2
645
1513
85
27
33
56
13
3
2
3
1
5
1
1
1
1440
1444
1199
345
333
51
35
11
140
52
1
9
2
1
1
1
1
1
2
1
1
1
1860
1681
52
247
29
9
2
125
24
2
6
4
1
4
4
1
1
12
1
2
1
1
1
13
90
35
2
5
1
1
3
1
1
1
957
134
185
335
39
20
1
1
2
3
1
14
1
2
2990
328
14
27
2
37
146
25
2
1
1
1
1
2
1
1
1
1
1
1762
1210
118
60
6
1
1
2
5
3
1
1
1
1
2
1
221
569
1337
513
1072
1417
417
7
1
5
1
2
3
1
1
1
1176
1686
1693
291
18
137
92
21
104
48
125
39
85
2
12
7
1
2
4
15
2
4
3
3
2
12
2318
1008
45
18
1
5
1
2
1
4
3
2
2
1
1196
1804
1785
7
32
115
36
90
114
33
251
19
5
2
2
22
1
3
1
1
3
1
1
1
3
1
1
1
518
17
2070
2080
20
20
30
5
3
34
7
4
4
1
2
4
2
3
1
3
3028
238
111
31
102
17
2
11
3
1
2
2
1
1
1861
1337
58
230
1
1
2
2
3
1
2
1
3
1
2
1
677
758
333
10
10
21
2
7
4
3
2
4
2
1
3
1
1
2
2
1
1178
1525
1037
119
8
11
9
2
20
2
5
1
2
1
1
1
1
1
1
1
2079
1634
124
113
89
122
14
9
2
5
2
4
1
1
2
1
1
2
2
1340
584
1638
303
464
344
2
80
68
7
7
4
2
3
6
4
2
3
2
1
1935
1441
462
545
7
23
8
2
15
1
1
5
5
1
2
1
1
3
1
12
1
3
2
3
7
2
2
7
7
1
1
1
1
1
1
1
2
2
2
3449
350
24
29
2
9
1
5
7
12
1
2
1
1
2
1
1
214
17
18
4
3
3
2
5
1
1
1
2770
329
21
54
63
40
15
25
7
3
2
20
3
2
1
1
1
1
1
15
2
2
1
1
1
1
1
1
1
1
1
2597
1281
164
13
8
6
5
7
5
3
2
2
1
1
2
3
3110
46
382
116
25
11
2
4
25
2
2
1
9
12
6
1
1
1
1
1
1505
2327
102
133
21
4
3
16
1
4
2
3
1
11
1038
1824
323
1122
377
179
7
8
51
8
16
2
3
7
1
2
1
1562
1654
91
4
24
8
4
6
7
3
1
1
2
4
1
3
1
1094
2108
128
511
10
50
37
2
21
18
2
5
2
1
3
1
2
1
1
3
1
1635
251
2183
54
80
1
36
8
76
1
7
17
28
6
64
3
3
23
18
1
1
2
1
2
1
1
383
19
3
6
19
3
1
2
1
1
2
1
1483
2428
880
14
36
22
17
8
1
4
4
6
2
1
1
32
48
7
11
1
1
1
1896
1341
161
316
43
2
9
1
4
1
10
14
6
2
1
13
2
1
1
1
2
1
696
330
40
27
1
4
1
2
1
1
1
1
1
1
2339
1553
102
79
7
80
3
65
1
3
25
12
5
2
8
4
7
2
4
7
1
1043
275
64
10
4
5
2
1
3
2
1
1
1
1343
1324
629
179
1162
123
70
27
109
9
1
13
3
1
9
3
2
1
1
1
2340
104
76
33
13
4
2
1
3
2
2
1
1
1
1
2
4
1
2
2172
219
144
346
997
55
22
147
1
11
1
8
5
2
2
1
1
3
1
1
3214
166
86
14
147
45
1
5
1
12
6
6
4
2
2
2
1
1265
829
954
249
104
572
167
126
10
18
22
59
2
2
3
6
2
1
2
1
1
403
21
7
8
38
185
1
35
4
4
8
3
3
1
1
1
1818
694
16
173
2
47
29
2
2
1
4
1
1
1
6
2
1
4
1
1
1461
98
49
41
139
37
33
21
3
19
15
9
1
5
1
1
1
1
1
1252
1887
211
105
114
19
36
31
7
14
5
5
4
2
2
3
1
1
1
1
1
880
643
554
30
228
125
11
54
4
5
6
14
2
1
1
2
2
1
1
1
2
1
1
1
1041
1336
906
80
7
16
2
2
1
1
5
1
83
3373
46
36
64
1
56
8
2
2
3
2
1
1544
3
102
27
2
5
12
11
1
5
1
1
1
1
1
1
2
1
127
1712
225
18
33
30
29
16
6
3
1
2
1
8
1
3
2
2
1
3
138
1931
87
97
4
15
22
1
1
1
1
1
1
2
1
2
2
2
1
1
1
1793
1642
488
7
95
352
118
17
144
2
4
6
1
2
1
1
1
21
5
49
11
11
10
17
1
1
1580
1996
11
32
59
10
37
1
1
2
1
52
9
10
2
1
1
1
1
1
470
105
1724
1433
11
28
5
10
2
2
3
1
7
1
2
3
2028
1138
72
24
77
48
84
8
76
1
6
2
9
2
4
4
7
1
2
1
1
2
1425
5
49
5
57
1
1
8
1
1
1
1
2
3
1
1
1111
36
1959
380
649
533
328
15
6
19
5
1
11
1
5
1
2
2
2
1
2
1969
1540
205
163
49
2
2
1
6
2
2
1
1240
1610
751
7
59
473
31
4
39
8
18
55
41
5
2
1
1
1
1
1
357
1036
608
857
1154
1322
12
131
30
8
13
10
1
10
14
4
1
3
7
1
1
3
1
4
1
1024
780
362
10
1
22
3
2
1
1521
1135
770
991
93
10
12
2
19
45
5
2
6
10
3
6
1
11
2
2
1
1
1885
729
1411
1276
53
34
7
31
4
2
7
10
5
2
3
1
1
2059
1319
21
15
161
1
136
122
1
8
2
3
1
4
2
6
2
4
1
1
1
60
723
1721
1137
7
13
39
20
10
1
2
8
1
3
3
1
2
1
1
3041
157
19
28
5
9
5
8
2
3
3
1
1
2
1
2204
102
98
12
102
30
21
18
1
1
7
3
1
2
1
1
1
1
1299
1049
2096
80
2
11
24
30
37
20
19
5
3
3
2
2
1
1
1
3412
2
448
5
14
1
2
4
2
4
1
1
1
1
1777
1620
104
4
405
68
60
51
3
27
1
7
9
7
1
22
1
9
1
9
1
1
1
2
1
1
1
1
1
1839
583
1346
120
104
47
4
1
1
2
1
1
1
1
1
2
443
2
38
23
27
10
5
4
17
2
2
2
3
2453
172
560
291
45
310
25
15
16
1
1
1
3
1
1
1597
48
15
2
3
1
8
4
9
1
2
1
1
1
937
1580
546
1434
144
291
393
154
54
59
17
1
16
1
1
4
2
1
1
1
1724
1494
374
1498
5
260
65
46
30
49
24
12
3
7
3
5
2
2
2
1
1965
1
2
2
3
11
6
3
4
1
1
1
2170
1144
156
73
3
40
30
7
8
7
2
6
5
2
1
1
2
1
1
2
1
1
1147
1280
312
264
190
42
477
8
97
39
58
10
3
2
1
2
1
1365
1193
1145
43
1135
355
134
38
96
4
1
35
14
1
1
2
4
6
1
1
1
1
1202
16
19
27
3
1
11
2
35
14
16
11
3
10
5
3
3
1
1
1
1860
1648
68
14
18
9
17
6
10
1
1
4
4
1
439
328
11
2
9
5
1
4
2
2
1
985
423
2
10
15
27
2
1
1
12
2
1
1
1
1
1
1403
1308
295
23
68
39
72
2
14
1
3
1
1
1
1
1
1
2
1
1466
1323
1471
93
117
330
464
17
1
23
7
16
2
3
1
3
1
3
2
1868
1708
266
416
62
8
39
5
30
14
32
3
1
1
198
1629
1343
1197
591
184
55
42
21
8
3
1
1
1
12
13
3
17
11
5
1
3
1
1
1
431
1648
1174
1756
80
11
29
205
7
4
1
1
2
1
1
3
7
2
3
1
3
1
3
1
2
1
1
1
1
1
1568
1457
159
43
66
1
25
8
1
11
3
4
1
1
1
1
1323
2054
198
4
32
18
111
15
20
36
17
4
3
3
1
3
1
1
1
1
1
1010
1170
43
467
231
605
51
18
8
2
13
19
1
2
2
4
1
3
1
1
1
1594
980
845
91
154
1308
5
4
7
1
1
3
1
1
1
162
236
1995
1004
1389
167
21
13
20
1
8
2
6
2
1
1
1
1902
209
2
5
4
1
10
1911
1489
1
4
18
1
43
2
4
1
2
1
1
1
1219
47
7
12
8
20
3
1
2
4
3
1
2
1
1789
1180
1706
410
179
1
48
40
21
2
1
16
2
1
4
6
9
2
3
2
1
1
1
1
1
2311
523
1348
56
18
64
9
2
5
1
1
6
2
1
1
2
2
1
1721
1740
3
20
9
1
1
1
3
3
10
2
1
1
1
1
1
1
1
1277
308
29
70
13
18
8
1
9
3
5
1
1
2
1
1
1
2
3
2
1
1
1
828
2176
603
448
52
451
55
398
3
4
2
5
7
3
1
1
5
1
2
1
5
2
1847
71
138
35
2
43
7
8
1
7
4
1
1
1
1
1
1
232
1676
1139
277
1
33
54
15
1
1
14
5
2
3
1
2
1
2770
1
11
1
1
2
1
1321
92
62
78
92
35
1
25
58
1
1
6
1
5
6
1
18
9
12
2
4
1
1
2
1
1
1
65
1765
1376
699
304
211
365
11
53
5
5
3
1
3
1
1
1907
1653
19
263
4
33
25
34
14
1
1
1
1
1
491
1572
1650
280
1333
39
5
14
8
7
3
2
2
1
1
1
737
31
689
123
4
16
6
25
3
1
2
2
5
12
1
2
1
1
1
1496
32
5
9
1
21
1
6
1
1
3
1
1310
1583
1358
6
606
139
9
78
6
25
40
8
1
3
2
1
1
1
1
1
1
2203
1464
13
130
72
9
13
2
1
2
3
2
1
1
1
1
8
885
543
1327
693
415
71
51
10
9
11
1
4
3
1
1
4
1
3
1
142
1
1
3
3
2
1
1
1
1
2367
36
32
86
30
92
85
2
11
1
4
5
1
2
3
2
1
1
1445
1414
210
977
5
34
10
2
1
2
1
3
1
1977
1338
21
140
1
6
3
54
9
1
5
2
1
1427
26
249
74
32
42
5
2
2
4
1
1
2
1
1
2554
517
5
1
2
9
2
2
5
5
6
2
4
1
1
2
1
2
1
2042
321
1204
497
131
58
23
1
1
12
6
1
1
1
1
3308
164
42
32
30
2
1
1
1
1
3
10
11
2
1
1
1
1525
1730
1433
3
24
58
29
4
1
1
1
1
1
1
2216
1642
38
58
7
1
21
16
7
33
1
1
2
1
2
1
1637
227
1421
723
9
3
30
27
6
1
9
1
2
1
1
2
1
106
845
1512
1068
928
389
82
19
41
129
25
2
66
18
2
3
14
4
2
1
4
1
1
595
1287
1370
1541
56
569
65
128
1
2
3
2
1
2
2
1
1
1500
1886
49
378
21
37
1
1
7
2
5
2
4
1
2
1691
455
815
887
585
333
800
21
11
1
3
1
3
1
1
1
1
1
1
1
1
1
1566
1734
1007
363
402
95
6
4
4
13
1
1
31
3
2
5
2
2
6
1
1
1318
1800
1
12
518
2
8
40
11
115
1
4
16
5
39
2
1
1
1
1245
259
690
1026
65
7
17
3
31
10
2
3
7
1
1
3
1
1
1
1
1
1
1
2863
917
61
66
3
1
2
3
9
1
3
2
1
1
2
3
1
185
1727
76
1584
76
20
4
1
4
1
9
3
4
2
3
3
1
1
1
1709
1633
197
73
1
1
5
10
34
2
2
3
1
1
1
1
1
1
1
1
1
1597
236
33
10
1
11
1
13
1
1
1
3581
2
79
5
6
1
1
2
1
1
1
161
12
1
44
2
136
60
35
1
2
1
1
1
7
1
1
1
1
1
1
1
2
1
1
1328
1594
1181
90
645
113
55
176
3
15
9
6
3
1
2
2
2
3
2
4
1
1
2
1
1
1
1493
880
213
1613
104
91
12
125
27
7
1
3
6
6
1
2
7
1
1
1
1803
13
5
15
40
18
2
1
1
1
3
1
1
399
217
1
1702
19
61
14
8
1
16
2
1
4
1
1
1
1
1
2261
2127
1
1
1
2
2
2
1
1
1
1
1
1629
1454
145
1
47
3
8
21
13
2
2
2
2
3
2
1
3
3
1
1
4
1160
474
2192
12
24
6
9
2
2
1
1
2
1
1
1
1
2043
1602
316
139
42
6
18
6
15
28
8
2
12
1
1
1
1
6
1
2
1
1566
725
857
305
539
33
31
110
3
34
3
3
2
1
4
1
1
1
1
1
2417
1367
53
2
18
18
3
13
7
3
1
1
1035
859
23
55
40
53
2
4
7
4
1
2
10
1
1
3
1
1
1
2
2048
225
733
99
34
5
32
7
1
10
6
38
3
9
1
4
2
1
1
4
1
3256
349
10
54
2
4
8
3
13
3
3
2
2
1
1
3
2
1
1
1
2074
331
1373
44
81
2
17
8
51
14
4
2
1
1
184
1922
1096
704
513
5
112
124
186
29
4
2
8
1
1
4
5
1
7
1
1
1
3
1
1
2041
1593
1266
13
29
31
63
22
7
13
13
1
17
1
5
8
3
2
1
1575
191
1101
115
93
6
4
2
4
16
2
1
2
2007
1593
969
180
46
88
5
3
6
5
2
7
4
2
3
5
1
2
1
1
2089
1313
443
37
29
11
7
1
1
2
2
2
5
1
1
794
1280
1147
658
865
677
115
40
69
2
5
6
2
2
4
4
4
2
1
1
1
1
1
3135
47
16
59
18
48
25
10
47
24
1
3
5
1
2
1
2
1
1
1
2
1
286
1114
2122
618
39
44
1
2
1
16
14
14
16
1
8
2
4
2
17
2
1
1
3
1
1
1
1
2
1
1949
1082
1228
420
98
9
92
9
3
14
1
9
11
2
2
2
3
5
4
2
2
1
1
2
1
2283
69
684
257
212
295
34
11
3
5
7
7
7
3
3
1
1
621
1174
16
5
25
3
37
18
9
1
5
1
1
2
5
1
2
2
1
1
541
85
1204
285
231
244
133
11
8
6
14
4
4
1
1
12
1
476
1746
1500
1393
52
89
25
6
37
3
2
7
2
1
1
1
2
1885
185
142
198
1317
61
11
49
13
1
15
89
8
5
11
3
3
2
3
1
1
1310
24
26
4
7
1
1
3
4
1
1
2431
117
591
184
417
15
113
1
3
6
6
2
2
5
20
2
2
1
2
1
1
1
2
3
1
1
167
2550
853
28
20
13
40
6
2
38
3
8
1
13
1
28
1
1
3
1
1
3012
455
322
17
56
10
2
8
3
2
1
559
25
9
20
1
4
8
7
1
4
2
1
2
4
2
1
1
1
1026
1406
156
794
254
449
206
8
59
5
4
3
1
6
1
2
1
2317
236
37
2
1
2
15
2
7
1
2
1
2
1931
809
11
1156
121
56
50
1
8
9
5
11
3
3
1
1
1
1
1
1
1
1
1558
69
123
184
103
15
20
2
8
2
1
1
688
2
8
2
33
3
1
3
1
1
2
1232
1581
511
1
114
22
4
4
1
2
1
1
2
1
604
1796
1651
98
436
2
35
4
10
4
4
1
2
1
1
3
2
3
1090
28
1857
171
589
185
62
3
11
2
19
7
3
2
9
2
1
2
1
2
2
1
450
288
141
10
5
10
3
9
2
1
2
1
1
326
1159
1619
1578
97
291
43
81
38
2
43
105
38
4
17
9
5
2
1
1
1
1649
1627
1004
221
54
9
15
15
50
2
1
1
1
1
1
1
2
1
1602
636
180
47
5
66
18
10
1
4
1
4
4
2
8
2
1
1
2
2
2852
4
89
1
1
1
5
1
14
1
7
17
2
4
2
2
1
2
1
1
1460
93
62
86
3
16
5
5
1
1
4
1
1
3
1
1369
83
77
5
1
4
2
18
7
2
2
9
7
1
1
1
1
1
1180
339
193
29
1
2
3
1
2
1
1
1
1
3081
12
728
1
52
9
6
7
21
6
1
8
3
1
1
1
1
1
1
1044
1528
1338
358
645
438
138
1
72
127
30
7
5
5
16
17
13
13
17
1
3
1
1
1
2
1
2089
265
68
4
3
4
3
5
1
3
1
2
3
7
4
20
281
2469
56
94
234
1100
66
2
1
4
4
1
6
5
1
1
1
2
1
1
1
1
1
1
1
1003
443
1075
1278
231
151
1
10
2
11
8
1
2
2
1
1
1
1
1
313
195
14
1291
243
10
22
2
3
3
3
10
1
3
1
1
1
3
2
1
1
1
2
1881
2292
29
13
1
1
4
12
1
6
2
1
13
3
3
1
1
2
561
75
392
772
1974
891
17
24
52
14
5
12
1
8
1
2
2
3
6
10
1
1
1
2
1
2
2
1
1
1
1
1425
292
54
4
42
9
10
1
1
1
2
1875
11
192
47
132
3
49
2
20
2
1
1
1
2
6
3
2
2
2
1
1714
1
197
273
82
37
115
2
2
1
1
6
9
2
2
2
1
8
3
6
1
1
1
2
1
1602
25
1238
517
559
4
1
9
6
2
1
1
856
3
16
1
17
1
5
1
2
2
3
1
1
1
3235
152
85
112
19
4
3
4
3
2
14
18
4
1
8
1
1
1
1
1
819
810
833
45
15
65
314
6
2
10
1
23
2
2
1
3
1
1
1
818
828
182
36
1
3
4
1
1
2
1
1
2
1
1
1
1875
726
41
18
4
1
11
2
15
1
3
1
1
2
2
3
1
2
1
1
2
1
1
21
4
43
2
13
11
1
2
4
3
1
3
2
3
2
1
1
1
1
1435
20
44
1
1
9
8
3
1
1
1
1
1
1
1803
1413
81
181
30
13
35
65
15
3
2
2
1
1
1
1
1311
1923
338
1265
57
16
5
9
16
2
39
10
4
2
7
2
1
1
2
2
1
1
3442
6
95
249
7
5
1
3
2
1
2
1
2
1
1
1
1
4
12
130
37
2
1
2
1
10
4
1
1
9
1
3
1
132
16
10
2
2
3
4
2
1
1
1
1502
1117
202
1712
2
529
207
64
103
47
1
3
1
1
8
2
3
1
1
1
1519
1619
700
20
208
152
156
72
15
7
4
8
2
7
2
2
2
12
15
3
1
1
4
1
1
3
1
1
1
1
1
1
1507
68
2084
41
15
165
22
50
99
31
2
2
5
1
4
1
1
3103
13
10
11
12
2
1
3
1
1
1
1
1
1
1
876
1567
29
31
9
2
1
4
8
5
1
1
1
1
1830
1895
142
667
113
35
185
8
11
9
1
2
1
2
3
1120
202
1188
492
151
1
147
22
3
19
3
13
1
2
2
2
207
1659
61
844
32
36
2
3
1
12
7
2
1
2
1
4
4
6
4
2
2025
690
749
1150
251
44
11
15
5
4
3
3
6
2
1
2
1
1
1
1
1
1
641
1146
578
8
8
1
1
2
4
1
4
2
1
1
3
1
1
1
278
26
1024
104
17
15
1
3
2
2
1
4
5
1
1
1300
2105
381
14
9
23
15
1
22
7
18
2
1
2
1
1
1
335
1
11
55
10
31
4
6
9
1
2
2
1
4
1
2
1
1
1
2
4
36
436
2452
347
841
11
157
16
2
6
7
4
5
1
8
3
4
1
1
1373
2071
410
58
30
1
4
2
1
8
1
6
1
1
1
2
2
2
1
1
1
1
1
1265
1228
13
95
3
2
5
4
28
5
5
3
4
8
2
2
1187
1860
1540
390
7
9
7
2
1
6
2
1
1
1842
1358
72
147
202
215
85
64
16
13
75
3
1
1
2
1
1
1
2
1
1469
1751
154
11
5
36
2
4
12
13
5
2
2
1
1
1489
1930
119
173
51
5
9
1
44
1
7
5
32
3
4
1
2
1067
157
41
105
14
30
1
1
15
10
34
1
1
4
1
1
1
615
997
1419
117
309
73
8
21
15
1
2
1
5
8
25
1
3
4
3
2
1
1
1
3241
176
196
3
1
3
3
4
5
7
6
1
3
1
2
3
2
1
1
1
1470
1546
1521
596
14
64
105
89
7
1
1
1
5
1
1
1818
102
458
1386
22
106
43
3
1
1
3
1
2
2397
1452
1
142
52
2
10
19
1
1
1
1
1
1
1111
566
240
718
271
1113
173
1245
31
283
77
2
61
46
4
4
6
3
8
2
1
1
2889
6
1430
19
13
42
1
11
3
3
5
2
2
1
2866
292
44
87
3
44
24
29
1
3
49
1
1
1
2
1
3
5
1
2
1
1
1
3
1
1
222
1514
9
80
1
13
86
74
11
2
1
1
2
2
1
2167
12
5
2
1
4
3
1
2
2
33
816
11
135
5
6
10
5
7
3
1
5
1
3
1
1
1
1
595
1360
1654
383
83
160
38
10
7
4
1
2
8
2
4
1
3
2
2
1
2
1
1
1
951
1825
1685
128
4
14
5
19
1
1
3
1
3
1
2
1461
1997
1389
284
28
68
8
7
28
1
3
18
15
2
1
4
1
1
1
1
2
1
1
2
3476
105
68
27
29
68
11
6
1
4
6
1
2
1
2
2
1
2
2
3
2
1
1
1
2135
23
235
5
7
19
8
1
10
1
2
10
1
8
3
2
2
1
1
1
1494
311
786
672
1835
89
14
10
145
6
43
15
19
2
8
1
2
5
1
1
1
1
1
1
1
1783
1692
200
92
303
25
25
128
24
2
2
2
17
6
5
8
15
7
1
1
1
1
3
1
1
1
851
791
377
173
55
29
6
9
2
4
3
1
1
1
1
2
1
1
1
3
1
1
1
2060
1579
15
6
2
21
2
6
2
6
2
1
1
14
25
1
3
1
2
1
4
1
1
1
2
1
1
1328
1226
388
1636
26
81
21
4
20
17
2
17
22
4
15
6
10
1
4
1
1
1
45
53
18
3
2
4
2
5
1
1
1
1500
71
491
5
30
13
66
5
10
5
2
10
1
2
2
1
2050
1878
158
210
18
1
1
1
3
1
1
1
2
1
1
1
1
1822
1711
413
189
75
28
76
35
13
50
25
1
33
1
9
24
7
1
4
1
1
1
1640
102
1997
299
201
22
4
6
3
3
2
116
3
7
7
4
7
1
13
2
2
1
3
1
1
1
162
913
1604
1151
55
165
3
70
1
1
1
1
1
1
1
1
2
1
2307
1549
119
3
141
201
1
30
77
20
34
3
4
3
1
2
1
2895
13
18
46
6
3
4
21
8
3
17
12
3
1
1
1
2
2
1
1
1
1
1
1190
2142
1648
15
30
2
11
16
5
1
1
8
1
1
4
1
1
1
1
1056
1819
130
1504
368
362
121
22
4
19
3
2
3
1
1
1
3
2
1
1
1
1
2
1
2655
125
7
1
1
10
40
3
1
4
2
2
4
2
2
1
1
1
1
49
10
1
1
1
1
2
1
2
1935
89
2
2
9
6
1
19
3
1
6
1
1
1
1
1
358
2095
1351
58
113
31
2
10
1
3
1
1571
1898
355
1
5
11
31
3
1
4
6
8
2
1
1
3
2
2
1
1
1
1223
302
40
56
96
17
3
11
3
7
6
1
1
1
1
1090
1763
193
1
1331
753
3
152
230
5
7
13
6
1
8
4
3
1
3
1
1
1
1
1
1666
1289
173
121
912
70
29
16
10
43
26
5
3
4
1
1
2
4
2
2
4
1
2
1
2
1
1
1196
1663
770
244
983
463
7
11
43
23
1
2
3
3
9
1
1
1
1645
1173
1425
635
34
29
13
63
7
11
23
21
10
1
2
1
1
1
1
2
2
1
1
1
2136
340
398
930
139
5
1
4
3
7
4
3
1
3
1
1
1694
408
60
288
114
2
33
51
1
2
2
2
1
1
1
3
2
2
1
1
2365
909
246
11
36
5
98
2
7
18
13
11
4
11
1
1
2
1
1
2030
1568
222
338
21
8
12
1
1
2
1
1
3
1
1
1
1
1
1
1041
673
346
66
349
69
2
51
11
11
7
2
1
7
1
1
1165
1968
2
87
100
15
1
15
34
9
6
1
1
1
1
4
1
1
1583
25
346
3
50
1
2
3
1
16
1
2
9
1
1
12
1
2
1
2
1
2
1
1
1018
24
1197
1289
1621
3
235
131
28
8
7
4
8
1
4
5
1
3
1
2
1
1
1
1
1
1
398
45
33
2
35
9
1
4
6
3
3
1
1
1
1
1
1
1955
22
20
1
24
1
6
1
2
2
2
1
1
2
23
17
2
1
1
2
2
1
1
2
1362
2305
231
209
18
51
30
12
2
12
2
1
1
1
1869
824
1694
24
11
2
5
6
7
1
4
2
2
4
3
1
1
1
1
2
1
2
3552
123
17
61
2
2
1
11
4
2
4
2
1
5
1
1
1461
67
3
15
1
2
5
1
1
1243
1382
333
30
1202
526
48
176
558
11
19
11
13
2
13
9
1
4
1
1
1556
1941
969
168
182
62
7
2
1
3
3
3
4
1
2
1
1
1
1
1794
1598
68
24
209
8
31
26
1
12
2
4
1
2
1
1
1
1
2
1
2
1
1740
2022
85
6
27
3
8
9
3
1
2
3
1
2
1
1
2400
1882
6
146
178
72
121
10
6
828
1885
2069
8
35
6
12
46
3
9
1
9
2
4
3
1
2
1
1
1763
1394
22
1655
24
32
3
69
3
13
3
32
24
2
3
1
1
1
1
1
1
4
1327
362
18
3
8
6
8
1
2
1
1
4
1
1
2
1
2965
361
32
439
27
3
2
2
3
1
1
1
1
3
1
1
1
1
1119
203
182
3
1
12
14
1
3
1
2
2
2
1
2256
1126
106
19
29
122
321
3
22
10
21
2
2
1
4
7
2
2
4
1
1
3
1
1
1
3
2639
1313
10
8
2
17
3
9
4
4
3
1
1
1
2
1
1
1
1
2173
1581
207
75
175
4
32
163
8
16
42
2
3
4
1
1
1
1
9
20
36
11
2
7
1
1
2
1
272
94
1237
456
1134
253
486
51
47
117
13
4
7
16
1
2
3
1
7
4
1
1
1
3226
212
96
57
22
23
5
11
9
2
3
6
1
1
2
2
2
1
1
1974
133
3
12
6
5
2
1
1
1
1
842
1244
708
5
61
71
4
1
7
4
2
3
1
3104
247
22
96
26
6
1
2
3
2
1
1308
98
64
206
28
27
80
4
127
20
19
3
12
1
13
6
2
2
1
1
2
1
1
1
2269
1254
1242
1
38
108
6
38
3
21
13
3
1
10
10
1
7
1
1
1
1
1025
1523
440
1
466
187
2
78
59
16
5
59
11
6
2
2
3
1
2830
10
33
142
125
37
2
11
2
1
1
4
2
2
69
113
24
37
6
2
5
3
5
1
7
3
3
1
1
1
226
1776
491
17
18
67
43
21
3
1
1
1
72
33
19
20
37
50
3
4
1
1
3
2
3
1
1
1
1
2
1
2
3361
194
210
36
12
5
44
20
5
3
14
6
3
8
2
11
4
1
3
1
3
1
1
1
1454
2
57
5
6
10
14
14
4
3
2
9
3
1
1
2
1
187
1904
1200
10
1
6
1
3
3
3
4
1
1
1
2075
107
119
21
1
28
44
4
2
3
1
2
2
1
1664
1372
487
106
107
1022
270
82
30
1
35
31
35
2
5
1
1
5
2
1
1
1
3
1
1
80
42
1
1
1
1
1
1
1
1
1906
542
654
42
570
24
312
4
27
2
5
1
4
9
4
1
2
2
1
4
2
1
1
2290
1325
105
9
4
5
1
2
1
1
21
1
1
5
4
5
3
1
3
2
1
1
593
2021
711
2
546
404
3
580
60
30
18
28
24
69
5
1
17
7
4
3
9
1
1
1
2
1
1
1
1
1
1
1
352
585
505
41
483
28
269
3
27
3
5
2
1
1
2148
11
124
24
9
5
6
3
1
6
3
2
4
1
2
2
1
1
1
3245
11
338
81
146
16
27
8
1
3
1
1
1
2
1
1
236
809
410
1254
972
140
83
231
106
112
28
4
8
1
3
3
1
1
1
1
1974
150
39
3
26
20
9
1
2
2
7
1
1
1
1
462
1589
1157
1674
292
191
47
3
4
1
1
1
4
1
1
1
1
2884
253
64
107
2
96
8
11
60
2
1
7
3
1
1
1
346
57
18
36
3
71
5
1
7
1
1
1
2
1051
512
2008
1330
86
3
83
9
13
11
33
1
3
1
1
1
1
1
2
1
3314
588
28
4
8
1
3
4
7
4
1
6
2
1
1
3
4
1
1
1
2
1
1
1
2091
196
179
18
43
1
3
8
3
1
1
1
1
1
1
1
3289
118
30
126
75
2
4
4
15
1
1
4
2
10
1
1
372
1504
1667
295
24
36
3
27
7
1
2
2
3
2
4
1
163
626
114
16
1
18
1
1
1
3
1
1
1
1
1
290
429
148
5
35
5
7
2
11
8
2
1
1
2
1
4
1
5
1
1
4
3474
22
2
15
2
4
1
9
2
1
1
1
1
2
1
37
1855
1894
82
6
118
21
16
6
2
19
9
2
3
6
1
1
1
754
1039
135
1577
1232
179
129
549
1
41
11
32
2
17
4
3
13
6
1
7
12
5
2
1
1
1
1
1
198
184
1075
102
391
48
10
27
1
28
4
1
1
3
1
1
1
6
1
1
1461
471
345
1068
170
391
335
29
20
1
24
1
1
9
1
4
2
2
2
1
1
1
59
47
146
79
65
46
4
1
2
1
1
1
48
1903
1562
24
272
127
80
5
77
37
1
5
3
4
9
3
3
1
4
1
2
2
1
1
1312
134
1194
53
39
2
1
10
2
2
1
2
2
1596
1763
1141
643
19
2
12
12
2
2
1
333
292
1749
69
68
2
30
18
3
4
6
2
10
2
1
1728
300
1432
1161
65
167
104
158
108
7
4
4
12
2
1
1
1
3
2
1
9
1005
812
1527
50
683
7
137
59
28
2
2
2
9
16
1
4
2
1
3
11
6
2
1
1
1
2
1
135
247
1477
1329
1021
150
71
2
3
1
4
1
4
3
4
3
1386
1346
204
502
151
12
11
12
4
24
2
11
1
1
5
3
1
2
1
1
1506
826
914
433
880
94
107
600
10
3
5
26
37
7
2
3
5
2
1390
12
89
13
21
16
15
2
10
2
1
6
3
451
1288
4
119
24
10
2
15
8
8
1
2
2
6
2
1
1
1953
902
55
524
59
168
181
88
41
136
18
2
5
3
1
3
3
5
2
1
1
1
1114
1316
984
79
33
112
30
30
63
63
26
6
4
4
3
2
1
1
1
1440
562
201
19
7
26
3
3
3
13
1
6
1
1
2
1
924
4
602
2
74
1203
58
78
348
643
67
4
35
6
3
13
1
4
1
2
2
1
3028
430
2
29
7
3
3
13
7
1
3
7
1
2
2
1
1
1
176
659
94
101
90
326
33
18
4
2
7
78
63
17
7
14
1
6
2
3
1
1
1
6
1
1
2
1663
2192
106
69
12
8
13
3
7
11
7
1
1
11
2
3
1
1
1
2
1
2839
7
374
28
1
40
17
1
13
1
3
4
11
1
2
1
3
1
2
469
1611
1239
499
20
1
3
3
15
3
5
4
2
1
1596
1899
1132
413
248
17
12
24
1
14
2
6
2
2
1
2
2
1
1
1
74
11
12
1
1
12
1
1
2
1
1
1
1671
1646
1331
8
65
58
68
4
3
9
1
2
2
1
1
1
1
3
1
2758
711
650
150
2
3
4
1
4
10
4
1
1045
1353
832
24
1
2
11
1
1
3
3
1
2
2
1
1
1
1
1
907
1835
1116
78
256
68
5
60
6
9
6
1
5
5
1
1
2
2
1
1656
1113
235
455
35
60
2
2
1
5
1
2
4
1
1
2
1
1267
21
1
5
147
2
6
12
3
4
1
2
1
1
540
45
11
16
2
4
2
3
1
1
1
1
1
1
1767
1364
1642
393
102
11
50
43
52
12
9
1
3
1
1
1
1
1
1057
50
1883
265
12
2
12
6
1
5
1
2
1
1
1
1753
2090
272
2
3
5
1
1
4
1
2
2
2
1
1
2
1
2
1
2011
1299
407
198
79
94
31
43
1
2
1
2
1
8
1
1
1
1
1
138
44
325
14
85
8
2
16
1
10
1
1
1
3
2
1
1
1
116
16
27
5
7
55
11
2
1
1
1
1
1486
348
1670
924
615
297
45
5
29
3
5
61
4
1
1
10
1
1
2
1
1
1
2006
1917
679
289
89
15
5
1
1
1
2
1
7
3
1
1565
1547
197
43
11
186
22
8
7
12
1
1
3
4
1
5
3
1
2010
2442
63
107
3
9
1
5
3
1
3
1
1
1
2
1
1264
1686
81
1207
25
43
123
32
9
5
2
1
1644
1705
113
480
1
1
10
2
3
1
2
1
4
2
1
1360
1
359
61
32
62
9
29
3
3
5
1
1
1
2
1
1
1
49
1
9
14
1
3
21
1
2
2
1
2
1
1
1
1
2
2775
785
188
151
300
31
11
13
8
1
15
1
3
5
1
1
1
1
1
1
1
1
1708
1391
187
33
105
461
15
17
5
29
2
12
8
3
3
2
1
1
1
1
1
1
873
1645
104
58
60
10
35
3
10
1
1
1
3
1
1
1648
1095
343
19
18
2
4
14
2
1
1
3
1
1
1
1
1
1306
396
614
1762
85
330
137
45
18
9
4
2
2
1
3
2
3
4
1
1222
1434
205
7
5
2
4
4
2
5
2
5
1
1
1
1993
699
91
34
10
6
3
1
1
1
198
582
27
142
1
52
2
33
2
5
2
10
1
2
3
5
1
1
1
1
2
1
1
1
1
1318
1536
704
80
6
60
15
9
27
21
22
29
10
4
3
1
3
1
1931
91
451
3
15
2
1
5
8
1
1
1
1
1
1
3482
139
111
4
77
26
11
2
1
1
2
1
1
1
1177
1493
1931
121
9
29
25
59
38
41
3
8
3
2
10
10
2
1
1
1
1
1875
1781
46
131
5
48
10
13
62
4
19
26
3
2
2
1
3
1
1773
2129
488
2
2
4
2
2
1
1
1
820
136
2
9
21
2
9
10
4
6
1
1
2
4
1
1
1
1
1
1
2455
33
26
10
8
9
3
1
1355
1877
105
38
14
1
1
3
2
4
3
2
1
1141
2331
1
3
23
39
1
5
2
2
1
2
1
1
1
2159
1919
154
788
63
4
1
1
6
2
3
1
9
3
1
1
5
1
1
1
234
1668
311
326
400
1000
53
107
136
17
2
27
20
2
6
1
1
1
2
4
1
1
1
1
1973
1585
29
8
2
4
3
4
2
4
1
474
123
1419
5
11
59
3
2
9
2
13
2
1
1
5
1
1
1
2239
1425
350
1
1
1
3
1
4
1
1
1
84
2016
308
299
135
13
1433
7
2
14
1
1
16
5
1
2
2
2
1
2019
49
166
10
23
2
3
5
2
2
4
8
1
1
3
1
1
1
1
1
111
19
25
26
1
5
1
1
4
3
2
1
1
12
1
1
2
1
1512
1561
278
108
125
12
3
4
5
13
2
1
5
3
5
1131
993
1606
563
623
318
17
50
176
2
35
22
13
1
3
6
2
3
4
1
1
1
1717
280
45
1193
9
2
149
36
32
5
1
7
9
1
3
21
2
15
1
4
2
1
15
115
32
19
3
2
2
1
4
1
2
2
4
1
1
1
812
1013
1583
4
41
62
15
113
17
7
7
2
10
1
1
1
2
2
2
1
1
1
1
1458
1575
167
488
141
7
11
11
1
18
1
2
5
10
2
2
1
1
1
1
1
1
1
1240
819
1611
37
23
15
11
16
4
21
12
1
4
1
4
2
3
3
1
1
1
1600
1605
213
370
2
154
29
11
1
9
16
9
6
3
1
5
9
3
1601
1364
320
1290
136
459
93
247
34
38
1
16
63
9
4
1
7
20
5
3
1
1
1
1
2072
726
7
19
16
15
7
1
1
3
4
1
3
1
4
1
1
1770
1092
1367
303
95
6
51
4
3
1
2
1
2
1
1
2
1
1
1933
8
7
37
8
2
2
3
2
1
1
1
1
1665
1192
340
1238
409
10
6
12
10
1
1
1
8
3
2
1
1
1
1
1
1
1173
725
1368
1270
332
328
331
54
54
7
12
8
2
1
7
12
26
13
6
3
1
1
1
2
1
1
1
1
1834
2440
106
16
11
30
3
4
4
1
1
5
1
8
1
1
629
1449
1566
1103
48
9
59
1
1
11
1
3
1
1
3
2
1
1
1
1
1
1
355
1488
832
574
4
8
14
4
4
1
1
5
4
1
4
1
4
1
1
1
975
1974
46
543
78
6
9
1
8
2
2
1
2
1
1
1
3316
17
9
5
3
2
1
1
1
1
1
1
2
9
4
3
2
2
2
1
1
1
1290
1350
8
114
1965
284
40
22
3
3
1
3
1783
1249
1289
626
42
77
2
4
10
5
19
3
3
1
2
1
1
1
1
1
1
2
1
1
1253
2200
3
25
69
374
79
18
11
9
17
3
1
2216
27
93
212
505
4
2
19
4
1
4
1
3
1
2
5
1
1289
1110
306
1932
365
201
2
3
38
63
4
6
4
1
4
6
10
2
1
1953
1634
26
101
109
117
8
39
108
1
2
1
2
1
2
1
2
2
1
1
1
1308
301
30
12
85
8
4
31
7
18
10
2
3
1
1
1
2
1
2145
1317
493
130
105
5
10
45
1
3
2
48
48
8
1
1
2
1
1
1
4
1
1519
1174
1816
28
6
3
2
5
5
5
2
4
2
1
1
1
1
438
6
83
108
11
58
2
14
7
10
51
6
6
3
2
1
4
6
1
1
1
2581
2041
84
4
2
1
4
4
8
1
4
3
1
8
1
4
1
4
2
1
1286
18
15
31
5
5
1
1
1
1
1
1
1
1943
119
219
48
10
20
2
1
2
2
1
1
1
1
1
1130
70
445
272
1068
53
1592
372
14
78
123
9
47
10
15
13
3
2
2
3
1
1
1
1
2
3063
310
545
39
108
20
2
3
3
118
44
1
6
1
1
1
1659
2157
841
255
174
12
1
6
16
6
2
1
1
3
13
2
1
1
1
1501
1651
542
58
101
12
15
2
4
4
10
1
5
2
1
2
2
2
1
1
258
94
5
2
1
9
5
3
1
1
2
2
1
1
1
1
1
1
1495
71
1
289
9
35
135
3
2
2
4
2
2
3
1
5
5
1
1
1
2
1
1
1
1
1
89
1431
1618
7
42
11
2
1
4
6
2
1
1
2
1
1
1
1
