2210
2350
3118
1133
1974
1926
1900
1738
1113
1782
1123
1973
1249
1590
2696
2180
1
1790
1237
1864
1370
2169
1853
1914
1637
1218
2239
2059
1474
1561
1883
1752
1632
1437
1865
1888
1760
1675
1811
1789
1577
2024
1395
1454
1868
2136
1528
1534
2067
2013
1396
1769
1754
1626
2226
2018
2063
898
1868
1438
1922
1695
2224
1411
2160
1696
1387
2300
2371
1702
1647
927
1475
2272
1516
1742
2460
1973
1550
2033
1995
1004
1554
1715
1605
1891
2070
1250
1876
2418
2455
2530
1648
1852
1614
2182
1279
2071
2139
1214
1743
2510
1494
1663
1672
1631
1981
1847
1766
2986
1801
1997
1892
1604
3
3165
824
2264
1635
1064
2655
1364
2163
1493
1765
2171
2049
985
1294
1729
980
1628
2063
1687
1554
1805
1853
1623
1870
2068
2897
1907
1537
1918
1218
1579
1854
1946
1854
1752
1532
1680
1288
1971
898
1937
1735
1755
1633
2329
1495
2383
2325
2133
1803
1595
1
1986
1813
1736
2285
1273
1891
1822
1298
1517
1214
1806
1607
2060
2230
1608
1561
2127
1273
2128
2137
1744
942
1183
2449
803
1744
2215
2210
1389
1942
1973
3096
1514
3682
2244
1804
868
1582
1457
1429
1326
1607
2326
1293
3173
1924
2538
3049
1523
1567
3130
1667
1646
1992
1224
1920
1680
2296
1490
1277
1814
1880
2062
2663
2195
2026
1930
2745
1111
1882
1873
1779
2281
2173
1921
2542
2141
1341
2014
1716
1600
1096
1737
2239
1555
1164
1922
2185
1956
480
1529
1883
1880
1970
1220
551
1749
2070
1756
2164
2161
1350
1398
1713
1378
1045
1523
1563
1108
1525
1
1398
1597
1803
2057
1877
858
1798
1943
1418
2319
1900
2024
1742
2027
2391
2411
1834
2106
1653
1751
2189
1597
1926
1807
1936
1818
1593
2134
2063
1552
2063
2029
1745
1838
1995
1452
949
1423
1780
3009
2198
1490
1527
1513
1644
2030
1686
2107
1546
1324
2208
1507
1524
1346
826
1798
2117
1600
1893
2533
2436
1888
1675
1582
2113
2030
857
2258
1863
1169
2315
1923
1
2396
2366
1
2613
2105
2111
1347
1879
2641
2344
1377
2306
1813
2086
2717
1854
1653
1539
886
1799
1802
1487
1848
964
2157
1648
2891
1823
2096
1802
2048
2754
1188
1658
2009
1261
2830
961
2536
1539
2084
1368
893
1849
1826
1889
1938
1712
1965
1922
2084
1571
1656
1952
1757
2427
1542
1165
2775
1365
896
1458
2812
2558
1934
1977
1388
2019
1899
2107
1360
1428
2357
1317
1200
2397
1775
2060
1484
2149
1724
1439
2029
530
2785
1506
1388
1399
921
1647
1834
1866
1984
2774
1669
1927
357
2576
1375
1896
884
1726
2082
1707
1188
1527
1529
1810
714
2501
1127
1646
1198
1106
1886
1490
2086
2206
2286
1811
1350
1766
2232
1297
1786
2422
2444
1807
1821
2685
1719
1588
2250
1863
1273
1729
1884
1631
1280
2020
2023
1364
2086
2315
948
979
2292
1672
2861
2050
1882
2778
1646
2002
2060
1484
1345
1241
1225
1004
1773
2315
1646
1499
2107
1320
1772
1665
1592
1560
2087
1
2652
1073
1369
3414
967
1592
2027
1654
1989
1749
1820
1670
2080
1509
1878
1939
1997
1411
1953
1296
1022
1925
1626
1944
1
2402
1461
1507
2909
1780
2363
2266
2144
2178
2247
1341
1086
1893
2129
1495
2132
1806
1718
1955
2112
899
1889
2046
1583
920
1732
1984
2759
1049
1099
2139
1495
1766
2306
1456
1629
2027
1659
1320
1902
2147
1
1819
2010
1982
1949
1300
1814
2254
1115
984
1796
1891
1913
2003
1359
2269
1880
1250
1894
1856
730
2454
1539
2104
1070
2060
1636
1873
1817
2012
1286
1496
898
1692
2340
2167
1346
2059
2101
1820
1115
1921
1868
1188
3149
1369
1601
2079
1323
1
1440
2954
1858
1114
1607
1314
2533
1749
1685
2012
2065
1807
1864
2080
1123
2423
1215
2033
2128
1751
2125
1407
1633
1613
1999
334
1939
1440
1364
1004
2094
1362
1277
1
2296
2177
1039
2030
2276
1172
1805
2389
2091
1491
1854
2103
2128
1518
2343
1447
972
2824
2204
693
2392
1
1418
1313
2323
2549
1622
2389
1551
1129
2507
1837
824
2673
1696
2955
1326
1474
1337
1453
1685
1
1728
1654
2123
1451
1768
2280
2098
1786
1770
2523
2492
1643
1890
1711
1
2291
1694
2343
1992
610
2683
1957
2762
2003
1711
1385
1722
1246
2203
1922
1152
1602
2093
1887
1676
1931
1420
1
2270
1928
1292
1727
1540
1209
1811
2047
1361
1675
2128
1620
2151
1582
1194
1247
1057
2638
1578
2609
898
2008
1933
1391
1466
1908
2093
2166
2142
1209
1702
1301
2341
1
2752
1633
2463
1242
1605
1760
1471
2125
2017
1781
1136
1323
1595
2110
673
1792
2265
1964
1294
953
1520
2111
1291
2161
1635
1851
1335
939
1935
1628
1556
1949
2080
1240
1388
2121
1247
3023
1480
2684
1548
1815
2093
1970
2765
1976
2925
3743
2365
2557
1544
1331
1648
1319
1929
750
1412
1749
2046
1535
1482
1941
1197
1165
2187
1351
1663
2727
2338
3345
1125
1841
1588
1782
982
1212
1621
1308
1344
2174
1619
2522
2103
2263
2217
893
1
2047
2057
1604
1856
1670
1990
2494
1600
1217
2020
2489
2190
1316
2081
1600
2097
1416
2658
1322
2573
1487
2149
1508
1913
1273
1880
2194
1683
1382
1345
1432
1950
1275
1776
1542
1745
1254
1833
2551
765
1921
1873
2022
1759
2339
1248
1620
2426
2205
2059
1716
2036
1110
1677
1943
1806
1427
1926
1871
1925
2251
1233
2205
1364
3780
1772
1896
1467
392
1916
1607
1296
2898
1837
1742
2265
1336
2295
2623
1848
2075
1614
1431
1973
1647
1
2250
1275
1520
2278
1784
912
2308
1325
1305
1757
1344
1984
1815
1251
2316
1373
2279
1758
1444
2741
1989
2102
972
1662
1954
2105
1624
2269
1651
1916
1565
1901
2370
2490
1698
1769
2181
1420
1471
1884
2368
2422
1584
2204
1306
479
1529
2344
1360
604
1595
2076
1385
2422
1870
639
769
1258
1703
1834
2357
1701
1082
1889
1628
1143
1106
2054
1609
1198
2899
1421
2223
1982
1253
2279
1290
1613
1699
2179
855
749
2808
1551
1
1827
1806
1940
526
2340
2002
2003
1826
1773
2126
2357
559
1629
2059
1890
2269
2467
2994
1414
2
1610
2308
1556
2165
2204
1506
1681
1191
2208
1334
1742
2345
2726
2117
1736
1860
1544
2133
1707
2323
2195
1
1750
2052
1637
1
2154
1869
1462
1920
1729
2215
1504
2004
1529
2053
2231
1807
1238
1805
1488
1954
1934
1324
2213
945
2298
2273
1581
2200
1862
1617
2096
1865
1723
2158
1759
2125
1882
1371
1488
2053
2097
1158
1579
2195
1482
1889
1980
2677
2374
2616
1735
2473
1576
2337
1406
1382
2064
1941
1568
2036
1995
1197
2919
1173
1758
2103
1623
1257
2129
1908
1
787
2632
1725
1694
2940
2
1721
1627
1216
1361
1079
1972
1366
1405
2078
2148
1634
2305
1505
2
2657
1440
1369
1526
1487
1193
1388
2035
1002
2043
1931
1417
1891
1910
1310
2303
1847
1304
1982
2014
1429
1789
2120
1202
1584
2270
1660
2108
1951
1499
1901
1582
1185
2173
1690
1632
2128
1841
2134
2394
1942
2141
1157
1671
2220
1777
2047
1705
2922
1169
1304
1674
2047
2791
1775
1748
1541
2277
1
1775
1554
1184
1097
1962
2516
887
2660
1282
2339
1340
1811
2096
2072
1325
2995
1165
2792
1292
2134
2628
1571
2323
1825
1269
893
1917
1676
1806
1795
1837
1491
1270
1341
1379
1392
1434
1
1636
1938
1069
1216
2005
1994
1810
1421
2075
2123
1781
2788
1930
1506
1668
642
1540
1668
1316
1353
3119
1964
1982
1258
1766
2296
1382
1994
1492
1366
2326
1456
1469
2
2443
1387
1340
2480
1679
1033
1
1349
2355
1520
2002
1626
1129
2932
1638
2439
605
1861
1959
1554
2068
1444
2491
1288
2139
1800
1268
2577
1643
1748
1570
1020
1497
1937
1605
1402
2443
2161
1665
2058
1724
2150
1210
1895
2315
1522
1375
1980
2192
2888
1386
1192
1187
1659
651
1912
2151
1199
2456
1322
1287
1329
2378
565
1814
1261
1810
1795
902
2176
1860
1638
1920
2128
1681
1896
1
2
1189
2108
2255
1559
2079
1759
958
1695
1875
1432
1618
1855
1273
1957
1835
2018
2193
1433
1746
2960
1360
1965
2181
2048
2840
1460
2097
1602
1744
1852
1793
3417
1823
1847
1752
1447
2572
1242
1378
1668
2311
1627
1980
1527
523
1453
1896
1813
1123
2020
1993
2115
2281
1118
1446
1415
1075
1513
1330
1370
1849
1038
2572
2590
2266
2563
2862
1888
1550
2110
1532
1902
1441
1590
2022
1513
1815
1524
1430
1245
1444
1
1584
1509
1821
1
1347
1953
1744
2807
2170
1723
1554
1746
803
2399
1211
1805
3377
2619
1175
1328
659
1802
2321
1
1610
1553
1507
1954
1739
1881
1
2034
2025
1667
1
2120
2135
855
1728
2429
1460
2089
1960
2091
2241
2312
1981
2
2491
2321
1614
2220
1665
2544
1078
980
1528
1232
1960
2146
1359
1361
2078
1184
1863
2409
2547
1562
2102
1807
1016
2013
2295
3170
1192
2832
1514
499
1945
1680
1783
2092
2147
987
2450
1963
1294
1766
2146
1896
1804
2024
1762
2056
1471
2330
1868
799
3343
1028
1998
1702
1267
1755
2295
1480
2097
2191
1179
2305
1409
1291
3248
1200
1612
1278
2076
1
1400
1857
1459
2059
1479
1883
1873
1568
1545
1752
1941
1605
2755
1760
1796
1790
1601
655
1
1558
2086
1975
2118
1102
1572
2243
1701
1241
1561
2193
1660
2012
2860
1675
979
1620
1297
1539
3119
1
2135
2000
993
1743
1464
2245
1468
1919
1181
2135
1540
1354
1720
2020
1475
2426
1963
1184
1947
1246
1173
1333
1675
2320
1198
1895
1598
1092
1397
2391
1395
2149
1595
1864
2047
2300
2300
2000
2350
1328
1436
2032
1726
1706
2728
1848
3127
1393
2523
1629
1940
1425
1299
1059
2177
1200
2143
3093
1393
1
2260
1304
1434
2007
2009
1690
2004
1756
1591
1407
2411
1443
1699
2781
1445
1234
2461
1633
2026
2012
1
2154
1803
2302
1685
890
3274
1807
1716
1639
2301
1172
2033
1501
1191
1783
1149
2498
1239
1428
2542
2422
2512
2410
2137
1779
1428
1997
1592
1943
2034
1562
1865
1836
1830
1984
1
2611
1086
1212
2043
1832
1862
2564
778
1793
479
2139
2560
1900
793
1364
1483
2044
1511
1455
2064
1699
1902
2048
1714
1520
1037
2217
1565
2132
1927
1297
2992
1448
2835
2072
2022
1684
1924
