58
31
29
29
70
21
66
45
5
31
11
4
2
25
102
54
73
145
14
41
21
30
22
2
42
34
55
36
35
15
76
196
15
25
14
162
14
126
36
25
70
36
51
19
86
25
63
70
47
148
37
26
140
833
22
53
22
33
21
66
71
23
26
34
13
1
14
28
107
66
19
177
30
18
2
4
45
169
38
38
71
12
24
21
41
20
28
14
14
1
2
61
7
33
1
2
85
25
35
29
36
35
23
24
17
8
132
25
38
25
31
40
44
17
16
52
39
44
31
1
327
76
36
61
152
18
24
58
26
23
17
25
29
40
18
14
62
53
46
23
32
31
41
25
28
1
18
29
76
25
21
24
100
16
37
27
23
11
23
42
34
40
22
6
47
507
26
34
36
4
1
53
34
59
32
217
59
17
54
9
21
157
116
27
66
22
28
20
31
31
26
1
83
55
55
71
147
231
39
63
49
19
31
52
24
26
24
55
70
40
48
54
28
11
1
25
35
23
345
18
96
50
69
17
42
31
40
20
41
54
19
1137
34
625
287
81
26
27
36
13
21
15
2
20
32
62
34
36
29
29
95
23
41
269
35
31
158
34
30
61
23
23
35
50
7
444
216
42
38
37
34
30
14
2
21
27
39
29
36
49
58
17
23
32
28
24
28
26
26
11
67
57
25
30
22
7
1
16
6
28
29
52
80
26
17
82
15
29
22
26
102
39
49
39
27
34
30
17
7
39
15
105
35
21
38
62
92
29
50
35
14
33
18
60
32
60
123
38
45
22
20
43
46
19
14
20
32
24
35
42
22
55
33
44
17
21
28
3
41
150
62
35
52
31
34
17
26
94
31
63
34
156
20
26
5
38
20
14
1
70
45
13
18
43
22
95
38
36
44
24
38
23
320
89
37
43
14
27
13
1
57
17
516
28
26
145
36
25
33
23
37
14
19
42
1
116
76
26
30
66
77
91
27
22
27
1
42
27
128
77
51
46
40
37
31
22
1
37
40
27
24
58
30
30
15
44
18
97
33
161
97
33
93
44
20
69
21
19
15
15
19
19
72
41
316
43
44
10
31
35
15
24
29
15
11
8
1
20
38
56
115
56
33
47
89
45
1
351
107
152
66
132
52
54
30
63
20
8
19
23
190
28
54
47
13
17
39
20
27
27
343
140
35
154
73
56
27
41
18
34
24
19
158
160
50
89
77
36
17
26
23
17
35
56
50
22
23
1
1
562
20
32
41
31
22
48
32
26
27
18
2
29
73
151
104
47
45
35
53
25
16
38
31
16
17
14
16
16
27
58
1
15
77
69
14
31
43
34
61
26
36
86
49
29
53
16
20
14
55
68
9
50
23
57
87
32
24
5
1
23
21
16
55
74
47
35
47
40
241
78
39
18
32
64
30
72
52
25
9
18
28
28
25
19
1
46
127
172
79
22
14
1
84
29
30
42
27
75
1
20
120
107
17
64
22
155
103
42
43
34
34
30
17
65
14
1
1
61
67
70
32
29
31
39
53
12
20
17
62
23
35
39
245
53
24
43
52
6
98
31
68
55
13
35
30
215
129
23
22
23
25
21
46
18
11
20
32
48
312
30
45
28
34
15
5
28
24
48
18
23
72
56
25
18
381
82
34
32
55
33
23
82
58
27
57
20
29
24
283
58
58
46
22
21
34
27
26
20
19
30
29
63
21
34
41
18
266
66
33
24
25
26
54
35
31
20
1
161
259
125
27
29
27
74
12
37
11
11
4
35
36
2
1
4
3
1
320
82
131
118
98
20
56
25
21
1510
108
104
50
18
37
45
53
26
38
23
26
16
1
78
20
46
30
38
39
78
30
24
34
15
42
36
35
20
29
6
54
61
16
27
18
23
31
26
22
308
30
64
29
20
45
28
601
46
78
87
64
38
38
29
39
19
48
61
21
41
20
12
23
204
60
63
74
29
46
25
26
13
10
34
355
70
21
73
50
118
35
33
17
72
33
1
1
174
36
43
63
64
37
23
30
19
30
25
30
18
17
25
28
1
34
13
74
41
1
622
273
39
33
32
12
13
1
23
94
162
44
52
42
21
17
22
30
28
40
88
55
16
16
50
22
38
62
53
58
4
25
14
31
2
1994
90
141
18
24
26
32
28
52
14
23
1
2
1
26
40
22
22
36
23
33
10
94
138
88
37
31
24
33
31
15
19
6
54
44
20
47
32
166
33
22
14
109
72
37
23
27
76
25
11
10
21
29
3
50
48
119
29
23
44
22
25
24
18
24
12
10
788
18
40
37
33
19
47
33
40
23
35
22
1
19
2
1
1
453
31
20
46
145
85
60
41
24
32
21
23
1
234
113
48
78
42
21
3
32
39
37
79
190
29
71
23
34
88
49
17
16
29
53
308
194
30
72
24
56
151
37
34
24
29
33
20
25
15
1
41
138
61
35
35
23
76
35
27
17
20
20
1
49
85
94
21
163
26
35
39
39
17
62
15
32
23
33
26
25
26
55
97
1
25
2
63
336
104
97
30
104
25
14
21
23
18
25
45
35
143
18
32
57
35
32
18
47
11
29
77
36
20
43
29
26
24
19
143
30
16
39
104
82
19
36
77
23
1
1
1
55
74
19
38
64
34
29
50
1
37
18
70
222
84
52
113
29
31
31
31
39
38
28
49
19
183
37
37
92
232
136
70
23
132
38
1394
32
15
81
65
27
46
29
16
88
41
65
20
23
32
38
37
105
40
32
26
17
2
181
117
16
35
30
54
103
15
73
17
151
80
22
26
30
33
89
34
163
71
68
63
19
38
37
30
25
262
50
78
35
18
34
26
23
22
23
217
95
63
100
38
150
40
26
50
21
24
15
20
35
19
1
2
221
49
81
49
51
19
62
35
31
35
14
17
12
1
140
93
35
48
34
24
70
20
34
23
32
33
25
38
37
10
32
75
42
84
1
113
48
17
29
28
23
226
85
34
88
10
13
27
11
15
35
32
225
105
54
32
134
84
17
28
70
24
34
21
26
16
17
158
50
133
29
46
43
16
35
10
31
5
28
1
81
50
20
19
17
31
53
26
1
164
25
134
27
15
24
24
45
111
150
39
44
26
34
23
13
12
21
7
167
69
65
61
42
21
26
48
67
62
105
16
20
53
30
26
34
26
84
21
30
6
10
22
37
96
26
45
9
385
32
132
45
25
38
22
28
19
26
43
119
21
36
16
36
7
14
34
21
64
1
131
32
33
23
38
62
31
73
23
26
20
23
65
28
1
23
69
76
9
28
37
54
29
36
34
65
19
62
21
32
28
24
49
25
47
32
82
15
33
18
26
242
34
60
24
30
21
95
24
40
2
47
18
2
39
57
35
27
21
24
31
27
32
18
23
37
281
29
21
44
58
18
25
19
41
18
1
36
59
22
31
54
146
16
14
54
21
4
21
26
34
120
46
21
102
34
36
177
32
197
144
30
54
91
35
26
32
56
47
12
34
20
14
25
87
38
31
18
31
508
66
14
22
24
28
20
41
8
9
65
32
27
23
31
44
39
33
26
25
14
44
48
33
34
38
39
24
28
20
1
1
40
79
207
43
27
60
34
31
32
35
28
47
19
23
3
60
26
64
35
12
24
43
20
29
29
1015
43
57
49
42
103
101
37
52
20
30
21
1
119
42
10
28
75
54
1
219
31
394
12
62
34
23
44
33
20
35
49
46
31
25
13
51
92
38
17
37
51
123
76
20
45
39
38
18
32
2
288
52
20
62
14
47
33
26
242
15
18
14
47
26
41
20
25
28
27
1
54
49
41
34
26
199
105
123
22
20
22
87
29
53
25
1
15
24
21
31
28
15
92
45
24
11
40
107
36
150
161
25
26
83
138
21
74
28
2
28
68
122
37
33
25
105
119
16
24
160
34
36
18
29
23
19
109
27
62
25
30
29
24
16
1
20
98
95
17
49
25
10
34
59
44
37
24
53
38
40
25
47
61
17
18
39
84
38
265
85
20
26
12
73
46
20
24
40
17
30
28
33
12
54
74
184
29
23
59
83
19
20
30
17
94
72
12
18
83
81
22
31
17
18
19
18
301
159
29
128
30
25
40
19
41
18
30
24
20
56
146
34
42
31
43
22
10
11
1
288
86
62
43
25
66
28
77
19
19
25
95
34
55
21
44
42
27
21
32
14
21
28
59
43
10
32
23
28
9
632
730
50
13
37
19
1
33
38
55
29
83
21
27
1
383
66
271
66
18
40
26
22
27
16
26
8
27
32
23
59
22
38
25
71
33
14
106
26
20
29
27
35
35
58
27
43
22
81
16
1
1
213
51
29
37
18
53
58
31
23
34
34
61
239
155
59
23
18
34
46
21
33
20
29
12
22
49
56
15
40
16
138
31
35
74
26
69
27
25
17
112
49
22
94
37
29
30
23
680
264
604
12
28
15
58
27
25
35
8
111
61
173
18
66
32
33
28
25
8
32
34
24
50
66
11
30
19
70
7
48
27
25
19
11
1
35
46
46
12
30
21
11
64
75
18
161
40
26
23
28
48
62
25
34
25
61
37
26
22
10
375
25
7
52
15
28
22
21
45
27
380
32
545
25
26
27
49
41
20
37
41
92
36
17
17
57
23
26
86
45
10
48
24
25
2
164
83
149
49
62
1
32
32
23
16
5
1
69
207
46
95
44
32
22
172
24
100
32
42
93
68
16
51
38
30
27
31
5
10
80
55
292
148
22
28
25
28
21
21
30
37
70
34
315
32
42
20
40
43
35
13
18
1
36
31
33
30
19
47
18
23
29
33
31
32
7
13
19
66
299
24
57
27
55
282
36
28
30
29
14
13
28
37
50
131
39
26
13
17
56
68
27
18
28
20
20
91
38
40
40
3
1
50
30
31
4
25
24
21
48
25
48
101
102
58
32
16
93
68
31
28
25
11
21
88
27
140
27
46
38
27
18
1
29
121
35
21
118
25
18
47
27
18
18
23
207
31
86
132
17
14
12
538
98
23
4
72
38
94
21
31
28
28
19
19
150
68
17
37
34
29
30
42
19
12
2
33
29
25
21
17
27
42
19
22
60
62
90
13
34
51
24
35
31
99
38
13
3
356
92
84
127
134
19
37
18
37
16
21
35
25
19
22
27
128
46
40
21
50
43
20
32
40
25
30
53
118
453
168
23
21
20
14
399
28
57
48
30
35
67
22
1
25
82
100
32
19
22
275
35
74
39
12
32
17
13
40
63
39
56
11
38
87
24
50
15
6
2
430
79
238
70
87
80
21
91
24
40
20
4
34
193
124
32
29
75
40
49
46
17
889
339
24
147
28
38
33
30
25
53
14
23
108
61
31
55
57
68
156
77
62
45
17
16
25
14
32
40
55
158
100
29
32
37
83
20
45
21
32
67
77
30
40
23
29
7
61
33
328
42
33
82
5
1
75
37
24
108
81
58
28
29
52
20
29
21
1
454
67
98
80
155
58
19
31
16
29
23
19
34
1956
68
28
273
32
191
58
11
18
30
23
3
386
68
276
19
74
120
34
30
30
67
25
69
53
81
19
37
20
259
17
21
21
33
30
30
83
15
40
26
42
31
34
20
23
22
19
36
32
11
83
5
538
29
39
29
29
23
62
13
20
16
25
23
1
10
30
40
21
37
14
1
25
57
31
52
31
20
286
22
91
45
77
19
207
37
39
21
10
1
102
14
28
44
96
24
48
25
19
72
43
17
76
34
53
45
13
50
36
27
44
29
12
15
129
128
16
32
46
80
81
25
15
64
24
24
14
29
18
39
6
24
22
112
15
28
10
1
28
94
76
24
66
36
45
30
37
20
4
34
31
41
21
38
27
37
41
17
2285
34
23
40
9
44
19
21
1
277
115
110
33
28
68
26
30
28
15
30
24
103
36
155
35
54
63
20
20
17
28
19
16
2
139
302
49
100
139
23
22
31
30
139
127
46
61
30
29
19
271
75
47
48
21
30
22
28
42
54
33
45
31
50
2233
48
21
53
38
65
28
49
35
31
36
136
191
26
33
16
13
112
44
61
27
35
26
29
27
42
17
35
24
13
24
127
19
49
32
32
25
14
50
35
15
19
58
29
576
118
6
7
7
19
18
26
617
41
20
69
25
41
27
13
13
1
204
234
51
54
19
56
113
19
73
41
33
44
26
37
22
8
24
11
1
1
68
70
35
58
19
60
16
14
11
10
1
59
36
28
62
35
30
322
26
38
35
33
28
19
23
23
18
29
26
6
49
13
1
15
134
113
91
21
34
10
38
419
148
19
52
53
29
24
85
10
23
219
29
94
147
18
100
35
49
17
1
123
25
60
21
10
25
21
45
49
79
4
25
11
589
76
87
26
32
33
23
28
59
30
6
57
84
70
36
31
53
26
16
120
47
85
40
39
26
80
19
23
23
24
2
1
17
283
499
40
49
47
14
12
21
8
12
23
33
9
5
1782
63
1
61
54
30
35
29
13
11
2
46
24
19
56
25
22
1
1
253
192
31
44
29
22
86
29
29
21
13
2
208
24
13
22
24
27
27
49
39
32
49
41
122
72
31
32
28
12
12
23
28
24
53
31
20
64
42
29
18
3
20
2
39
183
112
27
22
25
52
43
30
23
24
39
33
13
27
21
44
72
48
24
24
15
19
48
93
35
26
31
17
38
40
42
82
46
46
12
39
7
28
61
22
261
19
34
35
17
21
41
28
128
24
39
133
245
22
68
39
21
19
23
25
13
25
23
39
29
154
47
16
25
32
88
51
31
43
46
65
42
64
24
35
42
39
21
35
37
21
23
25
352
50
69
35
24
11
23
25
22
12
22
24
33
41
1
36
26
27
5
362
24
612
38
88
21
31
11
12
93
66
76
88
31
204
76
28
18
8
1
1
100
18
20
57
20
26
26
37
215
36
33
26
17
51
23
11
93
28
41
40
60
23
18
13
15
163
33
453
59
32
20
15
70
38
19
158
64
59
72
81
54
21
43
36
47
30
2562
896
20
24
19
25
38
66
30
11
30
22
31
1
64
22
68
42
17
12
24
32
30
30
18
9
19
179
27
18
62
37
11
28
35
185
26
31
27
19
43
118
20
171
75
67
32
26
38
23
30
17
20
28
47
29
67
59
26
30
165
16
15
202
60
32
190
42
26
21
20
14
30
95
114
173
42
31
34
46
89
42
149
39
86
119
45
73
15
35
44
91
200
74
26
46
50
22
53
25
94
13
26
20
10
34
2
1658
72
124
18
24
31
16
2692
209
288
7
52
25
14
28
34
29
101
33
31
73
42
98
16
28
24
11
24
39
20
33
10
11
128
31
103
50
26
35
19
13
20
34
23
36
28
92
72
14
10
129
182
178
48
70
63
19
38
20
35
37
27
34
46
26
15
19
20
12
185
55
178
46
25
44
20
26
40
39
12
17
98
28
22
44
32
27
58
18
78
27
41
32
18
25
1
631
23
41
17
25
31
18
36
41
32
22
22
24
25
37
14
47
69
52
14
16
28
14
10
18
32
31
24
97
26
2
15
189
54
22
108
21
20
78
72
12
19
18
55
65
82
37
22
51
33
49
17
25
66
42
53
79
19
29
34
35
46
44
19
30
63
24
98
25
974
233
75
157
34
42
3
3
107
43
14
56
12
31
2
24
23
26
198
27
35
35
31
109
36
63
35
47
16
27
27
396
20
47
21
56
40
30
3
30
26
287
84
49
41
25
94
45
37
31
24
5
13
1
22
32
39
244
71
35
19
26
13
22
21
1
25
101
46
19
49
24
22
45
24
19
37
48
1176
549
56
21
31
24
25
27
40
41
27
14
32
26
149
109
30
47
47
27
30
16
14
58
365
75
19
31
27
52
42
2
275
43
33
44
37
6
34
42
54
38
27
26
46
27
39
18
96
22
193
179
39
130
101
54
86
29
29
41
36
92
86
16
39
1
31
52
34
68
30
9
28
14
38
659
56
30
41
41
18
16
771
632
35
40
61
19
21
1121
85
38
63
62
28
19
3
1
306
19
31
8
1
32
55
29
70
27
46
20
82
22
25
30
19
43
7
1
39
312
114
37
43
136
34
19
32
26
38
17
68
35
26
99
50
38
25
27
24
23
42
28
35
25
25
22
238
89
13
295
42
37
22
101
41
14
54
86
727
118
32
42
30
37
37
86
16
17
19
236
64
27
103
22
56
54
29
54
60
75
56
14
178
141
1
232
494
25
78
35
43
31
28
15
188
69
183
31
56
43
37
31
40
31
37
18
46
22
14
1
182
33
28
125
34
202
60
23
40
23
25
37
1
77
436
108
54
838
23
23
26
175
33
45
17
21
20
12
1
1
149
55
26
66
144
1
19
10
21
26
32
14
18
13
20
72
44
20
69
26
80
61
33
51
16
22
1
24
108
21
77
41
56
25
1
35
56
29
18
20
35
74
153
88
119
14
21
51
38
36
48
39
10
1
63
119
30
21
99
57
32
40
52
32
32
12
16
40
41
26
253
158
89
40
42
25
58
29
40
51
12
15
38
4
19
32
346
369
909
87
29
65
162
19
26
27
28
16
31
9
31
74
14
139
21
130
33
47
31
29
76
26
87
32
57
33
28
46
23
15
1
35
100
21
21
28
27
70
26
23
10
74
48
36
14
17
16
34
325
181
374
270
187
61
51
61
39
83
34
48
45
3
25
41
26
16
20
23
210
35
32
27
63
30
16
356
103
107
80
46
27
31
31
1
138
27
55
19
30
157
52
96
25
42
26
21
16
23
67
41
26
1
173
15
37
78
30
34
65
21
30
13
57
88
35
28
29
34
45
36
30
68
32
27
54
19
42
24
1
45
48
44
38
33
24
30
21
73
27
13
26
2
41
24
376
53
38
132
92
31
19
37
40
16
14
16
23
50
29
37
32
17
40
28
31
9
18
22
26
76
44
19
22
58
21
29
14
42
10
20
23
19
32
70
41
70
23
19
26
66
149
24
27
17
60
33
131
26
32
58
31
29
45
33
35
37
20
14
14
1
51
48
26
88
31
32
37
27
55
2
32
29
61
21
17
26
89
61
42
35
50
16
51
58
30
19
28
30
49
78
22
13
21
19
24
33
14
37
59
25
37
44
26
121
14
30
30
26
32
14
31
2
2
71
262
42
57
20
25
25
26
42
18
47
36
7
34
24
21
81
31
22
16
17
23
21
32
58
32
15
23
44
49
16
38
24
37
35
31
27
23
31
57
56
35
55
22
19
17
20
1
29
59
262
38
33
47
22
72
38
33
75
21
12
81
21
76
31
27
43
67
36
38
17
24
10
20
69
138
12
21
76
34
17
28
19
16
27
19
94
195
32
50
190
132
28
118
26
26
41
23
37
26
22
13
1
33
38
19
16
16
5
1
149
138
165
20
57
38
16
50
41
35
53
57
31
35
21
10
18
97
49
42
50
18
29
32
25
49
1
23
58
80
104
28
20
67
69
11
12
2
26
23
70
40
32
18
354
87
84
70
56
82
12
30
27
65
18
35
18
73
52
20
34
30
20
1
504
21
58
43
5
15
35
13
15
38
34
1
313
343
125
57
22
25
120
32
53
20
36
16
12
43
93
26
31
24
31
230
71
64
105
35
28
35
29
20
17
147
142
325
31
13
24
36
30
104
44
32
41
14
21
16
45
23
33
1
29
43
29
33
18
318
116
78
26
41
245
78
20
51
30
38
32
23
58
22
21
7
2
116
610
135
280
97
34
34
21
109
32
28
19
64
81
32
40
21
33
19
35
22
58
20
37
26
16
43
21
28
100
152
21
65
34
16
12
1
367
18
34
19
25
36
14
16
70
29
52
37
19
55
187
44
81
20
14
22
22
26
14
24
28
69
146
91
36
30
154
34
23
24
25
2
1
37
57
24
202
27
33
12
30
36
16
37
14
85
336
80
24
339
58
76
32
25
28
1
75
30
83
16
40
44
26
107
41
39
72
35
17
24
10
23
25
2
76
100
69
181
37
32
20
46
37
125
84
33
17
26
30
22
21
45
27
45
96
17
54
41
29
24
21
42
35
23
9
32
25
87
65
26
18
23
78
20
110
20
53
28
44
6
30
44
19
1490
52
30
45
19
17
24
22
38
241
21
48
45
26
74
19
75
57
17
1
99
32
17
71
28
38
21
22
24
21
72
123
24
41
23
26
14
78
39
57
25
36
25
54
70
29
56
12
13
15
16
1
1
35
28
278
61
49
25
23
77
27
35
13
14
211
102
47
24
26
237
261
95
29
32
47
19
28
43
24
27
80
3
36
13
29
572
150
91
37
25
61
58
36
21
1
1
27
24
105
203
76
85
26
53
34
21
255
368
26
30
42
34
46
24
17
22
10
17
8
1
71
23
143
15
14
9
89
27
24
24
15
33
77
58
30
283
166
30
46
65
38
97
175
18
90
47
17
25
1
1
60
93
22
19
26
17
1
76
38
20
37
58
17
37
33
90
51
33
2
250
174
66
28
31
20
26
14
78
32
40
46
54
17
28
23
23
31
21
90
60
36
32
174
63
30
78
28
33
17
23
16
14
134
39
38
43
124
25
34
794
118
31
28
200
69
25
23
30
18
31
75
13
52
25
49
25
21
15
2
26
1
34
20
28
368
28
18
39
39
31
25
25
26
25
23
41
31
29
13
15
2
1178
82
31
91
40
37
20
32
39
29
8
25
32
28
21
34
120
16
26
14
49
61
14
25
40
75
43
41
26
38
29
1
15
95
49
41
55
32
31
34
7
45
263
11
209
43
40
62
64
24
24
21
33
37
27
30
29
237
16
82
23
52
15
257
35
134
37
23
123
11
29
20
36
24
81
33
23
30
48
178
29
100
40
83
119
44
23
30
23
51
19
24
28
63
79
6
29
28
72
36
56
53
62
36
41
15
7
37
147
24
21
30
26
24
94
52
52
21
28
27
20
17
16
104
44
32
269
22
33
33
38
6
22
21
16
132
28
57
26
40
63
26
86
35
27
24
70
127
25
32
27
17
20
45
2724
292
15
88
20
12
28
44
17
22
53
34
17
59
27
40
29
16
18
21
52
49
25
29
32
20
78
24
19
215
178
45
37
38
101
29
26
40
32
67
39
20
22
26
31
26
30
277
37
15
1
11
71
32
125
50
30
37
24
27
540
81
143
103
122
64
74
36
72
17
23
53
45
8
28
26
24
23
16
23
1111
189
199
84
23
10
37
133
132
54
23
385
40
36
26
22
17
18
15
54
16
29
79
42
81
40
11
159
25
28
23
26
39
59
17
36
19
16
22
24
1
23
1
114
124
280
33
23
19
43
49
42
35
60
1
18
19
21
21
51
10
29
40
23
33
32
9
503
229
185
41
30
53
105
36
56
97
33
21
26
15
37
41
24
65
117
40
28
29
23
12
74
16
36
37
91
21
99
37
147
17
31
32
59
18
20
53
243
35
23
35
29
26
157
104
33
317
31
31
26
74
58
53
19
32
40
39
35
22
19
30
21
433
29
17
24
58
46
47
39
29
84
27
666
44
41
110
31
45
106
38
20
56
25
90
71
33
17
32
1
59
82
28
40
28
1
113
45
16
14
18
12
22
21
26
29
28
100
22
27
104
36
869
25
168
44
30
83
30
21
18
43
26
12
8
5
29
32
26
22
60
36
38
22
16
31
31
32
29
19
27
4
150
50
45
26
92
87
49
25
16
35
18
178
76
158
42
19
22
19
76
390
821
26
99
21
204
74
29
17
43
27
31
54
14
12
29
29
28
33
24
36
21
25
125
13
240
63
26
15
19
182
38
136
133
32
73
198
25
2
56
16
32
29
32
272
25
99
46
18
38
67
16
691
62
88
60
48
74
26
29
14
1
41
19
36
29
20
17
10
18
238
52
39
29
32
37
57
22
34
18
3
18
12
28
86
31
23
40
19
37
13
25
11
95
9
55
35
14
33
40
24
28
7
16
25
23
77
99
36
27
32
27
30
1
119
93
62
101
57
27
20
24
418
90
598
204
54
23
17
37
25
28
2
299
84
27
85
52
34
39
40
51
38
13
51
44
31
36
187
32
90
255
20
14
31
31
36
84
23
16
43
34
21
4
233
45
39
27
19
37
21
1
33
362
126
31
15
19
38
16
1
16
712
218
48
35
24
135
79
33
70
50
17
41
63
101
34
60
43
37
15
292
22
11
35
75
20
20
17
1
30
217
68
98
42
28
34
38
32
46
15
394
48
23
102
24
72
17
22
76
24
42
16
20
9
1
1
123
64
1229
114
75
58
22
59
27
33
19
62
21
21
26
8
19
91
128
91
78
40
19
24
20
17
31
1
97
282
66
37
151
33
23
27
13
34
41
39
16
18
32
16
1
23
23
63
30
20
38
49
34
33
5
40
26
24
58
47
43
12
1258
268
114
18
30
24
28
1
26
103
77
25
49
83
16
23
32
26
26
1
34
262
67
80
14
25
25
46
19
15
22
157
23
20
121
21
43
30
19
16
166
19
40
44
22
19
143
133
128
33
56
23
18
40
24
46
90
512
72
72
22
16
28
69
132
28
21
21
82
27
4
19
33
40
30
47
16
22
20
89
27
58
52
10
21
15
26
454
47
34
35
54
56
22
14
217
35
28
95
34
32
25
27
30
23
9
2
17
14
22
27
31
92
67
30
23
39
20
46
16
460
34
22
39
26
31
33
1
27
21
44
36
23
27
41
24
77
29
46
27
26
49
44
22
23
32
34
55
21
27
71
17
28
26
21
35
124
39
52
15
55
46
30
27
27
925
48
194
42
25
12
55
38
57
30
28
18
42
42
146
45
23
107
27
28
43
51
40
18
29
34
19
37
37
24
21
18
22
26
108
35
64
34
25
12
25
1
675
61
45
47
21
32
60
22
18
23
3
27
18
6
146
16
19
34
41
28
41
36
25
13
53
25
64
23
20
20
31
29
12
46
1
59
89
24
49
48
46
32
80
32
59
20
41
20
21
24
8
5
46
19
42
28
27
28
100
61
29
26
28
45
35
31
14
6
1
24
40
65
11
32
17
13
2
9
21
40
7
5
1097
23
37
36
52
29
32
1
105
20
118
46
24
54
42
43
29
21
347
61
23
50
45
71
42
19
29
23
1
106
22
133
33
92
42
24
225
56
31
46
29
26
38
2408
154
48
74
26
23
19
31
205
36
28
27
41
17
30
15
27
76
43
35
80
25
22
25
17
968
31
21
30
62
42
41
10
26
28
79
13
22
21
2
28
57
35
25
113
189
43
31
38
31
27
19
29
118
115
53
395
84
69
67
35
35
52
26
32
29
13
43
14
149
71
95
160
34
52
69
1
45
43
72
84
112
32
237
20
25
32
85
19
62
22
31
19
16
19
10
14
48
69
27
18
20
28
26
29
348
20
93
55
30
56
17
39
23
2
1867
877
33
47
70
45
26
45
35
24
1
18
190
36
42
36
27
39
24
34
33
21
567
19
76
49
79
101
29
71
36
20
31
74
21
18
36
23
1
1
98
20
28
49
225
18
19
22
26
12
19
76
79
33
89
24
22
68
17
43
15
20
2
1099
341
142
172
242
40
73
391
49
39
15
20
58
52
32
26
41
82
37
47
38
33
33
109
36
162
81
502
119
24
88
24
42
145
54
38
56
24
48
16
92
58
44
61
67
11
52
12
37
1
139
97
77
45
33
24
18
22
35
40
32
31
23
43
81
206
44
15
19
31
28
9
21
59
97
48
52
81
35
31
46
15
197
20
15
30
19
215
302
62
33
21
34
38
75
53
31
31
60
25
50
26
33
23
1
14
26
37
76
40
52
25
40
38
66
56
28
41
7
3
55
30
31
36
25
30
645
30
46
33
63
31
17
41
30
40
42
1
205
308
142
118
32
57
56
25
16
51
24
30
26
19
53
23
32
29
22
57
17
37
24
26
34
43
30
44
19
5
81
37
23
53
59
86
23
59
33
50
9
36
36
22
13
24
17
30
31
35
23
1
112
18
21
22
48
30
20
89
17
48
35
1
15
26
359
13
110
26
24
34
46
25
11
21
350
21
10
72
28
64
30
30
27
20
9
14
24
2
457
36
50
49
88
18
25
2
105
118
40
32
67
30
35
21
23
24
40
31
1
101
85
52
30
25
29
29
210
21
25
45
81
9
681
146
25
29
40
10
1
19
36
41
19
12
9
1
17
1
1
1
942
50
71
52
23
95
31
68
60
27
83
50
8
30
22
50
276
67
65
43
31
39
2
226
78
59
37
146
33
15
6
23
50
28
16
22
14
1
67
164
76
126
21
27
30
45
25
32
81
81
44
46
133
18
47
15
28
19
17
70
42
484
99
1040
27
36
25
66
45
17
103
22
53
26
24
941
309
39
63
234
290
13
36
43
21
29
41
45
15
17
26
196
511
76
81
196
481
88
27
31
21
72
38
56
18
110
234
178
1596
39
49
66
82
22
45
23
4
301
51
52
64
38
19
19
21
28
27
1
548
27
30
115
60
64
119
29
76
29
28
40
26
31
62
18
20
23
4
1
26
84
22
66
43
31
18
59
17
13
25
22
26
31
20
1
25
179
26
48
5
24
38
17
21
43
86
61
15
46
71
24
49
22
7
15
75
106
53
28
42
24
1
171
120
114
17
48
27
28
27
35
22
27
18
35
77
16
73
80
75
41
40
26
25
20
20
114
29
36
1
161
13
44
42
74
133
47
16
19
17
23
50
34
26
18
12
20
6
41
34
257
38
124
20
53
41
40
21
62
90
47
63
28
31
17
25
8
21
69
154
45
27
35
48
25
23
26
26
37
53
26
14
1
91
14
69
22
20
35
19
12
7
102
196
44
82
71
37
17
6
68
26
137
24
59
58
106
174
93
31
17
26
34
22
53
56
38
15
32
19
14
88
19
27
26
28
43
54
38
79
38
18
23
95
218
482
11
107
190
22
47
76
39
83
34
40
88
33
24
46
10
18
22
18
21
92
70
14
28
46
33
31
2
18
27
147
18
19
19
8
42
40
48
70
44
26
19
24
37
23
52
39
147
106
162
38
37
37
19
41
21
10
25
99
29
21
129
47
35
15
22
33
14
1
1512
125
109
38
88
94
6
52
52
23
52
41
20
133
35
27
91
88
44
43
59
28
22
18
12
18
266
28
181
35
25
31
50
19
31
26
1
332
28
115
29
25
61
94
32
23
818
317
27
42
44
26
19
22
92
80
19
1332
84
23
30
17
22
28
26
17
20
3
1
39
13
26
60
23
39
81
331
989
63
61
20
24
44
22
91
73
25
31
26
1
298
17
14
36
21
36
33
31
48
25
35
15
28
31
100
42
30
29
17
26
12
23
41
237
36
18
16
19
19
23
33
45
27
18
3
28
28
96
87
19
22
21
34
24
36
45
101
157
34
23
37
55
51
43
47
1
51
15
23
26
32
29
26
26
24
901
26
31
27
59
23
19
6
18
2
185
136
39
34
110
18
17
245
512
19
49
28
30
51
52
52
9
40
16
33
1
65
31
64
22
5
674
70
19
192
22
44
36
26
11
1
78
39
49
17
15
21
49
35
10
5
4
88
37
179
6
17
28
14
194
168
53
24
24
43
28
33
23
26
20
92
254
124
19
97
25
86
32
18
10
112
28
24
18
28
50
44
20
19
24
21
16
43
107
16
28
30
33
46
27
19
19
165
23
29
111
27
33
37
23
25
7
35
23
15
180
47
30
111
46
21
41
31
65
103
26
33
92
31
28
59
120
13
39
29
36
21
22
37
136
21
43
124
30
19
20
22
21
489
59
52
33
16
70
88
1
95
15
14
46
45
34
32
15
27
29
17
10
20
22
76
133
33
42
1
57
134
19
10
20
32
37
23
14
51
146
12
13
77
40
28
9
1
93
347
20
37
5
18
26
1
18
52
19
23
58
56
35
56
43
51
24
21
15
3
23
178
31
47
48
38
22
21
67
14
37
20
21
66
29
56
39
35
32
16
38
28
12
770
27
61
80
27
10
104
16
40
23
20
20
11
1244
110
562
33
32
40
202
27
15
26
23
306
20
134
191
18
73
53
53
69
72
21
35
21
18
23
24
68
106
25
65
28
33
22
29
19
20
23
1
345
56
73
19
20
20
33
27
98
276
88
78
21
24
23
17
50
22
19
16
17
69
27
11
44
42
77
28
35
34
18
35
24
14
25
441
51
86
24
12
77
22
19
37
1
57
25
41
54
56
135
36
158
51
33
17
22
37
35
36
31
30
135
73
19
17
19
52
33
20
16
40
13
25
112
98
179
80
37
171
22
28
24
13
16
18
1
51
163
131
23
103
84
64
24
11
1
3
49
624
72
32
35
28
21
22
9
35
79
201
170
59
27
31
39
113
9
28
21
26
25
14
27
19
1
99
40
37
127
19
71
41
72
25
90
78
18
12
980
74
40
53
65
51
28
44
93
19
21
7
21
1
1
27
19
49
53
31
25
37
26
13
13
34
25
21
23
19
10
94
119
349
50
25
16
30
18
21
26
32
38
15
3
8
16
18
46
35
21
38
38
31
24
12
14
4
1
79
27
15
31
23
349
26
49
48
34
33
21
20
67
39
30
62
36
26
28
42
18
28
21
43
35
30
28
69
46
80
40
18
44
397
32
118
81
11
28
42
25
11
181
29
83
29
27
70
20
6
55
21
17
117
40
28
21
17
28
18
20
11
432
27
334
88
25
21
77
27
46
109
76
81
13
40
6
20
66
86
47
54
58
34
20
23
36
21
30
15
45
71
39
44
61
33
23
25
26
47
25
46
16
15
25
38
26
71
180
39
45
44
31
26
73
44
19
88
238
28
76
32
16
498
98
30
25
35
40
15
25
16
30
16
65
28
23
336
34
39
64
18
24
27
27
27
1032
91
72
35
5
25
63
40
22
160
78
148
51
34
65
109
29
9
24
19
38
24
262
83
43
36
25
43
29
37
30
29
81
29
35
43
33
26
92
73
41
40
16
2
126
42
67
77
181
31
35
27
3
21
21
124
257
458
222
22
50
120
27
40
90
62
86
115
40
14
57
24
12
645
2065
21
231
94
69
20
23
145
98
38
85
44
25
34
34
31
27
43
42
1
369
79
186
69
100
73
11
204
88
71
33
127
32
13
29
17
29
29
19
31
4
62
30
53
155
37
27
54
33
37
36
38
20
33
14
40
6
45
18
61
15
31
18
61
80
24
19
33
27
29
9
33
30
1
161
15
29
393
115
151
85
45
61
26
15
31
33
16
32
19
3
54
57
91
19
57
34
49
20
22
30
28
16
23
17
48
32
31
137
28
26
35
57
37
27
1
54
161
67
60
57
22
29
24
41
24
25
72
67
78
318
159
38
69
19
38
45
285
28
26
29
67
27
28
27
29
1
1
83
53
66
11
22
25
19
18
1
1
96
37
22
19
66
1
44
2744
507
77
16
17
62
39
23
47
20
37
66
17
18
33
27
3
416
1329
172
41
70
29
95
27
10
39
20
29
14
28
454
202
64
53
67
39
14
28
39
21
30
17
52
397
26
32
79
46
124
28
42
97
23
103
16
19
21
32
38
96
16
19
22
24
251
28
47
21
43
28
214
21
33
34
16
31
253
32
71
27
82
42
37
99
29
40
24
19
32
35
12
65
38
19
30
26
18
1
1
30
48
438
36
54
70
18
81
21
23
39
54
27
30
54
15
18
16
228
38
80
148
15
20
13
52
18
2
143
54
59
11
12
61
31
13
21
88
34
15
31
26
44
14
1
2
81
102
21
30
358
30
50
35
33
41
28
37
18
33
35
33
28
70
77
233
102
43
27
26
24
15
29
201
18
31
16
38
2
22
16
115
40
44
64
129
34
43
36
25
36
16
39
38
41
22
53
20
23
39
22
6
1
50
232
47
41
23
7
34
21
73
18
430
26
50
40
34
35
15
21
47
24
12
29
140
208
26
489
32
64
38
31
24
17
90
35
15
29
14
62
24
35
41
27
23
1091
47
121
29
34
18
32
26
9
92
16
36
40
44
20
16
134
587
93
29
54
25
44
22
2
68
12
42
24
16
21
17
26
22
18
149
375
32
34
40
86
4
5
776
55
65
13
34
29
57
68
23
23
13
32
35
19
39
24
20
17
39
17
1
46
2143
38
27
107
37
28
19
29
52
26
49
80
19
26
23
32
64
25
30
19
23
16
374
94
100
35
37
21
22
1
1109
22
169
600
235
31
27
31
27
28
32
1
169
98
36
46
31
29
28
44
42
70
95
13
34
21
22
23
21
29
12
73
64
46
33
27
35
58
26
1
113
42
85
32
24
36
42
23
147
163
12
22
1
155
24
61
537
34
57
14
90
7
23
97
42
125
118
93
20
50
26
17
19
20
25
29
29
32
16
25
19
27
18
37
8
20
23
299
29
27
20
40
38
17
130
723
27
24
31
16
136
19
22
27
1
8
51
25
31
194
12
70
50
19
29
27
29
22
33
119
26
22
62
17
71
43
60
23
18
15
28
16
20
37
947
42
27
26
20
35
111
58
41
79
69
16
17
8
25
1
29
84
24
367
23
174
28
19
44
75
101
45
15
776
31
86
20
16
1
25
34
14
1
86
88
36
27
27
32
21
35
1
1
50
120
106
24
39
17
4
25
75
20
24
27
20
14
22
49
16
19
75
219
114
93
177
30
10
28
2
3
612
35
218
41
47
60
47
27
27
7
7
39
55
17
33
19
10
31
19
69
193
34
27
18
24
142
53
18
18
9
12
20
116
16
59
21
1
19
16
15
19
58
34
66
35
18
33
23
43
27
18
21
23
26
31
1
184
49
34
25
29
25
24
247
29
59
124
8
18
38
41
27
21
24
36
16
21
18
14
24
40
7
104
37
16
34
30
21
68
17
153
75
27
21
35
46
24
18
23
9
36
624
1070
32
30
51
129
22
27
45
41
44
145
25
30
15
35
23
25
37
65
27
106
80
33
32
164
25
102
26
31
29
1
563
54
166
26
24
35
47
45
22
39
34
116
65
32
21
23
27
34
208
79
134
58
113
24
31
29
38
4
326
38
94
267
82
125
33
1
38
53
24
24
25
122
26
33
111
30
58
17
22
25
1
1380
36
12
30
43
1
2
774
26
44
51
29
18
91
22
53
61
27
63
64
41
35
1
691
51
65
27
6
46
236
78
59
20
59
39
34
71
20
24
25
90
79
14
39
86
52
109
53
101
91
23
71
98
102
53
20
61
29
54
21
31
59
27
35
48
44
26
13
21
25
47
23
71
51
64
36
25
31
81
27
22
25
5
2
826
44
25
22
54
26
2
1030
2130
25
44
31
128
59
134
18
55
275
22
144
29
37
16
15
23
15
21
39
28
1
42
37
69
58
20
34
38
21
302
205
57
21
75
43
10
27
18
15
8
20
19
24
40
15
20
16
146
107
78
23
30
28
21
26
24
17
29
27
13
14
18
18
1
24
34
39
28
16
42
28
15
24
33
69
121
80
15
38
61
30
32
23
18
22
77
104
24
41
17
3
2
59
20
22
40
33
31
24
35
15
350
36
28
29
25
37
52
34
42
31
26
29
17
29
22
11
51
23
80
25
29
44
58
81
33
28
32
157
11
28
31
16
17
25
104
57
26
43
14
26
24
20
16
1
2540
339
25
30
64
96
90
16
30
44
35
1
42
45
56
36
25
10
26
58
40
53
54
64
106
36
105
31
25
31
49
25
125
110
34
35
30
42
46
33
23
46
52
156
103
156
92
55
38
44
17
37
20
37
130
20
32
37
30
62
26
64
33
31
27
49
38
42
318
42
39
28
144
321
180
65
33
58
36
60
23
25
56
23
79
53
52
13
20
44
21
16
17
39
181
16
25
31
32
35
48
110
47
33
31
31
234
114
33
30
34
43
27
12
244
193
25
82
87
30
18
74
53
49
24
43
1
23
11
1
122
59
37
16
15
13
28
16
1
183
755
26
31
29
29
51
65
44
45
28
20
18
1
1
55
25
80
27
189
241
83
83
38
172
32
26
18
23
28
55
40
32
27
90
21
16
57
18
9
153
61
26
30
35
95
69
20
25
138
52
108
41
69
28
22
41
18
20
51
24
6
1
519
34
50
28
20
21
43
70
28
16
55
20
40
61
80
81
108
154
25
145
47
26
54
20
44
23
190
40
37
26
27
11
1
49
34
113
36
22
29
32
44
60
16
31
22
17
18
19
1
128
111
25
246
250
50
28
31
20
36
31
20
17
15
21
1
131
21
1
12
27
15
4
26
28
55
148
21
87
73
47
29
26
24
12
6
287
423
23
83
54
28
29
26
60
30
20
14
57
18
48
62
26
19
43
33
35
55
33
40
13
1
22
18
93
22
24
67
28
98
95
62
23
46
35
104
59
28
26
53
29
21
37
16
16
115
191
72
47
29
50
35
15
25
25
22
21
22
41
191
25
54
404
32
38
15
15
33
2
1
21
37
65
25
36
28
37
195
85
21
69
25
22
10
18
151
131
62
87
19
46
23
160
22
1089
28
209
23
31
93
75
35
26
55
19
22
13
30
66
6
77
75
69
60
71
24
21
273
450
23
21
27
34
21
35
42
139
17
1331
71
23
98
35
22
31
1
110
53
14
21
23
442
73
17
28
76
45
69
23
22
26
52
41
25
12
66
35
94
52
46
109
22
67
104
45
60
33
59
67
27
26
55
32
35
13
28
15
10
2
21
32
31
109
20
102
25
2
16
29
57
22
18
25
10
53
33
147
190
32
31
36
36
62
26
15
48
67
196
41
25
43
25
43
17
21
19
16
23
171
39
27
19
25
20
23
247
55
21
13
2
35
612
112
539
50
24
26
39
31
78
22
39
36
20
59
37
22
31
40
31
45
49
21
33
2
32
28
161
119
114
51
43
66
23
59
27
57
23
13
22
116
19
81
28
96
63
31
42
25
41
21
17
22
78
36
53
95
9
46
79
1
249
384
53
39
25
32
20
21
41
14
129
368
33
27
22
11
41
166
27
54
55
24
38
35
44
631
323
155
546
73
89
44
79
29
56
29
30
29
22
13
1
200
25
208
76
45
10
35
25
20
7
42
116
13
40
16
25
8
19
26
23
16
2
26
125
59
26
25
21
8
43
337
32
37
21
1
1
35
11
36
34
18
11
13
1035
46
25
58
117
108
22
30
18
48
116
23
24
65
52
41
113
76
82
31
16
38
22
23
16
34
1
56
27
41
34
34
148
17
27
57
37
28
15
17
1882
335
103
29
186
67
26
22
19
23
36
54
51
18
120
440
25
35
34
27
43
8
22
9
98
14
9
19
284
159
28
81
40
89
9
64
22
32
30
1
220
26
182
35
39
23
17
17
16
59
119
42
69
69
15
27
41
27
14
37
139
146
89
54
30
24
20
40
37
33
42
23
14
21
16
13
1
358
19
20
31
38
32
21
56
28
12
13
201
95
25
37
29
16
18
14
19
4
34
27
203
79
24
39
15
15
45
221
213
53
119
57
28
44
48
38
86
11
28
34
247
23
29
30
18
49
23
51
28
36
2253
44
39
101
34
28
20
43
21
668
27
21
22
26
24
37
30
11
70
21
41
55
35
1
76
32
108
16
19
47
37
22
129
103
197
19
92
41
22
13
528
48
38
44
64
20
112
27
35
21
41
51
301
51
30
26
27
50
28
24
51
63
18
3
81
23
86
16
34
40
57
29
23
2
37
20
34
16
30
35
36
16
31
312
58
94
54
68
32
27
29
24
241
106
33
23
136
40
37
59
28
36
18
19
4
1
24
70
20
48
63
40
30
30
23
9
21
28
37
35
68
21
57
24
15
15
45
50
21
13
20
37
262
40
23
51
38
24
29
23
22
44
77
27
29
30
34
30
20
26
16
54
98
45
99
132
35
19
62
26
1
28
32
18
296
30
44
67
29
27
22
19
166
28
68
36
23
23
15
2
996
268
84
264
14
14
35
50
46
22
38
28
48
18
26
60
169
177
29
91
71
52
30
28
33
44
27
21
48
28
37
2
17
19
3
20
1
85
20
13
31
8
30
33
1
60
78
25
45
38
29
175
47
40
73
33
25
20
34
28
16
34
19
25
11
31
58
73
14
54
31
24
20
55
29
70
19
256
337
37
273
17
4
29
100
22
40
22
23
21
29
43
772
687
57
43
33
22
27
18
226
63
84
246
81
9
120
24
13
24
12
37
34
27
18
89
34
45
23
43
25
39
13
25
178
13
37
22
46
46
29
37
13
21
1
85
88
24
42
137
33
17
31
103
25
22
46
93
22
48
18
13
7
640
71
770
31
10
41
30
41
38
24
29
37
36
42
45
17
110
322
20
131
26
29
33
18
220
21
252
93
54
22
28
14
9
18
1
18
102
24
23
27
23
36
32
17
47
60
32
52
69
30
23
22
34
20
58
35
33
29
467
26
23
42
17
5
593
21
226
514
185
57
28
43
47
71
27
54
34
18
32
38
30
36
96
39
74
23
17
47
43
44
19
22
30
142
19
63
97
62
28
64
29
29
19
25
34
34
32
128
22
107
26
38
22
6
1
33
27
35
21
17
3
1
5
165
29
22
28
53
31
32
19
19
170
46
31
84
76
24
22
37
29
98
17
65
23
15
21
14
25
30
14
29
34
31
23
69
31
32
38
42
1
1
247
44
33
121
50
14
189
41
17
34
149
40
26
33
51
18
11
6
87
31
66
29
28
41
36
12
47
211
42
17
26
33
14
25
15
16
493
31
23
40
46
64
21
17
23
54
26
20
41
24
32
30
39
165
32
26
21
15
18
50
26
66
17
15
51
28
25
24
9
2
366
27
102
15
66
19
20
26
25
21
17
66
87
109
28
22
14
32
218
35
20
87
60
21
21
20
628
44
34
32
182
29
26
199
73
37
19
18
54
25
52
1
807
55
45
462
53
217
16
80
28
47
51
26
28
745
118
23
15
26
1
97
19
36
58
38
36
151
38
11
27
47
24
22
62
40
28
22
