4576
3309
3140
3612
1133
1979
1938
3968
1739
2269
2094
1783
3056
3239
1590
5180
2704
1
4923
2962
3863
2169
1853
3116
1914
1637
1218
4312
3573
1474
3457
2954
1752
3045
3088
1868
2369
1888
1760
3515
2581
1789
2982
2024
2879
3362
2387
2136
2755
1528
1534
2068
2013
3192
2680
2267
3391
2227
2018
2877
2990
1868
2654
3363
1695
2229
2550
1411
2642
2160
1696
1387
4701
3184
1703
2612
2095
1475
2321
2306
1516
1742
3452
2460
1973
1550
2055
2006
2274
1988
2571
1719
1607
2650
3162
2073
4308
3577
2455
2900
2530
1648
1852
2771
1614
2189
3363
2333
2773
2140
2972
2510
3881
1494
2891
3322
1672
3844
1766
2275
4864
3021
3626
4259
3894
3167
824
2922
2264
1635
1064
5230
2655
3969
1493
2423
4821
3064
2241
3035
980
1629
2067
3257
2561
3459
2573
1853
3947
1870
2068
3064
4821
1537
3177
3171
2477
3461
1947
1854
2706
3325
1680
2222
1971
2012
2446
3704
1735
2390
3135
2360
2383
3177
2325
2143
1803
2343
1595
1
3819
2330
1736
2294
3700
1891
2008
1822
2841
1214
1806
4016
2063
2231
3192
2462
2143
2334
1273
2135
2137
2715
3033
3438
1183
3264
1744
3926
2215
5675
2210
2559
1389
3937
4768
3117
4203
3682
4058
2959
868
1582
2823
2051
1429
5559
2326
1293
3417
3175
1924
3423
2538
3312
3050
1523
1567
3141
3177
2573
3320
1992
2928
3037
1920
2296
2822
1490
1277
1814
1880
2099
2092
2665
2195
3025
3929
2026
1930
4029
2745
1111
3671
1873
2341
2281
3431
2173
3401
4484
3490
2381
2014
3439
3350
1096
1737
2341
2252
1555
3748
4137
1964
2504
1529
1888
2447
1970
2248
1220
3846
2282
1757
2168
2178
2189
1350
1398
1713
2446
2328
2154
1523
1565
2642
1
3050
3238
1597
2947
3061
1877
2695
3772
1418
2319
3666
1900
3827
2027
2031
3083
2391
2411
1835
3771
2279
3371
2325
2189
1935
4009
1941
3442
2307
2136
2186
2067
1552
2080
2030
3596
2259
2003
2037
2422
1423
4844
3041
2198
1490
1527
2670
3164
2031
2690
1686
2528
3671
2842
2833
2210
3733
1798
2354
4157
2128
1600
4996
2889
3569
2734
1582
3742
2113
2030
3753
4132
3632
2329
1923
1
2396
5488
1
2614
3165
2106
2112
2544
3229
2867
2672
2346
1377
2366
2329
1813
2086
2729
3070
4693
1653
1539
1809
2784
1805
1487
1848
3127
2910
4972
2913
3970
2109
1806
3054
2048
2783
3227
3000
1658
4114
3771
3511
1539
2835
3463
3529
893
3688
2301
1896
2242
3677
1966
4228
2086
1571
2494
1656
3735
3914
2429
1542
2776
5109
1458
2812
3615
3392
2559
1934
1977
1388
2020
2500
3287
2491
2107
2766
1428
3691
2995
2411
2479
2157
2064
3664
1728
1439
2586
2132
2785
1506
3594
2491
2826
921
1647
3844
1868
2173
2774
3442
1669
1927
3025
357
2576
1375
1899
2884
1727
2083
2881
2921
1527
2273
2274
1811
2511
3728
1646
2166
2343
1886
1490
2086
3593
2206
2290
2432
1813
1350
1766
3885
2234
4221
3664
3634
2444
1807
1821
2685
3379
3325
2296
2264
3162
2994
1729
1884
1631
3090
1280
2467
3392
2026
3041
2511
2333
2680
2292
2913
4997
2888
5096
2789
3684
4201
2760
1345
2555
1225
1004
2793
1773
2315
1646
2633
1499
2107
3131
3089
1665
1592
3651
2642
2659
2767
2459
3486
4399
3627
2604
1654
2300
3763
1822
1670
2081
4134
3920
1943
2022
3463
2466
1956
2379
3557
1948
1
3890
2488
1507
3194
2911
1780
3247
4638
3563
2144
2178
3616
3183
1086
3401
2348
2136
2138
4028
1719
2896
1955
3034
1889
3944
2052
2916
1732
3237
3821
2965
1099
3642
1767
2476
2306
3114
2465
2879
2027
1659
1320
4053
3831
1
3846
2049
1990
3286
2785
1814
3509
3261
1115
3715
4170
3969
1913
2003
2337
3277
2271
2877
3114
1894
2279
3152
2454
2106
1070
2638
2071
2554
3514
1817
2012
2159
2218
1496
4053
3832
3531
2294
2060
2101
2808
2976
2874
1921
3090
3149
3367
1369
2863
1601
3420
1
4408
3477
1862
2453
1963
1607
4312
3573
3785
2025
2075
1812
1864
2113
2096
3102
3568
1215
3724
2033
2128
2582
1751
3552
3264
2275
2346
2105
1942
1440
2398
3373
1362
3149
1
2365
3342
2178
3238
2281
2366
1805
2389
3691
2091
2449
1491
1854
3633
4252
1518
2346
4021
4078
3807
2922
2392
2570
1
1418
3658
2809
3686
4199
2805
3529
1551
2701
3347
1837
3494
4391
2955
1326
3604
3191
1337
1903
1453
1
4079
1657
2149
3229
2368
2288
2227
2100
3558
2530
2507
2848
3534
2639
1711
1
3996
3889
2348
3545
1992
4663
3222
3090
4795
1793
2983
1385
1724
2205
1922
3758
2274
3724
1887
2824
3129
1931
1
3687
2270
1928
1292
1730
2083
2780
2635
1811
3439
2445
3820
1620
3379
1582
2924
1247
3979
2659
1578
2790
2619
898
2008
3358
2519
1466
1910
2413
2096
2173
3568
2144
2524
1702
1301
2357
1
3499
2753
1633
2473
1242
2565
1605
3925
1471
2489
3187
1781
2917
2939
2115
673
2158
4070
3815
2121
2950
1294
1520
3416
2296
2173
1636
1856
2115
2278
2725
1935
3225
1949
2599
3337
1388
3390
3107
4511
3374
7885
2408
1548
3929
3146
1970
2769
4925
2960
4142
3743
5519
2366
3326
4559
2712
1319
2442
1412
2529
3821
1535
2060
2719
1941
1165
3575
2647
1663
2765
2338
2782
3396
3364
1125
2666
1841
3378
2732
982
1212
2959
1344
2174
1619
2748
4631
3254
4752
3132
1
2140
2048
3697
4191
3694
2511
1600
3774
3368
4517
2191
1316
2087
2291
2772
1600
2097
1416
3905
2658
1322
3806
4079
3689
4196
3175
2508
2202
3104
1345
2004
1432
1950
2884
1275
1776
3332
2808
1745
1833
2565
2722
765
1923
2034
3928
4099
3786
3715
1620
2550
3621
2205
2059
1716
3011
3158
3658
2421
1806
2661
1427
1926
1871
3709
1925
2251
2608
2205
3072
3820
4065
1772
1896
1467
2750
3054
3224
1607
3132
4753
1742
2288
1336
2519
2298
2624
2963
1851
2340
2080
1614
3409
2828
1647
1
2250
2829
2806
2888
2280
2717
2309
2946
1325
1305
1757
1344
2800
1984
2491
1815
1251
2328
3841
2286
1758
1444
2741
3700
2997
2786
2102
2130
3796
1959
3285
2318
2282
1916
2477
3492
2370
3025
2490
1700
2230
1769
2186
1420
3077
3388
2368
3095
2422
1584
2709
2286
1306
2619
2918
2348
2218
2086
2196
1385
3092
2923
1870
2504
3095
2286
3826
2358
1701
1889
1629
2268
2099
2054
2833
2998
3565
2899
1421
3514
2389
1982
2279
3993
1613
2376
2475
2179
855
4368
3516
1
3801
1810
2274
2898
2985
2002
2003
1826
1773
2283
2127
2357
2842
559
1629
2268
3988
4751
3134
4412
3473
2391
3178
2316
2165
2204
3516
1506
2905
3474
2208
3935
1742
2780
2349
2756
2125
3896
1864
2477
3701
1707
3366
2323
2195
1
1750
2435
2061
1638
1
2154
3862
1869
4694
1462
1729
4138
3747
3823
2008
2054
2608
2232
1807
1238
1805
3458
2622
1934
3709
2242
3309
2302
2274
2207
1581
2235
1862
1617
2096
2307
1865
2227
3497
2161
4632
1882
1371
3721
2057
2107
2933
3373
1579
2533
1482
1890
1980
5089
2796
2620
3530
1735
3829
4056
2337
2793
2755
4375
1942
1568
2037
2626
3222
3793
2919
1173
1758
3730
2397
1257
2129
2590
1908
1
3526
2634
1725
1694
3240
2949
2
1725
1935
2864
1361
2026
2514
1979
1366
3648
4237
1634
2428
3821
2
4100
3785
1369
2753
2276
1487
1388
3067
3430
2043
3388
2454
2737
1891
3257
2343
2391
1847
1304
2440
3429
2016
3007
2120
2758
3256
2280
2349
2108
2326
1952
1499
1901
1582
1185
3217
3888
3997
2265
3481
2139
4562
3323
1942
2141
3802
3402
2812
1671
3833
1705
2347
3759
4126
1304
1674
2047
2860
2791
3319
1775
1748
1541
2289
2306
1
2239
1778
1554
2314
5369
2516
3039
3564
1282
3723
2351
1811
2117
2074
3694
4172
3713
2792
3801
1292
3123
2134
2628
3963
3922
2741
1953
3191
1676
2567
3642
3127
3267
1491
1341
2794
2315
1434
1
1636
1939
1996
2314
4027
2047
1811
1421
2086
2239
2139
3316
1781
2788
1936
1506
1668
2775
2883
1668
3334
1353
3411
3121
3911
3974
3167
2408
2310
3508
3011
1366
2328
2957
2598
2
3802
1387
2696
3717
2488
1679
1
2639
2876
2370
3106
3650
1129
2932
3315
1638
2446
3578
1861
1959
2298
1555
2073
1444
2662
2491
1288
3418
2667
1800
2577
3665
1643
2809
2009
1570
1497
2916
3364
1605
4606
3279
2438
1665
2058
1724
2151
2604
3130
2658
3852
1375
3713
1980
2192
2888
4997
1386
1779
1192
1866
1662
2593
3138
2154
2456
1322
4107
1287
1329
2378
2891
2399
2414
1261
1811
2721
2988
2176
1861
2465
1638
1921
4052
2149
1681
1
2
3493
2114
2278
1559
3869
2457
1885
2693
1875
1432
1618
3148
3119
1959
3881
2045
2496
3956
1433
2961
3564
1360
3717
4168
5040
2845
3089
2699
2097
2492
3599
1794
3418
4467
3681
1752
2452
1447
2586
3852
3903
1668
2314
1627
2211
1980
2067
2702
3370
1813
1123
2020
2748
1994
2115
2282
1118
2370
1446
2503
2423
1513
1330
2259
2447
1849
2578
2623
2684
3053
2267
2565
2862
3135
1888
5228
2657
1903
2925
3057
3566
2504
1815
2215
1524
1430
2716
1584
2940
3360
1
2821
1347
3717
2874
2841
2170
2538
1554
2043
1750
2404
2429
3052
3386
4499
2648
2734
1175
1328
2987
3095
1802
1
3190
3188
1507
1955
4048
1882
2044
4172
1668
1
4280
3605
3304
2853
1728
3560
1964
2361
2091
3553
2241
3590
2312
1981
2
3069
4816
4051
1614
2220
1665
3667
2553
2227
1528
2169
1961
2147
2729
3009
2081
1184
1863
2757
4977
2908
2411
1562
2104
1808
2521
3069
2295
3170
3523
1192
2841
3530
1514
3642
1783
2460
2093
3153
2639
4428
3457
3972
1766
2147
2128
3729
2028
1762
2576
3547
3139
2878
1868
3493
4392
3303
1702
2880
3258
2301
2326
2099
2203
3583
2880
2305
1409
1291
3279
4606
2911
1612
3362
1400
3169
1857
1459
2434
2059
3392
1873
2872
3140
1752
2568
3565
2755
3370
1760
1796
2697
1790
1601
1
1558
2264
2087
1976
3717
1102
3066
2246
1701
1241
2697
3785
4100
2012
2860
3013
1675
2631
2282
1297
3186
1539
3159
1
2135
2000
3750
2411
4010
1464
3317
1468
1919
1181
2853
2135
2897
3225
2639
2021
3496
2426
1963
2394
1947
2298
1246
2551
1333
1675
2326
2067
1198
1899
2721
2668
2819
2398
2152
2255
3478
2047
3538
2300
2300
3585
2000
2750
3699
1436
3761
2416
1708
4589
3296
3324
3168
1393
3733
2523
1629
2122
1941
1425
2397
2181
3554
2150
3119
3372
1393
1
2874
2260
2751
2012
3716
2157
3631
2498
1756
3825
2617
1443
4491
3394
1445
3974
2466
1633
2037
2197
2017
1
2154
3928
1803
3880
4005
890
3720
3275
1807
3362
2716
2317
3535
2033
2725
2228
1783
1149
2499
2719
1239
1428
2916
2547
2422
4935
2950
2505
2137
3243
2007
3550
2328
2034
1562
2423
1866
3850
1831
2203
1
3738
2935
1212
2125
2055
1832
1873
3528
2564
1793
5324
2561
2315
1901
2305
1364
2868
3562
1455
2066
3634
2185
3595
1714
2576
3258
3062
1565
2515
3443
1927
3010
4875
2837
2072
2976
2043
1685
1925
2232
