3309
3140
1979
1938
1739
2100
1783
3056
1590
2704
1
2962
2169
1853
1914
2862
3573
1474
2954
1752
3047
1889
1760
2581
1789
2024
2879
2136
2764
1534
2013
2680
2267
2227
2878
1868
2654
2229
2553
2656
1696
3184
1703
2095
1475
2320
1516
3456
2059
2007
1988
1719
1607
2650
2073
3577
2457
2534
1852
2783
2189
2333
2992
2510
1494
2896
1672
1766
2275
3021
3626
3167
2930
1635
2655
1493
2423
3064
2241
980
1629
2067
2561
2573
1853
3951
3064
1537
3178
2477
1947
3332
1681
1973
2018
2446
1735
2390
2360
3178
2143
2343
1
2330
1736
3707
2008
2861
1806
2063
2231
2462
2342
2143
2137
2728
1183
3283
3932
2559
1389
3117
3682
2959
868
1582
2051
1429
2326
3187
3427
3066
1523
3148
2573
1992
2948
1920
2297
1490
1277
1814
1885
2098
3031
3940
3868
1873
2341
2281
2173
2381
2014
3360
1096
2346
2256
3769
2519
1888
1970
2248
1220
2282
1757
2175
2181
1398
1713
2330
2154
1523
1565
1
3050
1597
2954
1877
2695
1418
3683
3837
3094
1835
2279
2326
1935
1941
3451
2187
2083
2030
2259
2004
2037
1423
3041
2199
2679
2031
2692
1686
2528
2833
2210
1798
2354
2128
1600
2889
2734
1582
2113
2030
3753
2329
1923
1
2396
2614
2112
2544
2350
1377
2371
3071
3201
1809
1805
1487
1848
2910
2913
2109
1806
2789
3000
1658
3772
1539
2835
3484
893
2301
1896
2242
1966
2086
1571
2494
1656
2429
1542
2776
3616
3404
2020
2502
2491
2107
3694
2411
2479
2157
2064
1728
2587
3598
2494
921
1647
1868
2173
2781
1927
357
2587
1899
2896
2083
2892
1527
2280
1812
2511
2167
1887
1490
3613
2435
1813
1766
2234
3664
3653
1821
2698
2296
2264
2994
1729
3092
1280
2467
2026
2511
2333
2687
2292
2888
2789
3684
2768
1345
2789
2315
1646
2636
3144
1592
2642
2660
2478
3486
2604
1654
2300
1822
1670
2081
1943
2022
2466
1956
2379
1948
1
2488
1507
3207
3247
2144
2178
3183
1086
2348
2136
2138
1719
2897
1955
1889
2052
3238
2965
1099
1767
2476
2465
2027
1659
3831
1
2049
1990
3295
3270
1115
3727
3930
2337
2271
2877
1894
2281
2456
2106
2649
2554
1817
2014
2163
1496
3832
2294
2060
2983
2884
1921
3382
3423
1
3477
1862
1963
1607
3582
2025
2075
2117
2100
3586
3726
2582
1751
2275
2346
2105
1942
1440
1362
3149
2365
2178
3247
1805
2389
2092
1854
3633
3880
3824
2392
2579
1
1418
2809
3687
2805
1551
3361
3494
2955
2802
1903
1
1657
2149
2369
2288
2227
2100
2532
2639
1711
1
3889
2348
1992
3090
1793
1385
1724
2205
1922
2274
1887
2824
1931
1
3696
1292
1730
2083
2635
1811
2445
1620
3384
1247
2659
1578
2807
3378
1466
2421
2173
2144
2536
2359
3512
2477
1605
3939
1781
2917
2115
673
2158
3815
2965
1294
2296
2173
1636
1856
2115
2725
1935
3355
1388
3107
3374
2408
1548
3156
2960
2366
3326
1319
2442
3841
2722
1165
3584
2776
3402
2666
1841
982
2968
1344
2758
3254
3132
1
2140
2048
3694
2511
1600
3368
2194
2091
2786
2097
3907
3806
3689
2508
2202
1345
2004
1432
1950
2884
2826
1745
2613
2565
3942
1620
2550
2205
2059
1716
3011
2421
1806
2667
1926
3717
2627
2206
1467
2762
3054
1607
3132
2298
2527
2639
2346
2081
2828
1647
1
2250
2827
2282
2736
2960
1305
2817
1984
2500
2330
2286
1758
1444
2741
2787
2102
2130
1959
2318
2282
3499
2370
2490
2237
2194
3402
2422
1584
2288
1306
2619
2348
2232
2086
3108
2504
2286
3844
1890
2100
2054
2842
3565
2389
1982
2279
1613
2382
2487
3516
1
3802
2901
1773
2296
2127
2846
1629
2268
3134
3473
2391
2316
2165
2204
1506
2907
2208
1742
2353
2766
3914
2477
1707
2323
2195
1
1750
2061
3877
1462
1729
3753
2008
2054
2234
1807
1238
1805
2622
1934
2242
2303
2274
2241
1862
1617
2321
3513
3256
2057
2107
2934
1579
1482
1890
1980
2796
3532
3829
2337
2755
1942
1568
2626
3795
3749
1257
2131
1908
1
3532
1694
2953
2
1725
1935
1361
2532
1366
3648
1634
2428
2
3785
2755
2276
1388
3078
2043
2454
2738
2343
1847
2440
2016
2120
2760
2280
2349
2111
2338
1185
3229
3909
2265
2139
3323
3810
2812
1671
1705
2347
3759
2047
2871
3321
1748
2317
1
2249
1780
1554
2516
3042
1282
2351
1811
2117
2074
3713
2792
1292
3134
3943
2741
1953
3654
3143
1491
2779
2315
1636
1941
1996
2047
1811
2088
2241
3330
1936
2782
2899
1668
1353
3130
3932
2408
2310
3012
1366
2328
2598
2
1387
2696
2488
1679
1
2639
2370
3658
2938
1638
2446
1861
1960
2074
2665
2492
2667
1800
3678
2827
1497
2917
1605
3279
2442
2058
3150
2658
1375
1980
2192
1779
1866
1662
3145
3792
2628
2379
2415
1261
1811
2988
1862
2479
2149
1681
1
2
2114
2278
1559
2457
2696
1432
1618
3119
1959
2045
2496
1433
3565
3717
2845
2699
2097
2492
1794
3418
1752
2452
1447
2586
3909
1627
1981
2082
3390
2755
1994
2119
2287
1118
1446
2426
1513
1330
2264
1849
2578
2267
3149
2657
1903
2925
3583
2215
1524
1430
3376
3735
2842
2170
1554
2043
1750
2412
2431
3387
2522
3004
1802
1
3190
3857
2044
1668
1
3605
2865
1728
1964
2361
3565
2312
1981
2
3069
3849
2553
1528
2176
1961
2147
2748
1863
2760
2908
1562
2104
1808
2524
2295
3170
1192
3549
1783
2460
2093
2639
3457
1766
2147
2128
2028
1762
2576
2878
3493
3318
3277
2099
2203
2883
1409
3279
2911
1612
3171
1459
3394
2872
1752
2568
3374
1796
1790
1601
1
2265
1976
1102
3067
1701
2697
3785
3014
2646
2282
1539
3180
1
2135
2000
2411
1464
1468
3111
2853
2135
3241
3515
2404
1947
2561
2327
2067
1198
1899
2671
2398
2152
2255
3540
3601
2750
1436
2416
1708
3296
3175
1393
3736
1942
2402
2181
2150
3378
1
2767
2012
2157
2498
1756
2617
1443
3394
1445
2466
2200
2017
1
3946
3880
3722
1807
2716
2317
2033
2737
2228
2499
1239
1428
2549
2422
2950
3250
2007
2328
2036
2436
1831
2203
1
3747
2061
1832
2564
1793
2561
2316
1901
1364
2868
1455
3643
1714
2576
3062
1565
2515
1927
3010
2990
1927
2242
