4.787597656250000000e-01 1.516113281250000000e-01 3.308105468750000000e-01
5.330810546875000000e-01 9.936523437500000000e-02 2.067871093750000000e-01
5.144042968750000000e-01 9.960937500000000000e-02 2.178955078125000000e-01
5.367431640625000000e-01 7.629394531250000000e-02 1.907958984375000000e-01
4.982910156250000000e-01 1.784667968750000000e-01 3.580322265625000000e-01
5.152587890625000000e-01 1.260986328125000000e-01 3.675537109375000000e-01
4.996337890625000000e-01 1.153564453125000000e-01 3.271484375000000000e-01
5.218505859375000000e-01 5.834960937500000000e-02 1.623535156250000000e-01
5.214843750000000000e-01 8.728027343750000000e-02 2.957763671875000000e-01
4.649658203125000000e-01 1.296386718750000000e-01 4.515380859375000000e-01
4.916992187500000000e-01 1.152343750000000000e-01 3.400878906250000000e-01
4.913330078125000000e-01 1.247558593750000000e-01 3.623046875000000000e-01
5.064697265625000000e-01 6.054687500000000000e-02 3.596191406250000000e-01
4.958496093750000000e-01 8.007812500000000000e-02 3.333740234375000000e-01
4.863281250000000000e-01 1.223144531250000000e-01 3.422851562500000000e-01
4.940185546875000000e-01 1.379394531250000000e-01 2.813720703125000000e-01
4.576416015625000000e-01 8.410644531250000000e-02 4.290771484375000000e-01
4.964599609375000000e-01 1.805419921875000000e-01 4.090576171875000000e-01
4.985351562500000000e-01 1.163330078125000000e-01 3.100585937500000000e-01
4.804687500000000000e-01 1.110839843750000000e-01 4.273681640625000000e-01
5.107421875000000000e-01 1.428222656250000000e-01 3.242187500000000000e-01
4.812011718750000000e-01 2.017822265625000000e-01 4.110107421875000000e-01
5.264892578125000000e-01 1.320800781250000000e-01 2.932128906250000000e-01
5.008544921875000000e-01 1.280517578125000000e-01 3.793945312500000000e-01
5.122070312500000000e-01 4.187011718750000000e-02 2.556152343750000000e-01
4.674072265625000000e-01 2.148437500000000000e-01 4.797363281250000000e-01
4.841308593750000000e-01 1.484375000000000000e-01 4.434814453125000000e-01
4.958496093750000000e-01 1.182861328125000000e-01 3.702392578125000000e-01
4.975585937500000000e-01 7.861328125000000000e-02 3.525390625000000000e-01
4.990234375000000000e-01 1.641845703125000000e-01 3.449707031250000000e-01
5.148925781250000000e-01 7.067871093750000000e-02 2.900390625000000000e-01
4.822998046875000000e-01 1.340332031250000000e-01 3.610839843750000000e-01
4.959716796875000000e-01 1.798095703125000000e-01 4.041748046875000000e-01
4.931640625000000000e-01 9.753417968750000000e-02 4.080810546875000000e-01
4.907226562500000000e-01 1.467285156250000000e-01 3.411865234375000000e-01
5.112304687500000000e-01 1.119384765625000000e-01 3.055419921875000000e-01
4.934082031250000000e-01 8.581542968750000000e-02 4.156494140625000000e-01
4.854736328125000000e-01 1.990966796875000000e-01 4.501953125000000000e-01
5.037841796875000000e-01 9.277343750000000000e-02 3.793945312500000000e-01
4.738769531250000000e-01 8.630371093750000000e-02 4.581298828125000000e-01
5.061035156250000000e-01 1.555175781250000000e-01 3.890380859375000000e-01
5.181884765625000000e-01 9.777832031250000000e-02 3.162841796875000000e-01
4.857177734375000000e-01 7.434082031250000000e-02 4.224853515625000000e-01
5.410156250000000000e-01 5.566406250000000000e-02 2.817382812500000000e-01
4.947509765625000000e-01 1.225585937500000000e-01 4.168701171875000000e-01
4.769287109375000000e-01 1.763916015625000000e-01 3.773193359375000000e-01
4.995117187500000000e-01 1.655273437500000000e-01 3.806152343750000000e-01
4.914550781250000000e-01 9.228515625000000000e-02 3.229980468750000000e-01
4.996337890625000000e-01 1.021728515625000000e-01 2.487792968750000000e-01
5.306396484375000000e-01 7.714843750000000000e-02 2.269287109375000000e-01
5.009765625000000000e-01 1.632080078125000000e-01 3.854980468750000000e-01
4.678955078125000000e-01 1.741943359375000000e-01 4.613037109375000000e-01
5.040283203125000000e-01 1.596679687500000000e-01 4.146728515625000000e-01
5.156250000000000000e-01 1.105957031250000000e-01 2.854003906250000000e-01
4.965820312500000000e-01 9.680175781250000000e-02 3.442382812500000000e-01
5.196533203125000000e-01 1.336669921875000000e-01 3.035888671875000000e-01
4.959716796875000000e-01 9.106445312500000000e-02 3.377685546875000000e-01
4.687500000000000000e-01 1.177978515625000000e-01 4.199218750000000000e-01
4.956054687500000000e-01 1.688232421875000000e-01 3.724365234375000000e-01
4.820556640625000000e-01 4.687500000000000000e-02 4.349365234375000000e-01
5.184326171875000000e-01 1.138916015625000000e-01 2.637939453125000000e-01
5.246582031250000000e-01 1.010742187500000000e-01 2.722167968750000000e-01
4.805908203125000000e-01 1.539306640625000000e-01 4.030761718750000000e-01
5.086669921875000000e-01 1.341552734375000000e-01 2.875976562500000000e-01
5.032958984375000000e-01 1.630859375000000000e-01 3.892822265625000000e-01
4.996337890625000000e-01 1.064453125000000000e-01 3.070068359375000000e-01
5.167236328125000000e-01 6.445312500000000000e-02 2.475585937500000000e-01
5.296630859375000000e-01 1.622314453125000000e-01 3.286132812500000000e-01
5.075683593750000000e-01 8.789062500000000000e-02 2.650146484375000000e-01
5.122070312500000000e-01 9.350585937500000000e-02 2.792968750000000000e-01
5.041503906250000000e-01 9.851074218750000000e-02 2.535400390625000000e-01
5.302734375000000000e-01 7.946777343750000000e-02 2.572021484375000000e-01
5.155029296875000000e-01 8.691406250000000000e-02 2.268066406250000000e-01
4.926757812500000000e-01 9.509277343750000000e-02 4.086914062500000000e-01
4.873046875000000000e-01 1.478271484375000000e-01 3.758544921875000000e-01
5.097656250000000000e-01 5.566406250000000000e-02 3.170166015625000000e-01
4.978027343750000000e-01 1.230468750000000000e-01 3.890380859375000000e-01
5.183105468750000000e-01 9.167480468750000000e-02 2.176513671875000000e-01
5.073242187500000000e-01 1.485595703125000000e-01 3.096923828125000000e-01
5.260009765625000000e-01 8.483886718750000000e-02 2.249755859375000000e-01
5.018310546875000000e-01 5.004882812500000000e-02 4.036865234375000000e-01
5.029296875000000000e-01 1.478271484375000000e-01 3.830566406250000000e-01
5.101318359375000000e-01 1.605224609375000000e-01 3.374023437500000000e-01
5.321044921875000000e-01 9.167480468750000000e-02 2.198486328125000000e-01
4.832763671875000000e-01 1.153564453125000000e-01 3.447265625000000000e-01
5.230712890625000000e-01 6.640625000000000000e-02 1.820068359375000000e-01
4.960937500000000000e-01 1.040039062500000000e-01 3.950195312500000000e-01
5.098876953125000000e-01 1.201171875000000000e-01 3.731689453125000000e-01
4.715576171875000000e-01 1.343994140625000000e-01 4.307861328125000000e-01
5.129394531250000000e-01 5.920410156250000000e-02 2.076416015625000000e-01
5.233154296875000000e-01 7.324218750000000000e-02 2.315673828125000000e-01
5.550537109375000000e-01 5.664062500000000000e-02 1.295166015625000000e-01
4.873046875000000000e-01 7.629394531250000000e-02 4.113769531250000000e-01
4.787597656250000000e-01 8.569335937500000000e-02 4.627685546875000000e-01
4.949951171875000000e-01 1.668701171875000000e-01 3.415527343750000000e-01
5.009765625000000000e-01 6.347656250000000000e-02 3.477783203125000000e-01
5.223388671875000000e-01 5.261230468750000000e-02 1.761474609375000000e-01
5.013427734375000000e-01 1.494140625000000000e-01 3.491210937500000000e-01
5.068359375000000000e-01 9.802246093750000000e-02 3.256835937500000000e-01
5.263671875000000000e-01 7.861328125000000000e-02 2.543945312500000000e-01
