2.264404296875000000e-01 1.251220703125000000e-01 5.080566406250000000e-01
2.185058593750000000e-01 2.530517578125000000e-01 6.453857421875000000e-01
2.471923828125000000e-01 1.322021484375000000e-01 2.980957031250000000e-01
2.326660156250000000e-01 1.601562500000000000e-01 4.575195312500000000e-01
2.337646484375000000e-01 1.213378906250000000e-01 2.744140625000000000e-01
2.360839843750000000e-01 6.164550781250000000e-02 2.532958984375000000e-01
2.437744140625000000e-01 1.514892578125000000e-01 3.249511718750000000e-01
2.442626953125000000e-01 1.213378906250000000e-01 2.656250000000000000e-01
2.236328125000000000e-01 1.909179687500000000e-01 6.704101562500000000e-01
2.489013671875000000e-01 8.923339843750000000e-02 2.395019531250000000e-01
2.280273437500000000e-01 1.309814453125000000e-01 3.884277343750000000e-01
2.141113281250000000e-01 8.874511718750000000e-02 6.437988281250000000e-01
2.337646484375000000e-01 8.239746093750000000e-02 3.920898437500000000e-01
2.105712890625000000e-01 1.256103515625000000e-01 7.252197265625000000e-01
2.282714843750000000e-01 2.545166015625000000e-01 5.125732421875000000e-01
2.307128906250000000e-01 1.828613281250000000e-01 3.748779296875000000e-01
2.294921875000000000e-01 1.871337890625000000e-01 4.804687500000000000e-01
2.174072265625000000e-01 1.968994140625000000e-01 6.556396484375000000e-01
2.153320312500000000e-01 3.183593750000000000e-01 6.611328125000000000e-01
2.270507812500000000e-01 2.310791015625000000e-01 5.611572265625000000e-01
2.369384765625000000e-01 1.541748046875000000e-01 3.448486328125000000e-01
2.235107421875000000e-01 1.582031250000000000e-01 6.318359375000000000e-01
2.320556640625000000e-01 1.676025390625000000e-01 4.019775390625000000e-01
2.336425781250000000e-01 1.906738281250000000e-01 3.913574218750000000e-01
2.250976562500000000e-01 2.111816406250000000e-01 5.599365234375000000e-01
2.215576171875000000e-01 1.131591796875000000e-01 6.723632812500000000e-01
2.266845703125000000e-01 2.420654296875000000e-01 5.090332031250000000e-01
2.145996093750000000e-01 3.048095703125000000e-01 6.445312500000000000e-01
2.290039062500000000e-01 8.435058593750000000e-02 4.852294921875000000e-01
2.216796875000000000e-01 2.045898437500000000e-01 5.205078125000000000e-01
2.229003906250000000e-01 2.041015625000000000e-01 6.499023437500000000e-01
2.355957031250000000e-01 7.788085937500000000e-02 3.293457031250000000e-01
2.425537109375000000e-01 1.091308593750000000e-01 3.195800781250000000e-01
2.373046875000000000e-01 1.596679687500000000e-01 3.485107421875000000e-01
2.207031250000000000e-01 2.138671875000000000e-01 4.593505859375000000e-01
2.351074218750000000e-01 1.427001953125000000e-01 3.127441406250000000e-01
2.261962890625000000e-01 2.095947265625000000e-01 4.714355468750000000e-01
2.294921875000000000e-01 1.213378906250000000e-01 5.646972656250000000e-01
2.291259765625000000e-01 1.301269531250000000e-01 4.697265625000000000e-01
2.248535156250000000e-01 1.705322265625000000e-01 5.426025390625000000e-01
2.298583984375000000e-01 2.169189453125000000e-01 4.692382812500000000e-01
2.283935546875000000e-01 2.197265625000000000e-01 4.694824218750000000e-01
2.172851562500000000e-01 1.630859375000000000e-01 6.849365234375000000e-01
2.292480468750000000e-01 1.717529296875000000e-01 4.130859375000000000e-01
2.215576171875000000e-01 2.109375000000000000e-01 4.458007812500000000e-01
2.174072265625000000e-01 3.504638671875000000e-01 7.155761718750000000e-01
2.218017578125000000e-01 1.042480468750000000e-01 5.156250000000000000e-01
2.264404296875000000e-01 1.781005859375000000e-01 4.915771484375000000e-01
2.247314453125000000e-01 2.052001953125000000e-01 6.085205078125000000e-01
2.264404296875000000e-01 1.816406250000000000e-01 4.023437500000000000e-01
2.196044921875000000e-01 2.154541015625000000e-01 6.506347656250000000e-01
2.264404296875000000e-01 1.619873046875000000e-01 4.873046875000000000e-01
2.410888671875000000e-01 1.195068359375000000e-01 3.748779296875000000e-01
2.309570312500000000e-01 8.825683593750000000e-02 4.918212890625000000e-01
2.297363281250000000e-01 1.416015625000000000e-01 3.428955078125000000e-01
2.117919921875000000e-01 3.399658203125000000e-01 7.098388671875000000e-01
2.279052734375000000e-01 2.362060546875000000e-01 5.820312500000000000e-01
2.277832031250000000e-01 2.076416015625000000e-01 4.938964843750000000e-01
2.214355468750000000e-01 2.387695312500000000e-01 7.034912109375000000e-01
2.100830078125000000e-01 2.209472656250000000e-01 7.375488281250000000e-01
2.187500000000000000e-01 2.790527343750000000e-01 6.651611328125000000e-01
2.249755859375000000e-01 1.768798828125000000e-01 4.970703125000000000e-01
2.139892578125000000e-01 2.813720703125000000e-01 6.452636718750000000e-01
2.149658203125000000e-01 3.166503906250000000e-01 6.518554687500000000e-01
2.280273437500000000e-01 1.380615234375000000e-01 2.863769531250000000e-01
2.264404296875000000e-01 2.707519531250000000e-01 5.679931640625000000e-01
2.297363281250000000e-01 9.765625000000000000e-02 3.804931640625000000e-01
2.233886718750000000e-01 1.845703125000000000e-01 5.568847656250000000e-01
2.287597656250000000e-01 1.744384765625000000e-01 4.691162109375000000e-01
2.270507812500000000e-01 2.239990234375000000e-01 4.801025390625000000e-01
2.401123046875000000e-01 1.322021484375000000e-01 2.882080078125000000e-01
2.150878906250000000e-01 1.307373046875000000e-01 6.901855468750000000e-01
2.257080078125000000e-01 2.578125000000000000e-01 5.556640625000000000e-01
2.150878906250000000e-01 2.021484375000000000e-01 6.730957031250000000e-01
2.205810546875000000e-01 1.639404296875000000e-01 6.462402343750000000e-01
2.178955078125000000e-01 1.322021484375000000e-01 7.174072265625000000e-01
2.253417968750000000e-01 2.011718750000000000e-01 4.254150390625000000e-01
2.287597656250000000e-01 1.341552734375000000e-01 4.163818359375000000e-01
2.230224609375000000e-01 1.513671875000000000e-01 6.094970703125000000e-01
2.314453125000000000e-01 2.790527343750000000e-01 5.620117187500000000e-01
2.250976562500000000e-01 6.420898437500000000e-02 4.696044921875000000e-01
2.357177734375000000e-01 1.889648437500000000e-01 5.169677734375000000e-01
2.249755859375000000e-01 2.652587890625000000e-01 5.557861328125000000e-01
2.391357421875000000e-01 1.265869140625000000e-01 2.531738281250000000e-01
2.208251953125000000e-01 1.373291015625000000e-01 6.303710937500000000e-01
2.412109375000000000e-01 1.397705078125000000e-01 2.946777343750000000e-01
2.292480468750000000e-01 1.520996093750000000e-01 4.851074218750000000e-01
2.181396484375000000e-01 2.651367187500000000e-01 5.413818359375000000e-01
2.270507812500000000e-01 1.186523437500000000e-01 3.503417968750000000e-01
2.303466796875000000e-01 9.631347656250000000e-02 4.451904296875000000e-01
2.276611328125000000e-01 1.455078125000000000e-01 3.625488281250000000e-01
2.392578125000000000e-01 1.008300781250000000e-01 2.529296875000000000e-01
2.259521484375000000e-01 1.945800781250000000e-01 4.606933593750000000e-01
2.229003906250000000e-01 1.569824218750000000e-01 5.426025390625000000e-01
2.247314453125000000e-01 1.599121093750000000e-01 5.972900390625000000e-01
2.236328125000000000e-01 1.708984375000000000e-01 5.581054687500000000e-01
2.380371093750000000e-01 6.713867187500000000e-02 3.693847656250000000e-01
2.137451171875000000e-01 2.575683593750000000e-01 6.685791015625000000e-01
2.109375000000000000e-01 2.106933593750000000e-01 7.415771484375000000e-01
2.307128906250000000e-01 1.516113281250000000e-01 4.248046875000000000e-01
