3.679199218750000000e-01 2.191162109375000000e-01 5.319824218750000000e-01
3.785400390625000000e-01 1.702880859375000000e-01 3.598632812500000000e-01
3.784179687500000000e-01 1.466064453125000000e-01 3.182373046875000000e-01
3.846435546875000000e-01 4.370117187500000000e-02 2.796630859375000000e-01
3.818359375000000000e-01 1.005859375000000000e-01 2.163085937500000000e-01
3.710937500000000000e-01 1.923828125000000000e-01 4.938964843750000000e-01
3.736572265625000000e-01 1.296386718750000000e-01 3.669433593750000000e-01
3.861083984375000000e-01 7.873535156250000000e-02 3.041992187500000000e-01
3.742675781250000000e-01 1.420898437500000000e-01 4.576416015625000000e-01
3.834228515625000000e-01 1.170654296875000000e-01 3.425292968750000000e-01
3.837890625000000000e-01 1.027832031250000000e-01 2.523193359375000000e-01
3.746337890625000000e-01 1.545410156250000000e-01 4.562988281250000000e-01
3.833007812500000000e-01 7.702636718750000000e-02 4.143066406250000000e-01
3.863525390625000000e-01 1.168212890625000000e-01 3.380126953125000000e-01
3.647460937500000000e-01 1.315917968750000000e-01 4.921875000000000000e-01
3.803710937500000000e-01 8.068847656250000000e-02 3.499755859375000000e-01
3.740234375000000000e-01 7.592773437500000000e-02 4.102783203125000000e-01
3.647460937500000000e-01 2.431640625000000000e-01 5.373535156250000000e-01
3.752441406250000000e-01 8.251953125000000000e-02 4.633789062500000000e-01
3.701171875000000000e-01 6.665039062500000000e-02 4.328613281250000000e-01
3.708496093750000000e-01 1.905517578125000000e-01 4.914550781250000000e-01
3.896484375000000000e-01 1.163330078125000000e-01 2.379150390625000000e-01
3.756103515625000000e-01 9.887695312500000000e-02 3.127441406250000000e-01
3.696289062500000000e-01 1.761474609375000000e-01 5.157470703125000000e-01
3.774414062500000000e-01 1.719970703125000000e-01 3.616943359375000000e-01
3.750000000000000000e-01 9.716796875000000000e-02 2.333984375000000000e-01
3.823242187500000000e-01 1.081542968750000000e-01 3.016357421875000000e-01
3.619384765625000000e-01 7.250976562500000000e-02 5.631103515625000000e-01
3.742675781250000000e-01 1.253662109375000000e-01 3.897705078125000000e-01
3.824462890625000000e-01 1.138916015625000000e-01 2.308349609375000000e-01
3.663330078125000000e-01 9.912109375000000000e-02 5.402832031250000000e-01
3.687744140625000000e-01 2.124023437500000000e-01 5.423583984375000000e-01
3.791503906250000000e-01 1.484375000000000000e-01 3.677978515625000000e-01
3.771972656250000000e-01 1.279296875000000000e-01 4.664306640625000000e-01
3.833007812500000000e-01 1.108398437500000000e-01 3.072509765625000000e-01
3.831787109375000000e-01 7.800292968750000000e-02 3.120117187500000000e-01
3.797607421875000000e-01 8.789062500000000000e-02 3.841552734375000000e-01
3.671875000000000000e-01 1.289062500000000000e-01 5.240478515625000000e-01
3.867187500000000000e-01 1.667480468750000000e-01 3.381347656250000000e-01
3.747558593750000000e-01 8.496093750000000000e-02 3.599853515625000000e-01
3.957519531250000000e-01 7.666015625000000000e-02 1.533203125000000000e-01
3.770751953125000000e-01 1.346435546875000000e-01 3.239746093750000000e-01
3.815917968750000000e-01 1.513671875000000000e-01 3.355712890625000000e-01
3.591308593750000000e-01 7.055664062500000000e-02 5.213623046875000000e-01
3.673095703125000000e-01 1.080322265625000000e-01 5.212402343750000000e-01
3.688964843750000000e-01 2.269287109375000000e-01 5.623779296875000000e-01
3.769531250000000000e-01 1.245117187500000000e-01 3.118896484375000000e-01
3.723144531250000000e-01 1.446533203125000000e-01 4.062500000000000000e-01
3.793945312500000000e-01 1.632080078125000000e-01 3.479003906250000000e-01
3.609619140625000000e-01 1.566162109375000000e-01 5.159912109375000000e-01
3.852539062500000000e-01 1.091308593750000000e-01 3.298339843750000000e-01
3.734130859375000000e-01 1.094970703125000000e-01 4.963378906250000000e-01
3.752441406250000000e-01 1.555175781250000000e-01 4.875488281250000000e-01
3.729248046875000000e-01 2.446289062500000000e-01 5.194091796875000000e-01
3.873291015625000000e-01 5.895996093750000000e-02 1.999511718750000000e-01
3.664550781250000000e-01 1.927490234375000000e-01 5.417480468750000000e-01
3.658447265625000000e-01 1.043701171875000000e-01 4.844970703125000000e-01
4.072265625000000000e-01 5.676269531250000000e-02 1.206054687500000000e-01
3.858642578125000000e-01 1.394042968750000000e-01 3.542480468750000000e-01
3.847656250000000000e-01 7.922363281250000000e-02 2.031250000000000000e-01
3.757324218750000000e-01 1.940917968750000000e-01 3.903808593750000000e-01
3.841552734375000000e-01 8.703613281250000000e-02 2.299804687500000000e-01
3.911132812500000000e-01 9.326171875000000000e-02 1.934814453125000000e-01
3.795166015625000000e-01 1.212158203125000000e-01 3.479003906250000000e-01
3.834228515625000000e-01 1.038818359375000000e-01 2.924804687500000000e-01
3.693847656250000000e-01 1.972656250000000000e-01 4.166259765625000000e-01
3.803710937500000000e-01 7.275390625000000000e-02 2.691650390625000000e-01
3.714599609375000000e-01 1.351318359375000000e-01 5.177001953125000000e-01
3.743896484375000000e-01 1.437988281250000000e-01 3.426513671875000000e-01
3.690185546875000000e-01 6.677246093750000000e-02 5.152587890625000000e-01
3.840332031250000000e-01 1.026611328125000000e-01 2.916259765625000000e-01
3.649902343750000000e-01 1.303710937500000000e-01 5.422363281250000000e-01
3.729248046875000000e-01 1.944580078125000000e-01 4.250488281250000000e-01
3.837890625000000000e-01 9.375000000000000000e-02 2.691650390625000000e-01
3.731689453125000000e-01 1.168212890625000000e-01 4.796142578125000000e-01
3.664550781250000000e-01 7.592773437500000000e-02 5.487060546875000000e-01
3.763427734375000000e-01 1.384277343750000000e-01 4.742431640625000000e-01
3.852539062500000000e-01 7.141113281250000000e-02 2.171630859375000000e-01
3.735351562500000000e-01 2.348632812500000000e-01 4.803466796875000000e-01
3.916015625000000000e-01 9.204101562500000000e-02 2.294921875000000000e-01
3.715820312500000000e-01 1.596679687500000000e-01 3.892822265625000000e-01
3.885498046875000000e-01 1.179199218750000000e-01 4.565429687500000000e-01
3.845214843750000000e-01 8.105468750000000000e-02 2.828369140625000000e-01
3.902587890625000000e-01 8.190917968750000000e-02 3.391113281250000000e-01
3.604736328125000000e-01 7.421875000000000000e-02 5.998535156250000000e-01
3.735351562500000000e-01 9.631347656250000000e-02 5.238037109375000000e-01
3.701171875000000000e-01 9.985351562500000000e-02 5.404052734375000000e-01
3.818359375000000000e-01 6.921386718750000000e-02 3.471679687500000000e-01
3.709716796875000000e-01 1.085205078125000000e-01 5.349121093750000000e-01
3.883056640625000000e-01 9.631347656250000000e-02 2.261962890625000000e-01
3.699951171875000000e-01 2.612304687500000000e-01 5.546875000000000000e-01
3.771972656250000000e-01 2.017822265625000000e-01 4.331054687500000000e-01
3.707275390625000000e-01 7.971191406250000000e-02 4.599609375000000000e-01
3.769531250000000000e-01 1.645507812500000000e-01 4.886474609375000000e-01
3.789062500000000000e-01 9.313964843750000000e-02 3.607177734375000000e-01
3.937988281250000000e-01 8.386230468750000000e-02 1.937255859375000000e-01
3.690185546875000000e-01 1.414794921875000000e-01 5.150146484375000000e-01
3.696289062500000000e-01 1.035156250000000000e-01 5.513916015625000000e-01
3.793945312500000000e-01 1.000976562500000000e-01 3.887939453125000000e-01
3.870849609375000000e-01 1.280517578125000000e-01 2.562255859375000000e-01
