3.747558593750000000e-02 4.804687500000000000e-01 9.625244140625000000e-01
3.784179687500000000e-02 2.799072265625000000e-01 5.999755859375000000e-01
2.514648437500000000e-02 4.156494140625000000e-01 9.748535156250000000e-01
2.917480468750000000e-02 3.022460937500000000e-01 9.708251953125000000e-01
2.136230468750000000e-02 4.814453125000000000e-01 9.786376953125000000e-01
3.002929687500000000e-02 2.968750000000000000e-01 9.699707031250000000e-01
2.917480468750000000e-02 2.937011718750000000e-01 9.708251953125000000e-01
3.662109375000000000e-02 3.150634765625000000e-01 9.633789062500000000e-01
4.394531250000000000e-02 2.259521484375000000e-01 7.867431640625000000e-01
2.929687500000000000e-02 4.429931640625000000e-01 9.707031250000000000e-01
4.003906250000000000e-02 3.430175781250000000e-01 8.035888671875000000e-01
3.112792968750000000e-02 3.338623046875000000e-01 9.688720703125000000e-01
4.089355468750000000e-02 2.360839843750000000e-01 5.069580078125000000e-01
3.540039062500000000e-02 3.652343750000000000e-01 9.645996093750000000e-01
3.369140625000000000e-02 3.081054687500000000e-01 9.663085937500000000e-01
4.174804687500000000e-02 2.476806640625000000e-01 7.153320312500000000e-01
4.357910156250000000e-02 2.706298828125000000e-01 5.958251953125000000e-01
3.125000000000000000e-02 4.129638671875000000e-01 9.687500000000000000e-01
4.663085937500000000e-02 2.525634765625000000e-01 5.928955078125000000e-01
3.063964843750000000e-02 4.215087890625000000e-01 9.693603515625000000e-01
3.527832031250000000e-02 3.138427734375000000e-01 7.530517578125000000e-01
3.344726562500000000e-02 3.845214843750000000e-01 9.665527343750000000e-01
3.491210937500000000e-02 3.242187500000000000e-01 6.619873046875000000e-01
2.587890625000000000e-02 4.606933593750000000e-01 9.741210937500000000e-01
2.319335937500000000e-02 3.084716796875000000e-01 9.768066406250000000e-01
3.857421875000000000e-02 2.501220703125000000e-01 5.106201171875000000e-01
5.297851562500000000e-02 2.840576171875000000e-01 7.690429687500000000e-01
2.954101562500000000e-02 3.381347656250000000e-01 9.704589843750000000e-01
3.405761718750000000e-02 2.343750000000000000e-01 9.659423828125000000e-01
3.637695312500000000e-02 3.609619140625000000e-01 9.636230468750000000e-01
3.894042968750000000e-02 3.199462890625000000e-01 9.610595703125000000e-01
3.552246093750000000e-02 2.413330078125000000e-01 5.926513671875000000e-01
3.137207031250000000e-02 3.341064453125000000e-01 7.258300781250000000e-01
4.321289062500000000e-02 2.341308593750000000e-01 9.567871093750000000e-01
4.382324218750000000e-02 2.750244140625000000e-01 7.612304687500000000e-01
3.857421875000000000e-02 2.496337890625000000e-01 5.206298828125000000e-01
2.258300781250000000e-02 3.830566406250000000e-01 9.774169921875000000e-01
2.624511718750000000e-02 4.539794921875000000e-01 9.737548828125000000e-01
3.173828125000000000e-02 2.792968750000000000e-01 9.682617187500000000e-01
4.113769531250000000e-02 3.485107421875000000e-01 7.729492187500000000e-01
2.978515625000000000e-02 3.221435546875000000e-01 7.456054687500000000e-01
3.405761718750000000e-02 4.116210937500000000e-01 9.659423828125000000e-01
3.344726562500000000e-02 3.090820312500000000e-01 7.114257812500000000e-01
3.051757812500000000e-02 2.159423828125000000e-01 9.694824218750000000e-01
3.735351562500000000e-02 3.466796875000000000e-01 9.626464843750000000e-01
2.905273437500000000e-02 3.337402343750000000e-01 9.709472656250000000e-01
2.795410156250000000e-02 4.128417968750000000e-01 9.719238281250000000e-01
3.320312500000000000e-02 3.084716796875000000e-01 6.940917968750000000e-01
4.162597656250000000e-02 3.093261718750000000e-01 7.441406250000000000e-01
2.807617187500000000e-02 4.547119140625000000e-01 9.719238281250000000e-01
3.381347656250000000e-02 4.453125000000000000e-01 9.661865234375000000e-01
2.563476562500000000e-02 4.239501953125000000e-01 9.743652343750000000e-01
2.880859375000000000e-02 4.576416015625000000e-01 9.711914062500000000e-01
3.247070312500000000e-02 3.975830078125000000e-01 9.675292968750000000e-01
2.551269531250000000e-02 4.146728515625000000e-01 9.744873046875000000e-01
2.392578125000000000e-02 4.332275390625000000e-01 9.760742187500000000e-01
3.503417968750000000e-02 3.400878906250000000e-01 9.647216796875000000e-01
4.565429687500000000e-02 3.857421875000000000e-01 8.304443359375000000e-01
2.966308593750000000e-02 4.566650390625000000e-01 9.702148437500000000e-01
3.247070312500000000e-02 4.111328125000000000e-01 9.675292968750000000e-01
4.516601562500000000e-02 3.383789062500000000e-01 9.548339843750000000e-01
2.954101562500000000e-02 2.702636718750000000e-01 9.704589843750000000e-01
1.965332031250000000e-02 2.987060546875000000e-01 9.803466796875000000e-01
3.125000000000000000e-02 3.837890625000000000e-01 9.687500000000000000e-01
3.454589843750000000e-02 3.790283203125000000e-01 9.654541015625000000e-01
3.686523437500000000e-02 3.194580078125000000e-01 7.034912109375000000e-01
2.856445312500000000e-02 4.831542968750000000e-01 9.714355468750000000e-01
3.698730468750000000e-02 3.592529296875000000e-01 7.572021484375000000e-01
3.186035156250000000e-02 2.430419921875000000e-01 9.681396484375000000e-01
4.223632812500000000e-02 3.537597656250000000e-01 7.080078125000000000e-01
3.527832031250000000e-02 2.863769531250000000e-01 7.059326171875000000e-01
2.673339843750000000e-02 3.282470703125000000e-01 9.732666015625000000e-01
5.090332031250000000e-02 2.686767578125000000e-01 5.513916015625000000e-01
2.612304687500000000e-02 2.344970703125000000e-01 9.738769531250000000e-01
2.758789062500000000e-02 3.886718750000000000e-01 9.724121093750000000e-01
2.355957031250000000e-02 4.713134765625000000e-01 9.764404296875000000e-01
3.430175781250000000e-02 2.141113281250000000e-01 9.656982421875000000e-01
3.210449218750000000e-02 2.896728515625000000e-01 9.678955078125000000e-01
3.125000000000000000e-02 4.476318359375000000e-01 9.687500000000000000e-01
2.966308593750000000e-02 4.122314453125000000e-01 9.703369140625000000e-01
3.234863281250000000e-02 4.101562500000000000e-01 9.676513671875000000e-01
3.137207031250000000e-02 4.299316406250000000e-01 9.686279296875000000e-01
3.259277343750000000e-02 4.505615234375000000e-01 9.674072265625000000e-01
2.709960937500000000e-02 4.337158203125000000e-01 9.729003906250000000e-01
4.040527343750000000e-02 2.497558593750000000e-01 7.576904296875000000e-01
2.819824218750000000e-02 2.491455078125000000e-01 9.718017578125000000e-01
2.563476562500000000e-02 4.785156250000000000e-01 9.743652343750000000e-01
3.955078125000000000e-02 2.783203125000000000e-01 7.454833984375000000e-01
2.697753906250000000e-02 2.976074218750000000e-01 9.730224609375000000e-01
2.661132812500000000e-02 4.527587890625000000e-01 9.733886718750000000e-01
3.576660156250000000e-02 3.292236328125000000e-01 9.642333984375000000e-01
3.125000000000000000e-02 2.556152343750000000e-01 7.438964843750000000e-01
4.309082031250000000e-02 2.990722656250000000e-01 9.569091796875000000e-01
5.273437500000000000e-02 2.039794921875000000e-01 4.338378906250000000e-01
2.893066406250000000e-02 3.326416015625000000e-01 9.710693359375000000e-01
4.504394531250000000e-02 3.676757812500000000e-01 9.549560546875000000e-01
2.441406250000000000e-02 3.442382812500000000e-01 9.755859375000000000e-01
3.491210937500000000e-02 3.244628906250000000e-01 9.649658203125000000e-01
3.955078125000000000e-02 3.541259765625000000e-01 9.604492187500000000e-01
4.736328125000000000e-02 1.967773437500000000e-01 5.769042968750000000e-01
