2.535400390625000000e-01 1.439208984375000000e-01 3.951416015625000000e-01
2.441406250000000000e-01 1.026611328125000000e-01 6.502685546875000000e-01
2.513427734375000000e-01 1.414794921875000000e-01 5.705566406250000000e-01
2.376708984375000000e-01 2.259521484375000000e-01 6.024169921875000000e-01
2.539062500000000000e-01 1.455078125000000000e-01 3.151855468750000000e-01
2.548828125000000000e-01 2.500000000000000000e-01 6.079101562500000000e-01
2.397460937500000000e-01 1.921386718750000000e-01 5.526123046875000000e-01
2.545166015625000000e-01 1.320800781250000000e-01 3.771972656250000000e-01
2.471923828125000000e-01 2.637939453125000000e-01 5.938720703125000000e-01
2.500000000000000000e-01 2.401123046875000000e-01 6.531982421875000000e-01
2.552490234375000000e-01 1.663818359375000000e-01 3.443603515625000000e-01
2.329101562500000000e-01 3.220214843750000000e-01 6.738281250000000000e-01
2.614746093750000000e-01 1.087646484375000000e-01 4.761962890625000000e-01
2.557373046875000000e-01 1.772460937500000000e-01 3.643798828125000000e-01
2.478027343750000000e-01 2.861328125000000000e-01 6.405029296875000000e-01
2.575683593750000000e-01 1.074218750000000000e-01 4.805908203125000000e-01
2.542724609375000000e-01 1.177978515625000000e-01 5.195312500000000000e-01
2.492675781250000000e-01 1.098632812500000000e-01 6.154785156250000000e-01
2.517089843750000000e-01 2.008056640625000000e-01 4.967041015625000000e-01
2.518310546875000000e-01 2.711181640625000000e-01 5.904541015625000000e-01
2.374267578125000000e-01 1.766357421875000000e-01 7.141113281250000000e-01
2.379150390625000000e-01 1.690673828125000000e-01 7.209472656250000000e-01
2.641601562500000000e-01 1.385498046875000000e-01 2.890625000000000000e-01
2.585449218750000000e-01 8.666992187500000000e-02 2.561035156250000000e-01
2.363281250000000000e-01 2.099609375000000000e-01 6.121826171875000000e-01
2.528076171875000000e-01 9.509277343750000000e-02 4.641113281250000000e-01
2.437744140625000000e-01 2.500000000000000000e-01 5.698242187500000000e-01
2.316894531250000000e-01 1.197509765625000000e-01 7.039794921875000000e-01
2.519531250000000000e-01 1.678466796875000000e-01 3.814697265625000000e-01
2.528076171875000000e-01 1.683349609375000000e-01 3.847656250000000000e-01
2.486572265625000000e-01 1.695556640625000000e-01 5.648193359375000000e-01
2.526855468750000000e-01 2.894287109375000000e-01 5.914306640625000000e-01
2.581787109375000000e-01 1.259765625000000000e-01 5.565185546875000000e-01
2.557373046875000000e-01 1.398925781250000000e-01 3.380126953125000000e-01
2.467041015625000000e-01 1.726074218750000000e-01 4.337158203125000000e-01
2.556152343750000000e-01 7.861328125000000000e-02 4.066162109375000000e-01
2.705078125000000000e-01 9.411621093750000000e-02 2.178955078125000000e-01
2.517089843750000000e-01 1.467285156250000000e-01 6.323242187500000000e-01
2.420654296875000000e-01 2.462158203125000000e-01 6.904296875000000000e-01
2.471923828125000000e-01 2.512207031250000000e-01 5.228271484375000000e-01
2.532958984375000000e-01 1.166992187500000000e-01 5.484619140625000000e-01
2.519531250000000000e-01 1.676025390625000000e-01 3.579101562500000000e-01
2.656250000000000000e-01 7.226562500000000000e-02 1.708984375000000000e-01
2.672119140625000000e-01 1.004638671875000000e-01 2.478027343750000000e-01
2.336425781250000000e-01 1.916503906250000000e-01 7.097167968750000000e-01
2.598876953125000000e-01 1.485595703125000000e-01 3.288574218750000000e-01
2.363281250000000000e-01 2.485351562500000000e-01 5.848388671875000000e-01
2.425537109375000000e-01 1.336669921875000000e-01 5.827636718750000000e-01
2.484130859375000000e-01 3.006591796875000000e-01 6.557617187500000000e-01
2.357177734375000000e-01 2.088623046875000000e-01 7.203369140625000000e-01
2.481689453125000000e-01 2.241210937500000000e-01 4.812011718750000000e-01
2.465820312500000000e-01 2.650146484375000000e-01 5.764160156250000000e-01
2.596435546875000000e-01 1.007080078125000000e-01 2.366943359375000000e-01
2.492675781250000000e-01 1.059570312500000000e-01 5.574951171875000000e-01
2.470703125000000000e-01 1.568603515625000000e-01 4.555664062500000000e-01
2.540283203125000000e-01 2.121582031250000000e-01 6.114501953125000000e-01
2.554931640625000000e-01 2.050781250000000000e-01 5.017089843750000000e-01
2.490234375000000000e-01 1.579589843750000000e-01 5.825195312500000000e-01
2.531738281250000000e-01 1.030273437500000000e-01 4.882812500000000000e-01
2.421875000000000000e-01 1.654052734375000000e-01 5.578613281250000000e-01
2.514648437500000000e-01 1.523437500000000000e-01 5.925292968750000000e-01
2.469482421875000000e-01 1.567382812500000000e-01 4.278564453125000000e-01
2.528076171875000000e-01 1.146240234375000000e-01 3.875732421875000000e-01
2.591552734375000000e-01 1.208496093750000000e-01 3.088378906250000000e-01
2.507324218750000000e-01 1.722412109375000000e-01 4.934082031250000000e-01
2.542724609375000000e-01 2.232666015625000000e-01 5.242919921875000000e-01
2.448730468750000000e-01 1.630859375000000000e-01 6.665039062500000000e-01
2.482910156250000000e-01 9.765625000000000000e-02 4.525146484375000000e-01
2.595214843750000000e-01 1.219482421875000000e-01 3.603515625000000000e-01
2.517089843750000000e-01 2.687988281250000000e-01 5.549316406250000000e-01
2.587890625000000000e-01 1.015625000000000000e-01 3.333740234375000000e-01
2.628173828125000000e-01 1.033935546875000000e-01 2.164306640625000000e-01
2.438964843750000000e-01 1.508789062500000000e-01 4.995117187500000000e-01
2.386474609375000000e-01 1.749267578125000000e-01 4.707031250000000000e-01
2.487792968750000000e-01 1.475830078125000000e-01 4.114990234375000000e-01
2.518310546875000000e-01 1.931152343750000000e-01 4.018554687500000000e-01
2.496337890625000000e-01 1.870117187500000000e-01 5.488281250000000000e-01
2.536621093750000000e-01 1.282958984375000000e-01 3.598632812500000000e-01
2.347412109375000000e-01 2.573242187500000000e-01 7.375488281250000000e-01
2.646484375000000000e-01 1.799316406250000000e-01 3.670654296875000000e-01
2.366943359375000000e-01 9.790039062500000000e-02 5.852050781250000000e-01
2.651367187500000000e-01 2.088623046875000000e-01 4.550781250000000000e-01
2.561035156250000000e-01 2.086181640625000000e-01 4.714355468750000000e-01
2.446289062500000000e-01 1.118164062500000000e-01 5.798339843750000000e-01
2.475585937500000000e-01 2.431640625000000000e-01 5.266113281250000000e-01
2.618408203125000000e-01 1.008300781250000000e-01 3.436279296875000000e-01
2.633056640625000000e-01 1.049804687500000000e-01 2.907714843750000000e-01
2.390136718750000000e-01 1.014404296875000000e-01 6.237792968750000000e-01
2.495117187500000000e-01 2.222900390625000000e-01 5.753173828125000000e-01
2.507324218750000000e-01 2.371826171875000000e-01 5.206298828125000000e-01
2.519531250000000000e-01 1.982421875000000000e-01 4.082031250000000000e-01
2.415771484375000000e-01 1.329345703125000000e-01 6.784667968750000000e-01
2.513427734375000000e-01 9.680175781250000000e-02 3.068847656250000000e-01
2.469482421875000000e-01 1.831054687500000000e-01 5.654296875000000000e-01
2.558593750000000000e-01 1.284179687500000000e-01 4.062500000000000000e-01
2.481689453125000000e-01 1.422119140625000000e-01 6.251220703125000000e-01
2.523193359375000000e-01 1.235351562500000000e-01 4.729003906250000000e-01
2.526855468750000000e-01 1.368408203125000000e-01 3.940429687500000000e-01
2.440185546875000000e-01 1.007080078125000000e-01 5.314941406250000000e-01
2.481689453125000000e-01 1.721191406250000000e-01 4.650878906250000000e-01
