2.685546875000000000e-02 3.571777343750000000e-01 9.731445312500000000e-01
2.551269531250000000e-02 3.259277343750000000e-01 9.744873046875000000e-01
2.661132812500000000e-02 2.595214843750000000e-01 9.733886718750000000e-01
2.087402343750000000e-02 4.564208984375000000e-01 9.791259765625000000e-01
1.733398437500000000e-02 4.901123046875000000e-01 9.826660156250000000e-01
2.600097656250000000e-02 4.439697265625000000e-01 9.739990234375000000e-01
2.392578125000000000e-02 4.687500000000000000e-01 9.760742187500000000e-01
2.014160156250000000e-02 4.821777343750000000e-01 9.798583984375000000e-01
3.295898437500000000e-02 3.083496093750000000e-01 6.638183593750000000e-01
3.076171875000000000e-02 4.683837890625000000e-01 9.692382812500000000e-01
2.453613281250000000e-02 4.176025390625000000e-01 9.754638671875000000e-01
3.784179687500000000e-02 3.267822265625000000e-01 7.166748046875000000e-01
2.636718750000000000e-02 4.862060546875000000e-01 9.736328125000000000e-01
2.929687500000000000e-02 3.662109375000000000e-01 9.707031250000000000e-01
3.271484375000000000e-02 4.199218750000000000e-01 9.672851562500000000e-01
2.368164062500000000e-02 4.763183593750000000e-01 9.763183593750000000e-01
2.722167968750000000e-02 4.569091796875000000e-01 9.727783203125000000e-01
2.563476562500000000e-02 3.990478515625000000e-01 9.743652343750000000e-01
3.027343750000000000e-02 4.302978515625000000e-01 9.697265625000000000e-01
3.234863281250000000e-02 3.027343750000000000e-01 8.000488281250000000e-01
2.600097656250000000e-02 4.570312500000000000e-01 9.739990234375000000e-01
2.917480468750000000e-02 3.221435546875000000e-01 9.708251953125000000e-01
2.575683593750000000e-02 3.349609375000000000e-01 9.742431640625000000e-01
2.526855468750000000e-02 4.180908203125000000e-01 9.747314453125000000e-01
1.733398437500000000e-02 4.201660156250000000e-01 9.826660156250000000e-01
2.441406250000000000e-02 3.516845703125000000e-01 9.755859375000000000e-01
3.405761718750000000e-02 3.066406250000000000e-01 6.811523437500000000e-01
3.125000000000000000e-02 3.701171875000000000e-01 9.687500000000000000e-01
2.319335937500000000e-02 4.881591796875000000e-01 9.768066406250000000e-01
2.795410156250000000e-02 3.421630859375000000e-01 9.720458984375000000e-01
2.258300781250000000e-02 4.692382812500000000e-01 9.774169921875000000e-01
2.514648437500000000e-02 4.750976562500000000e-01 9.748535156250000000e-01
2.807617187500000000e-02 2.037353515625000000e-01 9.719238281250000000e-01
2.795410156250000000e-02 4.515380859375000000e-01 9.720458984375000000e-01
2.270507812500000000e-02 3.128662109375000000e-01 9.772949218750000000e-01
2.697753906250000000e-02 4.382324218750000000e-01 9.730224609375000000e-01
2.172851562500000000e-02 3.592529296875000000e-01 9.782714843750000000e-01
2.575683593750000000e-02 3.906250000000000000e-01 9.742431640625000000e-01
3.356933593750000000e-02 3.249511718750000000e-01 6.594238281250000000e-01
2.636718750000000000e-02 4.328613281250000000e-01 9.736328125000000000e-01
2.209472656250000000e-02 3.608398437500000000e-01 9.779052734375000000e-01
2.783203125000000000e-02 4.340820312500000000e-01 9.721679687500000000e-01
2.600097656250000000e-02 4.146728515625000000e-01 9.739990234375000000e-01
3.002929687500000000e-02 3.934326171875000000e-01 9.699707031250000000e-01
2.185058593750000000e-02 3.547363281250000000e-01 9.780273437500000000e-01
2.380371093750000000e-02 4.174804687500000000e-01 9.761962890625000000e-01
2.111816406250000000e-02 4.501953125000000000e-01 9.788818359375000000e-01
4.638671875000000000e-02 2.377929687500000000e-01 9.536132812500000000e-01
3.002929687500000000e-02 3.883056640625000000e-01 9.699707031250000000e-01
2.221679687500000000e-02 2.800292968750000000e-01 9.777832031250000000e-01
2.539062500000000000e-02 3.863525390625000000e-01 9.746093750000000000e-01
2.612304687500000000e-02 4.661865234375000000e-01 9.738769531250000000e-01
2.514648437500000000e-02 4.458007812500000000e-01 9.748535156250000000e-01
2.282714843750000000e-02 3.669433593750000000e-01 9.771728515625000000e-01
1.745605468750000000e-02 4.260253906250000000e-01 9.825439453125000000e-01
2.136230468750000000e-02 4.855957031250000000e-01 9.786376953125000000e-01
2.148437500000000000e-02 4.124755859375000000e-01 9.785156250000000000e-01
2.673339843750000000e-02 3.878173828125000000e-01 9.732666015625000000e-01
2.001953125000000000e-02 4.447021484375000000e-01 9.799804687500000000e-01
2.661132812500000000e-02 3.687744140625000000e-01 9.733886718750000000e-01
3.076171875000000000e-02 4.173583984375000000e-01 9.692382812500000000e-01
2.319335937500000000e-02 4.650878906250000000e-01 9.768066406250000000e-01
2.380371093750000000e-02 4.255371093750000000e-01 9.761962890625000000e-01
2.453613281250000000e-02 3.377685546875000000e-01 9.754638671875000000e-01
2.478027343750000000e-02 4.544677734375000000e-01 9.752197265625000000e-01
2.270507812500000000e-02 3.647460937500000000e-01 9.772949218750000000e-01
2.416992187500000000e-02 4.671630859375000000e-01 9.758300781250000000e-01
2.136230468750000000e-02 4.178466796875000000e-01 9.786376953125000000e-01
2.587890625000000000e-02 3.988037109375000000e-01 9.741210937500000000e-01
2.392578125000000000e-02 4.398193359375000000e-01 9.760742187500000000e-01
2.722167968750000000e-02 4.616699218750000000e-01 9.727783203125000000e-01
2.392578125000000000e-02 4.809570312500000000e-01 9.760742187500000000e-01
3.222656250000000000e-02 3.289794921875000000e-01 9.677734375000000000e-01
2.551269531250000000e-02 4.848632812500000000e-01 9.744873046875000000e-01
3.710937500000000000e-02 2.792968750000000000e-01 5.585937500000000000e-01
2.001953125000000000e-02 4.545898437500000000e-01 9.799804687500000000e-01
2.636718750000000000e-02 4.687500000000000000e-01 9.736328125000000000e-01
2.575683593750000000e-02 4.836425781250000000e-01 9.742431640625000000e-01
2.770996093750000000e-02 4.520263671875000000e-01 9.722900390625000000e-01
2.197265625000000000e-02 3.802490234375000000e-01 9.780273437500000000e-01
2.502441406250000000e-02 4.847412109375000000e-01 9.749755859375000000e-01
2.539062500000000000e-02 4.687500000000000000e-01 9.746093750000000000e-01
2.453613281250000000e-02 4.064941406250000000e-01 9.754638671875000000e-01
3.002929687500000000e-02 4.000244140625000000e-01 9.699707031250000000e-01
3.210449218750000000e-02 2.646484375000000000e-01 7.410888671875000000e-01
3.588867187500000000e-02 3.027343750000000000e-01 7.197265625000000000e-01
3.015136718750000000e-02 4.405517578125000000e-01 9.698486328125000000e-01
1.770019531250000000e-02 4.560546875000000000e-01 9.822998046875000000e-01
2.416992187500000000e-02 4.371337890625000000e-01 9.758300781250000000e-01
2.697753906250000000e-02 4.749755859375000000e-01 9.730224609375000000e-01
2.526855468750000000e-02 4.161376953125000000e-01 9.747314453125000000e-01
3.564453125000000000e-02 2.945556640625000000e-01 7.332763671875000000e-01
2.758789062500000000e-02 4.523925781250000000e-01 9.724121093750000000e-01
3.125000000000000000e-02 4.187011718750000000e-01 9.687500000000000000e-01
3.100585937500000000e-02 3.768310546875000000e-01 9.689941406250000000e-01
2.697753906250000000e-02 4.803466796875000000e-01 9.730224609375000000e-01
3.002929687500000000e-02 2.749023437500000000e-01 7.036132812500000000e-01
3.125000000000000000e-02 4.614257812500000000e-01 9.687500000000000000e-01
2.905273437500000000e-02 3.654785156250000000e-01 9.709472656250000000e-01
2.404785156250000000e-02 4.321289062500000000e-01 9.759521484375000000e-01
