3.149414062500000000e-02 2.816162109375000000e-01 7.299804687500000000e-01
2.075195312500000000e-02 4.550781250000000000e-01 9.792480468750000000e-01
3.198242187500000000e-02 2.823486328125000000e-01 7.342529296875000000e-01
2.026367187500000000e-02 4.222412109375000000e-01 9.797363281250000000e-01
1.855468750000000000e-02 4.871826171875000000e-01 9.814453125000000000e-01
2.478027343750000000e-02 2.974853515625000000e-01 9.752197265625000000e-01
2.770996093750000000e-02 4.439697265625000000e-01 9.722900390625000000e-01
3.649902343750000000e-02 3.289794921875000000e-01 7.250976562500000000e-01
3.540039062500000000e-02 3.642578125000000000e-01 7.575683593750000000e-01
2.124023437500000000e-02 4.471435546875000000e-01 9.787597656250000000e-01
3.039550781250000000e-02 4.202880859375000000e-01 9.696044921875000000e-01
4.492187500000000000e-02 3.266601562500000000e-01 7.357177734375000000e-01
2.844238281250000000e-02 4.451904296875000000e-01 9.715576171875000000e-01
3.442382812500000000e-02 3.312988281250000000e-01 6.649169921875000000e-01
3.833007812500000000e-02 3.927001953125000000e-01 9.616699218750000000e-01
2.563476562500000000e-02 3.258056640625000000e-01 9.743652343750000000e-01
2.575683593750000000e-02 3.441162109375000000e-01 9.742431640625000000e-01
3.137207031250000000e-02 3.214111328125000000e-01 7.370605468750000000e-01
2.856445312500000000e-02 4.549560546875000000e-01 9.714355468750000000e-01
2.819824218750000000e-02 4.239501953125000000e-01 9.718017578125000000e-01
3.015136718750000000e-02 4.571533203125000000e-01 9.698486328125000000e-01
3.198242187500000000e-02 2.781982421875000000e-01 9.680175781250000000e-01
2.502441406250000000e-02 4.470214843750000000e-01 9.749755859375000000e-01
2.355957031250000000e-02 4.692382812500000000e-01 9.764404296875000000e-01
2.160644531250000000e-02 4.329833984375000000e-01 9.783935546875000000e-01
3.515625000000000000e-02 2.421875000000000000e-01 7.392578125000000000e-01
2.441406250000000000e-02 4.276123046875000000e-01 9.755859375000000000e-01
2.282714843750000000e-02 3.808593750000000000e-01 9.771728515625000000e-01
2.880859375000000000e-02 4.844970703125000000e-01 9.711914062500000000e-01
3.588867187500000000e-02 3.311767578125000000e-01 9.641113281250000000e-01
2.282714843750000000e-02 4.787597656250000000e-01 9.771728515625000000e-01
2.612304687500000000e-02 2.623291015625000000e-01 9.738769531250000000e-01
2.624511718750000000e-02 3.978271484375000000e-01 9.737548828125000000e-01
3.845214843750000000e-02 2.518310546875000000e-01 8.051757812500000000e-01
2.050781250000000000e-02 4.786376953125000000e-01 9.794921875000000000e-01
2.270507812500000000e-02 4.498291015625000000e-01 9.772949218750000000e-01
2.197265625000000000e-02 4.052734375000000000e-01 9.780273437500000000e-01
3.625488281250000000e-02 2.426757812500000000e-01 7.962646484375000000e-01
2.355957031250000000e-02 4.396972656250000000e-01 9.764404296875000000e-01
2.526855468750000000e-02 4.289550781250000000e-01 9.747314453125000000e-01
3.051757812500000000e-02 2.965087890625000000e-01 7.646484375000000000e-01
3.259277343750000000e-02 2.628173828125000000e-01 9.674072265625000000e-01
2.905273437500000000e-02 3.674316406250000000e-01 9.709472656250000000e-01
3.283691406250000000e-02 3.970947265625000000e-01 9.671630859375000000e-01
2.490234375000000000e-02 3.105468750000000000e-01 9.750976562500000000e-01
2.697753906250000000e-02 4.732666015625000000e-01 9.730224609375000000e-01
2.197265625000000000e-02 4.643554687500000000e-01 9.780273437500000000e-01
3.393554687500000000e-02 3.795166015625000000e-01 9.660644531250000000e-01
3.283691406250000000e-02 3.891601562500000000e-01 9.671630859375000000e-01
2.416992187500000000e-02 2.780761718750000000e-01 9.758300781250000000e-01
2.233886718750000000e-02 4.860839843750000000e-01 9.776611328125000000e-01
2.490234375000000000e-02 2.971191406250000000e-01 9.750976562500000000e-01
2.746582031250000000e-02 2.982177734375000000e-01 9.725341796875000000e-01
3.637695312500000000e-02 3.177490234375000000e-01 6.682128906250000000e-01
2.355957031250000000e-02 4.494628906250000000e-01 9.764404296875000000e-01
2.893066406250000000e-02 4.378662109375000000e-01 9.710693359375000000e-01
2.575683593750000000e-02 4.777832031250000000e-01 9.742431640625000000e-01
4.150390625000000000e-02 2.624511718750000000e-01 7.130126953125000000e-01
2.758789062500000000e-02 3.317871093750000000e-01 9.724121093750000000e-01
3.222656250000000000e-02 3.569335937500000000e-01 7.208251953125000000e-01
2.832031250000000000e-02 4.798583984375000000e-01 9.716796875000000000e-01
2.038574218750000000e-02 4.044189453125000000e-01 9.796142578125000000e-01
2.197265625000000000e-02 4.144287109375000000e-01 9.780273437500000000e-01
2.221679687500000000e-02 3.734130859375000000e-01 9.777832031250000000e-01
3.381347656250000000e-02 4.589843750000000000e-01 9.661865234375000000e-01
2.734375000000000000e-02 3.417968750000000000e-01 9.726562500000000000e-01
2.368164062500000000e-02 3.129882812500000000e-01 9.763183593750000000e-01
3.930664062500000000e-02 2.406005859375000000e-01 9.606933593750000000e-01
2.392578125000000000e-02 3.033447265625000000e-01 9.760742187500000000e-01
3.869628906250000000e-02 2.620849609375000000e-01 7.387695312500000000e-01
2.758789062500000000e-02 4.239501953125000000e-01 9.724121093750000000e-01
2.709960937500000000e-02 3.311767578125000000e-01 9.729003906250000000e-01
3.698730468750000000e-02 2.633056640625000000e-01 9.630126953125000000e-01
3.466796875000000000e-02 3.409423828125000000e-01 7.302246093750000000e-01
2.844238281250000000e-02 3.398437500000000000e-01 8.151855468750000000e-01
2.160644531250000000e-02 4.448242187500000000e-01 9.783935546875000000e-01
2.624511718750000000e-02 4.234619140625000000e-01 9.737548828125000000e-01
3.771972656250000000e-02 2.515869140625000000e-01 5.339355468750000000e-01
3.881835937500000000e-02 3.601074218750000000e-01 7.946777343750000000e-01
2.148437500000000000e-02 3.359375000000000000e-01 9.785156250000000000e-01
2.368164062500000000e-02 4.816894531250000000e-01 9.763183593750000000e-01
2.954101562500000000e-02 4.774169921875000000e-01 9.704589843750000000e-01
3.796386718750000000e-02 3.532714843750000000e-01 7.661132812500000000e-01
2.600097656250000000e-02 4.349365234375000000e-01 9.739990234375000000e-01
3.234863281250000000e-02 2.900390625000000000e-01 9.676513671875000000e-01
2.160644531250000000e-02 4.816894531250000000e-01 9.783935546875000000e-01
3.710937500000000000e-02 2.430419921875000000e-01 7.695312500000000000e-01
1.831054687500000000e-02 4.495849609375000000e-01 9.816894531250000000e-01
2.978515625000000000e-02 3.212890625000000000e-01 6.546630859375000000e-01
4.443359375000000000e-02 3.576660156250000000e-01 7.266845703125000000e-01
2.807617187500000000e-02 3.372802734375000000e-01 9.719238281250000000e-01
3.356933593750000000e-02 4.206542968750000000e-01 9.663085937500000000e-01
3.894042968750000000e-02 3.370361328125000000e-01 9.610595703125000000e-01
2.404785156250000000e-02 4.008789062500000000e-01 9.759521484375000000e-01
3.259277343750000000e-02 3.851318359375000000e-01 9.674072265625000000e-01
3.259277343750000000e-02 4.012451171875000000e-01 9.674072265625000000e-01
2.172851562500000000e-02 4.277343750000000000e-01 9.782714843750000000e-01
3.332519531250000000e-02 3.748779296875000000e-01 9.666748046875000000e-01
3.210449218750000000e-02 3.729248046875000000e-01 9.678955078125000000e-01
2.258300781250000000e-02 3.179931640625000000e-01 9.774169921875000000e-01
