2.954101562500000000e-02 3.322753906250000000e-01 9.703369140625000000e-01
1.660156250000000000e-02 4.597167968750000000e-01 9.833984375000000000e-01
2.221679687500000000e-02 3.582763671875000000e-01 9.777832031250000000e-01
2.014160156250000000e-02 4.449462890625000000e-01 9.798583984375000000e-01
1.684570312500000000e-02 4.885253906250000000e-01 9.831542968750000000e-01
3.894042968750000000e-02 3.530273437500000000e-01 7.246093750000000000e-01
2.209472656250000000e-02 4.387207031250000000e-01 9.779052734375000000e-01
2.392578125000000000e-02 3.830566406250000000e-01 9.760742187500000000e-01
3.674316406250000000e-02 3.519287109375000000e-01 9.632568359375000000e-01
3.417968750000000000e-02 3.564453125000000000e-01 7.141113281250000000e-01
2.758789062500000000e-02 4.044189453125000000e-01 9.724121093750000000e-01
2.526855468750000000e-02 4.400634765625000000e-01 9.747314453125000000e-01
2.563476562500000000e-02 4.765625000000000000e-01 9.742431640625000000e-01
3.881835937500000000e-02 2.846679687500000000e-01 9.611816406250000000e-01
3.601074218750000000e-02 4.721679687500000000e-01 9.639892578125000000e-01
2.734375000000000000e-02 4.379882812500000000e-01 9.726562500000000000e-01
2.795410156250000000e-02 3.658447265625000000e-01 9.720458984375000000e-01
2.453613281250000000e-02 4.349365234375000000e-01 9.754638671875000000e-01
2.661132812500000000e-02 4.401855468750000000e-01 9.733886718750000000e-01
3.771972656250000000e-02 2.602539062500000000e-01 7.446289062500000000e-01
2.551269531250000000e-02 4.376220703125000000e-01 9.744873046875000000e-01
3.137207031250000000e-02 3.283691406250000000e-01 7.078857421875000000e-01
2.331542968750000000e-02 4.318847656250000000e-01 9.766845703125000000e-01
2.734375000000000000e-02 4.511718750000000000e-01 9.726562500000000000e-01
1.843261718750000000e-02 4.173583984375000000e-01 9.815673828125000000e-01
2.673339843750000000e-02 3.684082031250000000e-01 9.732666015625000000e-01
3.027343750000000000e-02 4.748535156250000000e-01 9.697265625000000000e-01
2.172851562500000000e-02 3.763427734375000000e-01 9.782714843750000000e-01
2.661132812500000000e-02 3.699951171875000000e-01 9.733886718750000000e-01
2.661132812500000000e-02 3.048095703125000000e-01 9.733886718750000000e-01
2.307128906250000000e-02 4.482421875000000000e-01 9.769287109375000000e-01
2.221679687500000000e-02 4.360351562500000000e-01 9.777832031250000000e-01
2.526855468750000000e-02 3.975830078125000000e-01 9.747314453125000000e-01
2.770996093750000000e-02 4.765625000000000000e-01 9.722900390625000000e-01
2.648925781250000000e-02 4.526367187500000000e-01 9.735107421875000000e-01
2.795410156250000000e-02 4.820556640625000000e-01 9.720458984375000000e-01
2.636718750000000000e-02 4.742431640625000000e-01 9.736328125000000000e-01
3.369140625000000000e-02 3.989257812500000000e-01 9.663085937500000000e-01
2.343750000000000000e-02 4.060058593750000000e-01 9.765625000000000000e-01
2.990722656250000000e-02 3.774414062500000000e-01 9.700927734375000000e-01
2.575683593750000000e-02 3.811035156250000000e-01 9.742431640625000000e-01
3.930664062500000000e-02 4.626464843750000000e-01 9.606933593750000000e-01
2.429199218750000000e-02 4.223632812500000000e-01 9.757080078125000000e-01
3.161621093750000000e-02 4.313964843750000000e-01 9.683837890625000000e-01
3.173828125000000000e-02 2.724609375000000000e-01 7.679443359375000000e-01
2.429199218750000000e-02 3.419189453125000000e-01 9.757080078125000000e-01
2.319335937500000000e-02 4.136962890625000000e-01 9.768066406250000000e-01
3.833007812500000000e-02 3.046875000000000000e-01 9.616699218750000000e-01
2.636718750000000000e-02 3.839111328125000000e-01 9.736328125000000000e-01
2.209472656250000000e-02 4.531250000000000000e-01 9.779052734375000000e-01
2.465820312500000000e-02 4.826660156250000000e-01 9.753417968750000000e-01
2.844238281250000000e-02 4.058837890625000000e-01 9.715576171875000000e-01
2.575683593750000000e-02 4.836425781250000000e-01 9.742431640625000000e-01
2.575683593750000000e-02 3.221435546875000000e-01 9.742431640625000000e-01
1.696777343750000000e-02 4.542236328125000000e-01 9.830322265625000000e-01
2.038574218750000000e-02 4.757080078125000000e-01 9.796142578125000000e-01
2.709960937500000000e-02 4.523925781250000000e-01 9.729003906250000000e-01
3.002929687500000000e-02 3.771972656250000000e-01 9.699707031250000000e-01
2.478027343750000000e-02 4.523925781250000000e-01 9.752197265625000000e-01
2.160644531250000000e-02 3.248291015625000000e-01 9.783935546875000000e-01
2.636718750000000000e-02 3.558349609375000000e-01 9.736328125000000000e-01
2.343750000000000000e-02 4.561767578125000000e-01 9.765625000000000000e-01
2.160644531250000000e-02 3.859863281250000000e-01 9.783935546875000000e-01
2.380371093750000000e-02 4.304199218750000000e-01 9.761962890625000000e-01
2.478027343750000000e-02 4.560546875000000000e-01 9.752197265625000000e-01
3.454589843750000000e-02 3.266601562500000000e-01 6.767578125000000000e-01
2.270507812500000000e-02 4.693603515625000000e-01 9.772949218750000000e-01
2.587890625000000000e-02 3.619384765625000000e-01 9.741210937500000000e-01
2.551269531250000000e-02 4.814453125000000000e-01 9.744873046875000000e-01
2.600097656250000000e-02 4.387207031250000000e-01 9.739990234375000000e-01
3.454589843750000000e-02 3.220214843750000000e-01 7.640380859375000000e-01
1.928710937500000000e-02 4.816894531250000000e-01 9.807128906250000000e-01
2.770996093750000000e-02 4.698486328125000000e-01 9.719238281250000000e-01
2.746582031250000000e-02 4.000244140625000000e-01 9.725341796875000000e-01
2.563476562500000000e-02 4.259033203125000000e-01 9.743652343750000000e-01
2.404785156250000000e-02 4.426269531250000000e-01 9.759521484375000000e-01
2.758789062500000000e-02 4.688720703125000000e-01 9.724121093750000000e-01
2.587890625000000000e-02 3.432617187500000000e-01 9.741210937500000000e-01
3.125000000000000000e-02 4.580078125000000000e-01 9.687500000000000000e-01
2.233886718750000000e-02 3.752441406250000000e-01 9.776611328125000000e-01
2.441406250000000000e-02 4.852294921875000000e-01 9.755859375000000000e-01
4.345703125000000000e-02 2.462158203125000000e-01 7.225341796875000000e-01
3.503417968750000000e-02 2.962646484375000000e-01 7.076416015625000000e-01
2.246093750000000000e-02 4.844970703125000000e-01 9.775390625000000000e-01
3.405761718750000000e-02 3.153076171875000000e-01 7.369384765625000000e-01
2.209472656250000000e-02 4.815673828125000000e-01 9.779052734375000000e-01
2.514648437500000000e-02 4.536132812500000000e-01 9.748535156250000000e-01
1.757812500000000000e-02 4.554443359375000000e-01 9.824218750000000000e-01
2.392578125000000000e-02 4.782714843750000000e-01 9.760742187500000000e-01
3.710937500000000000e-02 3.791503906250000000e-01 7.581787109375000000e-01
2.551269531250000000e-02 4.632568359375000000e-01 9.744873046875000000e-01
2.368164062500000000e-02 4.715576171875000000e-01 9.763183593750000000e-01
3.149414062500000000e-02 4.257812500000000000e-01 9.685058593750000000e-01
2.746582031250000000e-02 4.683837890625000000e-01 9.725341796875000000e-01
3.198242187500000000e-02 3.227539062500000000e-01 7.088623046875000000e-01
2.770996093750000000e-02 4.769287109375000000e-01 9.722900390625000000e-01
2.734375000000000000e-02 3.559570312500000000e-01 7.235107421875000000e-01
2.441406250000000000e-02 3.757324218750000000e-01 9.755859375000000000e-01
2.770996093750000000e-02 4.111328125000000000e-01 9.722900390625000000e-01
2.441406250000000000e-02 4.870605468750000000e-01 9.755859375000000000e-01
