2.734375000000000000e-02 3.974609375000000000e-01 9.726562500000000000e-01
2.026367187500000000e-02 4.554443359375000000e-01 9.797363281250000000e-01
2.380371093750000000e-02 4.636230468750000000e-01 9.761962890625000000e-01
2.978515625000000000e-02 3.358154296875000000e-01 7.030029296875000000e-01
1.904296875000000000e-02 4.897460937500000000e-01 9.809570312500000000e-01
2.429199218750000000e-02 3.420410156250000000e-01 9.757080078125000000e-01
2.368164062500000000e-02 4.459228515625000000e-01 9.763183593750000000e-01
2.246093750000000000e-02 3.878173828125000000e-01 9.775390625000000000e-01
2.612304687500000000e-02 3.579101562500000000e-01 9.738769531250000000e-01
2.758789062500000000e-02 3.979492187500000000e-01 9.724121093750000000e-01
2.368164062500000000e-02 3.389892578125000000e-01 9.763183593750000000e-01
4.016113281250000000e-02 3.183593750000000000e-01 7.512207031250000000e-01
2.978515625000000000e-02 3.083496093750000000e-01 9.702148437500000000e-01
2.673339843750000000e-02 3.572998046875000000e-01 9.732666015625000000e-01
2.636718750000000000e-02 4.377441406250000000e-01 9.736328125000000000e-01
2.355957031250000000e-02 4.478759765625000000e-01 9.764404296875000000e-01
2.880859375000000000e-02 4.107666015625000000e-01 9.711914062500000000e-01
2.429199218750000000e-02 4.503173828125000000e-01 9.757080078125000000e-01
2.526855468750000000e-02 3.797607421875000000e-01 9.747314453125000000e-01
3.210449218750000000e-02 3.870849609375000000e-01 9.678955078125000000e-01
2.746582031250000000e-02 3.792724609375000000e-01 9.725341796875000000e-01
2.917480468750000000e-02 3.171386718750000000e-01 9.708251953125000000e-01
2.453613281250000000e-02 4.300537109375000000e-01 9.754638671875000000e-01
2.172851562500000000e-02 4.672851562500000000e-01 9.782714843750000000e-01
1.721191406250000000e-02 4.187011718750000000e-01 9.827880859375000000e-01
2.465820312500000000e-02 2.882080078125000000e-01 9.753417968750000000e-01
2.600097656250000000e-02 4.863281250000000000e-01 9.738769531250000000e-01
2.539062500000000000e-02 3.632812500000000000e-01 9.746093750000000000e-01
2.868652343750000000e-02 4.591064453125000000e-01 9.713134765625000000e-01
3.332519531250000000e-02 4.769287109375000000e-01 9.666748046875000000e-01
2.368164062500000000e-02 4.790039062500000000e-01 9.763183593750000000e-01
2.526855468750000000e-02 4.003906250000000000e-01 9.747314453125000000e-01
2.490234375000000000e-02 3.194580078125000000e-01 9.750976562500000000e-01
2.319335937500000000e-02 4.112548828125000000e-01 9.768066406250000000e-01
2.355957031250000000e-02 4.459228515625000000e-01 9.764404296875000000e-01
2.746582031250000000e-02 4.466552734375000000e-01 9.725341796875000000e-01
2.734375000000000000e-02 4.060058593750000000e-01 9.726562500000000000e-01
2.819824218750000000e-02 3.426513671875000000e-01 9.718017578125000000e-01
2.099609375000000000e-02 4.494628906250000000e-01 9.790039062500000000e-01
2.441406250000000000e-02 3.386230468750000000e-01 9.755859375000000000e-01
2.966308593750000000e-02 4.722900390625000000e-01 9.703369140625000000e-01
2.648925781250000000e-02 4.498291015625000000e-01 9.735107421875000000e-01
2.587890625000000000e-02 4.344482421875000000e-01 9.741210937500000000e-01
2.893066406250000000e-02 3.453369140625000000e-01 9.710693359375000000e-01
3.332519531250000000e-02 2.836914062500000000e-01 7.667236328125000000e-01
2.673339843750000000e-02 3.621826171875000000e-01 9.732666015625000000e-01
2.282714843750000000e-02 4.420166015625000000e-01 9.771728515625000000e-01
3.112792968750000000e-02 4.056396484375000000e-01 9.688720703125000000e-01
2.819824218750000000e-02 4.503173828125000000e-01 9.718017578125000000e-01
3.039550781250000000e-02 4.246826171875000000e-01 9.696044921875000000e-01
2.441406250000000000e-02 4.447021484375000000e-01 9.755859375000000000e-01
2.795410156250000000e-02 4.538574218750000000e-01 9.720458984375000000e-01
2.844238281250000000e-02 3.796386718750000000e-01 9.715576171875000000e-01
2.783203125000000000e-02 3.022460937500000000e-01 9.721679687500000000e-01
2.136230468750000000e-02 4.226074218750000000e-01 9.786376953125000000e-01
2.856445312500000000e-02 3.876953125000000000e-01 9.714355468750000000e-01
2.526855468750000000e-02 3.986816406250000000e-01 9.747314453125000000e-01
3.149414062500000000e-02 3.759765625000000000e-01 9.685058593750000000e-01
3.784179687500000000e-02 3.081054687500000000e-01 6.770019531250000000e-01
2.233886718750000000e-02 4.794921875000000000e-01 9.776611328125000000e-01
3.186035156250000000e-02 4.460449218750000000e-01 9.681396484375000000e-01
3.503417968750000000e-02 2.789306640625000000e-01 7.340087890625000000e-01
2.111816406250000000e-02 3.306884765625000000e-01 9.788818359375000000e-01
2.990722656250000000e-02 3.796386718750000000e-01 9.700927734375000000e-01
2.404785156250000000e-02 3.165283203125000000e-01 9.759521484375000000e-01
2.209472656250000000e-02 3.602294921875000000e-01 9.779052734375000000e-01
2.624511718750000000e-02 3.809814453125000000e-01 9.737548828125000000e-01
2.770996093750000000e-02 2.947998046875000000e-01 7.053222656250000000e-01
2.355957031250000000e-02 4.774169921875000000e-01 9.764404296875000000e-01
2.319335937500000000e-02 4.360351562500000000e-01 9.768066406250000000e-01
2.331542968750000000e-02 3.837890625000000000e-01 9.766845703125000000e-01
1.977539062500000000e-02 4.768066406250000000e-01 9.802246093750000000e-01
2.563476562500000000e-02 4.122314453125000000e-01 9.743652343750000000e-01
2.905273437500000000e-02 4.230957031250000000e-01 9.709472656250000000e-01
2.624511718750000000e-02 3.365478515625000000e-01 9.737548828125000000e-01
3.222656250000000000e-02 3.553466796875000000e-01 7.470703125000000000e-01
2.539062500000000000e-02 4.360351562500000000e-01 9.746093750000000000e-01
2.746582031250000000e-02 4.597167968750000000e-01 9.725341796875000000e-01
2.551269531250000000e-02 3.431396484375000000e-01 9.744873046875000000e-01
2.600097656250000000e-02 3.378906250000000000e-01 9.739990234375000000e-01
2.270507812500000000e-02 4.443359375000000000e-01 9.772949218750000000e-01
2.868652343750000000e-02 4.572753906250000000e-01 9.713134765625000000e-01
2.636718750000000000e-02 4.362792968750000000e-01 9.736328125000000000e-01
2.490234375000000000e-02 3.585205078125000000e-01 9.750976562500000000e-01
2.514648437500000000e-02 3.814697265625000000e-01 9.748535156250000000e-01
2.392578125000000000e-02 4.188232421875000000e-01 9.760742187500000000e-01
2.392578125000000000e-02 4.554443359375000000e-01 9.760742187500000000e-01
2.026367187500000000e-02 4.892578125000000000e-01 9.797363281250000000e-01
2.038574218750000000e-02 4.685058593750000000e-01 9.796142578125000000e-01
2.966308593750000000e-02 3.854980468750000000e-01 9.703369140625000000e-01
2.575683593750000000e-02 4.824218750000000000e-01 9.742431640625000000e-01
2.734375000000000000e-02 4.558105468750000000e-01 9.726562500000000000e-01
2.404785156250000000e-02 4.489746093750000000e-01 9.759521484375000000e-01
3.771972656250000000e-02 4.552001953125000000e-01 9.622802734375000000e-01
3.344726562500000000e-02 3.327636718750000000e-01 6.892089843750000000e-01
2.770996093750000000e-02 4.783935546875000000e-01 9.722900390625000000e-01
2.954101562500000000e-02 2.947998046875000000e-01 6.864013671875000000e-01
2.685546875000000000e-02 3.801269531250000000e-01 9.731445312500000000e-01
2.807617187500000000e-02 4.685058593750000000e-01 9.719238281250000000e-01
2.478027343750000000e-02 4.472656250000000000e-01 9.752197265625000000e-01
