5.493164062500000000e-02 3.835449218750000000e-01 8.334960937500000000e-01
6.774902343750000000e-02 2.016601562500000000e-01 6.503906250000000000e-01
6.176757812500000000e-02 2.071533203125000000e-01 9.382324218750000000e-01
6.066894531250000000e-02 2.606201171875000000e-01 7.401123046875000000e-01
5.895996093750000000e-02 3.435058593750000000e-01 7.938232421875000000e-01
6.066894531250000000e-02 4.427490234375000000e-01 9.387207031250000000e-01
5.432128906250000000e-02 1.365966796875000000e-01 9.456787109375000000e-01
6.066894531250000000e-02 2.172851562500000000e-01 7.401123046875000000e-01
6.140136718750000000e-02 3.060302734375000000e-01 6.712646484375000000e-01
6.005859375000000000e-02 2.302246093750000000e-01 6.320800781250000000e-01
6.701660156250000000e-02 2.694091796875000000e-01 7.446289062500000000e-01
4.809570312500000000e-02 3.620605468750000000e-01 7.827148437500000000e-01
8.068847656250000000e-02 1.578369140625000000e-01 4.102783203125000000e-01
5.505371093750000000e-02 2.060546875000000000e-01 9.449462890625000000e-01
5.322265625000000000e-02 1.899414062500000000e-01 9.467773437500000000e-01
6.237792968750000000e-02 2.622070312500000000e-01 9.376220703125000000e-01
5.798339843750000000e-02 4.313964843750000000e-01 9.420166015625000000e-01
6.176757812500000000e-02 2.628173828125000000e-01 8.859863281250000000e-01
5.432128906250000000e-02 3.602294921875000000e-01 9.456787109375000000e-01
5.407714843750000000e-02 3.206787109375000000e-01 9.459228515625000000e-01
7.238769531250000000e-02 1.995849609375000000e-01 5.894775390625000000e-01
6.469726562500000000e-02 1.596679687500000000e-01 7.758789062500000000e-01
4.785156250000000000e-02 3.348388671875000000e-01 9.521484375000000000e-01
6.323242187500000000e-02 2.669677734375000000e-01 6.466064453125000000e-01
5.590820312500000000e-02 2.989501953125000000e-01 9.440917968750000000e-01
7.397460937500000000e-02 3.604736328125000000e-01 7.713623046875000000e-01
5.749511718750000000e-02 2.564697265625000000e-01 6.876220703125000000e-01
6.188964843750000000e-02 2.980957031250000000e-01 7.901611328125000000e-01
7.128906250000000000e-02 2.684326171875000000e-01 6.204833984375000000e-01
6.884765625000000000e-02 2.375488281250000000e-01 6.032714843750000000e-01
5.895996093750000000e-02 2.347412109375000000e-01 8.726806640625000000e-01
5.603027343750000000e-02 3.403320312500000000e-01 9.438476562500000000e-01
6.201171875000000000e-02 3.208007812500000000e-01 7.993164062500000000e-01
5.895996093750000000e-02 3.112792968750000000e-01 8.314208984375000000e-01
5.297851562500000000e-02 2.274169921875000000e-01 9.470214843750000000e-01
6.274414062500000000e-02 2.739257812500000000e-01 6.955566406250000000e-01
5.969238281250000000e-02 4.154052734375000000e-01 9.403076171875000000e-01
5.981445312500000000e-02 2.064208984375000000e-01 6.489257812500000000e-01
6.359863281250000000e-02 2.592773437500000000e-01 8.491210937500000000e-01
6.542968750000000000e-02 3.321533203125000000e-01 9.343261718750000000e-01
6.469726562500000000e-02 2.828369140625000000e-01 8.129882812500000000e-01
5.676269531250000000e-02 2.583007812500000000e-01 8.707275390625000000e-01
7.458496093750000000e-02 1.484375000000000000e-01 3.771972656250000000e-01
5.065917968750000000e-02 2.541503906250000000e-01 9.493408203125000000e-01
7.128906250000000000e-02 2.355957031250000000e-01 4.951171875000000000e-01
6.933593750000000000e-02 2.277832031250000000e-01 8.281250000000000000e-01
4.479980468750000000e-02 4.755859375000000000e-01 9.552001953125000000e-01
5.883789062500000000e-02 2.841796875000000000e-01 8.245849609375000000e-01
5.725097656250000000e-02 4.591064453125000000e-01 9.427490234375000000e-01
6.848144531250000000e-02 2.653808593750000000e-01 7.781982421875000000e-01
6.713867187500000000e-02 2.276611328125000000e-01 6.757812500000000000e-01
6.689453125000000000e-02 3.244628906250000000e-01 7.441406250000000000e-01
5.163574218750000000e-02 2.946777343750000000e-01 9.483642578125000000e-01
7.019042968750000000e-02 2.910156250000000000e-01 6.647949218750000000e-01
6.420898437500000000e-02 1.683349609375000000e-01 6.527099609375000000e-01
6.958007812500000000e-02 1.920166015625000000e-01 4.916992187500000000e-01
6.994628906250000000e-02 2.712402343750000000e-01 5.533447265625000000e-01
5.236816406250000000e-02 2.633056640625000000e-01 9.476318359375000000e-01
6.384277343750000000e-02 2.094726562500000000e-01 9.361572265625000000e-01
6.628417968750000000e-02 2.706298828125000000e-01 7.913818359375000000e-01
7.299804687500000000e-02 1.424560546875000000e-01 4.061279296875000000e-01
6.335449218750000000e-02 3.189697265625000000e-01 6.767578125000000000e-01
6.457519531250000000e-02 4.323730468750000000e-01 9.354248046875000000e-01
5.712890625000000000e-02 4.652099609375000000e-01 9.428710937500000000e-01
5.981445312500000000e-02 3.256835937500000000e-01 8.029785156250000000e-01
6.652832031250000000e-02 2.955322265625000000e-01 7.076416015625000000e-01
6.591796875000000000e-02 3.868408203125000000e-01 8.388671875000000000e-01
6.604003906250000000e-02 2.458496093750000000e-01 6.601562500000000000e-01
5.749511718750000000e-02 2.652587890625000000e-01 9.425048828125000000e-01
7.434082031250000000e-02 3.645019531250000000e-01 8.471679687500000000e-01
4.992675781250000000e-02 2.626953125000000000e-01 9.500732421875000000e-01
6.579589843750000000e-02 2.535400390625000000e-01 7.696533203125000000e-01
8.093261718750000000e-02 1.525878906250000000e-01 3.249511718750000000e-01
5.407714843750000000e-02 2.120361328125000000e-01 9.459228515625000000e-01
6.127929687500000000e-02 4.637451171875000000e-01 9.387207031250000000e-01
4.858398437500000000e-02 2.409667968750000000e-01 9.514160156250000000e-01
5.834960937500000000e-02 1.625976562500000000e-01 9.416503906250000000e-01
5.102539062500000000e-02 3.271484375000000000e-01 9.489746093750000000e-01
6.286621093750000000e-02 2.630615234375000000e-01 6.323242187500000000e-01
8.312988281250000000e-02 1.939697265625000000e-01 4.013671875000000000e-01
6.201171875000000000e-02 3.962402343750000000e-01 9.152832031250000000e-01
6.994628906250000000e-02 2.839355468750000000e-01 6.079101562500000000e-01
6.335449218750000000e-02 2.436523437500000000e-01 9.366455078125000000e-01
5.444335937500000000e-02 3.554687500000000000e-01 8.580322265625000000e-01
4.882812500000000000e-02 2.983398437500000000e-01 9.510498046875000000e-01
7.324218750000000000e-02 3.188476562500000000e-01 7.456054687500000000e-01
6.225585937500000000e-02 4.217529296875000000e-01 8.437500000000000000e-01
6.298828125000000000e-02 2.412109375000000000e-01 9.370117187500000000e-01
5.505371093750000000e-02 4.300537109375000000e-01 9.449462890625000000e-01
5.383300781250000000e-02 4.241943359375000000e-01 9.461669921875000000e-01
5.419921875000000000e-02 3.974609375000000000e-01 9.456787109375000000e-01
7.568359375000000000e-02 2.288818359375000000e-01 7.551269531250000000e-01
5.847167968750000000e-02 3.996582031250000000e-01 9.415283203125000000e-01
5.065917968750000000e-02 3.236083984375000000e-01 9.493408203125000000e-01
6.506347656250000000e-02 3.789062500000000000e-01 7.622070312500000000e-01
5.981445312500000000e-02 3.507080078125000000e-01 8.747558593750000000e-01
8.093261718750000000e-02 1.612548828125000000e-01 4.184570312500000000e-01
7.104492187500000000e-02 3.316650390625000000e-01 9.289550781250000000e-01
6.762695312500000000e-02 1.883544921875000000e-01 8.000488281250000000e-01
5.981445312500000000e-02 3.929443359375000000e-01 9.401855468750000000e-01
