3.039550781250000000e-02 4.587402343750000000e-01 9.696044921875000000e-01
2.795410156250000000e-02 4.582519531250000000e-01 9.720458984375000000e-01
3.173828125000000000e-02 3.181152343750000000e-01 7.280273437500000000e-01
2.014160156250000000e-02 4.654541015625000000e-01 9.798583984375000000e-01
1.989746093750000000e-02 4.821777343750000000e-01 9.801025390625000000e-01
3.356933593750000000e-02 3.342285156250000000e-01 6.929931640625000000e-01
3.820800781250000000e-02 2.554931640625000000e-01 7.441406250000000000e-01
2.819824218750000000e-02 4.521484375000000000e-01 9.718017578125000000e-01
3.674316406250000000e-02 2.827148437500000000e-01 9.632568359375000000e-01
2.319335937500000000e-02 4.368896484375000000e-01 9.768066406250000000e-01
3.637695312500000000e-02 3.349609375000000000e-01 7.930908203125000000e-01
3.540039062500000000e-02 3.336181640625000000e-01 7.292480468750000000e-01
3.149414062500000000e-02 3.906250000000000000e-01 9.683837890625000000e-01
3.540039062500000000e-02 3.861083984375000000e-01 9.645996093750000000e-01
5.187988281250000000e-02 2.095947265625000000e-01 9.481201171875000000e-01
3.100585937500000000e-02 3.527832031250000000e-01 9.689941406250000000e-01
3.027343750000000000e-02 3.204345703125000000e-01 8.015136718750000000e-01
3.234863281250000000e-02 3.204345703125000000e-01 6.568603515625000000e-01
4.467773437500000000e-02 3.404541015625000000e-01 9.553222656250000000e-01
2.734375000000000000e-02 3.995361328125000000e-01 9.726562500000000000e-01
3.552246093750000000e-02 4.562988281250000000e-01 9.644775390625000000e-01
3.515625000000000000e-02 3.913574218750000000e-01 9.648437500000000000e-01
3.210449218750000000e-02 4.047851562500000000e-01 9.678955078125000000e-01
2.465820312500000000e-02 4.848632812500000000e-01 9.753417968750000000e-01
3.063964843750000000e-02 3.217773437500000000e-01 9.693603515625000000e-01
3.552246093750000000e-02 2.413330078125000000e-01 5.100097656250000000e-01
2.758789062500000000e-02 3.507080078125000000e-01 9.724121093750000000e-01
2.612304687500000000e-02 4.514160156250000000e-01 9.738769531250000000e-01
2.551269531250000000e-02 3.933105468750000000e-01 9.744873046875000000e-01
3.845214843750000000e-02 4.696044921875000000e-01 9.615478515625000000e-01
2.441406250000000000e-02 4.829101562500000000e-01 9.755859375000000000e-01
3.063964843750000000e-02 2.817382812500000000e-01 9.693603515625000000e-01
3.027343750000000000e-02 3.183593750000000000e-01 7.880859375000000000e-01
2.307128906250000000e-02 4.005126953125000000e-01 9.769287109375000000e-01
2.929687500000000000e-02 2.862548828125000000e-01 9.707031250000000000e-01
3.723144531250000000e-02 4.560546875000000000e-01 9.627685546875000000e-01
2.539062500000000000e-02 3.880615234375000000e-01 9.746093750000000000e-01
2.832031250000000000e-02 4.379882812500000000e-01 9.716796875000000000e-01
2.490234375000000000e-02 4.567871093750000000e-01 9.750976562500000000e-01
3.869628906250000000e-02 4.046630859375000000e-01 9.613037109375000000e-01
2.624511718750000000e-02 3.572998046875000000e-01 9.737548828125000000e-01
4.064941406250000000e-02 2.193603515625000000e-01 8.022460937500000000e-01
4.345703125000000000e-02 2.322998046875000000e-01 7.452392578125000000e-01
4.223632812500000000e-02 2.814941406250000000e-01 7.163085937500000000e-01
2.758789062500000000e-02 4.644775390625000000e-01 9.724121093750000000e-01
2.746582031250000000e-02 4.829101562500000000e-01 9.725341796875000000e-01
2.246093750000000000e-02 4.645996093750000000e-01 9.775390625000000000e-01
4.882812500000000000e-02 2.430419921875000000e-01 6.007080078125000000e-01
2.734375000000000000e-02 3.823242187500000000e-01 9.726562500000000000e-01
2.160644531250000000e-02 4.617919921875000000e-01 9.783935546875000000e-01
3.540039062500000000e-02 3.240966796875000000e-01 9.645996093750000000e-01
3.601074218750000000e-02 2.874755859375000000e-01 7.144775390625000000e-01
3.393554687500000000e-02 3.178710937500000000e-01 9.660644531250000000e-01
3.076171875000000000e-02 3.889160156250000000e-01 9.692382812500000000e-01
4.260253906250000000e-02 2.200927734375000000e-01 6.373291015625000000e-01
2.807617187500000000e-02 4.794921875000000000e-01 9.719238281250000000e-01
2.819824218750000000e-02 3.605957031250000000e-01 9.718017578125000000e-01
3.466796875000000000e-02 3.513183593750000000e-01 9.653320312500000000e-01
3.295898437500000000e-02 4.638671875000000000e-01 9.669189453125000000e-01
2.917480468750000000e-02 4.193115234375000000e-01 9.708251953125000000e-01
3.845214843750000000e-02 3.594970703125000000e-01 7.293701171875000000e-01
3.186035156250000000e-02 4.791259765625000000e-01 9.681396484375000000e-01
2.429199218750000000e-02 4.868164062500000000e-01 9.757080078125000000e-01
2.929687500000000000e-02 3.218994140625000000e-01 7.426757812500000000e-01
3.698730468750000000e-02 2.972412109375000000e-01 9.630126953125000000e-01
2.819824218750000000e-02 3.702392578125000000e-01 9.718017578125000000e-01
3.393554687500000000e-02 3.819580078125000000e-01 9.660644531250000000e-01
3.015136718750000000e-02 2.500000000000000000e-01 9.698486328125000000e-01
3.283691406250000000e-02 3.686523437500000000e-01 7.539062500000000000e-01
4.626464843750000000e-02 2.192382812500000000e-01 8.065185546875000000e-01
4.736328125000000000e-02 2.741699218750000000e-01 7.884521484375000000e-01
3.979492187500000000e-02 3.444824218750000000e-01 8.223876953125000000e-01
2.807617187500000000e-02 3.662109375000000000e-01 9.719238281250000000e-01
2.380371093750000000e-02 2.369384765625000000e-01 9.761962890625000000e-01
3.698730468750000000e-02 3.387451171875000000e-01 8.099365234375000000e-01
2.209472656250000000e-02 3.154296875000000000e-01 9.779052734375000000e-01
4.052734375000000000e-02 2.626953125000000000e-01 7.044677734375000000e-01
2.868652343750000000e-02 4.230957031250000000e-01 9.713134765625000000e-01
2.746582031250000000e-02 3.771972656250000000e-01 9.725341796875000000e-01
2.844238281250000000e-02 3.830566406250000000e-01 9.715576171875000000e-01
4.052734375000000000e-02 2.340087890625000000e-01 7.464599609375000000e-01
2.722167968750000000e-02 4.772949218750000000e-01 9.727783203125000000e-01
2.648925781250000000e-02 3.815917968750000000e-01 9.735107421875000000e-01
3.308105468750000000e-02 3.139648437500000000e-01 6.545410156250000000e-01
3.320312500000000000e-02 3.356933593750000000e-01 9.667968750000000000e-01
3.234863281250000000e-02 2.512207031250000000e-01 7.214355468750000000e-01
3.564453125000000000e-02 4.732666015625000000e-01 9.643554687500000000e-01
2.136230468750000000e-02 4.564208984375000000e-01 9.786376953125000000e-01
3.271484375000000000e-02 3.190917968750000000e-01 6.697998046875000000e-01
3.894042968750000000e-02 2.817382812500000000e-01 6.931152343750000000e-01
3.186035156250000000e-02 3.483886718750000000e-01 7.015380859375000000e-01
2.697753906250000000e-02 3.134765625000000000e-01 7.630615234375000000e-01
3.112792968750000000e-02 4.445800781250000000e-01 9.688720703125000000e-01
3.125000000000000000e-02 4.583740234375000000e-01 9.687500000000000000e-01
2.612304687500000000e-02 3.381347656250000000e-01 9.738769531250000000e-01
3.100585937500000000e-02 3.295898437500000000e-01 9.689941406250000000e-01
3.283691406250000000e-02 2.779541015625000000e-01 7.222900390625000000e-01
2.783203125000000000e-02 3.699951171875000000e-01 9.721679687500000000e-01
3.100585937500000000e-02 4.096679687500000000e-01 9.689941406250000000e-01
5.236816406250000000e-02 2.393798828125000000e-01 5.629882812500000000e-01
