2.904052734375000000e-01 1.058349609375000000e-01 4.962158203125000000e-01
3.067626953125000000e-01 1.958007812500000000e-01 4.659423828125000000e-01
3.022460937500000000e-01 1.522216796875000000e-01 3.686523437500000000e-01
2.821044921875000000e-01 2.829589843750000000e-01 5.747070312500000000e-01
2.954101562500000000e-01 1.463623046875000000e-01 4.294433593750000000e-01
3.056640625000000000e-01 8.288574218750000000e-02 4.508056640625000000e-01
2.915039062500000000e-01 1.387939453125000000e-01 5.354003906250000000e-01
2.893066406250000000e-01 1.215820312500000000e-01 4.504394531250000000e-01
2.979736328125000000e-01 2.283935546875000000e-01 4.869384765625000000e-01
3.129882812500000000e-01 1.322021484375000000e-01 3.039550781250000000e-01
2.917480468750000000e-01 1.931152343750000000e-01 4.625244140625000000e-01
2.891845703125000000e-01 1.717529296875000000e-01 3.641357421875000000e-01
3.015136718750000000e-01 2.039794921875000000e-01 4.765625000000000000e-01
2.985839843750000000e-01 1.536865234375000000e-01 3.084716796875000000e-01
2.962646484375000000e-01 1.052246093750000000e-01 5.589599609375000000e-01
3.094482421875000000e-01 1.505126953125000000e-01 3.388671875000000000e-01
3.369140625000000000e-01 9.448242187500000000e-02 1.942138671875000000e-01
3.126220703125000000e-01 7.849121093750000000e-02 3.742675781250000000e-01
2.944335937500000000e-01 9.777832031250000000e-02 3.968505859375000000e-01
3.021240234375000000e-01 1.693115234375000000e-01 4.188232421875000000e-01
3.165283203125000000e-01 1.406250000000000000e-01 3.836669921875000000e-01
2.907714843750000000e-01 1.807861328125000000e-01 4.895019531250000000e-01
3.005371093750000000e-01 1.252441406250000000e-01 4.438476562500000000e-01
2.857666015625000000e-01 1.173095703125000000e-01 6.019287109375000000e-01
3.065185546875000000e-01 1.994628906250000000e-01 4.371337890625000000e-01
2.583007812500000000e-01 1.606445312500000000e-01 7.098388671875000000e-01
3.109130859375000000e-01 1.525878906250000000e-01 4.210205078125000000e-01
2.924804687500000000e-01 8.837890625000000000e-02 4.190673828125000000e-01
2.854003906250000000e-01 1.538085937500000000e-01 5.233154296875000000e-01
3.292236328125000000e-01 8.117675781250000000e-02 1.665039062500000000e-01
3.076171875000000000e-01 1.353759765625000000e-01 3.897705078125000000e-01
3.029785156250000000e-01 1.600341796875000000e-01 4.520263671875000000e-01
3.151855468750000000e-01 1.053466796875000000e-01 2.742919921875000000e-01
2.965087890625000000e-01 1.715087890625000000e-01 5.235595703125000000e-01
2.993164062500000000e-01 1.861572265625000000e-01 5.358886718750000000e-01
2.912597656250000000e-01 1.988525390625000000e-01 5.718994140625000000e-01
2.998046875000000000e-01 1.697998046875000000e-01 4.501953125000000000e-01
2.968750000000000000e-01 1.594238281250000000e-01 5.466308593750000000e-01
3.045654296875000000e-01 2.042236328125000000e-01 4.387207031250000000e-01
2.707519531250000000e-01 1.597900390625000000e-01 6.892089843750000000e-01
2.989501953125000000e-01 1.235351562500000000e-01 4.621582031250000000e-01
3.078613281250000000e-01 1.572265625000000000e-01 4.205322265625000000e-01
2.823486328125000000e-01 3.159179687500000000e-01 6.478271484375000000e-01
3.229980468750000000e-01 6.762695312500000000e-02 1.820068359375000000e-01
3.093261718750000000e-01 1.414794921875000000e-01 2.867431640625000000e-01
3.004150390625000000e-01 1.184082031250000000e-01 3.159179687500000000e-01
3.066406250000000000e-01 1.721191406250000000e-01 4.047851562500000000e-01
3.089599609375000000e-01 1.312255859375000000e-01 2.976074218750000000e-01
3.024902343750000000e-01 9.033203125000000000e-02 2.991943359375000000e-01
2.943115234375000000e-01 1.939697265625000000e-01 4.572753906250000000e-01
3.017578125000000000e-01 1.452636718750000000e-01 5.384521484375000000e-01
3.021240234375000000e-01 2.227783203125000000e-01 4.779052734375000000e-01
2.924804687500000000e-01 8.129882812500000000e-02 5.113525390625000000e-01
2.957763671875000000e-01 1.175537109375000000e-01 4.056396484375000000e-01
2.822265625000000000e-01 1.514892578125000000e-01 3.651123046875000000e-01
3.032226562500000000e-01 1.030273437500000000e-01 4.675292968750000000e-01
3.001708984375000000e-01 1.295166015625000000e-01 4.345703125000000000e-01
3.099365234375000000e-01 1.152343750000000000e-01 2.508544921875000000e-01
3.006591796875000000e-01 1.108398437500000000e-01 4.228515625000000000e-01
2.915039062500000000e-01 1.295166015625000000e-01 5.626220703125000000e-01
2.828369140625000000e-01 2.377929687500000000e-01 6.287841796875000000e-01
2.683105468750000000e-01 1.582031250000000000e-01 6.374511718750000000e-01
3.155517578125000000e-01 1.201171875000000000e-01 4.052734375000000000e-01
2.978515625000000000e-01 2.681884765625000000e-01 5.473632812500000000e-01
2.802734375000000000e-01 2.384033203125000000e-01 6.275634765625000000e-01
3.012695312500000000e-01 1.390380859375000000e-01 3.598632812500000000e-01
2.978515625000000000e-01 1.623535156250000000e-01 5.129394531250000000e-01
3.004150390625000000e-01 1.335449218750000000e-01 3.465576171875000000e-01
3.123779296875000000e-01 9.570312500000000000e-02 4.429931640625000000e-01
3.070068359375000000e-01 1.844482421875000000e-01 3.708496093750000000e-01
3.054199218750000000e-01 1.437988281250000000e-01 3.630371093750000000e-01
3.074951171875000000e-01 1.387939453125000000e-01 3.331298828125000000e-01
2.752685546875000000e-01 1.944580078125000000e-01 6.418457031250000000e-01
2.918701171875000000e-01 2.486572265625000000e-01 5.296630859375000000e-01
3.050537109375000000e-01 1.038818359375000000e-01 3.555908203125000000e-01
3.134765625000000000e-01 1.231689453125000000e-01 3.574218750000000000e-01
2.857666015625000000e-01 1.459960937500000000e-01 5.989990234375000000e-01
2.814941406250000000e-01 2.301025390625000000e-01 6.215820312500000000e-01
2.811279296875000000e-01 1.994628906250000000e-01 5.926513671875000000e-01
2.937011718750000000e-01 2.120361328125000000e-01 4.412841796875000000e-01
3.164062500000000000e-01 8.740234375000000000e-02 2.025146484375000000e-01
2.893066406250000000e-01 9.631347656250000000e-02 6.000976562500000000e-01
2.993164062500000000e-01 1.646728515625000000e-01 4.824218750000000000e-01
3.068847656250000000e-01 1.359863281250000000e-01 3.397216796875000000e-01
2.724609375000000000e-01 2.141113281250000000e-01 6.628417968750000000e-01
2.949218750000000000e-01 1.165771484375000000e-01 3.686523437500000000e-01
2.883300781250000000e-01 2.679443359375000000e-01 5.589599609375000000e-01
2.852783203125000000e-01 1.254882812500000000e-01 5.092773437500000000e-01
2.854003906250000000e-01 1.417236328125000000e-01 6.207275390625000000e-01
3.059082031250000000e-01 9.143066406250000000e-02 3.416748046875000000e-01
2.883300781250000000e-01 1.251220703125000000e-01 4.624023437500000000e-01
2.983398437500000000e-01 1.152343750000000000e-01 3.453369140625000000e-01
2.851562500000000000e-01 2.354736328125000000e-01 5.938720703125000000e-01
2.872314453125000000e-01 1.203613281250000000e-01 6.188964843750000000e-01
2.902832031250000000e-01 1.414794921875000000e-01 4.821777343750000000e-01
3.055419921875000000e-01 1.042480468750000000e-01 4.578857421875000000e-01
2.955322265625000000e-01 1.309814453125000000e-01 4.343261718750000000e-01
2.886962890625000000e-01 2.573242187500000000e-01 5.718994140625000000e-01
3.029785156250000000e-01 6.518554687500000000e-02 4.743652343750000000e-01
2.857666015625000000e-01 1.804199218750000000e-01 4.915771484375000000e-01
