4.174804687500000000e-02 3.618164062500000000e-01 9.582519531250000000e-01
5.273437500000000000e-02 3.049316406250000000e-01 7.158203125000000000e-01
4.150390625000000000e-02 3.225097656250000000e-01 9.584960937500000000e-01
4.931640625000000000e-02 2.141113281250000000e-01 7.370605468750000000e-01
3.063964843750000000e-02 4.836425781250000000e-01 9.693603515625000000e-01
4.541015625000000000e-02 2.276611328125000000e-01 7.437744140625000000e-01
5.822753906250000000e-02 4.318847656250000000e-01 8.664550781250000000e-01
3.833007812500000000e-02 4.382324218750000000e-01 9.616699218750000000e-01
4.492187500000000000e-02 2.829589843750000000e-01 7.152099609375000000e-01
5.236816406250000000e-02 2.224121093750000000e-01 6.663818359375000000e-01
3.991699218750000000e-02 4.617919921875000000e-01 9.600830078125000000e-01
4.504394531250000000e-02 3.674316406250000000e-01 9.549560546875000000e-01
4.882812500000000000e-02 3.680419921875000000e-01 9.511718750000000000e-01
4.638671875000000000e-02 3.602294921875000000e-01 9.536132812500000000e-01
4.650878906250000000e-02 3.480224609375000000e-01 7.591552734375000000e-01
4.602050781250000000e-02 2.138671875000000000e-01 7.777099609375000000e-01
4.394531250000000000e-02 2.210693359375000000e-01 9.560546875000000000e-01
4.431152343750000000e-02 2.972412109375000000e-01 9.556884765625000000e-01
5.517578125000000000e-02 2.148437500000000000e-01 5.546875000000000000e-01
3.515625000000000000e-02 3.243408203125000000e-01 9.648437500000000000e-01
4.479980468750000000e-02 2.457275390625000000e-01 9.552001953125000000e-01
3.601074218750000000e-02 2.939453125000000000e-01 9.639892578125000000e-01
3.649902343750000000e-02 2.861328125000000000e-01 9.635009765625000000e-01
3.735351562500000000e-02 4.578857421875000000e-01 9.626464843750000000e-01
2.844238281250000000e-02 3.842773437500000000e-01 9.715576171875000000e-01
4.699707031250000000e-02 2.934570312500000000e-01 6.347656250000000000e-01
5.151367187500000000e-02 3.258056640625000000e-01 9.484863281250000000e-01
5.920410156250000000e-02 2.182617187500000000e-01 5.781250000000000000e-01
4.638671875000000000e-02 2.628173828125000000e-01 7.673339843750000000e-01
4.650878906250000000e-02 2.294921875000000000e-01 5.447998046875000000e-01
5.480957031250000000e-02 2.357177734375000000e-01 5.766601562500000000e-01
4.541015625000000000e-02 1.949462890625000000e-01 9.544677734375000000e-01
5.249023437500000000e-02 2.061767578125000000e-01 6.884765625000000000e-01
4.992675781250000000e-02 4.550781250000000000e-01 9.500732421875000000e-01
2.624511718750000000e-02 4.685058593750000000e-01 9.737548828125000000e-01
4.711914062500000000e-02 4.309082031250000000e-01 9.528808593750000000e-01
4.650878906250000000e-02 3.153076171875000000e-01 9.534912109375000000e-01
4.980468750000000000e-02 2.709960937500000000e-01 9.501953125000000000e-01
4.809570312500000000e-02 3.094482421875000000e-01 9.519042968750000000e-01
3.759765625000000000e-02 3.388671875000000000e-01 9.624023437500000000e-01
3.796386718750000000e-02 3.239746093750000000e-01 9.620361328125000000e-01
5.456542968750000000e-02 1.691894531250000000e-01 8.422851562500000000e-01
4.235839843750000000e-02 3.696289062500000000e-01 7.604980468750000000e-01
4.711914062500000000e-02 3.258056640625000000e-01 6.545410156250000000e-01
4.345703125000000000e-02 2.622070312500000000e-01 9.565429687500000000e-01
3.637695312500000000e-02 3.345947265625000000e-01 9.636230468750000000e-01
3.833007812500000000e-02 1.977539062500000000e-01 8.050537109375000000e-01
4.943847656250000000e-02 2.513427734375000000e-01 5.200195312500000000e-01
5.639648437500000000e-02 2.386474609375000000e-01 9.436035156250000000e-01
4.992675781250000000e-02 3.546142578125000000e-01 8.087158203125000000e-01
3.393554687500000000e-02 4.487304687500000000e-01 9.660644531250000000e-01
5.102539062500000000e-02 4.450683593750000000e-01 9.489746093750000000e-01
3.442382812500000000e-02 1.743164062500000000e-01 9.655761718750000000e-01
4.748535156250000000e-02 2.823486328125000000e-01 9.525146484375000000e-01
3.515625000000000000e-02 3.133544921875000000e-01 9.648437500000000000e-01
3.820800781250000000e-02 3.487548828125000000e-01 7.514648437500000000e-01
6.311035156250000000e-02 2.524414062500000000e-01 5.078125000000000000e-01
4.040527343750000000e-02 4.074707031250000000e-01 9.595947265625000000e-01
3.759765625000000000e-02 2.473144531250000000e-01 9.624023437500000000e-01
4.321289062500000000e-02 4.058837890625000000e-01 9.567871093750000000e-01
5.163574218750000000e-02 2.657470703125000000e-01 7.982177734375000000e-01
4.272460937500000000e-02 3.695068359375000000e-01 9.572753906250000000e-01
3.540039062500000000e-02 4.013671875000000000e-01 9.645996093750000000e-01
3.344726562500000000e-02 2.637939453125000000e-01 9.665527343750000000e-01
4.663085937500000000e-02 3.436279296875000000e-01 7.425537109375000000e-01
4.650878906250000000e-02 3.531494140625000000e-01 7.430419921875000000e-01
4.748535156250000000e-02 2.862548828125000000e-01 7.600097656250000000e-01
4.321289062500000000e-02 3.218994140625000000e-01 9.567871093750000000e-01
4.211425781250000000e-02 4.759521484375000000e-01 9.578857421875000000e-01
4.968261718750000000e-02 2.098388671875000000e-01 6.949462890625000000e-01
4.772949218750000000e-02 3.040771484375000000e-01 6.799316406250000000e-01
4.992675781250000000e-02 3.253173828125000000e-01 9.500732421875000000e-01
5.822753906250000000e-02 2.034912109375000000e-01 7.567138671875000000e-01
5.432128906250000000e-02 1.987304687500000000e-01 4.211425781250000000e-01
4.577636718750000000e-02 2.044677734375000000e-01 8.031005859375000000e-01
3.784179687500000000e-02 3.874511718750000000e-01 7.924804687500000000e-01
4.565429687500000000e-02 3.291015625000000000e-01 8.255615234375000000e-01
4.565429687500000000e-02 2.425537109375000000e-01 9.543457031250000000e-01
4.528808593750000000e-02 2.702636718750000000e-01 9.547119140625000000e-01
4.443359375000000000e-02 2.760009765625000000e-01 9.555664062500000000e-01
5.615234375000000000e-02 3.568115234375000000e-01 7.290039062500000000e-01
4.931640625000000000e-02 3.914794921875000000e-01 9.506835937500000000e-01
4.565429687500000000e-02 4.365234375000000000e-01 9.543457031250000000e-01
4.870605468750000000e-02 2.623291015625000000e-01 5.836181640625000000e-01
3.320312500000000000e-02 3.656005859375000000e-01 9.667968750000000000e-01
5.773925781250000000e-02 3.182373046875000000e-01 6.497802734375000000e-01
4.089355468750000000e-02 3.488769531250000000e-01 9.591064453125000000e-01
3.552246093750000000e-02 4.564208984375000000e-01 9.644775390625000000e-01
3.149414062500000000e-02 2.673339843750000000e-01 9.685058593750000000e-01
4.406738281250000000e-02 4.342041015625000000e-01 9.559326171875000000e-01
4.260253906250000000e-02 3.847656250000000000e-01 8.122558593750000000e-01
5.749511718750000000e-02 2.534179687500000000e-01 8.422851562500000000e-01
5.505371093750000000e-02 1.778564453125000000e-01 6.807861328125000000e-01
5.834960937500000000e-02 2.515869140625000000e-01 7.081298828125000000e-01
5.126953125000000000e-02 2.106933593750000000e-01 7.979736328125000000e-01
4.089355468750000000e-02 3.590087890625000000e-01 9.591064453125000000e-01
5.895996093750000000e-02 2.742919921875000000e-01 6.625976562500000000e-01
5.517578125000000000e-02 3.168945312500000000e-01 8.449707031250000000e-01
5.224609375000000000e-02 3.862304687500000000e-01 7.861328125000000000e-01
4.895019531250000000e-02 1.949462890625000000e-01 7.860107421875000000e-01
