3.002929687500000000e-02 2.979736328125000000e-01 9.699707031250000000e-01
2.172851562500000000e-02 4.532470703125000000e-01 9.782714843750000000e-01
2.270507812500000000e-02 4.158935546875000000e-01 9.772949218750000000e-01
2.148437500000000000e-02 4.238281250000000000e-01 9.785156250000000000e-01
1.879882812500000000e-02 4.875488281250000000e-01 9.812011718750000000e-01
3.161621093750000000e-02 4.648437500000000000e-01 9.683837890625000000e-01
2.465820312500000000e-02 4.605712890625000000e-01 9.753417968750000000e-01
3.100585937500000000e-02 3.253173828125000000e-01 9.689941406250000000e-01
3.613281250000000000e-02 4.340820312500000000e-01 9.638671875000000000e-01
2.148437500000000000e-02 4.471435546875000000e-01 9.785156250000000000e-01
2.282714843750000000e-02 3.583984375000000000e-01 9.771728515625000000e-01
2.722167968750000000e-02 4.346923828125000000e-01 9.727783203125000000e-01
4.052734375000000000e-02 2.268066406250000000e-01 7.780761718750000000e-01
3.234863281250000000e-02 3.035888671875000000e-01 6.705322265625000000e-01
4.321289062500000000e-02 3.166503906250000000e-01 7.064208984375000000e-01
4.235839843750000000e-02 2.495117187500000000e-01 7.131347656250000000e-01
2.478027343750000000e-02 4.808349609375000000e-01 9.752197265625000000e-01
2.258300781250000000e-02 4.461669921875000000e-01 9.774169921875000000e-01
3.710937500000000000e-02 2.551269531250000000e-01 9.628906250000000000e-01
2.587890625000000000e-02 4.415283203125000000e-01 9.739990234375000000e-01
3.454589843750000000e-02 4.152832031250000000e-01 9.654541015625000000e-01
3.466796875000000000e-02 2.476806640625000000e-01 5.729980468750000000e-01
3.625488281250000000e-02 3.194580078125000000e-01 9.637451171875000000e-01
3.430175781250000000e-02 3.046875000000000000e-01 6.638183593750000000e-01
2.355957031250000000e-02 3.229980468750000000e-01 9.764404296875000000e-01
3.503417968750000000e-02 2.409667968750000000e-01 7.341308593750000000e-01
2.978515625000000000e-02 3.867187500000000000e-01 9.702148437500000000e-01
2.587890625000000000e-02 3.750000000000000000e-01 9.741210937500000000e-01
3.271484375000000000e-02 3.601074218750000000e-01 9.672851562500000000e-01
3.259277343750000000e-02 3.391113281250000000e-01 9.674072265625000000e-01
2.880859375000000000e-02 4.370117187500000000e-01 9.711914062500000000e-01
3.479003906250000000e-02 3.361816406250000000e-01 6.811523437500000000e-01
2.539062500000000000e-02 3.797607421875000000e-01 9.746093750000000000e-01
3.979492187500000000e-02 2.187500000000000000e-01 7.873535156250000000e-01
2.368164062500000000e-02 4.750976562500000000e-01 9.763183593750000000e-01
2.648925781250000000e-02 4.704589843750000000e-01 9.735107421875000000e-01
2.392578125000000000e-02 4.693603515625000000e-01 9.760742187500000000e-01
3.503417968750000000e-02 2.646484375000000000e-01 9.649658203125000000e-01
3.088378906250000000e-02 3.541259765625000000e-01 7.569580078125000000e-01
4.113769531250000000e-02 3.289794921875000000e-01 6.940917968750000000e-01
3.125000000000000000e-02 3.226318359375000000e-01 7.838134765625000000e-01
3.063964843750000000e-02 2.243652343750000000e-01 9.693603515625000000e-01
3.857421875000000000e-02 2.331542968750000000e-01 5.378417968750000000e-01
2.429199218750000000e-02 4.356689453125000000e-01 9.757080078125000000e-01
2.893066406250000000e-02 3.577880859375000000e-01 9.710693359375000000e-01
2.770996093750000000e-02 3.260498046875000000e-01 9.722900390625000000e-01
2.209472656250000000e-02 4.636230468750000000e-01 9.779052734375000000e-01
2.331542968750000000e-02 3.336181640625000000e-01 9.766845703125000000e-01
3.063964843750000000e-02 3.883056640625000000e-01 9.693603515625000000e-01
2.246093750000000000e-02 4.614257812500000000e-01 9.775390625000000000e-01
3.515625000000000000e-02 2.413330078125000000e-01 7.458496093750000000e-01
2.624511718750000000e-02 2.457275390625000000e-01 9.737548828125000000e-01
3.686523437500000000e-02 2.930908203125000000e-01 6.878662109375000000e-01
2.661132812500000000e-02 3.212890625000000000e-01 9.733886718750000000e-01
2.282714843750000000e-02 4.499511718750000000e-01 9.771728515625000000e-01
3.002929687500000000e-02 4.676513671875000000e-01 9.699707031250000000e-01
2.587890625000000000e-02 4.440917968750000000e-01 9.741210937500000000e-01
3.710937500000000000e-02 2.772216796875000000e-01 6.889648437500000000e-01
2.832031250000000000e-02 3.326416015625000000e-01 9.716796875000000000e-01
3.405761718750000000e-02 3.117675781250000000e-01 9.659423828125000000e-01
3.222656250000000000e-02 3.977050781250000000e-01 9.677734375000000000e-01
3.100585937500000000e-02 2.620849609375000000e-01 7.576904296875000000e-01
2.941894531250000000e-02 4.581298828125000000e-01 9.705810546875000000e-01
2.600097656250000000e-02 2.972412109375000000e-01 9.739990234375000000e-01
3.576660156250000000e-02 3.256835937500000000e-01 7.301025390625000000e-01
2.783203125000000000e-02 3.134765625000000000e-01 9.721679687500000000e-01
2.600097656250000000e-02 4.704589843750000000e-01 9.739990234375000000e-01
4.528808593750000000e-02 3.537597656250000000e-01 7.077636718750000000e-01
2.099609375000000000e-02 4.097900390625000000e-01 9.790039062500000000e-01
3.820800781250000000e-02 2.614746093750000000e-01 7.167968750000000000e-01
3.552246093750000000e-02 4.630126953125000000e-01 9.644775390625000000e-01
4.089355468750000000e-02 2.529296875000000000e-01 5.527343750000000000e-01
4.895019531250000000e-02 3.889160156250000000e-01 8.234863281250000000e-01
3.332519531250000000e-02 2.423095703125000000e-01 9.666748046875000000e-01
3.381347656250000000e-02 2.291259765625000000e-01 5.977783203125000000e-01
2.331542968750000000e-02 3.741455078125000000e-01 9.766845703125000000e-01
3.540039062500000000e-02 4.437255859375000000e-01 9.645996093750000000e-01
3.894042968750000000e-02 2.902832031250000000e-01 7.204589843750000000e-01
3.137207031250000000e-02 4.254150390625000000e-01 9.686279296875000000e-01
3.234863281250000000e-02 3.143310546875000000e-01 7.410888671875000000e-01
2.429199218750000000e-02 4.144287109375000000e-01 9.757080078125000000e-01
3.125000000000000000e-02 4.069824218750000000e-01 9.687500000000000000e-01
2.734375000000000000e-02 3.927001953125000000e-01 9.726562500000000000e-01
3.063964843750000000e-02 3.323974609375000000e-01 7.863769531250000000e-01
3.222656250000000000e-02 2.943115234375000000e-01 6.982421875000000000e-01
3.173828125000000000e-02 2.506103515625000000e-01 7.219238281250000000e-01
2.844238281250000000e-02 4.428710937500000000e-01 9.715576171875000000e-01
3.210449218750000000e-02 3.140869140625000000e-01 7.575683593750000000e-01
2.270507812500000000e-02 3.277587890625000000e-01 9.772949218750000000e-01
4.101562500000000000e-02 2.841796875000000000e-01 7.387695312500000000e-01
2.734375000000000000e-02 4.018554687500000000e-01 9.726562500000000000e-01
2.673339843750000000e-02 3.623046875000000000e-01 7.653808593750000000e-01
2.990722656250000000e-02 4.466552734375000000e-01 9.700927734375000000e-01
3.576660156250000000e-02 4.158935546875000000e-01 9.642333984375000000e-01
2.343750000000000000e-02 4.876708984375000000e-01 9.765625000000000000e-01
2.551269531250000000e-02 4.852294921875000000e-01 9.744873046875000000e-01
3.027343750000000000e-02 3.135986328125000000e-01 9.697265625000000000e-01
4.406738281250000000e-02 2.778320312500000000e-01 6.104736328125000000e-01
2.868652343750000000e-02 4.102783203125000000e-01 9.713134765625000000e-01
2.941894531250000000e-02 3.139648437500000000e-01 9.705810546875000000e-01
