3.686523437500000000e-01 1.610107421875000000e-01 4.843750000000000000e-01
3.757324218750000000e-01 1.656494140625000000e-01 3.648681640625000000e-01
3.756103515625000000e-01 1.934814453125000000e-01 4.362792968750000000e-01
3.702392578125000000e-01 6.823730468750000000e-02 4.238281250000000000e-01
3.869628906250000000e-01 8.691406250000000000e-02 1.947021484375000000e-01
3.732910156250000000e-01 1.276855468750000000e-01 4.201660156250000000e-01
3.829345703125000000e-01 4.418945312500000000e-02 2.725830078125000000e-01
3.686523437500000000e-01 1.037597656250000000e-01 5.329589843750000000e-01
3.659667968750000000e-01 1.508789062500000000e-01 3.408203125000000000e-01
3.745117187500000000e-01 1.757812500000000000e-01 5.047607421875000000e-01
3.662109375000000000e-01 1.674804687500000000e-01 3.979492187500000000e-01
3.660888671875000000e-01 1.485595703125000000e-01 3.763427734375000000e-01
3.824462890625000000e-01 1.325683593750000000e-01 3.757324218750000000e-01
3.704833984375000000e-01 1.463623046875000000e-01 2.944335937500000000e-01
3.900146484375000000e-01 7.482910156250000000e-02 1.857910156250000000e-01
3.719482421875000000e-01 1.945800781250000000e-01 4.130859375000000000e-01
3.763427734375000000e-01 1.021728515625000000e-01 4.202880859375000000e-01
3.760986328125000000e-01 1.942138671875000000e-01 4.110107421875000000e-01
3.549804687500000000e-01 9.362792968750000000e-02 5.000000000000000000e-01
3.724365234375000000e-01 2.044677734375000000e-01 5.261230468750000000e-01
3.551025390625000000e-01 1.567382812500000000e-01 5.854492187500000000e-01
3.682861328125000000e-01 2.261962890625000000e-01 5.202636718750000000e-01
3.748779296875000000e-01 1.630859375000000000e-01 3.493652343750000000e-01
3.724365234375000000e-01 5.798339843750000000e-02 3.869628906250000000e-01
3.719482421875000000e-01 1.082763671875000000e-01 4.783935546875000000e-01
3.802490234375000000e-01 1.617431640625000000e-01 3.439941406250000000e-01
3.663330078125000000e-01 2.500000000000000000e-01 5.135498046875000000e-01
3.647460937500000000e-01 1.865234375000000000e-01 4.945068359375000000e-01
3.774414062500000000e-01 1.636962890625000000e-01 4.403076171875000000e-01
3.652343750000000000e-01 1.939697265625000000e-01 4.873046875000000000e-01
3.830566406250000000e-01 1.114501953125000000e-01 3.808593750000000000e-01
3.884277343750000000e-01 7.324218750000000000e-02 2.177734375000000000e-01
3.895263671875000000e-01 7.153320312500000000e-02 2.104492187500000000e-01
3.677978515625000000e-01 1.892089843750000000e-01 4.852294921875000000e-01
3.858642578125000000e-01 1.304931640625000000e-01 3.747558593750000000e-01
3.865966796875000000e-01 1.201171875000000000e-01 2.556152343750000000e-01
3.768310546875000000e-01 1.845703125000000000e-01 4.434814453125000000e-01
3.692626953125000000e-01 1.875000000000000000e-01 4.987792968750000000e-01
3.931884765625000000e-01 6.359863281250000000e-02 1.872558593750000000e-01
3.793945312500000000e-01 1.013183593750000000e-01 3.580322265625000000e-01
3.710937500000000000e-01 9.509277343750000000e-02 4.453125000000000000e-01
3.757324218750000000e-01 1.385498046875000000e-01 3.094482421875000000e-01
3.659667968750000000e-01 1.174316406250000000e-01 5.061035156250000000e-01
3.692626953125000000e-01 1.467285156250000000e-01 3.840332031250000000e-01
3.874511718750000000e-01 5.908203125000000000e-02 2.064208984375000000e-01
3.688964843750000000e-01 1.932373046875000000e-01 4.918212890625000000e-01
3.759765625000000000e-01 1.503906250000000000e-01 3.063964843750000000e-01
3.797607421875000000e-01 1.375732421875000000e-01 3.448486328125000000e-01
3.702392578125000000e-01 1.967773437500000000e-01 4.610595703125000000e-01
3.616943359375000000e-01 1.247558593750000000e-01 5.024414062500000000e-01
3.597412109375000000e-01 6.225585937500000000e-02 5.838623046875000000e-01
3.642578125000000000e-01 1.092529296875000000e-01 5.770263671875000000e-01
3.679199218750000000e-01 8.959960937500000000e-02 4.625244140625000000e-01
3.782958984375000000e-01 1.423339843750000000e-01 3.100585937500000000e-01
3.708496093750000000e-01 1.159667968750000000e-01 4.323730468750000000e-01
3.852539062500000000e-01 6.799316406250000000e-02 1.726074218750000000e-01
3.675537109375000000e-01 1.276855468750000000e-01 3.000488281250000000e-01
3.826904296875000000e-01 5.029296875000000000e-02 2.850341796875000000e-01
3.715820312500000000e-01 1.905517578125000000e-01 3.897705078125000000e-01
3.669433593750000000e-01 1.571044921875000000e-01 5.471191406250000000e-01
3.624267578125000000e-01 5.603027343750000000e-02 5.638427734375000000e-01
3.784179687500000000e-01 1.262207031250000000e-01 4.075927734375000000e-01
3.674316406250000000e-01 6.640625000000000000e-02 4.901123046875000000e-01
3.757324218750000000e-01 1.241455078125000000e-01 3.037109375000000000e-01
3.693847656250000000e-01 1.958007812500000000e-01 4.006347656250000000e-01
3.872070312500000000e-01 7.019042968750000000e-02 2.465820312500000000e-01
3.575439453125000000e-01 2.137451171875000000e-01 5.465087890625000000e-01
3.801269531250000000e-01 9.436035156250000000e-02 1.973876953125000000e-01
3.756103515625000000e-01 1.193847656250000000e-01 3.051757812500000000e-01
3.726806640625000000e-01 1.265869140625000000e-01 4.068603515625000000e-01
3.779296875000000000e-01 1.290283203125000000e-01 3.276367187500000000e-01
3.767089843750000000e-01 9.509277343750000000e-02 3.872070312500000000e-01
3.541259765625000000e-01 2.963867187500000000e-01 5.942382812500000000e-01
3.747558593750000000e-01 1.190185546875000000e-01 4.114990234375000000e-01
3.785400390625000000e-01 1.693115234375000000e-01 3.895263671875000000e-01
3.746337890625000000e-01 1.491699218750000000e-01 3.862304687500000000e-01
3.826904296875000000e-01 1.778564453125000000e-01 4.156494140625000000e-01
3.758544921875000000e-01 1.353759765625000000e-01 3.491210937500000000e-01
3.884277343750000000e-01 5.126953125000000000e-02 1.676025390625000000e-01
3.603515625000000000e-01 1.433105468750000000e-01 5.828857421875000000e-01
3.773193359375000000e-01 1.137695312500000000e-01 2.486572265625000000e-01
3.809814453125000000e-01 8.715820312500000000e-02 3.820800781250000000e-01
3.646240234375000000e-01 2.214355468750000000e-01 4.541015625000000000e-01
3.806152343750000000e-01 6.164550781250000000e-02 2.598876953125000000e-01
3.729248046875000000e-01 1.506347656250000000e-01 4.562988281250000000e-01
3.825683593750000000e-01 1.534423828125000000e-01 3.289794921875000000e-01
3.718261718750000000e-01 1.046142578125000000e-01 4.976806640625000000e-01
3.666992187500000000e-01 1.125488281250000000e-01 4.799804687500000000e-01
3.775634765625000000e-01 1.458740234375000000e-01 3.044433593750000000e-01
3.864746093750000000e-01 1.193847656250000000e-01 3.045654296875000000e-01
3.747558593750000000e-01 9.338378906250000000e-02 4.311523437500000000e-01
3.875732421875000000e-01 7.702636718750000000e-02 2.572021484375000000e-01
3.706054687500000000e-01 8.093261718750000000e-02 4.311523437500000000e-01
3.819580078125000000e-01 1.171875000000000000e-01 4.008789062500000000e-01
3.717041015625000000e-01 1.491699218750000000e-01 4.322509765625000000e-01
3.709716796875000000e-01 1.286621093750000000e-01 4.620361328125000000e-01
3.686523437500000000e-01 7.641601562500000000e-02 4.787597656250000000e-01
3.647460937500000000e-01 1.590576171875000000e-01 5.368652343750000000e-01
3.720703125000000000e-01 1.165771484375000000e-01 3.338623046875000000e-01
3.746337890625000000e-01 1.004638671875000000e-01 3.643798828125000000e-01
