2.897949218750000000e-01 1.993408203125000000e-01 6.617431640625000000e-01
3.052978515625000000e-01 1.407470703125000000e-01 3.853759765625000000e-01
3.100585937500000000e-01 1.378173828125000000e-01 2.949218750000000000e-01
2.899169921875000000e-01 9.082031250000000000e-02 5.737304687500000000e-01
2.998046875000000000e-01 1.152343750000000000e-01 3.919677734375000000e-01
3.184814453125000000e-01 7.727050781250000000e-02 1.724853515625000000e-01
2.957763671875000000e-01 1.190185546875000000e-01 6.062011718750000000e-01
2.965087890625000000e-01 1.783447265625000000e-01 5.430908203125000000e-01
3.033447265625000000e-01 1.899414062500000000e-01 5.002441406250000000e-01
3.057861328125000000e-01 1.357421875000000000e-01 3.432617187500000000e-01
2.924804687500000000e-01 1.730957031250000000e-01 5.700683593750000000e-01
2.896728515625000000e-01 1.330566406250000000e-01 6.081542968750000000e-01
2.907714843750000000e-01 7.299804687500000000e-02 6.069335937500000000e-01
3.078613281250000000e-01 1.422119140625000000e-01 3.541259765625000000e-01
3.024902343750000000e-01 1.448974609375000000e-01 3.278808593750000000e-01
3.026123046875000000e-01 2.303466796875000000e-01 5.058593750000000000e-01
3.021240234375000000e-01 1.002197265625000000e-01 5.704345703125000000e-01
2.856445312500000000e-01 2.216796875000000000e-01 6.746826171875000000e-01
2.993164062500000000e-01 2.097167968750000000e-01 5.131835937500000000e-01
2.856445312500000000e-01 1.662597656250000000e-01 6.402587890625000000e-01
2.983398437500000000e-01 1.429443359375000000e-01 5.313720703125000000e-01
3.045654296875000000e-01 1.733398437500000000e-01 5.100097656250000000e-01
2.933349609375000000e-01 1.673583984375000000e-01 6.185302734375000000e-01
3.081054687500000000e-01 1.159667968750000000e-01 2.830810546875000000e-01
3.013916015625000000e-01 2.174072265625000000e-01 5.738525390625000000e-01
2.875976562500000000e-01 3.017578125000000000e-01 6.265869140625000000e-01
2.861328125000000000e-01 1.494140625000000000e-01 6.602783203125000000e-01
2.950439453125000000e-01 1.684570312500000000e-01 4.998779296875000000e-01
2.930908203125000000e-01 2.117919921875000000e-01 5.225830078125000000e-01
2.999267578125000000e-01 1.951904296875000000e-01 5.727539062500000000e-01
3.156738281250000000e-01 8.886718750000000000e-02 2.563476562500000000e-01
2.879638671875000000e-01 1.491699218750000000e-01 5.942382812500000000e-01
3.143310546875000000e-01 1.834716796875000000e-01 3.887939453125000000e-01
2.917480468750000000e-01 1.950683593750000000e-01 5.373535156250000000e-01
3.016357421875000000e-01 1.055908203125000000e-01 5.593261718750000000e-01
2.929687500000000000e-01 2.751464843750000000e-01 6.120605468750000000e-01
3.050537109375000000e-01 1.425781250000000000e-01 3.859863281250000000e-01
2.968750000000000000e-01 9.729003906250000000e-02 5.041503906250000000e-01
3.177490234375000000e-01 1.334228515625000000e-01 2.767333984375000000e-01
3.142089843750000000e-01 7.788085937500000000e-02 2.642822265625000000e-01
2.996826171875000000e-01 7.836914062500000000e-02 5.230712890625000000e-01
2.910156250000000000e-01 2.767333984375000000e-01 5.863037109375000000e-01
3.096923828125000000e-01 1.347656250000000000e-01 3.509521484375000000e-01
2.836914062500000000e-01 1.264648437500000000e-01 6.082763671875000000e-01
3.070068359375000000e-01 1.574707031250000000e-01 4.906005859375000000e-01
3.095703125000000000e-01 1.099853515625000000e-01 3.028564453125000000e-01
3.087158203125000000e-01 8.972167968750000000e-02 3.706054687500000000e-01
2.977294921875000000e-01 1.759033203125000000e-01 5.174560546875000000e-01
2.921142578125000000e-01 2.144775390625000000e-01 4.451904296875000000e-01
3.021240234375000000e-01 1.437988281250000000e-01 5.240478515625000000e-01
2.921142578125000000e-01 2.467041015625000000e-01 6.030273437500000000e-01
3.135986328125000000e-01 1.453857421875000000e-01 3.243408203125000000e-01
3.094482421875000000e-01 6.420898437500000000e-02 3.276367187500000000e-01
2.917480468750000000e-01 1.176757812500000000e-01 6.041259765625000000e-01
3.046875000000000000e-01 7.983398437500000000e-02 3.509521484375000000e-01
3.045654296875000000e-01 1.545410156250000000e-01 5.174560546875000000e-01
3.049316406250000000e-01 1.082763671875000000e-01 4.481201171875000000e-01
3.044433593750000000e-01 7.958984375000000000e-02 4.628906250000000000e-01
3.056640625000000000e-01 2.407226562500000000e-01 4.967041015625000000e-01
3.034667968750000000e-01 1.391601562500000000e-01 3.403320312500000000e-01
3.039550781250000000e-01 1.876220703125000000e-01 4.155273437500000000e-01
3.118896484375000000e-01 1.376953125000000000e-01 4.302978515625000000e-01
3.038330078125000000e-01 1.269531250000000000e-01 4.599609375000000000e-01
3.127441406250000000e-01 1.291503906250000000e-01 2.786865234375000000e-01
3.181152343750000000e-01 6.164550781250000000e-02 1.734619140625000000e-01
3.110351562500000000e-01 1.417236328125000000e-01 4.531250000000000000e-01
3.054199218750000000e-01 1.550292968750000000e-01 3.251953125000000000e-01
3.112792968750000000e-01 1.110839843750000000e-01 4.089355468750000000e-01
3.050537109375000000e-01 1.334228515625000000e-01 4.719238281250000000e-01
2.950439453125000000e-01 2.663574218750000000e-01 5.805664062500000000e-01
3.205566406250000000e-01 8.984375000000000000e-02 2.448730468750000000e-01
3.040771484375000000e-01 8.325195312500000000e-02 3.343505859375000000e-01
3.046875000000000000e-01 1.539306640625000000e-01 3.911132812500000000e-01
3.123779296875000000e-01 1.035156250000000000e-01 3.077392578125000000e-01
3.032226562500000000e-01 1.630859375000000000e-01 4.200439453125000000e-01
2.946777343750000000e-01 1.676025390625000000e-01 5.521240234375000000e-01
3.018798828125000000e-01 1.137695312500000000e-01 2.835693359375000000e-01
3.084716796875000000e-01 1.120605468750000000e-01 2.359619140625000000e-01
3.035888671875000000e-01 1.359863281250000000e-01 4.091796875000000000e-01
2.999267578125000000e-01 9.838867187500000000e-02 5.218505859375000000e-01
2.991943359375000000e-01 1.342773437500000000e-01 4.309082031250000000e-01
3.055419921875000000e-01 2.559814453125000000e-01 5.321044921875000000e-01
3.054199218750000000e-01 1.535644531250000000e-01 4.202880859375000000e-01
3.002929687500000000e-01 1.661376953125000000e-01 5.980224609375000000e-01
3.128662109375000000e-01 1.381835937500000000e-01 2.904052734375000000e-01
3.099365234375000000e-01 1.423339843750000000e-01 4.143066406250000000e-01
3.006591796875000000e-01 1.121826171875000000e-01 5.375976562500000000e-01
2.902832031250000000e-01 2.608642578125000000e-01 5.692138671875000000e-01
3.118896484375000000e-01 1.667480468750000000e-01 3.363037109375000000e-01
2.977294921875000000e-01 1.273193359375000000e-01 4.501953125000000000e-01
2.999267578125000000e-01 1.768798828125000000e-01 5.344238281250000000e-01
2.973632812500000000e-01 1.185302734375000000e-01 4.871826171875000000e-01
3.043212890625000000e-01 1.358642578125000000e-01 4.726562500000000000e-01
2.969970703125000000e-01 7.690429687500000000e-02 5.960693359375000000e-01
3.022460937500000000e-01 1.850585937500000000e-01 5.450439453125000000e-01
2.822265625000000000e-01 1.281738281250000000e-01 6.743164062500000000e-01
2.989501953125000000e-01 1.229248046875000000e-01 3.847656250000000000e-01
3.088378906250000000e-01 2.176513671875000000e-01 4.483642578125000000e-01
2.987060546875000000e-01 1.737060546875000000e-01 4.519042968750000000e-01
3.039550781250000000e-01 1.408691406250000000e-01 3.260498046875000000e-01
