3.186035156250000000e-02 2.807617187500000000e-01 7.391357421875000000e-01
2.319335937500000000e-02 2.938232421875000000e-01 9.768066406250000000e-01
2.441406250000000000e-02 2.596435546875000000e-01 9.755859375000000000e-01
2.001953125000000000e-02 4.222412109375000000e-01 9.799804687500000000e-01
2.575683593750000000e-02 4.202880859375000000e-01 9.742431640625000000e-01
2.453613281250000000e-02 4.831542968750000000e-01 9.754638671875000000e-01
2.038574218750000000e-02 4.696044921875000000e-01 9.796142578125000000e-01
2.404785156250000000e-02 3.272705078125000000e-01 9.759521484375000000e-01
4.113769531250000000e-02 3.033447265625000000e-01 9.588623046875000000e-01
2.075195312500000000e-02 4.680175781250000000e-01 9.792480468750000000e-01
2.038574218750000000e-02 4.504394531250000000e-01 9.796142578125000000e-01
2.514648437500000000e-02 3.566894531250000000e-01 9.748535156250000000e-01
3.283691406250000000e-02 2.591552734375000000e-01 7.720947265625000000e-01
2.978515625000000000e-02 3.011474609375000000e-01 9.702148437500000000e-01
2.709960937500000000e-02 4.400634765625000000e-01 9.729003906250000000e-01
2.807617187500000000e-02 4.616699218750000000e-01 9.719238281250000000e-01
2.624511718750000000e-02 4.617919921875000000e-01 9.737548828125000000e-01
2.746582031250000000e-02 4.144287109375000000e-01 9.725341796875000000e-01
2.722167968750000000e-02 4.409179687500000000e-01 9.727783203125000000e-01
2.966308593750000000e-02 4.525146484375000000e-01 9.703369140625000000e-01
2.770996093750000000e-02 2.889404296875000000e-01 9.722900390625000000e-01
4.162597656250000000e-02 2.554931640625000000e-01 5.520019531250000000e-01
2.282714843750000000e-02 4.288330078125000000e-01 9.771728515625000000e-01
2.490234375000000000e-02 4.255371093750000000e-01 9.750976562500000000e-01
2.099609375000000000e-02 4.185791015625000000e-01 9.790039062500000000e-01
2.636718750000000000e-02 3.176269531250000000e-01 9.736328125000000000e-01
2.429199218750000000e-02 4.273681640625000000e-01 9.757080078125000000e-01
2.697753906250000000e-02 4.090576171875000000e-01 9.730224609375000000e-01
2.282714843750000000e-02 4.515380859375000000e-01 9.771728515625000000e-01
3.198242187500000000e-02 4.666748046875000000e-01 9.680175781250000000e-01
2.209472656250000000e-02 4.652099609375000000e-01 9.779052734375000000e-01
2.624511718750000000e-02 4.594726562500000000e-01 9.737548828125000000e-01
2.551269531250000000e-02 3.920898437500000000e-01 9.744873046875000000e-01
3.686523437500000000e-02 2.432861328125000000e-01 8.100585937500000000e-01
2.246093750000000000e-02 4.863281250000000000e-01 9.775390625000000000e-01
2.392578125000000000e-02 4.687500000000000000e-01 9.760742187500000000e-01
3.027343750000000000e-02 3.540039062500000000e-01 9.697265625000000000e-01
4.016113281250000000e-02 2.672119140625000000e-01 5.479736328125000000e-01
2.136230468750000000e-02 4.118652343750000000e-01 9.786376953125000000e-01
2.429199218750000000e-02 4.479980468750000000e-01 9.757080078125000000e-01
3.063964843750000000e-02 3.004150390625000000e-01 7.644042968750000000e-01
3.430175781250000000e-02 3.972167968750000000e-01 9.656982421875000000e-01
3.588867187500000000e-02 4.462890625000000000e-01 9.641113281250000000e-01
2.868652343750000000e-02 4.769287109375000000e-01 9.713134765625000000e-01
3.955078125000000000e-02 2.562255859375000000e-01 6.778564453125000000e-01
2.441406250000000000e-02 3.231201171875000000e-01 9.755859375000000000e-01
3.186035156250000000e-02 3.242187500000000000e-01 7.199707031250000000e-01
3.430175781250000000e-02 4.583740234375000000e-01 9.656982421875000000e-01
3.088378906250000000e-02 3.820800781250000000e-01 9.691162109375000000e-01
2.294921875000000000e-02 4.637451171875000000e-01 9.770507812500000000e-01
3.454589843750000000e-02 2.709960937500000000e-01 9.654541015625000000e-01
2.551269531250000000e-02 4.071044921875000000e-01 9.744873046875000000e-01
2.355957031250000000e-02 4.775390625000000000e-01 9.764404296875000000e-01
2.404785156250000000e-02 2.961425781250000000e-01 9.759521484375000000e-01
2.270507812500000000e-02 4.243164062500000000e-01 9.772949218750000000e-01
2.673339843750000000e-02 4.682617187500000000e-01 9.732666015625000000e-01
2.819824218750000000e-02 2.296142578125000000e-01 9.718017578125000000e-01
3.161621093750000000e-02 3.247070312500000000e-01 9.683837890625000000e-01
2.600097656250000000e-02 3.439941406250000000e-01 9.739990234375000000e-01
2.258300781250000000e-02 4.693603515625000000e-01 9.774169921875000000e-01
4.040527343750000000e-02 2.640380859375000000e-01 5.399169921875000000e-01
2.075195312500000000e-02 4.628906250000000000e-01 9.792480468750000000e-01
2.465820312500000000e-02 4.786376953125000000e-01 9.753417968750000000e-01
2.416992187500000000e-02 4.868164062500000000e-01 9.758300781250000000e-01
4.492187500000000000e-02 3.077392578125000000e-01 7.410888671875000000e-01
2.539062500000000000e-02 3.811035156250000000e-01 9.746093750000000000e-01
2.819824218750000000e-02 2.772216796875000000e-01 7.102050781250000000e-01
3.564453125000000000e-02 3.291015625000000000e-01 7.119140625000000000e-01
2.416992187500000000e-02 4.156494140625000000e-01 9.758300781250000000e-01
2.124023437500000000e-02 2.866210937500000000e-01 9.787597656250000000e-01
2.001953125000000000e-02 4.368896484375000000e-01 9.799804687500000000e-01
2.319335937500000000e-02 4.815673828125000000e-01 9.768066406250000000e-01
2.490234375000000000e-02 4.708251953125000000e-01 9.750976562500000000e-01
2.368164062500000000e-02 3.670654296875000000e-01 9.763183593750000000e-01
2.966308593750000000e-02 3.253173828125000000e-01 8.139648437500000000e-01
2.978515625000000000e-02 4.747314453125000000e-01 9.702148437500000000e-01
2.416992187500000000e-02 4.176025390625000000e-01 9.758300781250000000e-01
2.722167968750000000e-02 3.830566406250000000e-01 9.727783203125000000e-01
3.454589843750000000e-02 3.543701171875000000e-01 9.654541015625000000e-01
2.478027343750000000e-02 4.813232421875000000e-01 9.752197265625000000e-01
2.307128906250000000e-02 3.940429687500000000e-01 9.769287109375000000e-01
2.368164062500000000e-02 4.384765625000000000e-01 9.763183593750000000e-01
2.661132812500000000e-02 4.261474609375000000e-01 9.733886718750000000e-01
3.430175781250000000e-02 3.719482421875000000e-01 7.805175781250000000e-01
3.869628906250000000e-02 4.681396484375000000e-01 9.613037109375000000e-01
3.442382812500000000e-02 2.470703125000000000e-01 7.199707031250000000e-01
2.941894531250000000e-02 2.795410156250000000e-01 9.705810546875000000e-01
1.770019531250000000e-02 4.691162109375000000e-01 9.822998046875000000e-01
2.514648437500000000e-02 3.278808593750000000e-01 9.748535156250000000e-01
2.722167968750000000e-02 3.458251953125000000e-01 9.727783203125000000e-01
2.893066406250000000e-02 3.471679687500000000e-01 9.710693359375000000e-01
2.355957031250000000e-02 4.251708984375000000e-01 9.764404296875000000e-01
2.893066406250000000e-02 2.479248046875000000e-01 9.710693359375000000e-01
2.441406250000000000e-02 4.416503906250000000e-01 9.755859375000000000e-01
2.514648437500000000e-02 2.873535156250000000e-01 9.748535156250000000e-01
3.857421875000000000e-02 2.557373046875000000e-01 7.351074218750000000e-01
2.734375000000000000e-02 4.824218750000000000e-01 9.726562500000000000e-01
3.552246093750000000e-02 4.051513671875000000e-01 9.644775390625000000e-01
3.417968750000000000e-02 4.381103515625000000e-01 9.658203125000000000e-01
2.307128906250000000e-02 4.780273437500000000e-01 9.769287109375000000e-01
