3.076171875000000000e-02 3.278808593750000000e-01 9.692382812500000000e-01
1.843261718750000000e-02 4.588623046875000000e-01 9.815673828125000000e-01
2.697753906250000000e-02 4.624023437500000000e-01 9.730224609375000000e-01
3.588867187500000000e-02 2.197265625000000000e-01 9.641113281250000000e-01
1.940917968750000000e-02 4.007568359375000000e-01 9.805908203125000000e-01
2.197265625000000000e-02 4.450683593750000000e-01 9.780273437500000000e-01
2.209472656250000000e-02 3.095703125000000000e-01 9.779052734375000000e-01
2.429199218750000000e-02 3.828125000000000000e-01 9.757080078125000000e-01
2.966308593750000000e-02 4.218750000000000000e-01 9.703369140625000000e-01
2.685546875000000000e-02 3.741455078125000000e-01 9.731445312500000000e-01
2.648925781250000000e-02 4.503173828125000000e-01 9.735107421875000000e-01
2.490234375000000000e-02 3.464355468750000000e-01 9.750976562500000000e-01
2.807617187500000000e-02 4.791259765625000000e-01 9.718017578125000000e-01
3.125000000000000000e-02 4.136962890625000000e-01 9.687500000000000000e-01
4.272460937500000000e-02 2.753906250000000000e-01 9.572753906250000000e-01
3.515625000000000000e-02 2.476806640625000000e-01 9.648437500000000000e-01
2.600097656250000000e-02 4.859619140625000000e-01 9.739990234375000000e-01
3.283691406250000000e-02 3.226318359375000000e-01 7.357177734375000000e-01
2.624511718750000000e-02 4.548339843750000000e-01 9.737548828125000000e-01
2.648925781250000000e-02 2.744140625000000000e-01 9.735107421875000000e-01
2.795410156250000000e-02 4.821777343750000000e-01 9.720458984375000000e-01
2.966308593750000000e-02 2.971191406250000000e-01 6.923828125000000000e-01
2.905273437500000000e-02 4.445800781250000000e-01 9.709472656250000000e-01
2.624511718750000000e-02 3.895263671875000000e-01 9.737548828125000000e-01
2.075195312500000000e-02 4.204101562500000000e-01 9.792480468750000000e-01
3.173828125000000000e-02 2.690429687500000000e-01 7.293701171875000000e-01
3.344726562500000000e-02 4.614257812500000000e-01 9.664306640625000000e-01
2.331542968750000000e-02 3.741455078125000000e-01 9.766845703125000000e-01
2.819824218750000000e-02 4.833984375000000000e-01 9.718017578125000000e-01
3.161621093750000000e-02 2.940673828125000000e-01 9.683837890625000000e-01
2.307128906250000000e-02 4.874267578125000000e-01 9.769287109375000000e-01
3.027343750000000000e-02 2.979736328125000000e-01 9.697265625000000000e-01
2.661132812500000000e-02 3.981933593750000000e-01 9.733886718750000000e-01
3.625488281250000000e-02 2.423095703125000000e-01 7.741699218750000000e-01
2.673339843750000000e-02 3.865966796875000000e-01 9.732666015625000000e-01
2.392578125000000000e-02 2.843017578125000000e-01 9.760742187500000000e-01
2.551269531250000000e-02 3.035888671875000000e-01 9.744873046875000000e-01
2.709960937500000000e-02 3.936767578125000000e-01 9.729003906250000000e-01
1.794433593750000000e-02 4.603271484375000000e-01 9.820556640625000000e-01
2.612304687500000000e-02 4.460449218750000000e-01 9.738769531250000000e-01
3.039550781250000000e-02 3.226318359375000000e-01 7.454833984375000000e-01
2.978515625000000000e-02 4.643554687500000000e-01 9.702148437500000000e-01
2.429199218750000000e-02 4.222412109375000000e-01 9.757080078125000000e-01
2.978515625000000000e-02 3.242187500000000000e-01 9.702148437500000000e-01
2.612304687500000000e-02 4.555664062500000000e-01 9.738769531250000000e-01
2.429199218750000000e-02 3.231201171875000000e-01 9.757080078125000000e-01
3.210449218750000000e-02 3.308105468750000000e-01 6.815185546875000000e-01
2.893066406250000000e-02 4.298095703125000000e-01 9.710693359375000000e-01
3.698730468750000000e-02 2.651367187500000000e-01 9.630126953125000000e-01
2.307128906250000000e-02 2.629394531250000000e-01 9.769287109375000000e-01
2.087402343750000000e-02 4.753417968750000000e-01 9.791259765625000000e-01
2.600097656250000000e-02 4.702148437500000000e-01 9.739990234375000000e-01
3.833007812500000000e-02 3.177490234375000000e-01 6.848144531250000000e-01
3.149414062500000000e-02 3.171386718750000000e-01 9.685058593750000000e-01
1.916503906250000000e-02 4.342041015625000000e-01 9.808349609375000000e-01
2.355957031250000000e-02 4.864501953125000000e-01 9.764404296875000000e-01
2.673339843750000000e-02 4.537353515625000000e-01 9.732666015625000000e-01
2.966308593750000000e-02 4.523925781250000000e-01 9.702148437500000000e-01
2.697753906250000000e-02 3.365478515625000000e-01 9.730224609375000000e-01
2.124023437500000000e-02 3.403320312500000000e-01 9.787597656250000000e-01
2.893066406250000000e-02 3.413085937500000000e-01 9.710693359375000000e-01
3.186035156250000000e-02 2.987060546875000000e-01 7.689208984375000000e-01
2.246093750000000000e-02 4.620361328125000000e-01 9.775390625000000000e-01
2.429199218750000000e-02 4.812011718750000000e-01 9.757080078125000000e-01
2.905273437500000000e-02 4.554443359375000000e-01 9.709472656250000000e-01
2.246093750000000000e-02 3.574218750000000000e-01 9.775390625000000000e-01
2.563476562500000000e-02 4.082031250000000000e-01 9.743652343750000000e-01
3.576660156250000000e-02 3.337402343750000000e-01 7.108154296875000000e-01
2.355957031250000000e-02 3.421630859375000000e-01 9.764404296875000000e-01
2.172851562500000000e-02 4.768066406250000000e-01 9.782714843750000000e-01
1.977539062500000000e-02 4.372558593750000000e-01 9.802246093750000000e-01
1.989746093750000000e-02 4.813232421875000000e-01 9.801025390625000000e-01
3.747558593750000000e-02 2.445068359375000000e-01 9.625244140625000000e-01
3.186035156250000000e-02 3.914794921875000000e-01 9.681396484375000000e-01
2.685546875000000000e-02 4.827880859375000000e-01 9.731445312500000000e-01
2.294921875000000000e-02 3.822021484375000000e-01 9.770507812500000000e-01
3.088378906250000000e-02 2.601318359375000000e-01 7.326660156250000000e-01
3.320312500000000000e-02 3.524169921875000000e-01 7.105712890625000000e-01
2.905273437500000000e-02 3.812255859375000000e-01 9.709472656250000000e-01
2.416992187500000000e-02 3.554687500000000000e-01 9.758300781250000000e-01
3.576660156250000000e-02 4.654541015625000000e-01 9.642333984375000000e-01
2.429199218750000000e-02 4.700927734375000000e-01 9.755859375000000000e-01
2.416992187500000000e-02 4.251708984375000000e-01 9.758300781250000000e-01
2.331542968750000000e-02 4.844970703125000000e-01 9.766845703125000000e-01
3.625488281250000000e-02 3.802490234375000000e-01 7.711181640625000000e-01
2.587890625000000000e-02 4.647216796875000000e-01 9.741210937500000000e-01
3.210449218750000000e-02 2.324218750000000000e-01 9.678955078125000000e-01
1.757812500000000000e-02 4.554443359375000000e-01 9.824218750000000000e-01
2.465820312500000000e-02 4.051513671875000000e-01 9.753417968750000000e-01
4.284667968750000000e-02 2.878417968750000000e-01 7.670898437500000000e-01
2.148437500000000000e-02 4.029541015625000000e-01 9.785156250000000000e-01
3.063964843750000000e-02 4.472656250000000000e-01 9.693603515625000000e-01
1.928710937500000000e-02 4.509277343750000000e-01 9.807128906250000000e-01
3.649902343750000000e-02 4.174804687500000000e-01 9.635009765625000000e-01
2.209472656250000000e-02 4.195556640625000000e-01 9.779052734375000000e-01
2.734375000000000000e-02 3.820800781250000000e-01 9.726562500000000000e-01
2.514648437500000000e-02 3.369140625000000000e-01 9.748535156250000000e-01
3.173828125000000000e-02 3.321533203125000000e-01 9.682617187500000000e-01
2.636718750000000000e-02 4.160156250000000000e-01 9.736328125000000000e-01
2.441406250000000000e-02 3.878173828125000000e-01 9.755859375000000000e-01
