2.929687500000000000e-02 4.040527343750000000e-01 9.707031250000000000e-01
2.526855468750000000e-02 3.834228515625000000e-01 9.747314453125000000e-01
2.026367187500000000e-02 4.859619140625000000e-01 9.797363281250000000e-01
2.111816406250000000e-02 4.359130859375000000e-01 9.788818359375000000e-01
2.380371093750000000e-02 4.010009765625000000e-01 9.761962890625000000e-01
3.381347656250000000e-02 3.302001953125000000e-01 9.660644531250000000e-01
2.868652343750000000e-02 3.616943359375000000e-01 9.713134765625000000e-01
2.197265625000000000e-02 4.794921875000000000e-01 9.780273437500000000e-01
2.539062500000000000e-02 3.529052734375000000e-01 9.746093750000000000e-01
3.100585937500000000e-02 4.362792968750000000e-01 9.689941406250000000e-01
2.868652343750000000e-02 3.607177734375000000e-01 9.713134765625000000e-01
2.941894531250000000e-02 3.721923828125000000e-01 9.705810546875000000e-01
2.160644531250000000e-02 4.501953125000000000e-01 9.783935546875000000e-01
2.661132812500000000e-02 4.323730468750000000e-01 9.733886718750000000e-01
2.587890625000000000e-02 3.688964843750000000e-01 9.741210937500000000e-01
3.515625000000000000e-02 2.915039062500000000e-01 7.041015625000000000e-01
2.502441406250000000e-02 4.447021484375000000e-01 9.749755859375000000e-01
2.832031250000000000e-02 3.937988281250000000e-01 9.716796875000000000e-01
2.368164062500000000e-02 4.208984375000000000e-01 9.763183593750000000e-01
2.807617187500000000e-02 3.514404296875000000e-01 9.719238281250000000e-01
2.148437500000000000e-02 4.162597656250000000e-01 9.785156250000000000e-01
2.807617187500000000e-02 3.859863281250000000e-01 9.719238281250000000e-01
2.526855468750000000e-02 4.389648437500000000e-01 9.747314453125000000e-01
3.234863281250000000e-02 3.887939453125000000e-01 9.676513671875000000e-01
1.940917968750000000e-02 4.437255859375000000e-01 9.805908203125000000e-01
2.392578125000000000e-02 4.755859375000000000e-01 9.760742187500000000e-01
3.076171875000000000e-02 4.219970703125000000e-01 9.692382812500000000e-01
2.319335937500000000e-02 4.736328125000000000e-01 9.768066406250000000e-01
1.977539062500000000e-02 4.600830078125000000e-01 9.802246093750000000e-01
2.648925781250000000e-02 3.894042968750000000e-01 9.735107421875000000e-01
2.893066406250000000e-02 4.376220703125000000e-01 9.710693359375000000e-01
2.392578125000000000e-02 3.094482421875000000e-01 9.760742187500000000e-01
2.246093750000000000e-02 3.398437500000000000e-01 9.775390625000000000e-01
2.392578125000000000e-02 4.156494140625000000e-01 9.760742187500000000e-01
3.125000000000000000e-02 3.653564453125000000e-01 9.687500000000000000e-01
2.600097656250000000e-02 4.776611328125000000e-01 9.739990234375000000e-01
2.478027343750000000e-02 3.546142578125000000e-01 9.752197265625000000e-01
2.636718750000000000e-02 4.741210937500000000e-01 9.736328125000000000e-01
2.783203125000000000e-02 3.688964843750000000e-01 9.721679687500000000e-01
2.722167968750000000e-02 4.464111328125000000e-01 9.727783203125000000e-01
2.929687500000000000e-02 3.867187500000000000e-01 9.707031250000000000e-01
2.526855468750000000e-02 4.116210937500000000e-01 9.747314453125000000e-01
3.466796875000000000e-02 3.242187500000000000e-01 9.653320312500000000e-01
2.502441406250000000e-02 4.848632812500000000e-01 9.749755859375000000e-01
3.015136718750000000e-02 3.741455078125000000e-01 9.698486328125000000e-01
2.526855468750000000e-02 3.214111328125000000e-01 9.747314453125000000e-01
2.197265625000000000e-02 4.040527343750000000e-01 9.780273437500000000e-01
2.880859375000000000e-02 4.251708984375000000e-01 9.711914062500000000e-01
2.392578125000000000e-02 4.853515625000000000e-01 9.760742187500000000e-01
3.100585937500000000e-02 3.741455078125000000e-01 9.689941406250000000e-01
2.770996093750000000e-02 3.883056640625000000e-01 9.722900390625000000e-01
2.661132812500000000e-02 4.262695312500000000e-01 9.733886718750000000e-01
2.978515625000000000e-02 4.068603515625000000e-01 9.702148437500000000e-01
1.672363281250000000e-02 4.522705078125000000e-01 9.832763671875000000e-01
2.490234375000000000e-02 4.599609375000000000e-01 9.750976562500000000e-01
2.612304687500000000e-02 3.889160156250000000e-01 9.738769531250000000e-01
2.709960937500000000e-02 3.880615234375000000e-01 9.729003906250000000e-01
2.453613281250000000e-02 4.216308593750000000e-01 9.754638671875000000e-01
2.355957031250000000e-02 4.713134765625000000e-01 9.764404296875000000e-01
2.539062500000000000e-02 4.543457031250000000e-01 9.746093750000000000e-01
1.977539062500000000e-02 3.784179687500000000e-01 9.802246093750000000e-01
2.819824218750000000e-02 4.763183593750000000e-01 9.718017578125000000e-01
2.282714843750000000e-02 3.007812500000000000e-01 9.771728515625000000e-01
2.331542968750000000e-02 4.229736328125000000e-01 9.766845703125000000e-01
2.612304687500000000e-02 3.338623046875000000e-01 9.738769531250000000e-01
2.612304687500000000e-02 4.018554687500000000e-01 9.738769531250000000e-01
