9.863281250000000000e-02 1.809082031250000000e-01 5.041503906250000000e-01
1.066894531250000000e-01 2.388916015625000000e-01 5.137939453125000000e-01
8.911132812500000000e-02 1.978759765625000000e-01 7.757568359375000000e-01
8.776855468750000000e-02 2.554931640625000000e-01 7.093505859375000000e-01
9.265136718750000000e-02 2.750244140625000000e-01 8.100585937500000000e-01
1.029052734375000000e-01 2.160644531250000000e-01 4.384765625000000000e-01
8.752441406250000000e-02 1.638183593750000000e-01 8.748779296875000000e-01
9.362792968750000000e-02 3.198242187500000000e-01 8.062744140625000000e-01
1.010742187500000000e-01 1.197509765625000000e-01 4.857177734375000000e-01
8.764648437500000000e-02 2.823486328125000000e-01 8.630371093750000000e-01
9.350585937500000000e-02 1.507568359375000000e-01 6.784667968750000000e-01
9.936523437500000000e-02 2.646484375000000000e-01 7.924804687500000000e-01
9.558105468750000000e-02 3.260498046875000000e-01 7.419433593750000000e-01
9.338378906250000000e-02 1.942138671875000000e-01 5.634765625000000000e-01
9.069824218750000000e-02 1.785888671875000000e-01 8.090820312500000000e-01
9.252929687500000000e-02 2.561035156250000000e-01 7.133789062500000000e-01
7.604980468750000000e-02 1.693115234375000000e-01 9.239501953125000000e-01
9.289550781250000000e-02 2.685546875000000000e-01 7.766113281250000000e-01
9.167480468750000000e-02 2.645263671875000000e-01 7.813720703125000000e-01
8.190917968750000000e-02 1.739501953125000000e-01 9.180908203125000000e-01
1.005859375000000000e-01 2.171630859375000000e-01 5.327148437500000000e-01
1.024169921875000000e-01 1.419677734375000000e-01 5.838623046875000000e-01
1.009521484375000000e-01 2.503662109375000000e-01 7.049560546875000000e-01
1.007080078125000000e-01 2.385253906250000000e-01 6.798095703125000000e-01
9.130859375000000000e-02 2.022705078125000000e-01 6.011962890625000000e-01
1.092529296875000000e-01 1.875000000000000000e-01 4.318847656250000000e-01
1.041259765625000000e-01 1.712646484375000000e-01 4.588623046875000000e-01
9.216308593750000000e-02 2.467041015625000000e-01 7.960205078125000000e-01
8.764648437500000000e-02 3.479003906250000000e-01 8.322753906250000000e-01
9.777832031250000000e-02 1.271972656250000000e-01 5.605468750000000000e-01
9.826660156250000000e-02 2.988281250000000000e-01 8.304443359375000000e-01
1.041259765625000000e-01 1.436767578125000000e-01 5.533447265625000000e-01
9.130859375000000000e-02 1.864013671875000000e-01 7.305908203125000000e-01
8.557128906250000000e-02 3.372802734375000000e-01 9.144287109375000000e-01
1.098632812500000000e-01 1.942138671875000000e-01 5.302734375000000000e-01
9.204101562500000000e-02 2.559814453125000000e-01 8.902587890625000000e-01
9.753417968750000000e-02 3.360595703125000000e-01 7.277832031250000000e-01
1.014404296875000000e-01 2.254638671875000000e-01 8.436279296875000000e-01
9.509277343750000000e-02 2.716064453125000000e-01 5.585937500000000000e-01
1.076660156250000000e-01 2.183837890625000000e-01 5.018310546875000000e-01
9.680175781250000000e-02 3.746337890625000000e-01 7.607421875000000000e-01
9.790039062500000000e-02 2.961425781250000000e-01 9.020996093750000000e-01
9.008789062500000000e-02 4.379882812500000000e-01 9.099121093750000000e-01
9.875488281250000000e-02 2.744140625000000000e-01 6.931152343750000000e-01
9.875488281250000000e-02 1.539306640625000000e-01 5.866699218750000000e-01
9.204101562500000000e-02 2.467041015625000000e-01 6.024169921875000000e-01
8.972167968750000000e-02 3.707275390625000000e-01 9.102783203125000000e-01
9.777832031250000000e-02 1.676025390625000000e-01 7.293701171875000000e-01
1.042480468750000000e-01 2.696533203125000000e-01 7.265625000000000000e-01
9.790039062500000000e-02 3.265380859375000000e-01 8.204345703125000000e-01
1.029052734375000000e-01 1.947021484375000000e-01 5.408935546875000000e-01
1.041259765625000000e-01 1.984863281250000000e-01 4.920654296875000000e-01
8.654785156250000000e-02 2.207031250000000000e-01 9.134521484375000000e-01
9.252929687500000000e-02 2.039794921875000000e-01 7.095947265625000000e-01
9.619140625000000000e-02 9.301757812500000000e-02 8.223876953125000000e-01
1.036376953125000000e-01 2.779541015625000000e-01 6.601562500000000000e-01
1.066894531250000000e-01 1.472167968750000000e-01 4.888916015625000000e-01
1.077880859375000000e-01 1.699218750000000000e-01 4.635009765625000000e-01
9.960937500000000000e-02 1.207275390625000000e-01 6.000976562500000000e-01
1.005859375000000000e-01 2.272949218750000000e-01 5.981445312500000000e-01
9.106445312500000000e-02 3.453369140625000000e-01 7.332763671875000000e-01
9.399414062500000000e-02 2.801513671875000000e-01 7.564697265625000000e-01
9.118652343750000000e-02 3.507080078125000000e-01 8.500976562500000000e-01
9.338378906250000000e-02 2.131347656250000000e-01 6.386718750000000000e-01
9.277343750000000000e-02 2.773437500000000000e-01 6.002197265625000000e-01
1.051025390625000000e-01 1.302490234375000000e-01 3.065185546875000000e-01
9.973144531250000000e-02 3.924560546875000000e-01 9.002685546875000000e-01
9.582519531250000000e-02 2.044677734375000000e-01 4.393310546875000000e-01
8.178710937500000000e-02 1.624755859375000000e-01 8.051757812500000000e-01
8.447265625000000000e-02 2.579345703125000000e-01 8.172607421875000000e-01
1.002197265625000000e-01 2.384033203125000000e-01 6.842041015625000000e-01
1.016845703125000000e-01 1.457519531250000000e-01 4.387207031250000000e-01
1.016845703125000000e-01 3.845214843750000000e-01 8.118896484375000000e-01
9.252929687500000000e-02 1.605224609375000000e-01 6.145019531250000000e-01
8.972167968750000000e-02 1.821289062500000000e-01 6.138916015625000000e-01
8.068847656250000000e-02 2.218017578125000000e-01 8.881835937500000000e-01
9.521484375000000000e-02 3.383789062500000000e-01 6.776123046875000000e-01
1.038818359375000000e-01 1.645507812500000000e-01 5.042724609375000000e-01
1.077880859375000000e-01 1.689453125000000000e-01 4.418945312500000000e-01
1.040039062500000000e-01 1.700439453125000000e-01 6.019287109375000000e-01
1.038818359375000000e-01 2.222900390625000000e-01 5.887451171875000000e-01
1.116943359375000000e-01 9.936523437500000000e-02 2.363281250000000000e-01
9.570312500000000000e-02 1.539306640625000000e-01 7.777099609375000000e-01
8.850097656250000000e-02 3.776855468750000000e-01 7.558593750000000000e-01
8.752441406250000000e-02 1.358642578125000000e-01 6.717529296875000000e-01
1.079101562500000000e-01 1.589355468750000000e-01 5.195312500000000000e-01
1.024169921875000000e-01 1.929931640625000000e-01 4.476318359375000000e-01
9.277343750000000000e-02 2.587890625000000000e-01 7.774658203125000000e-01
1.033935546875000000e-01 2.744140625000000000e-01 6.049804687500000000e-01
8.947753906250000000e-02 2.359619140625000000e-01 8.476562500000000000e-01
8.459472656250000000e-02 2.641601562500000000e-01 9.152832031250000000e-01
1.035156250000000000e-01 2.912597656250000000e-01 7.165527343750000000e-01
1.010742187500000000e-01 2.446289062500000000e-01 6.151123046875000000e-01
9.289550781250000000e-02 2.502441406250000000e-01 7.169189453125000000e-01
9.753417968750000000e-02 1.953125000000000000e-01 6.770019531250000000e-01
8.935546875000000000e-02 3.742675781250000000e-01 8.566894531250000000e-01
9.606933593750000000e-02 1.990966796875000000e-01 7.554931640625000000e-01
1.003417968750000000e-01 1.048583984375000000e-01 7.725830078125000000e-01
9.692382812500000000e-02 2.332763671875000000e-01 6.427001953125000000e-01
9.582519531250000000e-02 3.126220703125000000e-01 7.133789062500000000e-01
