3.232421875000000000e-01 1.051025390625000000e-01 5.427246093750000000e-01
3.549804687500000000e-01 1.032714843750000000e-01 2.801513671875000000e-01
3.276367187500000000e-01 8.886718750000000000e-02 5.483398437500000000e-01
3.327636718750000000e-01 1.354980468750000000e-01 3.706054687500000000e-01
3.392333984375000000e-01 2.042236328125000000e-01 4.169921875000000000e-01
3.225097656250000000e-01 2.019042968750000000e-01 4.952392578125000000e-01
3.199462890625000000e-01 8.972167968750000000e-02 5.694580078125000000e-01
3.487548828125000000e-01 1.142578125000000000e-01 2.807617187500000000e-01
3.269042968750000000e-01 1.146240234375000000e-01 5.058593750000000000e-01
3.551025390625000000e-01 6.530761718750000000e-02 3.226318359375000000e-01
3.356933593750000000e-01 1.759033203125000000e-01 5.438232421875000000e-01
3.145751953125000000e-01 1.060791015625000000e-01 5.920410156250000000e-01
3.546142578125000000e-01 1.124267578125000000e-01 2.294921875000000000e-01
3.376464843750000000e-01 1.584472656250000000e-01 4.073486328125000000e-01
3.184814453125000000e-01 1.981201171875000000e-01 6.113281250000000000e-01
3.460693359375000000e-01 1.497802734375000000e-01 4.161376953125000000e-01
3.378906250000000000e-01 1.444091796875000000e-01 5.648193359375000000e-01
3.392333984375000000e-01 1.375732421875000000e-01 2.788085937500000000e-01
3.426513671875000000e-01 1.075439453125000000e-01 3.809814453125000000e-01
3.271484375000000000e-01 2.231445312500000000e-01 5.718994140625000000e-01
3.387451171875000000e-01 8.715820312500000000e-02 4.226074218750000000e-01
3.479003906250000000e-01 1.202392578125000000e-01 2.449951171875000000e-01
3.359375000000000000e-01 8.129882812500000000e-02 4.411621093750000000e-01
3.140869140625000000e-01 2.645263671875000000e-01 6.372070312500000000e-01
3.415527343750000000e-01 8.386230468750000000e-02 4.193115234375000000e-01
3.198242187500000000e-01 2.322998046875000000e-01 5.046386718750000000e-01
3.355712890625000000e-01 1.137695312500000000e-01 4.908447265625000000e-01
3.502197265625000000e-01 9.069824218750000000e-02 2.166748046875000000e-01
3.610839843750000000e-01 6.567382812500000000e-02 1.638183593750000000e-01
3.555908203125000000e-01 8.728027343750000000e-02 2.106933593750000000e-01
3.394775390625000000e-01 1.232910156250000000e-01 4.801025390625000000e-01
3.450927734375000000e-01 8.251953125000000000e-02 3.055419921875000000e-01
3.349609375000000000e-01 2.109375000000000000e-01 4.361572265625000000e-01
3.328857421875000000e-01 1.436767578125000000e-01 4.822998046875000000e-01
3.391113281250000000e-01 1.079101562500000000e-01 4.351806640625000000e-01
3.416748046875000000e-01 7.592773437500000000e-02 3.212890625000000000e-01
3.361816406250000000e-01 1.550292968750000000e-01 3.471679687500000000e-01
3.321533203125000000e-01 1.983642578125000000e-01 4.042968750000000000e-01
3.518066406250000000e-01 1.617431640625000000e-01 3.972167968750000000e-01
3.400878906250000000e-01 1.578369140625000000e-01 3.175048828125000000e-01
3.613281250000000000e-01 7.275390625000000000e-02 1.933593750000000000e-01
3.397216796875000000e-01 1.246337890625000000e-01 4.708251953125000000e-01
3.420410156250000000e-01 2.109375000000000000e-01 4.217529296875000000e-01
3.282470703125000000e-01 7.763671875000000000e-02 5.623779296875000000e-01
3.281250000000000000e-01 1.727294921875000000e-01 5.306396484375000000e-01
3.266601562500000000e-01 2.207031250000000000e-01 4.940185546875000000e-01
3.305664062500000000e-01 2.447509765625000000e-01 5.356445312500000000e-01
3.616943359375000000e-01 4.797363281250000000e-02 1.993408203125000000e-01
3.433837890625000000e-01 1.518554687500000000e-01 3.332519531250000000e-01
3.269042968750000000e-01 1.488037109375000000e-01 4.501953125000000000e-01
3.270263671875000000e-01 2.363281250000000000e-01 5.289306640625000000e-01
3.314208984375000000e-01 9.875488281250000000e-02 5.015869140625000000e-01
3.499755859375000000e-01 1.650390625000000000e-01 3.621826171875000000e-01
3.397216796875000000e-01 8.752441406250000000e-02 4.322509765625000000e-01
3.189697265625000000e-01 1.153564453125000000e-01 6.182861328125000000e-01
3.463134765625000000e-01 1.134033203125000000e-01 3.363037109375000000e-01
3.272705078125000000e-01 1.771240234375000000e-01 5.670166015625000000e-01
3.358154296875000000e-01 1.879882812500000000e-01 4.017333984375000000e-01
3.328857421875000000e-01 2.459716796875000000e-01 5.100097656250000000e-01
3.341064453125000000e-01 1.657714843750000000e-01 5.175781250000000000e-01
3.430175781250000000e-01 1.884765625000000000e-01 4.707031250000000000e-01
3.510742187500000000e-01 6.628417968750000000e-02 3.292236328125000000e-01
3.455810546875000000e-01 9.082031250000000000e-02 3.469238281250000000e-01
3.247070312500000000e-01 2.490234375000000000e-01 5.194091796875000000e-01
3.232421875000000000e-01 1.376953125000000000e-01 4.782714843750000000e-01
3.106689453125000000e-01 1.101074218750000000e-01 5.908203125000000000e-01
3.469238281250000000e-01 1.239013671875000000e-01 2.607421875000000000e-01
3.342285156250000000e-01 9.497070312500000000e-02 5.185546875000000000e-01
3.248291015625000000e-01 9.362792968750000000e-02 5.976562500000000000e-01
2.762451171875000000e-01 1.954345703125000000e-01 6.617431640625000000e-01
3.317871093750000000e-01 9.753417968750000000e-02 5.158691406250000000e-01
3.359375000000000000e-01 1.287841796875000000e-01 3.481445312500000000e-01
3.337402343750000000e-01 1.649169921875000000e-01 4.547119140625000000e-01
3.334960937500000000e-01 1.746826171875000000e-01 4.570312500000000000e-01
3.276367187500000000e-01 9.277343750000000000e-02 6.076660156250000000e-01
3.468017578125000000e-01 9.521484375000000000e-02 2.182617187500000000e-01
3.474121093750000000e-01 6.665039062500000000e-02 2.252197265625000000e-01
3.356933593750000000e-01 1.044921875000000000e-01 4.777832031250000000e-01
3.388671875000000000e-01 1.785888671875000000e-01 3.582763671875000000e-01
3.469238281250000000e-01 1.751708984375000000e-01 4.044189453125000000e-01
3.311767578125000000e-01 1.284179687500000000e-01 4.342041015625000000e-01
3.444824218750000000e-01 1.462402343750000000e-01 2.956542968750000000e-01
3.387451171875000000e-01 1.369628906250000000e-01 5.009765625000000000e-01
3.406982421875000000e-01 7.019042968750000000e-02 3.785400390625000000e-01
3.387451171875000000e-01 1.236572265625000000e-01 3.306884765625000000e-01
3.247070312500000000e-01 1.597900390625000000e-01 5.242919921875000000e-01
3.211669921875000000e-01 8.129882812500000000e-02 4.641113281250000000e-01
3.240966796875000000e-01 1.041259765625000000e-01 5.614013671875000000e-01
3.317871093750000000e-01 2.247314453125000000e-01 4.780273437500000000e-01
3.297119140625000000e-01 1.464843750000000000e-01 4.816894531250000000e-01
3.282470703125000000e-01 1.719970703125000000e-01 5.003662109375000000e-01
3.389892578125000000e-01 1.975097656250000000e-01 5.063476562500000000e-01
3.404541015625000000e-01 1.063232421875000000e-01 3.142089843750000000e-01
3.551025390625000000e-01 1.099853515625000000e-01 2.962646484375000000e-01
3.348388671875000000e-01 1.427001953125000000e-01 4.066162109375000000e-01
3.464355468750000000e-01 1.286621093750000000e-01 3.587646484375000000e-01
3.427734375000000000e-01 9.545898437500000000e-02 3.448486328125000000e-01
3.387451171875000000e-01 1.605224609375000000e-01 4.294433593750000000e-01
3.305664062500000000e-01 2.188720703125000000e-01 5.267333984375000000e-01
3.444824218750000000e-01 1.141357421875000000e-01 2.950439453125000000e-01
