2.685546875000000000e-02 2.589111328125000000e-01 9.731445312500000000e-01
1.977539062500000000e-02 4.429931640625000000e-01 9.802246093750000000e-01
3.259277343750000000e-02 2.952880859375000000e-01 9.674072265625000000e-01
2.124023437500000000e-02 4.201660156250000000e-01 9.787597656250000000e-01
1.623535156250000000e-02 4.888916015625000000e-01 9.837646484375000000e-01
3.454589843750000000e-02 2.606201171875000000e-01 7.133789062500000000e-01
2.648925781250000000e-02 4.619140625000000000e-01 9.735107421875000000e-01
2.038574218750000000e-02 4.759521484375000000e-01 9.796142578125000000e-01
3.063964843750000000e-02 4.749755859375000000e-01 9.693603515625000000e-01
3.356933593750000000e-02 4.078369140625000000e-01 9.664306640625000000e-01
2.697753906250000000e-02 4.660644531250000000e-01 9.730224609375000000e-01
2.746582031250000000e-02 3.432617187500000000e-01 9.725341796875000000e-01
2.734375000000000000e-02 3.818359375000000000e-01 9.726562500000000000e-01
3.002929687500000000e-02 3.773193359375000000e-01 9.699707031250000000e-01
2.514648437500000000e-02 4.460449218750000000e-01 9.748535156250000000e-01
2.770996093750000000e-02 4.694824218750000000e-01 9.722900390625000000e-01
2.893066406250000000e-02 3.441162109375000000e-01 9.710693359375000000e-01
2.490234375000000000e-02 3.997802734375000000e-01 9.750976562500000000e-01
2.734375000000000000e-02 4.099121093750000000e-01 9.726562500000000000e-01
2.563476562500000000e-02 3.452148437500000000e-01 9.743652343750000000e-01
2.380371093750000000e-02 4.606933593750000000e-01 9.761962890625000000e-01
2.624511718750000000e-02 3.679199218750000000e-01 9.737548828125000000e-01
4.431152343750000000e-02 2.614746093750000000e-01 7.851562500000000000e-01
2.160644531250000000e-02 4.678955078125000000e-01 9.783935546875000000e-01
1.757812500000000000e-02 4.211425781250000000e-01 9.824218750000000000e-01
2.465820312500000000e-02 3.546142578125000000e-01 9.753417968750000000e-01
2.783203125000000000e-02 4.813232421875000000e-01 9.721679687500000000e-01
3.027343750000000000e-02 3.111572265625000000e-01 7.368164062500000000e-01
2.587890625000000000e-02 4.355468750000000000e-01 9.741210937500000000e-01
3.393554687500000000e-02 4.384765625000000000e-01 9.660644531250000000e-01
2.319335937500000000e-02 4.597167968750000000e-01 9.768066406250000000e-01
2.233886718750000000e-02 4.479980468750000000e-01 9.776611328125000000e-01
2.685546875000000000e-02 3.796386718750000000e-01 9.731445312500000000e-01
2.758789062500000000e-02 4.082031250000000000e-01 9.724121093750000000e-01
2.221679687500000000e-02 4.482421875000000000e-01 9.777832031250000000e-01
2.551269531250000000e-02 4.483642578125000000e-01 9.744873046875000000e-01
2.783203125000000000e-02 4.781494140625000000e-01 9.721679687500000000e-01
2.441406250000000000e-02 4.348144531250000000e-01 9.755859375000000000e-01
1.928710937500000000e-02 3.406982421875000000e-01 9.807128906250000000e-01
2.966308593750000000e-02 4.328613281250000000e-01 9.703369140625000000e-01
2.233886718750000000e-02 3.601074218750000000e-01 9.776611328125000000e-01
3.125000000000000000e-02 4.426269531250000000e-01 9.687500000000000000e-01
2.844238281250000000e-02 4.213867187500000000e-01 9.715576171875000000e-01
3.552246093750000000e-02 3.260498046875000000e-01 6.671142578125000000e-01
3.283691406250000000e-02 2.353515625000000000e-01 7.418212890625000000e-01
3.723144531250000000e-02 2.500000000000000000e-01 9.627685546875000000e-01
2.185058593750000000e-02 4.392089843750000000e-01 9.781494140625000000e-01
2.868652343750000000e-02 4.755859375000000000e-01 9.713134765625000000e-01
2.478027343750000000e-02 3.708496093750000000e-01 9.752197265625000000e-01
1.867675781250000000e-02 2.811279296875000000e-01 9.813232421875000000e-01
2.258300781250000000e-02 4.833984375000000000e-01 9.774169921875000000e-01
3.039550781250000000e-02 3.703613281250000000e-01 9.696044921875000000e-01
2.600097656250000000e-02 3.190917968750000000e-01 9.739990234375000000e-01
2.893066406250000000e-02 3.778076171875000000e-01 9.710693359375000000e-01
1.696777343750000000e-02 4.542236328125000000e-01 9.830322265625000000e-01
2.709960937500000000e-02 4.156494140625000000e-01 9.729003906250000000e-01
2.221679687500000000e-02 4.459228515625000000e-01 9.777832031250000000e-01
2.783203125000000000e-02 3.244628906250000000e-01 9.721679687500000000e-01
2.099609375000000000e-02 4.493408203125000000e-01 9.790039062500000000e-01
2.172851562500000000e-02 3.389892578125000000e-01 9.782714843750000000e-01
2.929687500000000000e-02 4.094238281250000000e-01 9.707031250000000000e-01
2.355957031250000000e-02 4.570312500000000000e-01 9.764404296875000000e-01
2.233886718750000000e-02 4.715576171875000000e-01 9.776611328125000000e-01
2.270507812500000000e-02 4.296875000000000000e-01 9.772949218750000000e-01
2.465820312500000000e-02 3.787841796875000000e-01 9.753417968750000000e-01
2.429199218750000000e-02 4.650878906250000000e-01 9.757080078125000000e-01
2.282714843750000000e-02 4.649658203125000000e-01 9.771728515625000000e-01
2.917480468750000000e-02 2.530517578125000000e-01 7.213134765625000000e-01
2.661132812500000000e-02 4.381103515625000000e-01 9.733886718750000000e-01
2.478027343750000000e-02 4.395751953125000000e-01 9.752197265625000000e-01
2.722167968750000000e-02 4.753417968750000000e-01 9.727783203125000000e-01
2.575683593750000000e-02 3.214111328125000000e-01 9.742431640625000000e-01
3.051757812500000000e-02 4.204101562500000000e-01 9.689941406250000000e-01
2.758789062500000000e-02 3.916015625000000000e-01 9.724121093750000000e-01
2.880859375000000000e-02 4.696044921875000000e-01 9.711914062500000000e-01
2.136230468750000000e-02 3.851318359375000000e-01 9.786376953125000000e-01
2.795410156250000000e-02 4.670410156250000000e-01 9.720458984375000000e-01
2.978515625000000000e-02 4.210205078125000000e-01 9.702148437500000000e-01
3.088378906250000000e-02 4.501953125000000000e-01 9.691162109375000000e-01
2.929687500000000000e-02 4.638671875000000000e-01 9.707031250000000000e-01
2.441406250000000000e-02 4.359130859375000000e-01 9.755859375000000000e-01
2.893066406250000000e-02 4.810791015625000000e-01 9.710693359375000000e-01
2.307128906250000000e-02 4.262695312500000000e-01 9.769287109375000000e-01
2.209472656250000000e-02 4.477539062500000000e-01 9.779052734375000000e-01
2.893066406250000000e-02 4.733886718750000000e-01 9.710693359375000000e-01
2.514648437500000000e-02 4.866943359375000000e-01 9.748535156250000000e-01
2.600097656250000000e-02 4.537353515625000000e-01 9.739990234375000000e-01
1.770019531250000000e-02 4.554443359375000000e-01 9.822998046875000000e-01
2.465820312500000000e-02 4.868164062500000000e-01 9.753417968750000000e-01
4.077148437500000000e-02 2.879638671875000000e-01 7.069091796875000000e-01
2.661132812500000000e-02 4.635009765625000000e-01 9.733886718750000000e-01
3.137207031250000000e-02 3.140869140625000000e-01 7.408447265625000000e-01
2.539062500000000000e-02 4.790039062500000000e-01 9.744873046875000000e-01
3.259277343750000000e-02 4.624023437500000000e-01 9.674072265625000000e-01
2.185058593750000000e-02 3.221435546875000000e-01 9.781494140625000000e-01
2.624511718750000000e-02 3.861083984375000000e-01 9.737548828125000000e-01
2.832031250000000000e-02 4.526367187500000000e-01 9.716796875000000000e-01
2.282714843750000000e-02 4.562988281250000000e-01 9.771728515625000000e-01
2.404785156250000000e-02 4.188232421875000000e-01 9.759521484375000000e-01
2.832031250000000000e-02 3.856201171875000000e-01 9.716796875000000000e-01
