2.736816406250000000e-01 1.269531250000000000e-01 6.097412109375000000e-01
2.888183593750000000e-01 1.562500000000000000e-01 4.591064453125000000e-01
2.833251953125000000e-01 1.586914062500000000e-01 3.553466796875000000e-01
2.780761718750000000e-01 1.156005859375000000e-01 5.863037109375000000e-01
2.758789062500000000e-01 1.468505859375000000e-01 5.524902343750000000e-01
2.827148437500000000e-01 1.794433593750000000e-01 3.856201171875000000e-01
2.768554687500000000e-01 1.510009765625000000e-01 5.023193359375000000e-01
2.788085937500000000e-01 2.386474609375000000e-01 5.386962890625000000e-01
2.797851562500000000e-01 2.109375000000000000e-01 4.462890625000000000e-01
2.800292968750000000e-01 2.127685546875000000e-01 5.872802734375000000e-01
2.751464843750000000e-01 1.274414062500000000e-01 4.919433593750000000e-01
2.683105468750000000e-01 1.691894531250000000e-01 6.237792968750000000e-01
2.784423828125000000e-01 2.349853515625000000e-01 6.156005859375000000e-01
2.877197265625000000e-01 1.177978515625000000e-01 4.549560546875000000e-01
2.767333984375000000e-01 1.206054687500000000e-01 5.761718750000000000e-01
2.786865234375000000e-01 1.291503906250000000e-01 5.773925781250000000e-01
2.857666015625000000e-01 1.856689453125000000e-01 4.318847656250000000e-01
2.871093750000000000e-01 1.055908203125000000e-01 4.542236328125000000e-01
2.832031250000000000e-01 6.579589843750000000e-02 3.994140625000000000e-01
2.849121093750000000e-01 1.085205078125000000e-01 3.281250000000000000e-01
2.902832031250000000e-01 2.066650390625000000e-01 4.481201171875000000e-01
2.757568359375000000e-01 1.663818359375000000e-01 6.297607421875000000e-01
2.836914062500000000e-01 1.793212890625000000e-01 4.903564453125000000e-01
2.807617187500000000e-01 1.350097656250000000e-01 3.524169921875000000e-01
2.772216796875000000e-01 2.374267578125000000e-01 4.948730468750000000e-01
2.728271484375000000e-01 1.964111328125000000e-01 5.180664062500000000e-01
2.860107421875000000e-01 1.248779296875000000e-01 4.082031250000000000e-01
2.694091796875000000e-01 2.377929687500000000e-01 6.497802734375000000e-01
2.781982421875000000e-01 1.424560546875000000e-01 5.294189453125000000e-01
2.862548828125000000e-01 2.290039062500000000e-01 5.169677734375000000e-01
2.858886718750000000e-01 2.291259765625000000e-01 4.898681640625000000e-01
2.718505859375000000e-01 1.196289062500000000e-01 6.507568359375000000e-01
2.824707031250000000e-01 1.457519531250000000e-01 5.682373046875000000e-01
2.733154296875000000e-01 1.867675781250000000e-01 4.869384765625000000e-01
2.767333984375000000e-01 1.850585937500000000e-01 4.598388671875000000e-01
2.672119140625000000e-01 2.763671875000000000e-01 6.413574218750000000e-01
2.766113281250000000e-01 9.667968750000000000e-02 4.665527343750000000e-01
2.812500000000000000e-01 2.364501953125000000e-01 5.217285156250000000e-01
2.784423828125000000e-01 1.529541015625000000e-01 5.329589843750000000e-01
2.729492187500000000e-01 2.989501953125000000e-01 6.235351562500000000e-01
2.849121093750000000e-01 1.818847656250000000e-01 5.804443359375000000e-01
2.904052734375000000e-01 1.256103515625000000e-01 4.069824218750000000e-01
2.929687500000000000e-01 1.690673828125000000e-01 3.643798828125000000e-01
2.912597656250000000e-01 7.897949218750000000e-02 3.858642578125000000e-01
2.789306640625000000e-01 2.016601562500000000e-01 4.096679687500000000e-01
2.873535156250000000e-01 1.538085937500000000e-01 3.999023437500000000e-01
2.706298828125000000e-01 9.179687500000000000e-02 5.656738281250000000e-01
2.774658203125000000e-01 1.182861328125000000e-01 4.482421875000000000e-01
2.705078125000000000e-01 1.260986328125000000e-01 6.314697265625000000e-01
2.827148437500000000e-01 1.708984375000000000e-01 3.947753906250000000e-01
2.735595703125000000e-01 1.104736328125000000e-01 3.963623046875000000e-01
2.768554687500000000e-01 3.074951171875000000e-01 6.258544921875000000e-01
2.694091796875000000e-01 2.584228515625000000e-01 6.512451171875000000e-01
2.817382812500000000e-01 1.601562500000000000e-01 4.914550781250000000e-01
2.777099609375000000e-01 2.145996093750000000e-01 6.475830078125000000e-01
2.835693359375000000e-01 2.396240234375000000e-01 5.148925781250000000e-01
2.807617187500000000e-01 1.782226562500000000e-01 4.708251953125000000e-01
2.703857421875000000e-01 1.947021484375000000e-01 6.110839843750000000e-01
2.907714843750000000e-01 1.125488281250000000e-01 2.264404296875000000e-01
2.678222656250000000e-01 1.096191406250000000e-01 5.786132812500000000e-01
2.827148437500000000e-01 1.317138671875000000e-01 4.681396484375000000e-01
2.852783203125000000e-01 1.940917968750000000e-01 3.941650390625000000e-01
2.719726562500000000e-01 2.287597656250000000e-01 5.388183593750000000e-01
2.731933593750000000e-01 1.175537109375000000e-01 6.000976562500000000e-01
2.796630859375000000e-01 1.582031250000000000e-01 3.787841796875000000e-01
2.874755859375000000e-01 1.231689453125000000e-01 4.066162109375000000e-01
2.785644531250000000e-01 1.447753906250000000e-01 4.779052734375000000e-01
2.745361328125000000e-01 1.166992187500000000e-01 4.892578125000000000e-01
2.951660156250000000e-01 9.033203125000000000e-02 3.001708984375000000e-01
2.803955078125000000e-01 1.733398437500000000e-01 4.111328125000000000e-01
2.747802734375000000e-01 7.971191406250000000e-02 5.332031250000000000e-01
2.692871093750000000e-01 2.670898437500000000e-01 5.858154296875000000e-01
2.836914062500000000e-01 1.679687500000000000e-01 4.467773437500000000e-01
2.858886718750000000e-01 1.677246093750000000e-01 3.599853515625000000e-01
2.744140625000000000e-01 1.280517578125000000e-01 5.975341796875000000e-01
2.889404296875000000e-01 9.375000000000000000e-02 3.760986328125000000e-01
2.784423828125000000e-01 1.254882812500000000e-01 4.996337890625000000e-01
2.864990234375000000e-01 1.849365234375000000e-01 4.647216796875000000e-01
2.795410156250000000e-01 2.476806640625000000e-01 5.825195312500000000e-01
2.843017578125000000e-01 1.887207031250000000e-01 4.154052734375000000e-01
2.749023437500000000e-01 8.459472656250000000e-02 5.198974609375000000e-01
2.862548828125000000e-01 1.987304687500000000e-01 3.997802734375000000e-01
2.965087890625000000e-01 6.396484375000000000e-02 1.885986328125000000e-01
2.749023437500000000e-01 9.411621093750000000e-02 5.375976562500000000e-01
2.812500000000000000e-01 9.045410156250000000e-02 5.108642578125000000e-01
2.846679687500000000e-01 1.130371093750000000e-01 4.154052734375000000e-01
2.767333984375000000e-01 2.540283203125000000e-01 5.815429687500000000e-01
2.755126953125000000e-01 2.537841796875000000e-01 6.148681640625000000e-01
2.733154296875000000e-01 1.811523437500000000e-01 5.454101562500000000e-01
2.808837890625000000e-01 2.028808593750000000e-01 4.503173828125000000e-01
2.835693359375000000e-01 1.204833984375000000e-01 3.861083984375000000e-01
2.761230468750000000e-01 1.032714843750000000e-01 4.813232421875000000e-01
2.705078125000000000e-01 1.450195312500000000e-01 4.411621093750000000e-01
2.690429687500000000e-01 1.661376953125000000e-01 5.867919921875000000e-01
2.790527343750000000e-01 2.008056640625000000e-01 4.273681640625000000e-01
3.005371093750000000e-01 8.581542968750000000e-02 2.553710937500000000e-01
2.939453125000000000e-01 8.813476562500000000e-02 1.942138671875000000e-01
2.783203125000000000e-01 2.553710937500000000e-01 5.268554687500000000e-01
2.656250000000000000e-01 3.044433593750000000e-01 6.563720703125000000e-01
2.825927734375000000e-01 1.383056640625000000e-01 5.123291015625000000e-01
