7.434082031250000000e-02 2.446289062500000000e-01 6.679687500000000000e-01
8.288574218750000000e-02 1.427001953125000000e-01 4.483642578125000000e-01
7.336425781250000000e-02 2.396240234375000000e-01 7.548828125000000000e-01
7.165527343750000000e-02 3.065185546875000000e-01 9.283447265625000000e-01
7.250976562500000000e-02 2.818603515625000000e-01 7.165527343750000000e-01
7.727050781250000000e-02 3.658447265625000000e-01 8.488769531250000000e-01
8.093261718750000000e-02 3.227539062500000000e-01 6.522216796875000000e-01
8.605957031250000000e-02 1.275634765625000000e-01 6.051025390625000000e-01
6.616210937500000000e-02 1.888427734375000000e-01 8.071289062500000000e-01
8.300781250000000000e-02 1.691894531250000000e-01 4.633789062500000000e-01
8.129882812500000000e-02 2.388916015625000000e-01 7.579345703125000000e-01
8.532714843750000000e-02 2.792968750000000000e-01 7.714843750000000000e-01
8.642578125000000000e-02 2.042236328125000000e-01 4.581298828125000000e-01
8.337402343750000000e-02 3.104248046875000000e-01 7.166748046875000000e-01
8.044433593750000000e-02 2.467041015625000000e-01 7.318115234375000000e-01
8.410644531250000000e-02 1.765136718750000000e-01 7.045898437500000000e-01
7.275390625000000000e-02 3.276367187500000000e-01 9.272460937500000000e-01
9.228515625000000000e-02 3.264160156250000000e-01 6.873779296875000000e-01
7.128906250000000000e-02 3.032226562500000000e-01 8.552246093750000000e-01
8.703613281250000000e-02 2.761230468750000000e-01 6.395263671875000000e-01
7.800292968750000000e-02 2.758789062500000000e-01 6.333007812500000000e-01
7.446289062500000000e-02 2.808837890625000000e-01 9.255371093750000000e-01
7.397460937500000000e-02 1.329345703125000000e-01 7.414550781250000000e-01
8.972167968750000000e-02 1.367187500000000000e-01 3.065185546875000000e-01
7.763671875000000000e-02 4.058837890625000000e-01 8.406982421875000000e-01
8.520507812500000000e-02 2.796630859375000000e-01 5.621337890625000000e-01
7.446289062500000000e-02 2.062988281250000000e-01 8.898925781250000000e-01
7.092285156250000000e-02 3.378906250000000000e-01 8.432617187500000000e-01
8.251953125000000000e-02 2.220458984375000000e-01 5.217285156250000000e-01
8.007812500000000000e-02 2.697753906250000000e-01 8.612060546875000000e-01
6.726074218750000000e-02 1.389160156250000000e-01 9.327392578125000000e-01
7.446289062500000000e-02 3.771972656250000000e-01 8.660888671875000000e-01
8.325195312500000000e-02 1.691894531250000000e-01 6.319580078125000000e-01
7.556152343750000000e-02 2.733154296875000000e-01 8.161621093750000000e-01
7.458496093750000000e-02 3.348388671875000000e-01 9.254150390625000000e-01
7.470703125000000000e-02 1.890869140625000000e-01 7.607421875000000000e-01
8.300781250000000000e-02 2.388916015625000000e-01 4.969482421875000000e-01
7.775878906250000000e-02 3.863525390625000000e-01 9.222412109375000000e-01
7.299804687500000000e-02 2.406005859375000000e-01 8.820800781250000000e-01
8.142089843750000000e-02 2.163085937500000000e-01 7.130126953125000000e-01
8.422851562500000000e-02 2.491455078125000000e-01 6.314697265625000000e-01
6.457519531250000000e-02 2.819824218750000000e-01 8.631591796875000000e-01
8.044433593750000000e-02 3.350830078125000000e-01 7.117919921875000000e-01
6.457519531250000000e-02 3.488769531250000000e-01 9.354248046875000000e-01
7.873535156250000000e-02 1.903076171875000000e-01 6.242675781250000000e-01
7.263183593750000000e-02 2.680664062500000000e-01 8.308105468750000000e-01
6.665039062500000000e-02 4.056396484375000000e-01 8.740234375000000000e-01
7.568359375000000000e-02 1.538085937500000000e-01 6.052246093750000000e-01
7.519531250000000000e-02 2.718505859375000000e-01 9.248046875000000000e-01
6.176757812500000000e-02 4.040527343750000000e-01 9.382324218750000000e-01
8.447265625000000000e-02 2.702636718750000000e-01 8.609619140625000000e-01
7.421875000000000000e-02 4.118652343750000000e-01 9.257812500000000000e-01
7.458496093750000000e-02 2.601318359375000000e-01 8.465576171875000000e-01
6.250000000000000000e-02 3.286132812500000000e-01 9.375000000000000000e-01
8.459472656250000000e-02 2.702636718750000000e-01 5.947265625000000000e-01
7.592773437500000000e-02 3.447265625000000000e-01 7.375488281250000000e-01
8.178710937500000000e-02 4.107666015625000000e-01 8.320312500000000000e-01
8.569335937500000000e-02 1.931152343750000000e-01 8.082275390625000000e-01
6.860351562500000000e-02 1.766357421875000000e-01 9.313964843750000000e-01
7.385253906250000000e-02 1.639404296875000000e-01 7.858886718750000000e-01
6.054687500000000000e-02 4.090576171875000000e-01 8.751220703125000000e-01
7.373046875000000000e-02 2.039794921875000000e-01 7.869873046875000000e-01
8.203125000000000000e-02 2.501220703125000000e-01 7.298583984375000000e-01
8.312988281250000000e-02 1.599121093750000000e-01 5.397949218750000000e-01
8.203125000000000000e-02 1.601562500000000000e-01 5.888671875000000000e-01
8.142089843750000000e-02 1.811523437500000000e-01 6.441650390625000000e-01
7.507324218750000000e-02 1.865234375000000000e-01 7.615966796875000000e-01
6.835937500000000000e-02 2.176513671875000000e-01 9.316406250000000000e-01
6.994628906250000000e-02 2.867431640625000000e-01 6.154785156250000000e-01
7.873535156250000000e-02 2.508544921875000000e-01 5.877685546875000000e-01
6.872558593750000000e-02 4.196777343750000000e-01 8.568115234375000000e-01
8.947753906250000000e-02 2.263183593750000000e-01 6.153564453125000000e-01
8.532714843750000000e-02 1.506347656250000000e-01 6.109619140625000000e-01
7.019042968750000000e-02 2.977294921875000000e-01 6.617431640625000000e-01
7.836914062500000000e-02 2.341308593750000000e-01 6.378173828125000000e-01
7.678222656250000000e-02 1.955566406250000000e-01 6.228027343750000000e-01
7.690429687500000000e-02 2.222900390625000000e-01 7.784423828125000000e-01
8.129882812500000000e-02 2.635498046875000000e-01 7.509765625000000000e-01
6.823730468750000000e-02 3.812255859375000000e-01 9.317626953125000000e-01
7.312011718750000000e-02 4.031982421875000000e-01 8.566894531250000000e-01
7.617187500000000000e-02 2.393798828125000000e-01 6.854248046875000000e-01
8.142089843750000000e-02 3.137207031250000000e-01 6.835937500000000000e-01
7.592773437500000000e-02 2.469482421875000000e-01 9.240722656250000000e-01
7.360839843750000000e-02 2.807617187500000000e-01 8.659667968750000000e-01
8.593750000000000000e-02 1.553955078125000000e-01 3.414306640625000000e-01
6.811523437500000000e-02 1.663818359375000000e-01 9.318847656250000000e-01
7.568359375000000000e-02 2.806396484375000000e-01 9.243164062500000000e-01
7.580566406250000000e-02 4.388427734375000000e-01 9.241943359375000000e-01
7.653808593750000000e-02 1.811523437500000000e-01 5.222167968750000000e-01
8.032226562500000000e-02 1.168212890625000000e-01 5.447998046875000000e-01
6.188964843750000000e-02 1.971435546875000000e-01 9.381103515625000000e-01
6.457519531250000000e-02 1.978759765625000000e-01 9.354248046875000000e-01
7.507324218750000000e-02 3.558349609375000000e-01 7.530517578125000000e-01
8.618164062500000000e-02 2.169189453125000000e-01 6.072998046875000000e-01
8.020019531250000000e-02 1.323242187500000000e-01 5.640869140625000000e-01
9.521484375000000000e-02 1.105957031250000000e-01 3.410644531250000000e-01
7.836914062500000000e-02 1.556396484375000000e-01 4.748535156250000000e-01
9.045410156250000000e-02 3.420410156250000000e-01 7.324218750000000000e-01
6.579589843750000000e-02 1.970214843750000000e-01 9.342041015625000000e-01
7.910156250000000000e-02 2.977294921875000000e-01 7.784423828125000000e-01
