7.812500000000000000e-02 4.218750000000000000e-01 9.218750000000000000e-01
1.015625000000000000e-01 3.242187500000000000e-01 8.984375000000000000e-01
5.078125000000000000e-02 3.593750000000000000e-01 9.492187500000000000e-01
1.015625000000000000e-01 3.007812500000000000e-01 8.984375000000000000e-01
5.468750000000000000e-02 4.257812500000000000e-01 9.453125000000000000e-01
7.812500000000000000e-02 3.750000000000000000e-01 9.218750000000000000e-01
5.468750000000000000e-02 4.609375000000000000e-01 9.453125000000000000e-01
9.765625000000000000e-02 3.476562500000000000e-01 9.023437500000000000e-01
6.640625000000000000e-02 2.773437500000000000e-01 9.335937500000000000e-01
8.593750000000000000e-02 4.492187500000000000e-01 9.140625000000000000e-01
7.031250000000000000e-02 3.867187500000000000e-01 9.296875000000000000e-01
5.859375000000000000e-02 4.414062500000000000e-01 9.414062500000000000e-01
7.031250000000000000e-02 3.007812500000000000e-01 9.296875000000000000e-01
7.421875000000000000e-02 4.140625000000000000e-01 9.257812500000000000e-01
1.250000000000000000e-01 2.968750000000000000e-01 7.070312500000000000e-01
5.859375000000000000e-02 4.140625000000000000e-01 9.414062500000000000e-01
6.250000000000000000e-02 4.023437500000000000e-01 9.375000000000000000e-01
5.859375000000000000e-02 3.398437500000000000e-01 9.414062500000000000e-01
6.250000000000000000e-02 4.531250000000000000e-01 9.375000000000000000e-01
8.593750000000000000e-02 3.906250000000000000e-01 9.140625000000000000e-01
8.593750000000000000e-02 4.335937500000000000e-01 9.140625000000000000e-01
7.031250000000000000e-02 3.242187500000000000e-01 9.296875000000000000e-01
8.593750000000000000e-02 4.414062500000000000e-01 9.140625000000000000e-01
8.203125000000000000e-02 4.023437500000000000e-01 9.179687500000000000e-01
7.421875000000000000e-02 4.062500000000000000e-01 9.257812500000000000e-01
8.593750000000000000e-02 3.945312500000000000e-01 9.140625000000000000e-01
1.015625000000000000e-01 3.125000000000000000e-01 6.328125000000000000e-01
5.859375000000000000e-02 4.375000000000000000e-01 9.414062500000000000e-01
6.640625000000000000e-02 4.062500000000000000e-01 9.335937500000000000e-01
8.984375000000000000e-02 3.710937500000000000e-01 9.101562500000000000e-01
5.859375000000000000e-02 4.296875000000000000e-01 9.414062500000000000e-01
8.203125000000000000e-02 3.320312500000000000e-01 9.179687500000000000e-01
6.250000000000000000e-02 4.335937500000000000e-01 9.375000000000000000e-01
7.031250000000000000e-02 4.179687500000000000e-01 9.296875000000000000e-01
1.015625000000000000e-01 3.359375000000000000e-01 8.984375000000000000e-01
6.640625000000000000e-02 4.257812500000000000e-01 9.335937500000000000e-01
9.375000000000000000e-02 3.984375000000000000e-01 9.062500000000000000e-01
6.640625000000000000e-02 4.687500000000000000e-01 9.335937500000000000e-01
6.640625000000000000e-02 3.359375000000000000e-01 9.335937500000000000e-01
1.132812500000000000e-01 2.812500000000000000e-01 6.406250000000000000e-01
7.031250000000000000e-02 3.164062500000000000e-01 9.296875000000000000e-01
6.250000000000000000e-02 4.648437500000000000e-01 9.375000000000000000e-01
6.640625000000000000e-02 4.687500000000000000e-01 9.335937500000000000e-01
7.421875000000000000e-02 3.750000000000000000e-01 9.257812500000000000e-01
9.375000000000000000e-02 3.203125000000000000e-01 9.062500000000000000e-01
7.421875000000000000e-02 3.281250000000000000e-01 9.257812500000000000e-01
5.859375000000000000e-02 3.984375000000000000e-01 9.414062500000000000e-01
7.812500000000000000e-02 4.296875000000000000e-01 9.218750000000000000e-01
7.812500000000000000e-02 3.906250000000000000e-01 9.218750000000000000e-01
8.593750000000000000e-02 4.179687500000000000e-01 9.140625000000000000e-01
9.375000000000000000e-02 3.164062500000000000e-01 6.523437500000000000e-01
5.859375000000000000e-02 3.945312500000000000e-01 9.414062500000000000e-01
6.640625000000000000e-02 4.609375000000000000e-01 9.335937500000000000e-01
1.015625000000000000e-01 4.414062500000000000e-01 8.984375000000000000e-01
8.203125000000000000e-02 4.140625000000000000e-01 9.179687500000000000e-01
8.984375000000000000e-02 3.906250000000000000e-01 9.101562500000000000e-01
6.250000000000000000e-02 4.257812500000000000e-01 9.375000000000000000e-01
7.031250000000000000e-02 3.593750000000000000e-01 9.296875000000000000e-01
6.250000000000000000e-02 4.179687500000000000e-01 9.375000000000000000e-01
6.640625000000000000e-02 2.617187500000000000e-01 9.335937500000000000e-01
5.078125000000000000e-02 2.460937500000000000e-01 9.492187500000000000e-01
9.375000000000000000e-02 4.531250000000000000e-01 9.062500000000000000e-01
8.593750000000000000e-02 4.335937500000000000e-01 9.140625000000000000e-01
7.421875000000000000e-02 4.140625000000000000e-01 9.257812500000000000e-01
1.015625000000000000e-01 4.492187500000000000e-01 8.984375000000000000e-01
5.859375000000000000e-02 4.570312500000000000e-01 9.414062500000000000e-01
6.640625000000000000e-02 3.554687500000000000e-01 9.335937500000000000e-01
5.859375000000000000e-02 4.101562500000000000e-01 9.414062500000000000e-01
6.250000000000000000e-02 3.320312500000000000e-01 9.375000000000000000e-01
6.640625000000000000e-02 3.203125000000000000e-01 9.335937500000000000e-01
7.031250000000000000e-02 4.062500000000000000e-01 9.296875000000000000e-01
5.859375000000000000e-02 3.984375000000000000e-01 9.414062500000000000e-01
7.031250000000000000e-02 3.398437500000000000e-01 9.296875000000000000e-01
1.367187500000000000e-01 3.046875000000000000e-01 8.632812500000000000e-01
6.250000000000000000e-02 3.671875000000000000e-01 9.375000000000000000e-01
7.421875000000000000e-02 3.125000000000000000e-01 9.257812500000000000e-01
6.250000000000000000e-02 4.531250000000000000e-01 9.375000000000000000e-01
7.031250000000000000e-02 4.296875000000000000e-01 9.296875000000000000e-01
8.984375000000000000e-02 2.968750000000000000e-01 9.101562500000000000e-01
7.812500000000000000e-02 4.492187500000000000e-01 9.218750000000000000e-01
5.859375000000000000e-02 4.101562500000000000e-01 9.414062500000000000e-01
9.375000000000000000e-02 3.984375000000000000e-01 9.062500000000000000e-01
7.812500000000000000e-02 3.242187500000000000e-01 9.218750000000000000e-01
5.859375000000000000e-02 4.218750000000000000e-01 9.414062500000000000e-01
6.250000000000000000e-02 3.515625000000000000e-01 9.375000000000000000e-01
5.468750000000000000e-02 4.726562500000000000e-01 9.453125000000000000e-01
6.250000000000000000e-02 3.750000000000000000e-01 9.375000000000000000e-01
7.031250000000000000e-02 3.007812500000000000e-01 9.296875000000000000e-01
6.640625000000000000e-02 3.828125000000000000e-01 9.335937500000000000e-01
7.421875000000000000e-02 4.531250000000000000e-01 9.257812500000000000e-01
7.031250000000000000e-02 4.609375000000000000e-01 9.296875000000000000e-01
7.031250000000000000e-02 4.453125000000000000e-01 9.296875000000000000e-01
5.468750000000000000e-02 3.789062500000000000e-01 9.453125000000000000e-01
7.421875000000000000e-02 3.593750000000000000e-01 9.257812500000000000e-01
8.593750000000000000e-02 4.257812500000000000e-01 9.140625000000000000e-01
7.812500000000000000e-02 4.375000000000000000e-01 9.218750000000000000e-01
8.984375000000000000e-02 3.632812500000000000e-01 9.101562500000000000e-01
8.203125000000000000e-02 4.257812500000000000e-01 9.179687500000000000e-01
1.054687500000000000e-01 3.789062500000000000e-01 8.945312500000000000e-01
7.421875000000000000e-02 4.335937500000000000e-01 9.257812500000000000e-01
