8.833468805693306392e-02 -9.843166515793205784e-01 1.764106839839198471e-01 8.620803900040463832e-03 -1.764106839839198471e-01 -9.843166515793205784e-01
7.524300621716575876e-02 -9.997745367545622930e-01 2.123383284290807430e-02 4.371109926953949121e-02 -2.123383284290807430e-02 -9.997745367545622930e-01
1.030462313531550905e-01 -9.678435253485024869e-01 2.515529972808561721e-01 7.301264388762067695e-03 -2.515529972808561721e-01 -9.678435253485024869e-01
9.645713152682555691e-02 -7.248395072424487218e-01 -6.889177663121516249e-01 5.516803657441770453e-02 6.889177663121516249e-01 -7.248395072424487218e-01
1.008112500604819162e-01 -9.038340287338072487e-01 -4.278832183000582101e-01 1.603892627733443516e-02 4.278832183000582101e-01 -9.038340287338072487e-01
1.015246276724429131e-01 -9.648502489080094113e-01 2.628002990526308591e-01 4.573786967707907380e-02 -2.628002990526308591e-01 -9.648502489080094113e-01
1.375650564674172072e-01 5.316994782045701973e-01 8.469330935067940214e-01 1.517624017927299632e-02 -8.469330935067940214e-01 5.316994782045701973e-01
1.235277494573582546e-01 -9.432181485266191157e-01 3.321739368012135429e-01 1.654470358425436799e-02 -3.321739368012135429e-01 -9.432181485266191157e-01
8.859745994291721993e-02 -6.290658055940751003e-01 7.773520516678895653e-01 4.267262710184894364e-02 -7.773520516678895653e-01 -6.290658055940751003e-01
9.914623849680903600e-02 -1.145034828049114849e-02 9.999344426132422692e-01 2.498208989374273853e-02 -9.999344426132422692e-01 -1.145034828049114849e-02
9.113044200280237539e-02 -1.437187582776665862e-01 9.896185722383780137e-01 4.528043107347200918e-02 -9.896185722383780137e-01 -1.437187582776665862e-01
1.037790565864780551e-01 -5.028519271516493361e-02 9.987348994571076943e-01 2.949850372655403886e-03 -9.987348994571076943e-01 -5.028519271516493361e-02
9.221918389027924934e-02 -9.205600156400430834e-01 -3.906011490059954072e-01 9.022508614841653549e-03 3.906011490059954072e-01 -9.205600156400430834e-01
1.276305878057403254e-01 1.255299467477287434e-01 9.920898308467396287e-01 4.044229570935370388e-02 -9.920898308467396287e-01 1.255299467477287434e-01
7.353121463038723993e-02 -9.999945838232208173e-01 -3.291249644618513080e-03 2.666988987161390823e-02 3.291249644618513080e-03 -9.999945838232208173e-01
1.156240449836311301e-01 1.664272135214240611e-01 9.860537422470918578e-01 9.094062751360352387e-03 -9.860537422470918578e-01 1.664272135214240611e-01
1.227648193876267335e-01 -4.203237036433530444e-02 9.991162494132277416e-01 5.490084185189032621e-03 -9.991162494132277416e-01 -4.203237036433530444e-02
1.091710839002743016e-01 -9.848242614171921483e-01 1.735545278121027879e-01 3.803246098880897624e-02 -1.735545278121027879e-01 -9.848242614171921483e-01
8.635056106878191695e-02 -9.106460826348229398e-01 -4.131872604302450624e-01 7.143902415856108815e-03 4.131872604302450624e-01 -9.106460826348229398e-01
1.133795512559241381e-01 -8.933954503283737525e-01 4.492711534614284852e-01 3.073527959977149365e-02 -4.492711534614284852e-01 -8.933954503283737525e-01
9.978445142162772896e-02 9.119354497114999514e-02 9.958331875146534395e-01 3.718624494966205063e-02 -9.958331875146534395e-01 9.119354497114999514e-02
9.455433402840009161e-02 6.074130635520362809e-01 7.943861593874416149e-01 4.894443592220144162e-02 -7.943861593874416149e-01 6.074130635520362809e-01
1.260495612580282976e-01 -7.770834977592339099e-01 6.293975194662547734e-01 3.239833798169500234e-02 -6.293975194662547734e-01 -7.770834977592339099e-01
9.818254698616940557e-02 2.032601612999188623e-01 9.791247657108521629e-01 2.801897450926076408e-02 -9.791247657108521629e-01 2.032601612999188623e-01
1.210096989388760591e-01 -9.892654564256792016e-01 1.461295888001211962e-01 1.145053507466675148e-02 -1.461295888001211962e-01 -9.892654564256792016e-01
8.324249332697492010e-02 -9.802425378663230937e-01 -1.977993098000856154e-01 2.216975194099060284e-02 1.977993098000856154e-01 -9.802425378663230937e-01
5.679337966563991619e-02 -9.927464380824586598e-01 1.202269091118580296e-01 4.345154996024300220e-02 -1.202269091118580296e-01 -9.927464380824586598e-01
1.046083352767783331e-01 -1.289043312021865839e-01 9.916570341591476323e-01 1.574377730818734417e-02 -9.916570341591476323e-01 -1.289043312021865839e-01
9.261998852025721263e-02 -9.873828859195068475e-01 1.583509917659691457e-01 6.090499441295314613e-03 -1.583509917659691457e-01 -9.873828859195068475e-01
1.000335927918625523e-01 -4.607755090400076498e-02 9.989378655865884804e-01 2.537409864818028493e-02 -9.989378655865884804e-01 -4.607755090400076498e-02
9.682108145964540835e-02 -9.887255552887856958e-01 -1.497390273739021005e-01 9.662971053714832295e-03 1.497390273739021005e-01 -9.887255552887856958e-01
6.761563967702893807e-02 -9.348626086834758153e-01 -3.550097222408511999e-01 4.876959696597035071e-02 3.550097222408511999e-01 -9.348626086834758153e-01
1.196989896785535246e-01 -8.814302193922556317e-01 4.723142686200787477e-01 3.119892438617190289e-02 -4.723142686200787477e-01 -8.814302193922556317e-01
8.723693043716107542e-02 2.761804529355782467e-01 9.611057992834601826e-01 1.275391048038872731e-02 -9.611057992834601826e-01 2.761804529355782467e-01
7.733116565727635172e-02 5.078948429242301499e-01 8.614190783416464381e-01 3.769714184264463808e-02 -8.614190783416464381e-01 5.078948429242301499e-01
1.051856366935803033e-01 -9.653668402215579425e-01 2.608962701930501171e-01 3.914788741468101102e-02 -2.608962701930501171e-01 -9.653668402215579425e-01
8.170415549759355023e-02 -8.089450297416811431e-01 -5.878842903635295158e-01 5.208256009919549900e-02 5.878842903635295158e-01 -8.089450297416811431e-01
9.397122330356100228e-02 -9.962510341439355654e-01 8.650940392315246974e-02 8.148838296201710990e-03 -8.650940392315246974e-02 -9.962510341439355654e-01
1.112313191269221624e-01 -7.507059485410367827e-01 6.606364952264612844e-01 3.417528055385213315e-02 -6.606364952264612844e-01 -7.507059485410367827e-01
9.999038257576968458e-02 -9.995351141586341637e-01 3.048861367603060077e-02 4.612568278212629547e-02 -3.048861367603060077e-02 -9.995351141586341637e-01
1.045552984801791929e-01 -8.158391975558486608e-01 5.782788287075958378e-01 3.846502638478224712e-02 -5.782788287075958378e-01 -8.158391975558486608e-01
1.081708293145342004e-01 -7.432087450638148740e-04 9.999997238203425232e-01 1.222045595129038487e-02 -9.999997238203425232e-01 -7.432087450638148740e-04
1.325297433984651552e-01 -8.756804359336651800e-01 -4.828910582346974678e-01 1.323571002040706615e-02 4.828910582346974678e-01 -8.756804359336651800e-01
7.951900200488482007e-02 -4.845998261358060999e-01 8.747359650255307484e-01 2.902644705531494396e-02 -8.747359650255307484e-01 -4.845998261358060999e-01
9.857584887096904058e-02 4.182032340978841800e-01 9.083534857037045551e-01 3.804537702733964272e-02 -9.083534857037045551e-01 4.182032340978841800e-01
7.985289658224897780e-02 -8.517674631138628660e-01 5.239200213587701382e-01 2.629219599726356771e-02 -5.239200213587701382e-01 -8.517674631138628660e-01
1.075009152049065664e-01 -9.975350673802548807e-01 -7.016971816011859098e-02 1.957772574402687898e-02 7.016971816011859098e-02 -9.975350673802548807e-01
1.030901920840297248e-01 -9.465153489187480562e-02 9.955104655113437007e-01 1.927008406482226197e-02 -9.955104655113437007e-01 -9.465153489187480562e-02
8.607796662231376184e-02 -2.833384144882885591e-01 9.590199908632054404e-01 3.734900315228939505e-02 -9.590199908632054404e-01 -2.833384144882885591e-01
7.821091798081511448e-02 -8.950273189308923794e-01 -4.460113208959818332e-01 4.075486423043939849e-02 4.460113208959818332e-01 -8.950273189308923794e-01
7.288041228417385664e-02 -7.986630998164410133e-01 6.017784085455323284e-01 5.477011589679681852e-02 -6.017784085455323284e-01 -7.986630998164410133e-01
1.124246014842159164e-01 -8.964837320428290512e-01 4.430766504596705957e-01 2.658202996810409696e-02 -4.430766504596705957e-01 -8.964837320428290512e-01
1.024129252740166030e-01 -9.901301921570044851e-01 1.401506424499492087e-01 2.717197119480821432e-02 -1.401506424499492087e-01 -9.901301921570044851e-01
1.023170954887024225e-01 -1.639146839270755607e-01 9.864745188767356510e-01 3.025044285075058695e-02 -9.864745188767356510e-01 -1.639146839270755607e-01
9.286309288111463389e-02 8.288117390741811530e-02 9.965594367681880339e-01 1.161305855771172478e-02 -9.965594367681880339e-01 8.288117390741811530e-02
8.648912974314676427e-02 -5.922372269642317555e-01 8.057636545524481386e-01 2.170300800282291137e-02 -8.057636545524481386e-01 -5.922372269642317555e-01
1.070746031028301237e-01 -9.108055044670357869e-01 4.128357216043062605e-01 2.293900120874430709e-02 -4.128357216043062605e-01 -9.108055044670357869e-01
9.825194453160446262e-02 -9.953844784869909645e-01 -9.596739022804033625e-02 1.850089912608491455e-02 9.596739022804033625e-02 -9.953844784869909645e-01
9.138669840079875761e-02 -9.970143921989248481e-01 7.721594231898251670e-02 2.497791007239119968e-02 -7.721594231898251670e-02 -9.970143921989248481e-01
7.267410626253147099e-02 3.428598302515603047e-01 9.393865747390001131e-01 3.031682529334707443e-02 -9.393865747390001131e-01 3.428598302515603047e-01
8.345454213129754883e-02 -7.398700556213786417e-01 -6.727498054959347717e-01 3.064402223875203196e-02 6.727498054959347717e-01 -7.398700556213786417e-01
7.434639892385934423e-02 9.204292436391328658e-02 9.957550401953981778e-01 5.226837461435154125e-02 -9.957550401953981778e-01 9.204292436391328658e-02
1.431618434120557892e-01 -7.354865663012575272e-01 -6.775393057161965826e-01 1.885520282378652310e-02 6.775393057161965826e-01 -7.354865663012575272e-01
1.043171085374854645e-01 -7.170186488449857842e-01 6.970539844291193665e-01 1.802026791075471424e-02 -6.970539844291193665e-01 -7.170186488449857842e-01
7.621746605090506943e-02 -9.903609012767267128e-01 1.385109570479883256e-01 4.080582298252644763e-02 -1.385109570479883256e-01 -9.903609012767267128e-01
9.761683091847692118e-02 -7.604390688310476154e-01 6.494092874261725434e-01 3.073740012269436661e-02 -6.494092874261725434e-01 -7.604390688310476154e-01
1.141441602913799980e-01 -7.957304907254113546e-01 -6.056508780889332533e-01 2.148662995423362629e-02 6.056508780889332533e-01 -7.957304907254113546e-01
1.027520009332016232e-01 6.497321349353510356e-02 9.978870083974052951e-01 2.384436547912917315e-02 -9.978870083974052951e-01 6.497321349353510356e-02
1.142031224315626370e-01 -2.945650917149423287e-01 9.556314178295769457e-01 3.785629422476256833e-02 -9.556314178295769457e-01 -2.945650917149423287e-01
9.382046510301762787e-02 -1.136401435586596731e-01 9.935219764916964902e-01 8.684588094826178190e-03 -9.935219764916964902e-01 -1.136401435586596731e-01
1.154558996981764618e-01 -9.901818699203733809e-01 1.397850653002413734e-01 5.147576918268442075e-02 -1.397850653002413734e-01 -9.901818699203733809e-01
1.061086110166905294e-01 -9.742011993671091385e-01 2.256812423567494952e-01 1.764850225935264347e-02 -2.256812423567494952e-01 -9.742011993671091385e-01
9.903708510592386383e-02 -7.072060545701446266e-01 7.070074938636291551e-01 3.580149969334238402e-02 -7.070074938636291551e-01 -7.072060545701446266e-01
7.260042256598961408e-02 -7.796904080767148582e-01 -6.261652078750190586e-01 5.380068288759500689e-02 6.261652078750190586e-01 -7.796904080767148582e-01
9.574903418402413990e-02 -1.648018195941410302e-01 9.863267005705869117e-01 2.609869555068792396e-02 -9.863267005705869117e-01 -1.648018195941410302e-01
9.141197788142821357e-02 -1.313480137693701921e-01 9.913363199635334411e-01 2.639395168538215958e-02 -9.913363199635334411e-01 -1.313480137693701921e-01
9.468559807760909552e-02 -1.937201719671058642e-01 9.810568255575387031e-01 3.924952805515100063e-02 -9.810568255575387031e-01 -1.937201719671058642e-01
1.022611544910645293e-01 4.705914158462747299e-01 8.823512448746239079e-01 1.432426489704655310e-02 -8.823512448746239079e-01 4.705914158462747299e-01
9.542646450098875299e-02 -3.718735314993458219e-01 9.282834031534794583e-01 3.223003091291765793e-02 -9.282834031534794583e-01 -3.718735314993458219e-01
1.075142026595283795e-01 -1.651268686629843996e-01 9.862723342188797204e-01 1.959559683076059211e-02 -9.862723342188797204e-01 -1.651268686629843996e-01
1.257521204229550826e-01 2.079764275329461787e-01 9.781338382811595178e-01 4.721560091576217609e-03 -9.781338382811595178e-01 2.079764275329461787e-01
8.104402953327632941e-02 3.213658857499110399e-02 9.994834864442543321e-01 4.705323418760513909e-02 -9.994834864442543321e-01 3.213658857499110399e-02
1.108164265919876212e-01 -6.674471188798397625e-01 7.446571986484794570e-01 2.002147667725612951e-02 -7.446571986484794570e-01 -6.674471188798397625e-01
9.799727077300943168e-02 -9.399285468267692956e-01 -3.413712449227641610e-01 1.517548586849020581e-02 3.413712449227641610e-01 -9.399285468267692956e-01
8.661151750443567277e-02 2.894021063828146612e-01 9.572076163618788991e-01 2.592674127862996253e-02 -9.572076163618788991e-01 2.894021063828146612e-01
1.220282788084122438e-01 2.767785139004569350e-01 9.609337408183012963e-01 1.194580274068205231e-02 -9.609337408183012963e-01 2.767785139004569350e-01
1.372118482087923419e-01 2.816702047490394212e-01 9.595112796401270572e-01 3.242965014724690648e-02 -9.595112796401270572e-01 2.816702047490394212e-01
1.273677156934781562e-01 6.517051378455082089e-01 7.584724209262767580e-01 2.920973941842285385e-02 -7.584724209262767580e-01 6.517051378455082089e-01
1.157901589680328802e-01 6.542324391666431982e-02 9.978576046487898088e-01 2.382790251066815856e-02 -9.978576046487898088e-01 6.542324391666431982e-02
8.936099896468729931e-02 -9.965157220259971416e-01 -8.340513026790241646e-02 6.730370588127010910e-03 8.340513026790241646e-02 -9.965157220259971416e-01
9.735469776324467972e-02 -6.339537126067117112e-02 9.979884903658566842e-01 3.948117548084040251e-02 -9.979884903658566842e-01 -6.339537126067117112e-02
9.113773189502752392e-02 -9.973309654655476697e-01 -7.301332291820920861e-02 4.502512232652321894e-02 7.301332291820920861e-02 -9.973309654655476697e-01
1.083453748350876600e-01 -1.479745673506969450e-01 9.889911665011847930e-01 3.428534861427301461e-02 -9.889911665011847930e-01 -1.479745673506969450e-01
1.117616750072138593e-01 2.336652218811662851e-01 9.723171108662160833e-01 4.151328507858607908e-02 -9.723171108662160833e-01 2.336652218811662851e-01
1.104385212315450726e-01 -8.582998851945523588e-01 -5.131484259695417993e-01 2.849825942160047476e-02 5.131484259695417993e-01 -8.582998851945523588e-01
9.181981680078202257e-02 -1.787080295764237048e-01 9.839021496901568797e-01 7.605735964613901529e-03 -9.839021496901568797e-01 -1.787080295764237048e-01
9.108878204227091602e-02 -9.881617736476476788e-01 1.534154786895209066e-01 2.536828224195260967e-02 -1.534154786895209066e-01 -9.881617736476476788e-01
8.198225428967932660e-02 8.604146288684383706e-03 9.999629836482162304e-01 4.383946593867370234e-02 -9.999629836482162304e-01 8.604146288684383706e-03
1.008926475861866706e-01 4.884931076171217801e-01 8.725677531347162397e-01 3.610561819007125639e-02 -8.725677531347162397e-01 4.884931076171217801e-01
9.943712527407863599e-02 -9.972579000221568624e-01 7.400460015024433458e-02 2.949803333169175382e-02 -7.400460015024433458e-02 -9.972579000221568624e-01
